0.0
0.0
0.0
0.0
0.0
0.0
0.0
0.0
0.0
0.0
0.0
0.0
0.0
0.0
0.0
0.0
0.0
0.0
0.0
0.0
0.0
0.0
0.0
0.0
0.0
0.0
0.0
0.0
0.0
0.0
0.0
0.0
0.0
0.0
0.0
0.0
0.0
0.0
0.0
0.0
3.804305065711124e-23
5.0457929013313303e-23
-1.2831770045366927e-23
-9.30042258803283e-18
1.321301817958087e-10
-9.674145040605708e-09
-8.720020261421269e-09
-5.485289999995757e-09
-3.1512177312009726e-09
-1.1955308965028166e-09
6.406797870006642e-10
2.53883736256455e-09
4.759880045668297e-09
7.774671573201886e-09
1.3475099258641876e-08
1.6440994399236075e-10
-1.1572543801289413e-17
-1.9780707708800407e-23
6.856670125376114e-24
-2.603036068283256e-27
0.0
0.0
0.0
0.0
0.0
0.0
0.0
0.0
0.0
0.0
0.0
0.0
0.0
0.0
0.0
0.0
0.0
0.0
0.0
0.0
0.0
0.0
0.0
0.0
0.0
0.0
0.0
0.0
0.0
0.0
0.0
0.0
0.0
0.0
0.0
0.0
0.0
0.0
0.0
0.0
