0.0
0.0
0.0
0.0
0.0
0.0
0.0
0.0
0.0
0.0
0.0
0.0
0.0
0.0
0.0
0.0
0.0
0.0
0.0
0.0
0.0
0.0
0.0
0.0
0.0
0.0
0.0
0.0
0.0
0.0
0.0
0.0
0.0
0.0
0.0
0.0
0.0
0.0
0.0
0.0
-4.205132706946429e-24
4.316894575693616e-23
9.368473613992561e-23
1.5350901559796109e-18
-2.1807555761199637e-11
-1.1006603699570405e-06
-5.2933945227096046e-08
2.780724539519497e-10
1.4123516592357e-11
-3.0510535070638056e-11
-2.4539372270315774e-11
-8.769927492546792e-12
4.602413172793973e-10
3.911268819933866e-08
-1.1201206007172004e-06
-6.589899632925e-12
4.638171783598282e-19
6.763264261032515e-23
7.284241886792403e-23
4.5487341693064675e-23
0.0
0.0
0.0
0.0
0.0
0.0
0.0
0.0
0.0
0.0
0.0
0.0
0.0
0.0
0.0
0.0
0.0
0.0
0.0
0.0
0.0
0.0
0.0
0.0
0.0
0.0
0.0
0.0
0.0
0.0
0.0
0.0
0.0
0.0
0.0
0.0
0.0
0.0
0.0
0.0
