0.0
0.0
0.0
0.0
0.0
0.0
0.0
0.0
0.0
0.0
0.0
0.0
0.0
0.0
0.0
0.0
0.0
0.0
0.0
0.0
0.0
0.0
0.0
0.0
0.0
0.0
0.0
0.0
0.0
0.0
0.0
0.0
0.0
0.0
0.0
0.0
0.0
0.0
0.0
0.0
1.3824338699358387e-25
3.2221003952229597e-25
-1.256965188589327e-26
4.626098371699732e-20
-6.572277986595376e-13
9.39843647351779e-10
3.157503702944098e-10
2.0974043335453274e-10
1.8401655199618006e-10
1.851335196256798e-10
2.0383975063431592e-10
2.465761761438756e-10
3.31059096803088e-10
5.19151277522667e-10
1.3884555727372572e-09
-1.6700019188700677e-12
1.1754796143761704e-19
2.9010764080716635e-25
1.1145521139623382e-25
-4.848231887709035e-26
0.0
0.0
0.0
0.0
0.0
0.0
0.0
0.0
0.0
0.0
0.0
0.0
0.0
0.0
0.0
0.0
0.0
0.0
0.0
0.0
0.0
0.0
0.0
0.0
0.0
0.0
0.0
0.0
0.0
0.0
0.0
0.0
0.0
0.0
0.0
0.0
0.0
0.0
0.0
0.0
