0.0
0.0
0.0
0.0
0.0
0.0
0.0
0.0
0.0
0.0
0.0
0.0
0.0
0.0
0.0
0.0
0.0
0.0
0.0
0.0
0.0
0.0
0.0
0.0
0.0
0.0
0.0
0.0
0.0
0.0
0.0
0.0
0.0
0.0
0.0
0.0
0.0
0.0
0.0
0.0
2.7485534573743737e-22
3.4957998672521874e-22
4.0348162806684557e-22
-6.2670313406120576e-18
8.903415504857293e-11
1.1953823104704497e-06
-1.3913282082000933e-08
-1.1050131643042249e-10
7.565176783630445e-12
-2.182697078634277e-11
-1.0918576806573377e-11
-6.478111796992536e-11
1.5923409812934608e-10
-3.0244817761371223e-10
3.449775476838113e-06
3.948177722257196e-12
-2.7790520791184405e-19
-4.432159838829762e-22
1.3027266659304066e-22
-3.5643426660205203e-22
0.0
0.0
0.0
0.0
0.0
0.0
0.0
0.0
0.0
0.0
0.0
0.0
0.0
0.0
0.0
0.0
0.0
0.0
0.0
0.0
0.0
0.0
0.0
0.0
0.0
0.0
0.0
0.0
0.0
0.0
0.0
0.0
0.0
0.0
0.0
0.0
0.0
0.0
0.0
0.0
