0.0
0.0
0.0
0.0
0.0
0.0
0.0
0.0
0.0
0.0
0.0
0.0
0.0
0.0
0.0
0.0
0.0
0.0
0.0
0.0
0.0
0.0
0.0
0.0
0.0
0.0
0.0
0.0
0.0
0.0
0.0
0.0
0.0
0.0
0.0
0.0
0.0
0.0
0.0
0.0
-2.6788900974673924e-22
-5.836504158691629e-23
-7.675804041151525e-23
-5.88862797410457e-17
8.365907966378927e-10
-8.46049488245626e-08
-4.9294037296476745e-08
-3.173068208184304e-08
-2.4858405112127002e-08
-2.1469944044838485e-08
-2.0113301246738047e-08
-2.1123950588730622e-08
-2.591255565675965e-08
-4.014335175384076e-08
-1.426776208290903e-07
1.2425287465589463e-09
-8.745973184169764e-17
-3.5780690982068556e-22
5.692200673198808e-23
3.9406224389438494e-23
0.0
0.0
0.0
0.0
0.0
0.0
0.0
0.0
0.0
0.0
0.0
0.0
0.0
0.0
0.0
0.0
0.0
0.0
0.0
0.0
0.0
0.0
0.0
0.0
0.0
0.0
0.0
0.0
0.0
0.0
0.0
0.0
0.0
0.0
0.0
0.0
0.0
0.0
0.0
0.0
