0.0
0.0
0.0
0.0
0.0
0.0
0.0
0.0
0.0
0.0
0.0
0.0
0.0
0.0
0.0
0.0
0.0
0.0
0.0
0.0
0.0
0.0
0.0
0.0
0.0
0.0
0.0
0.0
0.0
0.0
0.0
0.0
0.0
0.0
0.0
0.0
0.0
0.0
0.0
0.0
-3.3498479780118167e-23
1.1854403411550846e-22
1.1844867660928534e-22
-6.389814722016979e-17
9.077949503222271e-10
-7.834556470243115e-08
-7.495341947105771e-08
-4.924758556512643e-08
-3.999783615427077e-08
-3.645794066642338e-08
-3.6386143875688504e-08
-4.059348768237214e-08
-5.2076529755140655e-08
-8.071436496948081e-08
-2.948901283161831e-07
1.6167100991282268e-09
-1.1379746033040656e-16
1.5304676222696556e-23
4.7300024146404967e-23
1.0667662522752978e-22
0.0
0.0
0.0
0.0
0.0
0.0
0.0
0.0
0.0
0.0
0.0
0.0
0.0
0.0
0.0
0.0
0.0
0.0
0.0
0.0
0.0
0.0
0.0
0.0
0.0
0.0
0.0
0.0
0.0
0.0
0.0
0.0
0.0
0.0
0.0
0.0
0.0
0.0
0.0
0.0
