0.0
0.0
0.0
0.0
0.0
0.0
0.0
0.0
0.0
0.0
0.0
0.0
0.0
0.0
0.0
0.0
0.0
0.0
0.0
0.0
0.0
0.0
0.0
0.0
0.0
0.0
0.0
0.0
0.0
0.0
0.0
0.0
0.0
0.0
0.0
0.0
0.0
0.0
0.0
0.0
-1.6678878546023162e-22
1.6598174919975432e-22
3.7862672877967024e-23
-5.88862995933804e-17
8.365907966378927e-10
-8.46049488245626e-08
-4.9294037296476745e-08
-3.173068208184304e-08
-2.4858405112127002e-08
-2.1469944044838485e-08
-2.0113301246738047e-08
-2.1123950588730622e-08
-2.591255565675965e-08
-4.014335175384076e-08
-1.426776208290903e-07
1.2425287465589463e-09
-8.745952670090573e-17
-7.812063669765989e-23
1.6054249646027027e-22
-1.3629792307824633e-22
0.0
0.0
0.0
0.0
0.0
0.0
0.0
0.0
0.0
0.0
0.0
0.0
0.0
0.0
0.0
0.0
0.0
0.0
0.0
0.0
0.0
0.0
0.0
0.0
0.0
0.0
0.0
0.0
0.0
0.0
0.0
0.0
0.0
0.0
0.0
0.0
0.0
0.0
0.0
0.0
