-1.0000000116860974e-07 -5.790264287871194e-24 4.7252692492091706e-23
-9.912663756495022e-08 1.0836066024444663e-22 -1.3058264041384685e-24
-9.825327396129069e-08 2.266474878395296e-22 1.6099199571495244e-22
-9.737991035763116e-08 5.045801736573469e-23 -1.8584273928287907e-23
-9.650654675397163e-08 6.617444900424222e-24 1.391262229262916e-23
-9.563319025573946e-08 5.955700410381799e-23 1.4974828234674684e-23
-9.475982665207994e-08 -6.86559908419013e-23 2.2407078097770826e-23
-9.388646304842041e-08 1.4889251025954498e-22 -2.784352091471048e-23
-9.301309944476088e-08 2.6469779601696886e-23 1.5596327565687627e-23
-9.213973584110136e-08 -3.0605682664462024e-23 -7.907982213864898e-23
-9.126637223744183e-08 -9.843449289381029e-23 -8.312215367628042e-23
-9.039301573920966e-08 -2.9116757561866574e-22 -8.169839227098857e-23
-8.951965213555013e-08 -1.0587911840678754e-22 -1.0349313602374331e-22
-8.86462885318906e-08 3.970466940254533e-23 -4.742482825249817e-23
-8.777292492823108e-08 -9.926167350636332e-24 -8.246499960728852e-25
-8.689956132457155e-08 -0.0 1.868222363144558e-23
-8.602619772091202e-08 -9.926167350636332e-24 3.532937229859458e-24
-8.515284122267985e-08 2.5477162866633252e-22 -2.408492055658169e-23
-8.427947761902033e-08 -5.624828165360588e-23 -3.0390726350828803e-24
-8.34061140153608e-08 -9.926167350636332e-23 -4.0513002550350816e-23
-8.253275041170127e-08 6.617444900424222e-24 1.4237740270663327e-23
-8.165938680804175e-08 -5.955700410381799e-23 -4.635778185993821e-24
-8.078602320438222e-08 -3.3087224502121107e-23 2.507972937832875e-23
-7.991266670615005e-08 4.963083675318166e-23 4.2703199123050054e-23
-7.903930310249052e-08 -6.782881022934827e-23 3.0747422036468514e-23
-7.8165939498831e-08 -1.9852334701272664e-23 6.462545435252472e-23
-7.729257589517147e-08 1.257314531080602e-22 -8.864902519650737e-24
-7.641921229151194e-08 -3.474158572722716e-23 -3.2616287163478646e-23
-7.554584868785241e-08 3.3087224502121107e-23 -6.382064189093923e-25
-7.467249218962024e-08 3.3087224502121107e-23 -5.923858276600825e-24
-7.379912858596072e-08 -1.9852334701272664e-23 -6.5436197470395656e-24
-7.292576498230119e-08 -9.26442286059391e-23 -1.1923411701362132e-22
-7.205240137864166e-08 0.0 -3.7513993202415716e-23
-7.117903777498213e-08 0.0 -1.1186668627338537e-22
-7.030567417132261e-08 -1.5881867761018131e-22 -1.0485944942247335e-22
-6.943231767309044e-08 4.301339185275744e-23 -6.110012963040064e-23
-6.855895406943091e-08 -5.293955920339377e-23 -5.0733550702710283e-23
-6.768559046577138e-08 3.474158572722716e-23 2.484072503443032e-24
-6.681222686211186e-08 -3.474158572722716e-23 1.723465755947778e-23
-6.593886325845233e-08 3.3914405114674135e-23 -2.8520309928848554e-23
-6.50654996547928e-08 -6.617444900424222e-24 -2.9048004231899856e-23
-6.419214315656063e-08 1.3648480107124957e-22 3.3150077783605496e-23
-6.33187795529011e-08 3.88774887899923e-23 -7.349683263134642e-23
-6.244541594924158e-08 -9.098986738083304e-24 -1.7888839003363577e-24
-6.157205234558205e-08 2.7296960214249913e-23 -3.6999220440991934e-23
-6.069868874192252e-08 6.038418471637102e-23 3.9658789252297674e-23
-5.9825325138263e-08 4.963083675318166e-23 5.895459836215502e-23
-5.895196508731715e-08 -1.3979352352146168e-22 -6.90547126978362e-23
-5.807860148365762e-08 6.452008777913616e-23 3.285398357599622e-23
-5.720524143271177e-08 -1.2449068218923067e-22 -6.404471388676274e-23
-5.6331877829052246e-08 -2.7296960214249913e-23 -3.744412221431848e-23
-5.545851422539272e-08 3.763671787116276e-23 3.354159891719755e-23
-5.458515417444687e-08 -2.0472720160687435e-22 -2.24294359935466e-23
-5.3711790570787343e-08 -3.908428394313056e-23 2.935299047963278e-23
-5.2838426967127816e-08 4.6735704609246064e-23 -9.40087686453542e-23
-5.196506691618197e-08 6.203854594147708e-25 1.1656678896645182e-23
-5.109170331252244e-08 -1.0461366441847942e-16 1.3843649028242066e-23
-5.0218339708862914e-08 -5.918569172536081e-07 -2.5483963794269344e-23
-4.9344979657917065e-08 2.452437684041797e-07 5.148938042410788e-23
-4.847161605425754e-08 4.775483262164926e-07 -2.1502088189831324e-24
-4.759825245059801e-08 -9.378394594250494e-08 -9.171836464958654e-24
-4.672489239965216e-08 -2.1358491153478099e-07 3.3311983595793057e-23
-4.5851528795992635e-08 -9.666877787140038e-08 4.421143806496021e-23
-4.497816519233311e-08 -5.74124392471731e-08 2.5251387089026654e-23
-4.410480514138726e-08 -6.450213163589069e-08 1.7692799574237556e-23
-4.323144153772773e-08 -6.611335123807294e-08 3.5834514646087424e-23
-4.2358077934068206e-08 -5.475919806485763e-08 -3.638646168880884e-23
-4.148471788312236e-08 -5.105932388005385e-08 2.3906970891303744e-23
-4.061135427946283e-08 -4.7439986161634806e-08 -5.353290882186481e-23
-3.97379906758033e-08 -4.5031903539438645e-08 4.474430729554976e-23
-3.8864627072143776e-08 -4.107052831159308e-08 4.357131846114043e-23
-3.799126702119793e-08 -3.9752702463147216e-08 9.52080581023436e-23
-3.71179034175384e-08 -3.670353976303886e-08 3.118089479300022e-23
-3.624453981387887e-08 -3.5261290776134047e-08 -1.9387105560140383e-23
-3.5371179762933025e-08 -3.339962617587844e-08 4.89211869491757e-23
-3.44978161592735e-08 -3.2381180403717735e-08 1.1390518804945423e-23
-3.362445255561397e-08 -3.027713901815332e-08 -3.505070560610345e-23
-3.275109250466812e-08 -2.9415204494398495e-08 7.448305549100105e-24
-3.1877728901008595e-08 -2.774477536604536e-08 -1.7480480817040942e-23
-3.100436529734907e-08 -2.6995270019369855e-08 5.562802241193595e-22
-3.013100524640322e-08 -2.5787819879496965e-08 -2.9577897879154914e-23
-2.9257641642743693e-08 -2.516786423711892e-08 5.346397500052297e-23
-2.8384279815441005e-08 -2.399012011267132e-08 -1.0043095469451811e-23
-2.7510916211781478e-08 -2.3438072815906708e-08 -3.709097758604362e-23
-2.663755438447879e-08 -2.2313352943115206e-08 -1.9155879779197884e-24
-2.5764192557176102e-08 -2.1820207862788266e-08 -3.8496793983463503e-23
-2.4890828953516575e-08 -2.087552353202682e-08 -5.936835275149982e-23
-2.4017467126213887e-08 -2.04510257617585e-08 -2.5685801745479192e-23
-2.31441052989112e-08 -1.9647893978458342e-08 -3.0734597721947563e-25
-2.2270741695251672e-08 -1.9277177187859706e-08 -1.0239842901240268e-23
-2.1397379867948985e-08 -1.8536578494376954e-08 -3.3254829045487984e-23
-2.0524018040646297e-08 -1.8200934093215437e-08 6.76474731953433e-23
-1.965065443698677e-08 -1.749917721838301e-08 -6.098886237744103e-23
-1.8777292609684082e-08 -1.719233821972921e-08 -1.0036726206503057e-23
-1.7903930782381394e-08 -1.6538642455543595e-08 1.0345789287394166e-23
-1.7030567178721867e-08 -1.6261061830391554e-08 1.366598493061181e-23
-1.615720535141918e-08 -1.5661285601709096e-08 -8.046319386559351e-23
-1.528384352411649e-08 -1.5412462417430106e-08 1.1225590866629961e-23
-1.4410479920456964e-08 -1.4861701203017219e-08 -2.730769818889178e-23
-1.3537118093154277e-08 -1.4638869672012333e-08 3.451038637312499e-23
-1.266375537767317e-08 -1.4128157310722145e-08 4.615615059028553e-23
-1.1790392662192062e-08 -1.3927961894921737e-08 4.256026383791125e-23
-1.0917030834889374e-08 -1.3449625413386457e-08 8.224914340057767e-23
-1.0043668119408267e-08 -1.3269356280432021e-08 5.553500624487953e-23
-9.17030540392716e-09 -1.2818239802925291e-08 8.761265287138602e-23
-8.296943576624471e-09 -1.2656069081629084e-08 -2.8377652322748386e-23
-7.423580861143364e-09 -1.2228820622794956e-08 -1.2401110366823241e-23
-6.5502181456622566e-09 -1.2083575029464555e-08 -4.833296177114498e-23
-5.676855874270359e-09 -1.167778851396406e-08 4.573079047930312e-23
-4.803493602878461e-09 -1.1548707767872202e-08 5.364615769341834e-23
-3.930130887397354e-09 -1.1162424762289902e-08 2.5970647979871374e-24
-3.0567686160054564e-09 -1.104902302984101e-08 1.3055044502815251e-23
-2.183406122568954e-09 -1.068054089614634e-08 -6.25744475533863e-23
-1.3100436291324513e-09 -1.0582556164706602e-08 -1.6021395798135106e-23
-4.3668121896267564e-10 -1.0230374769548689e-08 7.902789615842371e-24
4.3668121896267564e-10 -1.01477661829108e-08 6.602117333035777e-24
1.3100436291324513e-09 -9.810581680369523e-09 -5.813378543482894e-23
2.183406122568954e-09 -9.743539308715299e-09 5.625138661012883e-23
3.0567686160054564e-09 -9.420246804836552e-09 1.40959046576264e-23
3.930130887397354e-09 -9.369200526521126e-09 -3.801200424732536e-23
4.803493602878461e-09 -9.058886085711038e-09 -7.473962461181513e-24
5.676855874270359e-09 -9.024482494623953e-09 6.09069344392684e-23
6.5502181456622566e-09 -8.726404487902073e-09 6.063236035715355e-23
7.423580861143364e-09 -8.709404752949013e-09 -8.956134125567366e-23
8.296943576624471e-09 -8.422925468209996e-09 -4.908326946620603e-23
9.17030540392716e-09 -8.423990394135217e-09 1.1940660933915694e-23
1.0043668119408267e-08 -8.14847034291688e-09 -6.875870684264831e-23
1.0917030834889374e-08 -8.167909903988857e-09 -1.3226055820887416e-22
1.1790392662192062e-08 -7.902600351883393e-09 1.6391636619947915e-23
1.266375537767317e-08 -7.940555768470858e-09 5.259282328111293e-23
1.3537118093154277e-08 -7.684691105680486e-09 1.2412977201420481e-23
1.4410479920456964e-08 -7.742754881689962e-09 2.606906981628082e-23
1.528384352411649e-08 -7.496208986879083e-09 -3.46672687190681e-23
1.615720535141918e-08 -7.580975847076843e-09 -2.6144069189122898e-24
1.7030567178721867e-08 -7.3455646010245346e-09 5.648350104288106e-23
1.7903930782381394e-08 -7.47092432362706e-09 1.221434044776402e-23
1.8777292609684082e-08 -7.251138356423326e-09 5.167194492568137e-23
1.965065443698677e-08 -7.430123627472085e-09 1.1557454709809035e-22
2.0524018040646297e-08 -7.2304504605824604e-09 2.873826588607388e-23
2.1397379867948985e-08 -7.453794914624723e-09 1.6295652758166054e-23
2.2270741695251672e-08 -7.272147328762912e-09 4.286212935190312e-23
2.31441052989112e-08 -7.5080039962927e-09 9.478086152317383e-23
2.4017467126213887e-08 -7.334449936280407e-09 -1.1797524489246057e-23
2.4890828953516575e-08 -7.601292928427483e-09 6.150736250664198e-24
2.5764192557176102e-08 -7.435816851142363e-09 -2.8941675248206926e-23
2.663755438447879e-08 -7.855371464415839e-09 -8.968231465321111e-24
2.7510916211781478e-08 -7.730159623520194e-09 4.214988340665808e-24
2.8384279815441005e-08 -8.320427014041343e-09 -9.69440159440421e-24
2.9257641642743693e-08 -8.269836371255224e-09 -9.380564011770341e-23
3.013100524640322e-08 -8.797869099907984e-09 2.27648394556074e-22
3.100436529734907e-08 -8.77682371225319e-09 8.739588651640577e-23
3.1877728901008595e-08 -9.428475777895073e-09 -3.2050525588585e-23
3.275109250466812e-08 -9.378789300740209e-09 3.993361892534581e-23
3.362445255561397e-08 -1.0671580064069985e-08 -2.029566821911963e-23
3.44978161592735e-08 -1.0812735595777667e-08 -4.8889430564575124e-23
3.5371179762933025e-08 -1.1902842267375036e-08 -1.392197502752146e-23
3.624453981387887e-08 -1.2348302824705115e-08 8.20196511414744e-24
3.71179034175384e-08 -1.3898667994283187e-08 5.871687355064486e-23
3.799126702119793e-08 -1.3934275955307385e-08 3.630683722447945e-23
3.8864627072143776e-08 -1.7086941639377073e-08 6.633533245269661e-23
3.97379906758033e-08 -1.82491461941936e-08 3.5143037041894135e-23
4.061135427946283e-08 -1.9654255112300234e-08 -6.272907060169686e-23
4.148471788312236e-08 -2.1527466032011944e-08 7.114092793689645e-23
4.2358077934068206e-08 -3.259761527374394e-08 -2.0109826789345855e-23
4.323144153772773e-08 -2.943858667947552e-08 6.818183495076553e-23
4.410480514138726e-08 -1.7050572509447193e-08 -5.024984407259501e-24
4.497816519233311e-08 -5.211668252513846e-08 -7.289999309223068e-23
4.5851528795992635e-08 -1.692534539188273e-07 -2.204438194165555e-23
4.672489239965216e-08 -4.902970474063295e-08 7.018109247452146e-23
4.759825245059801e-08 5.275811645333306e-07 1.0448696192480247e-22
4.847161605425754e-08 3.47074177398099e-07 -2.461046915797079e-23
4.9344979657917065e-08 -3.397992259124294e-06 -5.628584910317868e-22
5.0218339708862914e-08 -1.8489381545805372e-06 5.361149593410383e-24
5.109170331252244e-08 -1.590399120280923e-16 -7.851501035228522e-23
5.196506691618197e-08 1.6378176128549948e-22 1.7006921304749527e-23
5.2838426967127816e-08 -4.218621124020441e-23 -1.1838876577897743e-23
5.3711790570787343e-08 2.3822801641527197e-22 7.594959682318304e-23
5.458515417444687e-08 -6.369290716658313e-23 -2.3809983598450442e-23
5.545851422539272e-08 -1.2407709188295415e-23 -3.953571117386509e-23
5.6331877829052246e-08 4.7976475528075605e-23 1.2287904567075138e-22
5.720524143271177e-08 3.143286327701505e-23 -2.816557180154515e-23
5.807860148365762e-08 1.108422020821057e-22 -1.7475031050363313e-22
5.895196508731715e-08 -5.748905257243542e-23 -7.606343891813729e-23
5.9825325138263e-08 1.9852334701272664e-23 -5.252276927728568e-23
6.069868874192252e-08 9.926167350636332e-24 -5.197306733270052e-24
6.157205234558205e-08 -2.0679515313825692e-23 -8.098027010086054e-23
6.244541594924158e-08 -9.595295105615121e-23 3.885025415610045e-23
6.33187795529011e-08 3.680953725860973e-23 2.4983401573192213e-23
6.419214315656063e-08 5.542110104105285e-23 -2.660970459362137e-23
6.50654996547928e-08 4.1359030627651384e-25 9.498371237178598e-24
6.593886325845233e-08 -1.1994118882018901e-23 1.0108825726657542e-23
6.681222686211186e-08 2.855841064839328e-22 -1.1663838598220968e-22
6.768559046577138e-08 6.079777502264753e-23 -3.873366998063965e-23
6.855895406943091e-08 -1.0546552810051103e-23 1.2423430397275565e-23
6.943231767309044e-08 1.943874439499615e-23 5.0897179387114846e-23
7.030567417132261e-08 -1.0587911840678754e-22 -2.536207752689237e-22
7.117903777498213e-08 2.6469779601696886e-23 -6.144404774152804e-23
7.205240137864166e-08 -2.6469779601696886e-22 1.0448965036276746e-22
7.292576498230119e-08 -6.617444900424221e-23 1.1068963007214872e-22
7.379912858596072e-08 0.0 -5.7597456260309084e-24
7.467249218962024e-08 2.6469779601696886e-23 -1.0377438386911633e-23
7.554584868785241e-08 -2.3822801641527197e-22 4.961580421977177e-23
7.641921229151194e-08 -2.6469779601696886e-23 3.379813648357542e-23
7.729257589517147e-08 6.617444900424222e-24 -3.804787848585119e-23
7.8165939498831e-08 -6.617444900424222e-24 2.861516887497957e-23
7.903930310249052e-08 -9.926167350636332e-24 2.3617487732510674e-24
7.991266670615005e-08 -8.933550615572699e-23 -1.290763748074911e-22
8.078602320438222e-08 0.0 -2.8735612157988714e-23
8.165938680804175e-08 -6.948317145445432e-23 -2.871454326093207e-23
8.253275041170127e-08 6.28657265540301e-23 -4.24198150423457e-23
8.34061140153608e-08 -3.639594695233322e-23 -4.138476011493607e-23
8.427947761902033e-08 -7.279189390466644e-23 -6.804105167817617e-23
8.515284122267985e-08 2.183756817139993e-22 3.717174747640739e-23
8.602619772091202e-08 -2.3161057151484775e-23 -2.4317666078058097e-23
8.689956132457155e-08 -2.6469779601696886e-23 1.5581552200932837e-23
8.777292492823108e-08 -0.0 9.625966017610114e-23
8.86462885318906e-08 2.6469779601696886e-23 1.0655435809810776e-22
8.951965213555013e-08 2.117582368135751e-22 7.656645449662966e-23
9.039301573920966e-08 2.6469779601696886e-22 2.0293324355598038e-22
9.126637223744183e-08 5.1285197978287716e-23 8.76529605081992e-23
9.213973584110136e-08 5.624828165360588e-23 1.211261967393503e-22
9.301309944476088e-08 -1.7701665108634792e-22 -5.162932119325047e-23
9.388646304842041e-08 2.150669592637872e-23 -4.335775488143538e-23
9.475982665207994e-08 -4.301339185275744e-23 1.6248257994980375e-23
9.563319025573946e-08 -7.77549775799846e-23 -7.43609950431362e-24
9.650654675397163e-08 2.150669592637872e-23 -4.7798514818744987e-23
9.737991035763116e-08 4.4667753077863494e-23 5.79881869552741e-23
9.825327396129069e-08 -1.1911400820763599e-22 -1.016624549199895e-22
9.912663756495022e-08 -5.293955920339377e-23 -1.125141265064056e-23
1.0000000116860974e-07 -3.308722450212111e-24 -1.0838197053294027e-23
