-1.0000000116860974e-07 3.5155176033503676e-24 1.3764802380765226e-24
-9.912663756495022e-08 2.0679515313825692e-24 1.9701921409182816e-24
-9.825327396129069e-08 4.1359030627651384e-25 -4.229948298872419e-24
-9.737991035763116e-08 4.1359030627651384e-25 -6.662509664318716e-25
-9.650654675397163e-08 -6.203854594147708e-25 -8.97210457515052e-25
-9.563319025573946e-08 -2.0679515313825692e-24 2.2222667267248668e-24
-9.475982665207994e-08 -2.895132143935597e-24 -1.5011551681964985e-24
-9.388646304842041e-08 -3.308722450212111e-24 3.1193998265674005e-25
-9.301309944476088e-08 -2.274746684520826e-24 -2.4864288309669272e-24
-9.213973584110136e-08 -2.0679515313825692e-24 -1.6452102413902653e-24
-9.126637223744183e-08 -4.1359030627651384e-25 -9.634372434960511e-24
-9.039301573920966e-08 4.1359030627651384e-24 -4.901963915673e-24
-8.951965213555013e-08 -3.308722450212111e-24 3.0598879133584945e-24
-8.86462885318906e-08 -4.1359030627651384e-24 -4.497349663206543e-24
-8.777292492823108e-08 -2.481541837659083e-24 -3.4809281234163025e-25
-8.689956132457155e-08 0.0 -8.782964696064885e-26
-8.602619772091202e-08 -0.0 2.6908388631582484e-24
-8.515284122267985e-08 -2.481541837659083e-24 -3.1129362454366656e-24
-8.427947761902033e-08 -3.308722450212111e-24 2.310076411806828e-24
-8.34061140153608e-08 -3.308722450212111e-24 3.703710233052155e-24
-8.253275041170127e-08 -4.1359030627651384e-25 6.662381967459684e-25
-8.165938680804175e-08 5.37667398159468e-24 -2.5731705955984455e-24
-8.078602320438222e-08 -4.1359030627651384e-24 -4.317480600738582e-25
-7.991266670615005e-08 -1.2407709188295415e-24 -1.880543423851024e-24
-7.903930310249052e-08 -1.6543612251060553e-24 -7.191000248498129e-26
-7.8165939498831e-08 -2.0679515313825692e-24 1.0691775002954144e-24
-7.729257589517147e-08 -1.2407709188295415e-24 -1.0798412234045789e-24
-7.641921229151194e-08 1.2407709188295415e-24 3.174069021286768e-24
-7.554584868785241e-08 8.271806125530277e-25 -2.6630480453503624e-26
-7.467249218962024e-08 -8.271806125530277e-25 -1.5270045623387806e-24
-7.379912858596072e-08 0.0 -2.5674668847346647e-25
-7.292576498230119e-08 1.1580528575742387e-23 4.699702740587501e-24
-7.205240137864166e-08 1.6543612251060553e-24 1.7410603912486917e-24
-7.117903777498213e-08 1.6543612251060553e-23 6.340553144969836e-24
-7.030567417132261e-08 -3.308722450212111e-24 5.282697376386153e-24
-6.943231767309044e-08 8.271806125530277e-25 -5.0051232562487516e-24
-6.855895406943091e-08 2.895132143935597e-24 2.701706802634252e-24
-6.768559046577138e-08 -2.68833699079734e-24 -1.0395641549514834e-24
-6.681222686211186e-08 6.4106497472859645e-24 1.1787907091520055e-24
-6.593886325845233e-08 -2.481541837659083e-24 9.589294556253467e-25
-6.50654996547928e-08 -2.481541837659083e-24 -1.665370173468867e-24
-6.419214315656063e-08 -8.271806125530277e-25 -6.0909768816500856e-24
-6.33187795529011e-08 3.308722450212111e-24 -1.724662536827089e-24
-6.244541594924158e-08 2.274746684520826e-24 9.75515132898102e-26
-6.157205234558205e-08 4.1359030627651384e-25 1.5627324671666929e-24
-6.069868874192252e-08 2.274746684520826e-24 -1.9310129696300274e-24
-5.9825325138263e-08 -1.664054747909411e-24 7.430075762441353e-25
-5.895196508731715e-08 4.239300639334267e-24 -8.168350469077001e-25
-5.807860148365762e-08 8.91804097908733e-25 -1.2639656974181418e-24
-5.720524143271177e-08 1.550963648536927e-25 -3.040023409688898e-25
-5.6331877829052246e-08 3.42504472385238e-24 -2.2489260838015846e-24
-5.545851422539272e-08 -5.169878828456423e-25 -2.5450225593859625e-25
-5.458515417444687e-08 3.360421238496675e-25 -1.64305221377642e-24
-5.3711790570787343e-08 -1.137373342260413e-24 8.821624427098955e-25
-5.2838426967127816e-08 4.549493369041652e-24 6.36499878578318e-26
-5.196506691618197e-08 3.412120026781239e-24 -4.043009021237608e-25
-5.109170331252244e-08 2.840865787029668e-18 3.626965111026824e-24
-5.0218339708862914e-08 1.7794461015796514e-08 -1.0191237828210755e-24
-4.9344979657917065e-08 3.643511448103709e-08 7.551629860212661e-25
-4.847161605425754e-08 2.8450978462046805e-08 -1.175685358198603e-24
-4.759825245059801e-08 1.8822600367229825e-08 2.191390267160257e-25
-4.672489239965216e-08 1.5757617433109772e-08 -3.5945366169349985e-24
-4.5851528795992635e-08 1.2165682683473733e-08 -8.777541893639073e-25
-4.497816519233311e-08 1.0906743064253988e-08 -1.5152709466269101e-24
-4.410480514138726e-08 9.045294291354367e-09 -3.2524012821495974e-25
-4.323144153772773e-08 8.365557135903146e-09 -2.194317779283339e-24
-4.2358077934068206e-08 7.22446902301499e-09 8.0891453829263515e-25
-4.148471788312236e-08 6.80323619661749e-09 -9.213510803290123e-25
-4.061135427946283e-08 6.031022348196302e-09 2.2818803536867397e-24
-3.97379906758033e-08 5.747743614392675e-09 2.3066144957242656e-24
-3.8864627072143776e-08 5.1898494390911765e-09 3.0668133725492364e-25
-3.799126702119793e-08 4.9888893016714064e-09 3.200263246252245e-25
-3.71179034175384e-08 4.566653721838065e-09 -9.017412801241889e-25
-3.624453981387887e-08 4.418761800906168e-09 -5.924617801741133e-26
-3.5371179762933025e-08 4.087902460980786e-09 -5.017201111138138e-24
-3.44978161592735e-08 3.976236673253197e-09 1.2054415859739922e-24
-3.362445255561397e-08 3.709906382098893e-09 1.755340745785455e-24
-3.275109250466812e-08 3.62409613430259e-09 -1.917838006436705e-24
-3.1877728901008595e-08 3.405065784889416e-09 -4.3462646560558995e-24
-3.100436529734907e-08 3.3383851238966145e-09 -8.777299516125944e-24
-3.013100524640322e-08 3.1550884127540257e-09 -9.589274834730836e-25
-2.9257641642743693e-08 3.1029931957249346e-09 6.907433324627086e-24
-2.8384279815441005e-08 2.9473763429876954e-09 -1.2590380777736787e-24
-2.7510916211781478e-08 2.906693996607146e-09 1.3938071734292495e-24
-2.663755438447879e-08 2.772975848941428e-09 5.917518793151242e-25
-2.5764192557176102e-08 2.7414310821427534e-09 -4.724867600679277e-25
-2.4890828953516575e-08 2.6253559326505638e-09 1.1859571160454858e-24
-2.4017467126213887e-08 2.601281190450777e-09 -1.9259297471720095e-24
-2.31441052989112e-08 2.4996480441075164e-09 -1.7259154944636127e-25
-2.2270741695251672e-08 2.4817996546744325e-09 -2.1655040430744626e-24
-2.1397379867948985e-08 2.392155362684889e-09 -4.181666856029272e-25
-2.0524018040646297e-08 2.3795931891612554e-09 1.0039657219196406e-24
-1.965065443698677e-08 2.3000288340568886e-09 -1.3892051561234165e-24
-1.8777292609684082e-08 2.2920354503241924e-09 3.8611314696011474e-25
-1.7903930782381394e-08 2.221044681505191e-09 2.291719026896656e-24
-1.7030567178721867e-08 2.217070083077033e-09 3.952392815573903e-26
-1.615720535141918e-08 2.1534505290077277e-09 5.68949795685143e-24
-1.528384352411649e-08 2.1530726090901453e-09 -9.17699763673487e-26
-1.4410479920456964e-08 2.0958554891592485e-09 -1.4116011144378673e-24
-1.3537118093154277e-08 2.0987527271643103e-09 -2.505866955317252e-25
-1.266375537767317e-08 2.0471513373365724e-09 2.8061397098376764e-25
-1.1790392662192062e-08 2.05308259282333e-09 5.680753828147508e-24
-1.0917030834889374e-08 2.006454113967493e-09 1.3756016048002875e-23
-1.0043668119408267e-08 2.01524508192108e-09 2.9243854728839076e-24
-9.17030540392716e-09 1.973062380145052e-09 -1.7939168329116678e-24
-8.296943576624471e-09 1.9845944887464384e-09 1.13307503640309e-24
-7.423580861143364e-09 1.9464250211598255e-09 -1.860877121483864e-24
-6.5502181456622566e-09 1.96062832635846e-09 -1.8173889947160664e-24
-5.676855874270359e-09 1.926117709771802e-09 -1.9422002005574192e-24
-4.803493602878461e-09 1.9429664543935132e-09 -1.5473630901502719e-24
-3.930130887397354e-09 1.911826252865012e-09 -2.349830465479762e-24
-3.0567686160054564e-09 1.93133575798754e-09 1.053961556725059e-24
-2.183406122568954e-09 1.903334378994259e-09 -2.5844461296434155e-25
-1.3100436291324513e-09 1.9255594896350203e-09 -2.1703411409300515e-24
-4.3668121896267564e-10 1.900514856600921e-09 9.200928471851848e-25
4.3668121896267564e-10 1.925551051940033e-09 4.0846086149983065e-25
1.3100436291324513e-09 1.903326385388482e-09 1.3493044729297245e-24
2.183406122568954e-09 1.9313102228579737e-09 1.0729659061851252e-24
3.0567686160054564e-09 1.9118104876980624e-09 1.5253628441874025e-24
3.930130887397354e-09 1.9429233777401578e-09 2.4600771296432456e-24
4.803493602878461e-09 1.92609372895447e-09 1.3229881717391647e-24
5.676855874270359e-09 1.9605672640921057e-09 -7.800826089791321e-25
6.5502181456622566e-09 1.9463926026475065e-09 1.194271438815579e-25
7.423580861143364e-09 1.9845141085994555e-09 -6.9814022479117185e-25
8.296943576624471e-09 1.973021079848536e-09 3.3648794859025315e-24
9.17030540392716e-09 2.015144495715049e-09 -1.768070372345877e-25
1.0043668119408267e-08 2.00640304370836e-09 -3.852811649456621e-24
1.0917030834889374e-08 2.0529598021568063e-09 -3.8278891668779734e-24
1.1790392662192062e-08 2.047089830981008e-09 -3.3732491028917e-25
1.266375537767317e-08 2.098605511591245e-09 -1.6383553359467342e-24
1.3537118093154277e-08 2.095782880573438e-09 2.251964776008496e-24
1.4410479920456964e-08 2.1528980820306742e-09 -4.3823329543644146e-24
1.528384352411649e-08 2.1533652638794365e-09 -3.448024242021468e-24
1.615720535141918e-08 2.216864913862082e-09 -2.3963999322471595e-25
1.7030567178721867e-08 2.2209452055221846e-09 -2.9982920761570275e-24
1.7903930782381394e-08 2.2917951980616635e-09 -3.557759477799336e-25
1.8777292609684082e-08 2.2999133708623276e-09 1.6140731126002868e-24
1.965065443698677e-08 2.3793120806914203e-09 -1.1409148346867896e-24
2.0524018040646297e-08 2.3920214697881192e-09 1.485780269153741e-24
2.1397379867948985e-08 2.4814705845699336e-09 8.613574196260491e-25
2.2270741695251672e-08 2.499492612884069e-09 2.4938729168990453e-24
2.31441052989112e-08 2.6008952769274174e-09 -2.3779511873834017e-24
2.4017467126213887e-08 2.625175188342155e-09 5.814570965905703e-25
2.4890828953516575e-08 2.740976112747262e-09 3.362276639345755e-24
2.5764192557176102e-08 2.7727642404329345e-09 1.0371558612154568e-24
2.663755438447879e-08 2.906154206172573e-09 -3.2570942649785638e-25
2.7510916211781478e-08 2.9471274309855744e-09 -4.307047619444195e-24
2.8384279815441005e-08 3.1023474900138126e-09 2.9414266433737182e-25
2.9257641642743693e-08 3.1547933154740804e-09 -1.2756827470510026e-24
3.013100524640322e-08 3.337603970976488e-09 -1.2454204650049142e-24
3.100436529734907e-08 3.4047118457891656e-09 -1.0646100942617979e-24
3.1877728901008595e-08 3.6231386779661534e-09 -1.2844001530917606e-24
3.275109250466812e-08 3.7094760596545484e-09 -1.256508299458248e-24
3.362445255561397e-08 3.9750425173679105e-09 3.05472284658156e-24
3.44978161592735e-08 4.087369553928966e-09 2.3306232801594408e-24
3.5371179762933025e-08 4.417239463094802e-09 -1.358262580154188e-24
3.624453981387887e-08 4.5659782621498834e-09 2.792384785967597e-24
3.71179034175384e-08 4.98689445294076e-09 -2.7756989973155883e-24
3.799126702119793e-08 5.1889665897419945e-09 5.569452161130904e-25
3.8864627072143776e-08 5.745031117498911e-09 -1.4587684884676157e-24
3.97379906758033e-08 6.029819754616028e-09 8.55930352420968e-25
4.061135427946283e-08 6.799360185993919e-09 -1.8832768268876147e-24
4.148471788312236e-08 7.222729081490797e-09 -3.805164450781272e-24
4.2358077934068206e-08 8.359608116847994e-09 1.870621723030833e-24
4.323144153772773e-08 9.0425320564691e-09 -6.469917261525672e-24
4.410480514138726e-08 1.0896554769601607e-08 2.5474537300882405e-24
4.497816519233311e-08 1.2160529472282633e-08 -3.2988478838310067e-24
4.5851528795992635e-08 1.5737082748046305e-08 3.732456324438409e-24
4.672489239965216e-08 1.8819376279566313e-08 3.856230967050301e-24
4.759825245059801e-08 2.8640409155400448e-08 1.8257394818282834e-24
4.847161605425754e-08 4.136013131983418e-08 4.523002236552973e-24
4.9344979657917065e-08 1.0532755112535597e-07 3.71282946511651e-24
5.0218339708862914e-08 5.0692491981862986e-08 8.673614399756862e-25
5.109170331252244e-08 4.098298604937865e-18 1.920787951791779e-24
5.196506691618197e-08 -5.583469134732937e-24 2.41949634974164e-24
5.2838426967127816e-08 7.031035206700735e-24 1.0863846273981609e-24
5.3711790570787343e-08 -6.617444900424222e-24 -3.671065985502752e-24
5.458515417444687e-08 -1.0339757656912846e-24 -9.516220151931549e-26
5.545851422539272e-08 2.0679515313825692e-25 5.00137892796212e-24
5.6331877829052246e-08 -3.7223127564886245e-24 1.4050870955130048e-24
5.720524143271177e-08 4.756288522179909e-24 1.0622167888829705e-24
5.807860148365762e-08 2.895132143935597e-24 4.628220504091351e-24
5.895196508731715e-08 4.1359030627651384e-25 4.0754838116038085e-24
5.9825325138263e-08 4.1359030627651384e-25 -2.624835857294538e-24
6.069868874192252e-08 4.232838290798696e-25 -7.620345068476135e-25
6.157205234558205e-08 -1.7577588016751838e-24 2.151007146219216e-24
6.244541594924158e-08 -1.3053944041852468e-24 -2.476090217158327e-24
6.33187795529011e-08 6.72084247699335e-25 2.820859114772002e-24
6.419214315656063e-08 -4.665815642681922e-24 -1.7916982355714436e-25
6.50654996547928e-08 -1.137373342260413e-24 5.694895343164952e-26
6.593886325845233e-08 -3.644764574061778e-24 3.6384481647936736e-24
6.681222686211186e-08 -5.893661864440322e-24 1.2003875513694675e-24
6.768559046577138e-08 -2.0679515313825692e-24 9.964044901430972e-25
6.855895406943091e-08 7.754818242684634e-24 -1.4239380115270055e-24
6.943231767309044e-08 5.480071558163808e-24 4.144216177591971e-25
7.030567417132261e-08 1.6543612251060553e-24 4.5477207985876206e-24
7.117903777498213e-08 -0.0 1.935206356986956e-24
7.205240137864166e-08 1.1580528575742387e-23 1.949176294757515e-24
7.292576498230119e-08 3.308722450212111e-24 -5.620763618711005e-25
7.379912858596072e-08 3.308722450212111e-24 -6.265921775740044e-24
7.467249218962024e-08 -8.271806125530277e-25 -1.2104673694973487e-25
7.554584868785241e-08 4.963083675318166e-24 2.3089092920975535e-24
7.641921229151194e-08 4.1359030627651384e-24 -4.3186935729879725e-24
7.729257589517147e-08 1.6543612251060553e-24 -9.146437904823706e-25
7.8165939498831e-08 -1.2407709188295415e-24 -5.104139597957896e-25
7.903930310249052e-08 1.2407709188295415e-24 -1.0893306284487088e-24
7.991266670615005e-08 8.271806125530277e-25 4.189587512555757e-25
8.078602320438222e-08 -2.0679515313825692e-24 -8.216628509957494e-26
8.165938680804175e-08 -8.271806125530277e-25 1.861538778568118e-24
8.253275041170127e-08 -1.6543612251060553e-24 -2.34732504324478e-24
8.34061140153608e-08 -4.1359030627651384e-24 2.344609734705203e-25
8.427947761902033e-08 7.858215819253763e-24 2.061124926324013e-24
8.515284122267985e-08 -3.308722450212111e-24 -2.160749183968243e-24
8.602619772091202e-08 -0.0 5.909120382739033e-25
8.689956132457155e-08 0.0 -5.541309055299079e-25
8.777292492823108e-08 -2.481541837659083e-24 3.0454373620814297e-24
8.86462885318906e-08 -1.6543612251060553e-24 -7.132782190433302e-25
8.951965213555013e-08 0.0 -2.4837350681908237e-24
9.039301573920966e-08 -9.926167350636332e-24 -3.876154832503016e-24
9.126637223744183e-08 3.308722450212111e-24 -7.223939505374182e-25
9.213973584110136e-08 3.308722450212111e-24 -1.1961692162864113e-24
9.301309944476088e-08 2.0679515313825692e-24 5.25215061137612e-25
9.388646304842041e-08 -3.5155176033503676e-24 2.433861211002875e-25
9.475982665207994e-08 -2.0679515313825692e-24 -1.3234121598238177e-25
9.563319025573946e-08 -3.1019272970738538e-24 -9.501049370648017e-26
9.650654675397163e-08 -1.8611563782443123e-24 -1.2436982830412035e-24
9.737991035763116e-08 8.271806125530277e-25 -3.497513825340961e-24
9.825327396129069e-08 4.549493369041652e-24 2.1606744393974732e-24
9.912663756495022e-08 4.549493369041652e-24 3.5644794387242675e-24
1.0000000116860974e-07 1.0339757656912846e-24 1.241587882904511e-24
