-0.0007072495056960824
-0.0007108357084326069
-0.0007180830906399681
-0.000729145057552421
-0.0007442606310409535
-0.0007637659787572383
-0.0007881112941973236
-0.0008178845836326045
-0.0008538446999617334
-0.0008969671317276894
-0.0009485078543851411
-0.0010100934095109116
-0.0010838500630303675
-0.0011725928540045653
-0.001280109446730709
-0.001411600031790443
-0.0015743870231512919
-0.0017791198908565869
-0.0020419357215928687
-0.002388396047487633
-0.0028595938748622865
-0.003514094301829343
-0.004387376113528157
-0.0052780171412359165
-0.005083054130291584
-0.00043076460105458207
0.015889026413452384
0.05450280383491004
0.12391308612573343
0.22004510664307586
0.3187574782051372
0.3825898349681418
0.3825898349681697
0.3187574782051599
0.22004510664309904
0.12391308612576596
0.05450280383491767
0.015889026413457664
-0.00043076460104500666
-0.00508305413028932
-0.005278017141229659
-0.004387376113523254
-0.0035140943018264967
-0.002859593874858464
-0.0023883960474842215
-0.0020419357215975603
-0.0017791198908428199
-0.0015743870231426072
-0.0014116000317926296
-0.001280109446739603
-0.0011725928540002742
-0.001083850063042862
-0.0010100934095135933
-0.000948507854399092
-0.0008969671317311649
-0.0008538446999716346
-0.0008178845836407173
-0.0007881112942079371
-0.0007637659787534225
-0.0007442606310454579
-0.0007291450575563151
-0.0007180830906286107
-0.0007108357084551989
-0.0007072495056920996
-0.0007108357084430457
-0.0007144400955115094
-0.0007217242265674969
-0.0007328422847044673
-0.000748034503789509
-0.000767638756058885
-0.000792107517784603
-0.000822031776806741
-0.000858174233903768
-0.0009015153239750498
-0.0009533173910922369
-0.001015215224455632
-0.001089345871558443
-0.001178538645556069
-0.0012866004167250225
-0.00141875774407067
-0.0015823701711611283
-0.0017881411681338688
-0.002052289647869308
-0.0024005067565493823
-0.0028740938640877444
-0.0035319129954493053
-0.0044096226686825505
-0.005304778795323744
-0.005108823829247441
-0.0004329352486085292
0.01596962715698137
0.054779236517062325
0.12454152582039328
0.22116106013025827
0.32037402488709726
0.3845300879606787
0.3845300879607073
0.3203740248871117
0.22116106013027365
0.12454152582040431
0.054779236517078236
0.01596962715698041
-0.0004329352485969971
-0.005108823829244106
-0.005304778795315962
-0.004409622668674356
-0.0035319129954447777
-0.002874093864083562
-0.0024005067565475466
-0.002052289647870599
-0.001788141168119606
-0.0015823701711554143
-0.0014187577440774204
-0.0012866004167348972
-0.0011785386455564918
-0.0010893458715747917
-0.0010152152244636337
-0.0009533173911098903
-0.0009015153239799168
-0.0008581742339136471
-0.0008220317768134206
-0.0007921075177918632
-0.0007676387560488003
-0.0007480345037895893
-0.0007328422847026184
-0.0007217242265538815
-0.0007144400955334879
-0.0007108357084379618
-0.0007180830906189092
-0.0007217242265301631
-0.0007290826235886688
-0.0007403140368753276
-0.0007556611495847458
-0.0007754652787656415
-0.0008001835139620572
-0.0008304128684899807
-0.0008669238193302989
-0.0009107067975112432
-0.0009630370174852753
-0.001025565936138039
-0.001100452389504796
-0.0011905545373695776
-0.0012997180634972787
-0.0014332228150488887
-0.00159850337105551
-0.0018063723308519648
-0.002073213970468154
-0.00242498137407959
-0.002903396994892609
-0.0035679229182528803
-0.004454580880145441
-0.005358861568019412
-0.005160901840845637
-0.00043732147307699637
0.01613251487103178
0.055337883550140105
0.12581154804667144
0.22341630450337513
0.3236409235096122
0.3884511681222846
0.3884511681222572
0.32364092350957135
0.2234163045034087
0.12581154804669317
0.055337883550160685
0.01613251487103897
-0.0004373214730627041
-0.005160901840841398
-0.005358861568010821
-0.004454580880136844
-0.003567922918251023
-0.002903396994892887
-0.0024249813740840473
-0.00207321397046876
-0.0018063723308389351
-0.0015985033710505766
-0.0014332228150561888
-0.001299718063503501
-0.0011905545373710215
-0.0011004523895208037
-0.0010255659361483288
-0.0009630370175041068
-0.0009107067975159531
-0.0008669238193395525
-0.0008304128684965249
-0.0008001835139700462
-0.0007754652787554139
-0.0007556611495854479
-0.0007403140368715562
-0.0007290826235753045
-0.0007217242265526434
-0.0007180830906102936
-0.0007291450575507309
-0.0007328422846817893
-0.0007403140368894388
-0.0007517184686431109
-0.0007673020016401932
-0.0007874112108853372
-0.0008125102273414426
-0.0008432052612534776
-0.0008802786587263773
-0.0009247361082819019
-0.000977872468943852
-0.001041364638153171
-0.001117404708659307
-0.0012088948700134789
-0.0013197400485465516
-0.001455301427276005
-0.0016231281148466029
-0.0018341992788748008
-0.00210515159579556
-0.00246233795622552
-0.002948123529151667
-0.0036228862928527547
-0.004523202362896791
-0.005441410143253651
-0.0052403901799187545
-0.00044401517156173007
0.01638113971707903
0.05619057461169351
0.12775004384296934
0.2268585894219266
0.3286273415213763
0.3944360924571996
0.3944360924572213
0.32862734152138623
0.2268585894219014
0.12775004384299052
0.056190574611702696
0.016381139717083163
-0.0004440151715469399
-0.0052403901799126535
-0.005441410143243337
-0.004523202362885526
-0.003622886292850907
-0.002948123529152378
-0.002462337956232988
-0.002105151595793347
-0.0018341992788627613
-0.001623128114842625
-0.001455301427284225
-0.0013197400485508647
-0.0012088948700162711
-0.0011174047086748664
-0.001041364638164098
-0.000977872468962292
-0.0009247361082845239
-0.0008802786587330355
-0.0008432052612565453
-0.0008125102273478255
-0.000787411210872831
-0.0007673020016382327
-0.0007517184686356532
-0.0007403140368761185
-0.0007328422847051692
-0.00072914505753716
-0.000744260631029899
-0.0007480345037522854
-0.0007556611495832523
-0.0007673020016280975
-0.0007832085900463938
-0.0008037346745513804
-0.0008293540078208577
-0.0008606853672008235
-0.0008985273173065351
-0.0009439063951963143
-0.000998144303127964
-0.0010629527016814957
-0.001140569127092786
-0.0012339559332019538
-0.0013470989980810572
-0.0014854706457952081
-0.0016567764834887774
-0.0018722232853378648
-0.0021487926192904966
-0.0025133836897892796
-0.0030092399011365746
-0.003697990743321525
-0.0046169698331533305
-0.00555420805331131
-0.005349005876079492
-0.000453159450127475
0.016720877608768624
0.05735574200219121
0.13039891302369208
0.23156231502545158
0.3354410506041985
0.40261421193972535
0.4026142119397431
0.3354410506042095
0.2315623150254609
0.13039891302371343
0.057355742002204536
0.01672087760877314
-0.0004531594501135951
-0.005349005876073794
-0.00555420805330135
-0.004616969833143228
-0.003697990743321772
-0.0030092399011386684
-0.0025133836897991762
-0.0021487926192867088
-0.0018722232853258228
-0.0016567764834835104
-0.0014854706458006545
-0.0013470989980826366
-0.0012339559332042549
-0.0011405691271080898
-0.0010629527016918073
-0.0009981443031451586
-0.0009439063951951448
-0.0008985273173101279
-0.0008606853671999897
-0.0008293540078282553
-0.000803734674542176
-0.0007832085900465533
-0.0007673020016230514
-0.0007556611495747837
-0.000748034503779538
-0.0007442606310125277
-0.0007637659787536467
-0.0007676387560277326
-0.000775465278767998
-0.0007874112108787797
-0.0008037346745549342
-0.0008247987007569655
-0.0008510894581613469
-0.0008832419408802408
-0.0009220756421254094
-0.0009686440022057424
-0.0010243033622672404
-0.001090810241743014
-0.0011704608177897828
-0.0012662950811129026
-0.0013824033710730182
-0.0015244014297583239
-0.0017001968122510283
-0.0019212899995837418
-0.0022051076128078552
-0.002579253827649293
-0.0030881053343951924
-0.0037949065810628916
-0.004737968626327526
-0.005699763698677602
-0.005489163758730148
-0.0004649554173972312
0.017159289790019964
0.05885931029255412
0.13381708622283284
0.2376321221628282
0.34423362707436955
0.413167453095459
0.41316745309548053
0.3442336270743558
0.23763212216283275
0.1338170862228672
0.058859310292559947
0.017159289790022528
-0.00046495541738474794
-0.005489163758723119
-0.0056997636986663
-0.004737968626315949
-0.003794906581062661
-0.0030881053343965567
-0.0025792538276602902
-0.00220510761280433
-0.0019212899995734826
-0.0017001968122464391
-0.001524401429761802
-0.0013824033710739332
-0.001266295081113913
-0.0011704608178043688
-0.001090810241751033
-0.0010243033622829142
-0.0009686440022009396
-0.0009220756421275348
-0.000883241940875714
-0.0008510894581691997
-0.0008247987007500583
-0.0008037346745544537
-0.0007874112108750938
-0.0007754652787626162
-0.0007676387560578677
-0.0007637659787340419
-0.0007881112941971699
-0.0007921075177567854
-0.0008001835139629466
-0.0008125102273333649
-0.0008293540078206622
-0.0008510894581571127
-0.0008782182438697478
-0.0009113955997929051
-0.0009514671408672816
-0.0009995198863093262
-0.001056953411296997
-0.0011255802252027208
-0.0012077696970148623
-0.001306658718794811
-0.0014264680117893702
-0.001572992323286363
-0.0017543912668848355
-0.0019825319098023785
-0.002275396360063738
-0.0026614686934478566
-0.0031865400927752045
-0.003915870676126391
-0.00488899140502099
-0.005881436286626411
-0.005664097654867612
-0.0004796721119801218
0.01770650292572873
0.060735998939149216
0.13808348550576963
0.24520814904792357
0.35520806604840227
0.4263394565914524
0.42633945659146144
0.3552080660483688
0.2452081490479549
0.13808348550578867
0.0607359989391546
0.017706502925728743
-0.00047967211196951786
-0.005664097654859466
-0.005881436286613288
-0.004888991405007815
-0.0039158706761245055
-0.003186540092775365
-0.0026614686934588005
-0.0022753963600620594
-0.0019825319097953073
-0.0017543912668829737
-0.001572992323288475
-0.0014264680117914142
-0.0013066587187949633
-0.0012077696970297625
-0.0011255802252091874
-0.001056953411312342
-0.000999519886302899
-0.0009514671408703071
-0.0009113955997872413
-0.0008782182438788907
-0.0008510894581539197
-0.0008293540078200457
-0.0008125102273324756
-0.0008001835139594469
-0.0007921075177882019
-0.0007881112941775765
-0.0008178845836287318
-0.0008220317767799507
-0.0008304128684890922
-0.0008432052612438659
-0.000860685367198004
-0.0008832419408724387
-0.0009113955997874928
-0.0009458263323307536
-0.000987411699219868
-0.0010372797852661883
-0.0010968830390525638
-0.0011681024432969517
-0.0012533968775311198
-0.001356021740117753
-0.0014803572039075068
-0.0016324169320857584
-0.001820668795362469
-0.0020574281807074985
-0.002361356533842861
-0.0027620140116703315
-0.003306921658643854
-0.00406380464716708
-0.005073685711030013
-0.006103613298306321
-0.005878031166733458
-0.0004976604563899045
0.018375744805887897
0.06303115808583082
0.1433011967291062
0.254473439330138
0.36862951182893744
0.4424484559078935
0.44244845590787923
0.36862951182891224
0.25447343933012967
0.14330119672913327
0.06303115808583515
0.018375744805885094
-0.0004976604563819724
-0.0058780311667266955
-0.006103613298294601
-0.005073685711017744
-0.004063804647166231
-0.0033069216586448817
-0.0027620140116824073
-0.0023613565338445686
-0.0020574281807047953
-0.0018206687953635466
-0.0016324169320871894
-0.0014803572039109349
-0.0013560217401176896
-0.0012533968775463881
-0.0011681024433017762
-0.0010968830390663663
-0.001037279785257287
-0.0009874116992216494
-0.0009458263323227501
-0.0009113955997946305
-0.0008832419408708301
-0.0008606853671966786
-0.0008432052612465125
-0.000830412868487044
-0.0008220317768116278
-0.0008178845836116455
-0.0008538446999662933
-0.0008581742338895544
-0.0008669238193353472
-0.0008802786587202
-0.000898527317303648
-0.0009220756421162125
-0.0009514671408573342
-0.000987411699216271
-0.0010308254619607739
-0.0010828861128597239
-0.0011451099609044177
-0.0012194606908080795
-0.001308505292800851
-0.0014156422969776304
-0.0015454444616231984
-0.001704189856264733
-0.0019007186642303361
-0.002147887752703798
-0.0024651790710278633
-0.0028834524655577233
-0.0034523182998206486
-0.004242478996884189
-0.005296758876031384
-0.006371956939101047
-0.00613641481675075
-0.0005193725728026533
0.019184088454071588
0.06580331833779685
0.14960326443612887
0.26566423085205976
0.38484016077578354
0.4619051637909143
0.4619051637909073
0.3848401607757559
0.2656642308520704
0.1496032644361478
0.06580331833780202
0.019184088454068677
-0.0005193725727955353
-0.0061364148167436525
-0.006371956939089325
-0.005296758876018166
-0.004242478996881342
-0.003452318299818487
-0.002883452465566075
-0.002465179071028719
-0.0021478877527035182
-0.0019007186642347254
-0.0017041898562691097
-0.0015454444616321565
-0.0014156422969828235
-0.0013085052928201051
-0.0012194606908148167
-0.0011451099609185568
-0.0010828861128507543
-0.0010308254619622577
-0.000987411699207815
-0.000951467140861813
-0.0009220756421146144
-0.0008985273173005726
-0.0008802786587240067
-0.0008669238193324152
-0.0008581742339183671
-0.0008538446999525381
-0.0008969671317292515
-0.0009015153239642778
-0.0009107067975166908
-0.0009247361082793115
-0.0009439063951974242
-0.0009686440022035287
-0.0009995198863041368
-0.0010372797852684842
-0.0010828861128623947
-0.001137576030655642
-0.001202942427405471
-0.0012810481619441108
-0.0013745898681009167
-0.0014871377159068094
-0.001623495407242387
-0.0017902580810807236
-0.0019967123887881556
-0.0022563645272951948
-0.0025896803738727782
-0.00302907832987488
-0.0036266742095559393
-0.004456740623389867
-0.005564262050489172
-0.006693745738421595
-0.006446254722176468
-0.0005453884490742623
0.020153483815172436
0.06912772560060595
0.15716072524307628
0.2790842185734757
0.40427992041298255
0.4852375672466585
0.48523756724664197
0.40427992041295113
0.27908421857346666
0.1571607252431024
0.06912772560061012
0.020153483815172554
-0.0005453884490674879
-0.006446254722168188
-0.006693745738410053
-0.005564262050474195
-0.004456740623385777
-0.0036266742095519356
-0.003029078329882771
-0.0025896803738759775
-0.002256364527300806
-0.0019967123887961223
-0.0017902580810879548
-0.0016234954072528143
-0.001487137715913604
-0.0013745898681195422
-0.001281048161950844
-0.0012029424274188258
-0.0011375760306473147
-0.0010828861128636287
-0.0010372797852610514
-0.0009995198863073465
-0.0009686440022034634
-0.0009439063951969921
-0.000924736108286708
-0.0009107067975167015
-0.0009015153239909816
-0.0008969671317201143
-0.0009485078543992777
-0.0009533173910977145
-0.0009630370175007253
-0.0009778724689525216
-0.0009981443031375436
-0.0010243033622761985
-0.0010569534113003946
-0.0010968830390653212
-0.0011451099609152728
-0.0012029424274156162
-0.0012720648569160633
-0.0013546586430476005
-0.0014535753721604543
-0.0015725903616431655
-0.001716783341657073
-0.0018931284187991477
-0.002111445871919833
-0.0023860179899989724
-0.0027384866611101216
-0.0032031331021726388
-0.0038350676792844257
-0.004712830078209861
-0.005883986270521807
-0.007078350883605667
-0.006816570859250387
-0.0005764529377844867
0.021312196869270092
0.07310127125324778
0.16619381183142273
0.2951244463447593
0.42751522130457553
0.5131255072852765
0.5131255072852715
0.4275152213045579
0.2951244463447803
0.16619381183143345
0.07310127125324557
0.021312196869270293
-0.000576452937780257
-0.006816570859242801
-0.007078350883595656
-0.005883986270505636
-0.004712830078202479
-0.0038350676792750214
-0.0032031331021754803
-0.002738486661111003
-0.002386017990006985
-0.0021114458719308127
-0.0018931284188121605
-0.0017167833416735694
-0.0015725903616576186
-0.001453575372182659
-0.0013546586430579373
-0.0012720648569294706
-0.0012029424274073736
-0.0011451099609139986
-0.0010968830390564233
-0.0010569534112995667
-0.001024303362273209
-0.0009981443031369473
-0.0009778724689582141
-0.0009630370175018265
-0.0009533173911196221
-0.000948507854393886
-0.0010100934095143566
-0.0010152152244558108
-0.001025565936146207
-0.0010413646381597867
-0.0010629527016876817
-0.001090810241750856
-0.0011255802252017565
-0.0011681024433048653
-0.0012194606908111335
-0.001281048161947761
-0.0013546586430424443
-0.0014426151640125813
-0.0015479544627655987
-0.0016746969856853008
-0.0018282522870553977
-0.0020160472991295896
-0.0022485399285267355
-0.002540939811539344
-0.0029162940441852143
-0.003411109708189194
-0.004084075320253332
-0.005018829142595243
-0.006266021209400495
-0.007537908185005079
-0.0072590434558146635
-0.0006135276287359905
0.02269684067655202
0.07784944910541877
0.1769877620503986
0.31429137394469947
0.4552796696690219
0.5464494694977695
0.5464494694977542
0.4552796696689785
0.3142913739447062
0.17698776205042036
0.07784944910542177
0.02269684067655519
-0.0006135276287322822
-0.007259043455806784
-0.007537908184997532
-0.006266021209385793
-0.0050188291425884
-0.004084075320243075
-0.0034111097081918366
-0.002916294044187857
-0.002540939811551478
-0.002248539928540472
-0.002016047299146141
-0.001828252287073777
-0.0016746969857032712
-0.001547954462787388
-0.001442615164025057
-0.0013546586430559955
-0.0012810481619417806
-0.001219460690810009
-0.0011681024432980435
-0.0011255802252014323
-0.0010908102417487061
-0.0010629527016918524
-0.0010413646381663318
-0.0010255659361523683
-0.001015215224474396
-0.0010100934095128174
-0.001083850063040763
-0.001089345871565377
-0.0011004523895122762
-0.0011174047086648026
-0.0011405691270949714
-0.0011704608177956787
-0.0012077696970136356
-0.00125339687754127
-0.0013085052928081822
-0.0013745898681119975
-0.0014535753721638836
-0.0015479544627705233
-0.0016609856209600996
-0.001796982867075771
-0.0019617507628992246
-0.002163258558730968
-0.002412727804219597
-0.002726478756389689
-0.0031292414336040993
-0.003660188682339933
-0.004382294297477634
-0.005385302576800216
-0.006723556323377714
-0.008088281507563336
-0.007788939612180359
-0.0006578646430744925
0.02435528898099703
0.08353633346063712
0.18991549174554356
0.33724712846808336
0.48853234691598163
0.5863605536152316
0.5863605536152559
0.4885323469159562
0.33724712846809723
0.1899154917455521
0.08353633346064196
0.024355288981001633
-0.0006578646430709896
-0.007788939612172493
-0.008088281507558175
-0.006723556323366757
-0.005385302576794095
-0.00438229429746664
-0.0036601886823409797
-0.0031292414336071494
-0.002726478756403925
-0.0024127278042367518
-0.0021632585587515163
-0.001961750762920841
-0.001796982867097945
-0.0016609856209820373
-0.001547954462785097
-0.0014535753721780585
-0.0013745898681094652
-0.001308505292808832
-0.0012533968775380834
-0.0012077696970150893
-0.0011704608177941838
-0.00114056912710235
-0.0011174047086689933
-0.0011004523895203379
-0.0010893458715777685
-0.001083850063041603
-0.0011725928540068731
-0.0011785386455595505
-0.0011905545373722775
-0.0012088948700163214
-0.0012339559332020561
-0.0012662950811165254
-0.001306658718791891
-0.0013560217401228196
-0.0014156422969790017
-0.0014871377159124493
-0.001572590361643859
-0.0016746969856887878
-0.0017969828670802946
-0.0019441152500225764
-0.0021223739635988894
-0.0023403807675327504
-0.0026102760163622153
-0.0029497162515558857
-0.003385456362501188
-0.00395987660626689
-0.004741106725227859
-0.00582623744762858
-0.007274053469121222
-0.008750472844530396
-0.00842646922669622
-0.0007111135613580386
0.026350943502854024
0.09037918949116563
0.2054707906747673
0.36486843504830063
0.5285431621525131
0.634382910290275
0.6343829102902756
0.5285431621524807
0.3648684350483177
0.20547079067478735
0.09037918949117502
0.026350943502861643
-0.0007111135613535884
-0.00842646922668674
-0.008750472844525728
-0.007274053469112239
-0.005826237447622413
-0.004741106725215865
-0.003959876606267693
-0.003385456362505453
-0.0029497162515718604
-0.002610276016381411
-0.0023403807675546713
-0.0021223739636209056
-0.0019441152500466702
-0.0017969828671017783
-0.00167469698570458
-0.001572590361658697
-0.0014871377159133706
-0.0014156422969807759
-0.0013560217401227077
-0.0013066587187952783
-0.0012662950811177056
-0.001233955933215221
-0.001208894870022359
-0.0011905545373853753
-0.0011785386455679127
-0.001172592854011085
-0.0012801094467428634
-0.0012866004167352042
-0.0012997180634971373
-0.0013197400485405208
-0.0013470989980722658
-0.0013824033710674612
-0.001426468011782413
-0.0014803572039076283
-0.0015454444616214342
-0.001623495407245205
-0.0017167833416557262
-0.001828252287055608
-0.0019617507629015748
-0.00212237396359437
-0.0023169775309287723
-0.0025549737763138182
-0.0028496162383972335
-0.0032201804439348203
-0.003695874530846477
-0.004322964713687377
-0.005175827394557363
-0.006360453508158668
-0.007941007527727056
-0.00955273932268012
-0.009198820189286031
-0.0007754799187243554
0.02876914620301963
0.09867042075641706
0.2243181837266
0.3983351278122897
0.577021043653934
0.6925675895689389
0.692567589568982
0.5770210436539316
0.39833512781231295
0.2243181837266188
0.0986704207564395
0.028769146203029193
-0.0007754799187185435
-0.009198820189273626
-0.009552739322673191
-0.007941007527719094
-0.006360453508152208
-0.005175827394545882
-0.0043229647136889555
-0.003695874530852669
-0.003220180443951307
-0.002849616238417889
-0.0025549737763363835
-0.00231697753095059
-0.0021223739636184224
-0.0019617507629213857
-0.0018282522870696313
-0.0017167833416695708
-0.0016234954072479352
-0.0015454444616231238
-0.0014803572039094588
-0.0014264680117856594
-0.0013824033710692402
-0.001347098998086287
-0.0013197400485444035
-0.001299718063509102
-0.0012866004167354818
-0.0012801094467492775
-0.001411600031777896
-0.0014187577440632193
-0.0014332228150340223
-0.0014553014272571864
-0.0014854706457779275
-0.0015244014297431214
-0.001572992323272666
-0.0016324169320772067
-0.0017041898562575276
-0.0017902580810803801
-0.0018931284187979984
-0.002016047299131924
-0.0021632585587371723
-0.002340380767532545
-0.002554973776318098
-0.0028174167280434533
-0.0031423245678706135
-0.0035509528175687874
-0.004075509903397538
-0.004767014501324698
-0.00570748248159289
-0.007013788948588262
-0.008756674897719637
-0.01053387376656086
-0.010143311391870358
-0.0008539677990460328
0.0317271239645342
0.10881159698372195
0.24737022833310135
0.4392673565719002
0.6363126509368705
0.7637310210836131
0.763731021083629
0.6363126509368702
0.4392673565719417
0.2473702283331382
0.10881159698375259
0.031727123964553
-0.0008539677990373311
-0.01014331139185427
-0.010533873766552624
-0.008756674897710835
-0.007013788948580983
-0.005707482481579753
-0.004767014501326312
-0.004075509903403521
-0.0035509528175834628
-0.00314232456788828
-0.002817416728062189
-0.0025549737763346696
-0.0023403807675514985
-0.0021632585587520736
-0.002016047299141152
-0.0018931284188092373
-0.0017902580810828695
-0.0017041898562564937
-0.0016324169320785398
-0.0015729923232739639
-0.0015244014297466184
-0.001485470645794791
-0.0014553014272644413
-0.0014332228150487803
-0.0014187577440595539
-0.0014116000317878673
-0.0015743870231389827
-0.001582370171152817
-0.0015985033710358583
-0.0016231281148200612
-0.0016567764834672211
-0.0017001968122329527
-0.0017543912668739464
-0.0018206687953573172
-0.0019007186642291298
-0.0019967123887915618
-0.0021114458719204672
-0.0022485399285283652
-0.002412727804222953
-0.0026102760163602503
-0.002849616238399655
-0.003142324567870402
-0.0035047013967924394
-0.003960453520758706
-0.004545503786650772
-0.005316754503833296
-0.006365679198077906
-0.007822626782202191
-0.009766475650949333
-0.011748498068184288
-0.011312482167438003
-0.0009507794128755433
0.03539001013578622
0.12136829929705659
0.2759121157943083
0.48994677068910675
0.7097227147700487
0.8518394664818567
0.8518394664818981
0.709722714770094
0.48994677068916553
0.27591211579434016
0.12136829929708903
0.03539001013581142
-0.0009507794128632057
-0.011312482167417261
-0.011748498068172925
-0.009766475650937578
-0.007822626782193334
-0.0063656791980626955
-0.0053167545038339415
-0.004545503786655226
-0.003960453520769448
-0.003504701396805144
-0.0031423245678851262
-0.002849616238411684
-0.0026102760163734876
-0.002412727804232538
-0.0022485399285312783
-0.0021114458719282206
-0.0019967123887927518
-0.001900718664224327
-0.0018206687953569798
-0.0017543912668715558
-0.0017001968122362927
-0.0016567764834826207
-0.0016231281148280483
-0.0015985033710495407
-0.0015823701711448904
-0.0015743870231508062
-0.001779119890841163
-0.0017881411681234607
-0.001806372330831358
-0.0018341992788469168
-0.0018722232853155426
-0.0019212899995623642
-0.0019825319097866003
-0.002057428180695353
-0.002147887752697737
-0.0022563645272948366
-0.0023860179899996494
-0.0025409398115446343
-0.0027264787563978403
-0.0029497162515612838
-0.0032201804439413286
-0.0035509528175714632
-0.003960453520762397
-0.004475472277225417
-0.005136603508918226
-0.00600814927834893
-0.007193477691863552
-0.008839882300405014
-0.011036470607659828
-0.013276064393701506
-0.01278278449121417
-0.0010721505625729095
0.03999763728993504
0.13716233003449005
0.31181150445447703
0.5536892778170976
0.8020541030822146
0.9626572766452298
0.9626572766452707
0.8020541030822319
0.5536892778171578
0.31181150445452194
0.13716233003453776
0.03999763728996493
-0.0010721505625584584
-0.012782784491188645
-0.01327606439368682
-0.01103647060764386
-0.008839882300394132
-0.0071934776918468335
-0.006008149278349581
-0.005136603508919653
-0.004475472277231181
-0.003960453520767013
-0.003550952817580187
-0.0032201804439468693
-0.0029497162515679147
-0.0027264787564013388
-0.0025409398115413696
-0.0023860179900034996
-0.0022563645272941617
-0.0021478877526885376
-0.0020574281806922013
-0.0019825319097813085
-0.0019212899995668846
-0.00187222328533023
-0.0018341992788572666
-0.0018063723308449856
-0.001788141168114828
-0.0017791198908534706
-0.0020419357215878666
-0.0020522896478644814
-0.002073213970450351
-0.002105151595769117
-0.0021487926192696703
-0.002205107612789446
-0.0022753963600520115
-0.0023613565338353078
-0.002465179071026992
-0.0025896803738733004
-0.0027384866611091458
-0.0029162940441860566
-0.003129241433605349
-0.0033854563625021453
-0.0036958745308473396
-0.0040755099033953825
-0.0045455037866534344
-0.0051366035089158955
-0.005895400498530882
-0.006895696154290195
-0.008256128533822288
-0.010145746302492209
-0.012666800780549662
-0.015237126667114024
-0.014670630422482981
-0.0012292361624276068
0.045909013068155584
0.15742922068063067
0.35788006893419344
0.6354898598188845
0.9205439091888663
1.1048714691030734
1.104871469103137
0.9205439091888751
0.6354898598189361
0.3578800689342452
0.15742922068068735
0.04590901306818987
-0.0012292361624075504
-0.014670630422454572
-0.015237126667096944
-0.012666800780532204
-0.010145746302479986
-0.00825612853380563
-0.00689569615429041
-0.005895400498530391
-0.005136603508919019
-0.004545503786653053
-0.004075509903402654
-0.0036958745308500645
-0.0033854563625056147
-0.0031292414336050885
-0.0029162940441784975
-0.0027384866611103367
-0.0025896803738726954
-0.002465179071016313
-0.0023613565338302003
-0.002275396360045337
-0.002205107612794025
-0.0021487926192807973
-0.0021051515957785246
-0.002073213970461765
-0.002052289647856109
-0.0020419357215985235
-0.002388396047476319
-0.0024005067565418805
-0.0024249813740646895
-0.002462337956209811
-0.002513383689780763
-0.00257925382764522
-0.0026614686934480847
-0.002762014011672688
-0.0028834524655653856
-0.0030290783298800184
-0.003203133102175809
-0.003411109708192357
-0.003660188682341001
-0.003959876606268954
-0.004322964713685736
-0.004767014501317968
-0.005316754503832967
-0.006008149278341449
-0.006895696154285939
-0.008065720655686621
-0.009656999075021891
-0.011867301022083252
-0.014816383185991705
-0.017823861221468854
-0.017164723320486165
-0.0014526841801722067
0.053659412829850574
0.18405266980870677
0.41843373773206893
0.7430396190021379
1.0763529508676077
1.29188791002594
1.2918879100260083
1.0763529508676535
0.7430396190022093
0.4184337377321199
0.18405266980876306
0.053659412829887634
-0.0014526841801509793
-0.017164723320459183
-0.0178238612214534
-0.014816383185975616
-0.011867301022071444
-0.009656999075006806
-0.008065720655687473
-0.006895696154283491
-0.0060081492783435
-0.005316754503826628
-0.0047670145013239155
-0.004322964713684195
-0.003959876606271028
-0.0036601886823383264
-0.0034111097081828785
-0.003203133102174966
-0.0030290783298802322
-0.0028834524655554092
-0.002762014011666005
-0.0026614686934430132
-0.0025792538276513417
-0.002513383689791205
-0.0024623379562196974
-0.00242498137407717
-0.0024005067565367024
-0.00238839604748552
-0.0028595938748547794
-0.0028740938640835585
-0.002903396994879073
-0.002948123529140411
-0.0030092399011279578
-0.0030881053343908547
-0.003186540092771712
-0.003306921658641447
-0.0034523182998228777
-0.003626674209553593
-0.0038350676792813848
-0.004084075320249724
-0.0043822942974717175
-0.004741106725225149
-0.005175827394550834
-0.005707482481581478
-0.006365679198074313
-0.007193477691852507
-0.008256128533815334
-0.009656999075020586
-0.011562309545015014
-0.01420917848355967
-0.017742405745289975
-0.021352407404351327
-0.02059393576822069
-0.0018686875325335576
0.06391154898432956
0.219626667587749
0.49959642391343956
0.8873978269041456
1.2856365126426197
1.5431669823684875
1.5431669823685463
1.2856365126426292
0.8873978269041982
0.4995964239135037
0.2196266675878104
0.06391154898436965
-0.0018686875325047998
-0.02059393576819272
-0.021352407404332092
-0.01774240574527353
-0.01420917848354385
-0.011562309545000798
-0.009656999075020569
-0.00825612853381294
-0.007193477691856383
-0.0063656791980661
-0.005707482481590427
-0.005175827394548084
-0.0047411067252297835
-0.004382294297469234
-0.0040840753202411595
-0.0038350676792802693
-0.003626674209556776
-0.0034523182998170946
-0.0033069216586345965
-0.0031865400927693533
-0.003088105334396272
-0.0030092399011369736
-0.002948123529147852
-0.002903396994892436
-0.002874093864080284
-0.0028595938748628307
-0.003514094301817202
-0.003531912995441748
-0.0035679229182341383
-0.003622886292842897
-0.003697990743312091
-0.0037949065810618703
-0.003915870676124932
-0.00406380464716672
-0.004242478996887304
-0.004456740623387243
-0.0047128300782088624
-0.0050188291425936555
-0.005385302576795696
-0.0058262374476266135
-0.006360453508151892
-0.00701378894857578
-0.007822626782196855
-0.00883988230039285
-0.010145746302483398
-0.011867301022080917
-0.014209178483556389
-0.017464689573812312
-0.021820042735383276
-0.026309689335739187
-0.025556021560584723
-0.003046336608807731
0.07660889837091946
0.26565047342559583
0.6059745609855788
1.077722483982197
1.5623772107974676
1.8758634960940732
1.8758634960941205
1.5623772107974965
1.077722483982265
0.6059745609856368
0.2656504734256634
0.07660889837096305
-0.0030463366087750063
-0.025556021560557373
-0.026309689335719966
-0.02182004273536833
-0.017464689573794687
-0.014209178483543305
-0.011867301022080045
-0.010145746302480572
-0.008839882300398332
-0.007822626782185326
-0.007013788948586893
-0.006360453508146532
-0.005826237447634963
-0.005385302576793866
-0.005018829142587326
-0.004712830078207636
-0.00445674062339282
-0.004242478996886589
-0.004063804647160889
-0.003915870676127102
-0.0037949065810668195
-0.0036979907433224973
-0.003622886292847992
-0.003567922918248956
-0.0035319129954380804
-0.0035140943018246405
-0.004387376113520537
-0.004409622668678372
-0.004454580880123255
-0.004523202362885813
-0.0046169698331359485
-0.004737968626320669
-0.004888991405012346
-0.005073685711023387
-0.005296758876027955
-0.005564262050480245
-0.005883986270516967
-0.006266021209395621
-0.0067235563233720465
-0.0072740534691188964
-0.007941007527724218
-0.008756674897713358
-0.009766475650948509
-0.011036470607653445
-0.012666800780542947
-0.014816383185992498
-0.017742405745290648
-0.021820042735390066
-0.02732048570783021
-0.03317560459507902
-0.03306942119487023
-0.007310619799980796
0.08662300201154685
0.31184496363087033
0.7193737204511064
1.285930780754049
1.86899181610687
2.246477595469925
2.24647759546999
1.8689918161069152
1.285930780754118
0.7193737204511841
0.31184496363094194
0.0866230020115934
-0.007310619799937327
-0.03306942119483898
-0.03317560459505427
-0.027320485707814295
-0.02182004273536724
-0.017742405745277842
-0.014816383185989272
-0.01266680078054048
-0.01103647060765838
-0.00976647565093415
-0.008756674897725227
-0.00794100752771766
-0.007274053469131099
-0.006723556323371211
-0.006266021209391467
-0.005883986270515245
-0.005564262050487204
-0.005296758876032176
-0.005073685711019897
-0.004888991405018403
-0.004737968626323412
-0.0046169698331478045
-0.004523202362888076
-0.004454580880139874
-0.004409622668672755
-0.004387376113528307
-0.005278017141227624
-0.005304778795319961
-0.005358861567995672
-0.005441410143246127
-0.005554208053293702
-0.005699763698674316
-0.0058814362866194195
-0.006103613298301627
-0.006371956939096549
-0.006693745738412024
-0.0070783508836005805
-0.0075379081850004154
-0.008088281507558394
-0.00875047284452624
-0.009552739322678628
-0.010533873766558895
-0.01174849806818707
-0.01327606439370307
-0.01523712666711064
-0.017823861221471723
-0.021352407404351337
-0.02630968933574253
-0.03317560459507378
-0.04121067348747788
-0.044397509339236044
-0.022720915572480828
0.0683734549700695
0.2964352546448039
0.7177231548643936
1.310253081243201
1.924189465673303
2.3231002277865627
2.3231002277865924
1.9241894656733587
1.3102530812432889
0.7177231548644782
0.2964352546448773
0.06837345497012315
-0.022720915572434466
-0.04439750933920228
-0.04121067348745372
-0.03317560459505941
-0.026309689335719567
-0.021352407404339253
-0.017823861221466803
-0.015237126667107524
-0.013276064393705855
-0.011748498068170025
-0.010533873766569907
-0.009552739322670794
-0.008750472844540749
-0.008088281507557492
-0.007537908184996986
-0.0070783508835973175
-0.006693745738416641
-0.006371956939102817
-0.006103613298299226
-0.005881436286628636
-0.005699763698675052
-0.00555420805330838
-0.00544141014324746
-0.005358861568013865
-0.005304778795311983
-0.005278017141235432
-0.005083054130288984
-0.005108823829249768
-0.005160901840826937
-0.00524039017991833
-0.005349005876064355
-0.005489163758729903
-0.0056640976548626085
-0.005878031166731086
-0.006136414816747636
-0.0064462547221683
-0.0068165708592469315
-0.007259043455808723
-0.007788939612172625
-0.008426469226681712
-0.009198820189273607
-0.010143311391853916
-0.011312482167421483
-0.012782784491198209
-0.01467063042245837
-0.01716472332046791
-0.020593935768202103
-0.025556021560568826
-0.0330694211948444
-0.04439750933921019
-0.05947251694682211
-0.07233422377250728
-0.0640082540853201
0.0001690634085083605
0.15579182342125183
0.4034945480605575
0.6773999774969292
0.8613061003804686
0.8613061003805254
0.6773999774969615
0.40349454806060414
0.15579182342131762
0.0001690634085704211
-0.0640082540852847
-0.07233422377247
-0.059472516946798205
-0.04439750933919347
-0.03306942119483841
-0.025556021560549938
-0.020593935768196632
-0.017164723320466535
-0.014670630422461108
-0.012782784491201973
-0.011312482167408384
-0.010143311391865343
-0.009198820189267798
-0.008426469226697719
-0.00778893961217306
-0.007259043455807969
-0.0068165708592438975
-0.006446254722173591
-0.0061364148167562
-0.005878031166731846
-0.005664097654873324
-0.005489163758728466
-0.005349005876080006
-0.005240390179918205
-0.005160901840846269
-0.005108823829240371
-0.005083054130297883
-0.0004307646010455933
-0.0004329352486012562
-0.00043732147305018394
-0.0004440151715512137
-0.0004531594501018619
-0.0004649554173869169
-0.0004796721119640432
-0.0004976604563766504
-0.0005193725727858333
-0.0005453884490531921
-0.0005764529377650032
-0.000613527628713908
-0.0006578646430506848
-0.0007111135613254358
-0.0007754799186969545
-0.0008539677990152511
-0.0009507794128432664
-0.0010721505625408204
-0.0012292361623807324
-0.0014526841801220688
-0.001868687532476297
-0.0030463366087414186
-0.00731061979989743
-0.02272091557238832
-0.07233422377243415
-0.20928574572604508
-0.5284244730466403
-1.1493530358363193
-2.14408627158769
-3.424786511301926
-4.680917856276702
-5.472743812162918
-5.472743812162945
-4.680917856276724
-3.42478651130196
-2.1440862715877196
-1.1493530358363606
-0.5284244730466781
-0.2092857457260739
-0.07233422377245949
-0.02272091557241613
-0.007310619799928235
-0.0030463366087566494
-0.0018686875324999768
-0.0014526841801442635
-0.0012292361624039916
-0.0010721505625583786
-0.0009507794128481393
-0.0008539677990389291
-0.0007754799187058553
-0.0007111135613528678
-0.0006578646430632242
-0.0006135276287238651
-0.0005764529377718386
-0.0005453884490620583
-0.0005193725727999278
-0.0004976604563829668
-0.00047967211198027824
-0.00046495541738640053
-0.00045315945011784964
-0.0004440151715525241
-0.0004373214730677927
-0.0004329352485933155
-0.0004307646010522848
0.015889026413464794
0.01596962715698886
0.016132514871059843
0.016381139717095185
0.016720877608803808
0.017159289790046182
0.017706502925762584
0.018375744805925083
0.019184088454114442
0.020153483815224842
0.021312196869327785
0.022696840676618465
0.024355288981069666
0.02635094350294589
0.02876914620311203
0.03172712396463857
0.03539001013590209
0.03999763729006242
0.04590901306830353
0.053659412830016545
0.0639115489845073
0.07660889837112547
0.08662300201178279
0.06837345497034375
-0.064008254085035
-0.5284244730464024
-1.7426150568284258
-4.2704319708198835
-8.502244264911997
-14.114065539359434
-19.725139682733037
-23.301031545106657
-23.301031545106753
-19.72513968273327
-14.114065539359789
-8.502244264912346
-4.270431970820207
-1.7426150568287082
-0.5284244730466179
-0.0640082540852169
0.06837345497019073
0.08662300201164291
0.07660889837101469
0.0639115489844013
0.05365941282991854
0.04590901306821661
0.03999763728998766
0.03539001013584028
0.031727123964570766
0.028769146203059336
0.026350943502883816
0.024355288981022613
0.022696840676577026
0.021312196869294083
0.020153483815193465
0.01918408845408361
0.018375744805896328
0.01770650292573365
0.01715928979003222
0.016720877608782284
0.016381139717087226
0.01613251487103526
0.01596962715699356
0.01588902641345396
0.05450280383493334
0.05477923651709366
0.0553378835501928
0.05619057461173398
0.057355742002267465
0.05885931029262127
0.06073599893924635
0.0630311580859273
0.06580331833791923
0.06912772560074198
0.07310127125340035
0.07784944910558583
0.08353633346082515
0.09037918949138085
0.09867042075664723
0.10881159698398338
0.12136829929734715
0.13716233003480346
0.1574292206809873
0.1840526698091062
0.2196266675881859
0.2656504734260963
0.3118449636314344
0.29643525464546305
0.0001690634092452589
-1.1493530358355413
-4.270431970819277
-10.897709031063467
-22.125945657739923
-37.13050225778849
-52.20600466778954
-61.83951494781319
-61.839514947813484
-52.20600466779027
-37.13050225778958
-22.125945657740985
-10.89770903106443
-4.27043197082009
-1.1493530358361896
0.00016906340872418525
0.2964352546450128
0.31184496363105374
0.26565047342576953
0.219626667587891
0.1840526698088422
0.15742922068075454
0.1371623300345987
0.12136829929716271
0.10881159698381342
0.09867042075649815
0.09037918949123416
0.08353633346069989
0.07784944910547639
0.07310127125330014
0.06912772560065958
0.06580331833783917
0.06303115808586326
0.06073599893917481
0.058859310292584996
0.057355742002212814
0.056190574611718586
0.05533788355015874
0.05477923651708771
0.05450280383492074
0.12391308612578356
0.12454152582045924
0.125811548046766
0.12775004384307492
0.1303989130238415
0.13381708622300686
0.13808348550596491
0.14330119672933303
0.149603264436373
0.15716072524336455
0.16619381183172655
0.17698776205074537
0.18991549174591887
0.20547079067520463
0.22431818372706935
0.24737022833362365
0.27591211579487984
0.3118115044551198
0.357880068934903
0.41843373773286735
0.49959642391431297
0.6059745609865789
0.7193737204522475
0.7177231548657275
0.15579182342279269
-2.144086271585958
-8.50224426491025
-22.12594565773866
-45.33225124891297
-76.44920023351543
-107.78011173386031
-127.8248534846127
-127.8248534846133
-107.78011173386187
-76.44920023351779
-45.332251248915256
-22.125945657740743
-8.502244264912026
-2.144086271587349
0.15579182342165604
0.7177231548647842
0.7193737204514237
0.6059745609858926
0.4995964239136913
0.41843373773231274
0.35788006893440777
0.31181150445468314
0.27591211579448044
0.24737022833326416
0.22431818372674764
0.20547079067490162
0.18991549174564945
0.17698776205051273
0.16619381183152127
0.15716072524318075
0.14960326443621158
0.14330119672918745
0.13808348550583427
0.13381708622290645
0.13039891302376067
0.12775004384301242
0.1258115480467149
0.12454152582043909
0.12391308612577184
0.22004510664316582
0.22116106013035083
0.2234163045035522
0.22685858942208556
0.2315623150256796
0.23763212216308893
0.24520814904825916
0.25447343933046607
0.2656642308524759
0.2790842185739091
0.29512444634531193
0.3142913739452765
0.33724712846871696
0.3648684350490114
0.3983351278130662
0.4392673565727708
0.489946770690056
0.5536892778181471
0.6354898598200456
0.7430396190034583
0.8873978269055903
1.0777224839838415
1.2859307807559301
1.3102530812454136
0.4034945480631249
-3.4247865112988887
-14.114065539356062
-37.13050225778526
-76.44920023351321
-129.26675841176979
-182.50784905254596
-216.59159169059146
-216.59159169059262
-182.50784905254866
-129.26675841177388
-76.44920023351719
-37.130502257788905
-14.11406553935911
-3.4247865113013254
0.40349454806118734
1.3102530812437638
1.2859307807545322
1.0777224839826438
0.8873978269045211
0.7430396190025002
0.6354898598191929
0.5536892778173955
0.48994677068937087
0.43926735657213956
0.39833512781250746
0.3648684350485004
0.33724712846828425
0.31429137394485374
0.29512444634493207
0.27908421857361887
0.26566423085218166
0.25447343933023925
0.24520814904801583
0.23763212216293259
0.2315623150255235
0.22685858942199394
0.22341630450345498
0.22116106013030712
0.2200451066431358
0.3187574782052169
0.32037402488722666
0.3236409235098173
0.32862734152163486
0.3354410506045131
0.34423362707474203
0.35520806604882205
0.36862951182942794
0.384840160776333
0.40427992041361416
0.4275152213052833
0.4552796696698075
0.48853234691685277
0.5285431621535
0.5770210436550196
0.6363126509380558
0.7097227147713445
0.8020541030836905
0.9205439091904803
1.0763529508694385
1.2856365126446239
1.5623772107997693
1.8689918161094994
1.924189465676388
0.6773999775005709
-4.680917856272347
-19.725139682727978
-52.206004667784086
-107.78011173385528
-182.50784905254287
-257.8813928174337
-306.15034767423094
-306.1503476742324
-257.8813928174375
-182.50784905254864
-107.78011173386102
-52.20600466778927
-19.725139682732383
-4.680917856275791
0.6773999774977627
1.9241894656740681
1.8689918161074857
1.562377210798047
1.2856365126431062
1.0763529508680787
0.9205439091892607
0.8020541030826094
0.7097227147703447
0.6363126509371747
0.577021043654215
0.5285431621527611
0.4885323469162035
0.45527966966921907
0.4275152213047903
0.4042799204131318
0.3848401607759601
0.36862951182905135
0.3552080660485414
0.34423362707447835
0.3354410506043349
0.32862734152146467
0.3236409235097176
0.320374024887148
0.31875747820520633
0.3825898349682572
0.384530087960823
0.3884511681225472
0.394436092457493
0.40261421194012537
0.4131674530958966
0.4263394565919947
0.4424484559085184
0.46190516379160534
0.4852375672474476
0.5131255072861642
0.54644946949872
0.5863605536162853
0.6343829102914581
0.6925675895702383
0.7637310210850674
0.8518394664834327
0.9626572766469982
1.1048714691049901
1.291887910028085
1.5431669823709067
1.8758634960967666
2.2464775954730487
2.323100227790163
0.8613061003848208
-5.472743812157715
-23.30103154510034
-61.839514947805924
-127.82485348460511
-216.5915916905849
-306.15034767422696
-363.5122842644648
-363.51228426446664
-306.1503476742314
-216.59159169059177
-127.82485348461196
-61.839514947812134
-23.301031545105573
-5.472743812161809
0.8613061003814451
2.3231002277874198
2.24647759547062
1.8758634960947493
1.5431669823690632
1.291887910026479
1.1048714691035464
0.9626572766456905
0.8518394664822716
0.7637310210839836
0.6925675895693065
0.6343829102905673
0.586360553615521
0.5464494694980244
0.5131255072855242
0.48523756724688827
0.4619051637911221
0.44244845590810034
0.42633945659163286
0.4131674530956343
0.402614211939881
0.39443609245732375
0.3884511681223891
0.3845300879607634
0.38258983496820675
0.3825898349682607
0.3845300879608217
0.3884511681225409
0.39443609245750255
0.40261421194011277
0.4131674530959305
0.4263394565919875
0.4424484559085226
0.46190516379159896
0.4852375672474525
0.5131255072861385
0.5464494694987392
0.5863605536162853
0.6343829102914341
0.6925675895702375
0.7637310210850495
0.8518394664834429
0.9626572766469892
1.1048714691049768
1.2918879100280731
1.543166982370893
1.875863496096795
2.2464775954730225
2.32310022779017
0.8613061003848033
-5.472743812157666
-23.301031545100212
-61.83951494780557
-127.8248534846043
-216.5915916905836
-306.15034767422503
-363.5122842644626
-363.5122842644646
-306.1503476742296
-216.59159169059046
-127.8248534846112
-61.83951494781175
-23.301031545105477
-5.472743812161772
0.8613061003814595
2.323100227787397
2.2464775954706324
1.8758634960947262
1.5431669823690746
1.2918879100264602
1.1048714691035526
0.9626572766456741
0.8518394664822532
0.763731021083994
0.6925675895693
0.6343829102905534
0.5863605536155263
0.5464494694980253
0.513125507285528
0.48523756724688555
0.46190516379113866
0.4424484559080958
0.42633945659163697
0.4131674530956285
0.4026142119398772
0.3944360924573148
0.38845116812240055
0.3845300879607425
0.3825898349682165
0.3187574782052141
0.32037402488721395
0.32364092350981505
0.32862734152162304
0.33544105060450913
0.3442336270747256
0.3552080660488135
0.3686295118294117
0.3848401607763252
0.40427992041359495
0.4275152213052812
0.4552796696697883
0.48853234691683867
0.5285431621534828
0.5770210436550038
0.6363126509380376
0.7097227147713248
0.8020541030836617
0.9205439091904529
1.076352950869401
1.2856365126445901
1.5623772107997156
1.8689918161094425
1.9241894656763288
0.6773999775005384
-4.680917856272268
-19.725139682727576
-52.20600466778297
-107.78011173385298
-182.5078490525388
-257.88139281742787
-306.150347674224
-306.1503476742257
-257.8813928174316
-182.5078490525446
-107.78011173385869
-52.206004667788164
-19.725139682731985
-4.6809178562757285
0.677399977497728
1.924189465674008
1.8689918161074295
1.5623772107979983
1.285636512643062
1.0763529508680492
0.9205439091892265
0.8020541030825785
0.7097227147703261
0.636312650937157
0.5770210436541985
0.5285431621527461
0.4885323469161932
0.4552796696692075
0.4275152213047775
0.40427992041312677
0.38484016077594474
0.36862951182905
0.35520806604852945
0.34423362707447525
0.3354410506043278
0.3286273415214619
0.32364092350970525
0.32037402488714495
0.3187574782051853
0.22004510664315768
0.2211610601303381
0.22341630450354588
0.2268585894220853
0.23156231502566516
0.2376321221630967
0.24520814904822594
0.2544734393304784
0.26566423085246044
0.27908421857392224
0.29512444634528756
0.31429137394526274
0.337247128468709
0.36486843504899413
0.3983351278130486
0.43926735657274224
0.48994677069002496
0.5536892778181287
0.635489859820026
0.7430396190034076
0.8873978269055423
1.0777224839837993
1.2859307807558842
1.3102530812453312
0.4034945480631126
-3.424786511298806
-14.114065539355556
-37.130502257783874
-76.44920023351024
-129.26675841176478
-182.50784905253892
-216.5915916905828
-216.59159169058387
-182.50784905254142
-129.26675841176876
-76.44920023351426
-37.130502257787484
-14.114065539358647
-3.424786511301216
0.4034945480611343
1.310253081243711
1.285930780754464
1.0777224839826036
0.8873978269044713
0.7430396190024582
0.6354898598191772
0.5536892778173649
0.48994677068934805
0.4392673565721129
0.39833512781250424
0.3648684350484716
0.3372471284682717
0.3142913739448455
0.29512444634493185
0.279084218573594
0.2656642308521848
0.25447343933023403
0.24520814904803534
0.2376321221629264
0.23156231502552643
0.22685858942198478
0.22341630450345487
0.22116106013029646
0.22004510664313248
0.1239130861257797
0.12454152582044106
0.1258115480467709
0.12775004384305652
0.130398913023827
0.133817086222992
0.13808348550595226
0.14330119672932162
0.1496032644363576
0.15716072524334695
0.16619381183171608
0.17698776205073852
0.1899154917459051
0.20547079067518287
0.22431818372704543
0.24737022833359507
0.27591211579486336
0.311811504455081
0.35788006893486624
0.4184337377328137
0.49959642391426984
0.6059745609865113
0.719373720452165
0.7177231548656442
0.1557918234227463
-2.144086271585843
-8.502244264909685
-22.12594565773707
-45.33225124890964
-76.44920023350976
-107.78011173385221
-127.82485348460304
-127.82485348460368
-107.78011173385377
-76.44920023351209
-45.33225124891193
-22.125945657739173
-8.502244264911454
-2.14408627158725
0.15579182342161696
0.7177231548646925
0.7193737204513548
0.6059745609858276
0.4995964239136391
0.41843373773227555
0.35788006893436397
0.31181150445464845
0.2759121157944492
0.24737022833325606
0.22431818372672716
0.20547079067488158
0.18991549174564712
0.17698776205050165
0.16619381183150939
0.15716072524316815
0.14960326443620714
0.143301196729185
0.13808348550582453
0.13381708622289953
0.13039891302374676
0.1277500438430061
0.12581154804670241
0.12454152582043625
0.12391308612574464
0.05450280383493141
0.05477923651707604
0.055337883550182335
0.05619057461173345
0.05735574200224474
0.05885931029261936
0.0607359989392218
0.06303115808591978
0.0658033183378994
0.06912772560072775
0.07310127125339105
0.07784944910556947
0.08353633346080773
0.0903791894913524
0.09867042075662769
0.10881159698395255
0.12136829929732293
0.13716233003476969
0.15742922068095133
0.18405266980905716
0.21962666758814609
0.2656504734260365
0.3118449636313779
0.2964352546453919
0.0001690634092281467
-1.149353035835438
-4.270431970818747
-10.897709031062018
-22.125945657736878
-37.13050225778329
-52.20600466778212
-61.83951494780439
-61.83951494780463
-52.206004667782835
-37.13050225778436
-22.125945657737937
-10.897709031062973
-4.270431970819573
-1.1493530358360844
0.00016906340868973017
0.2964352546449531
0.3118449636309959
0.2656504734257189
0.21962666758784977
0.18405266980881302
0.1574292206807178
0.13716233003457032
0.12136829929713464
0.10881159698379472
0.09867042075648313
0.09037918949121829
0.08353633346069253
0.07784944910545702
0.07310127125328808
0.06912772560063844
0.0658033183378314
0.06303115808585874
0.0607359989391693
0.058859310292573144
0.05735574200221269
0.05619057461170566
0.05533788355014872
0.054779236517077064
0.054502803834912794
0.015889026413460315
0.01596962715697499
0.01613251487104965
0.01638113971708608
0.01672087760878776
0.017159289790037918
0.017706502925749254
0.018375744805908895
0.019184088454096457
0.020153483815208
0.021312196869323615
0.02269684067660729
0.024355288981061367
0.026350943502921033
0.02876914620309166
0.031727123964614294
0.03539001013588777
0.039997637290036844
0.04590901306827806
0.05365941282997882
0.06391154898448162
0.07660889837108173
0.0866230020117294
0.06837345497028703
-0.06400825408505235
-0.5284244730463064
-1.7426150568279786
-4.270431970818654
-8.502244264909418
-14.114065539355025
-19.72513968272681
-23.301031545099203
-23.301031545099306
-19.725139682727043
-14.114065539355394
-8.50224426490977
-4.270431970818985
-1.7426150568282575
-0.5284244730465328
-0.06400825408524033
0.06837345497013059
0.08662300201159802
0.07660889837097451
0.06391154898437154
0.0536594128299031
0.04590901306819856
0.03999763728997366
0.03539001013582381
0.03172712396456866
0.028769146203043855
0.026350943502876503
0.0243552889810189
0.02269684067656317
0.021312196869276902
0.020153483815178626
0.019184088454073517
0.018375744805892213
0.01770650292572845
0.01715928979002796
0.016720877608771917
0.01638113971708731
0.016132514871030915
0.015969627156985557
0.015889026413442447
-0.0004307646010512866
-0.0004329352486181549
-0.00043732147306725395
-0.00044401517156419614
-0.00045315945012656484
-0.00046495541739477144
-0.00047967211198136905
-0.000497660456388616
-0.000519372572802269
-0.0005453884490638452
-0.0005764529377679936
-0.0006135276287199006
-0.0006578646430588739
-0.0007111135613443662
-0.00077547991871877
-0.0008539677990398721
-0.0009507794128619313
-0.0010721505625646975
-0.0012292361624098832
-0.0014526841801550878
-0.0018686875325041924
-0.0030463366087813844
-0.0073106197999424066
-0.022720915572435413
-0.07233422377244514
-0.20928574572596548
-0.5284244730462586
-1.1493530358352906
-2.144086271585527
-3.4247865112982607
-4.680917856271501
-5.472743812156744
-5.47274381215672
-4.680917856271506
-3.4247865112983105
-2.144086271585576
-1.1493530358353365
-0.5284244730463036
-0.20928574572599565
-0.0723342237724777
-0.022720915572465538
-0.007310619799964462
-0.003046336608789924
-0.0018686875325224614
-0.0014526841801574555
-0.001229236162419327
-0.0010721505625679302
-0.0009507794128674462
-0.0008539677990410002
-0.0007754799187218874
-0.0007111135613553936
-0.0006578646430670599
-0.0006135276287391736
-0.000576452937784805
-0.0005453884490798978
-0.0005193725728049436
-0.0004976604563908915
-0.0004796721119828439
-0.0004649554173980175
-0.0004531594501292343
-0.0004440151715597182
-0.00043732147307717613
-0.00043293524860513123
-0.00043076460106424084
-0.005083054130295297
-0.005108823829263507
-0.005160901840843134
-0.005240390179925151
-0.0053490058760822055
-0.005489163758734373
-0.005664097654872451
-0.005878031166742846
-0.006136414816759365
-0.006446254722181502
-0.006816570859250384
-0.007259043455815164
-0.007788939612180959
-0.008426469226698922
-0.009198820189296257
-0.01014331139187609
-0.011312482167439599
-0.01278278449121753
-0.014670630422483885
-0.01716472332049194
-0.02059393576822403
-0.025556021560598025
-0.03306942119488006
-0.04439750933924645
-0.05947251694682973
-0.07233422377243569
-0.0640082540850053
0.00016906340936024503
0.1557918234230288
0.4034945480635681
0.6773999775011834
0.861306100385594
0.8613061003855976
0.6773999775012353
0.4034945480636164
0.15579182342308523
0.00016906340940030934
-0.06400825408497139
-0.07233422377240953
-0.05947251694681216
-0.044397509339237806
-0.03306942119486572
-0.025556021560578228
-0.02059393576821294
-0.01716472332047133
-0.014670630422468023
-0.01278278449120362
-0.011312482167425298
-0.010143311391864555
-0.009198820189286205
-0.008426469226698999
-0.007788939612180974
-0.007259043455824389
-0.006816570859260418
-0.006446254722187947
-0.0061364148167614195
-0.00587803116673679
-0.005664097654873702
-0.005489163758731343
-0.005349005876082824
-0.005240390179916267
-0.0051609018408470654
-0.005108823829247675
-0.0050830541303039595
-0.005278017141233627
-0.005304778795332844
-0.005358861568011367
-0.005441410143255368
-0.005554208053312015
-0.00569976369868021
-0.005881436286627451
-0.00610361329830888
-0.00637195693909947
-0.0066937457384183
-0.007078350883599913
-0.007537908184999739
-0.008088281507561575
-0.00875047284453537
-0.009552739322696083
-0.010533873766574163
-0.011748498068200755
-0.013276064393717254
-0.015237126667132466
-0.017823861221489552
-0.021352407404370558
-0.026309689335766145
-0.033175604595102895
-0.041210673487506747
-0.044397509339242316
-0.022720915572420612
0.06837345497033415
0.29643525464550957
0.7177231548658841
1.3102530812457205
1.9241894656768819
2.3231002277907953
2.323100227790839
1.9241894656769325
1.3102530812457782
0.7177231548659507
0.2964352546455665
0.0683734549703752
-0.022720915572386004
-0.04439750933921709
-0.04121067348749159
-0.033175604595080815
-0.026309689335740183
-0.02135240740435067
-0.017823861221466095
-0.01523712666711094
-0.013276064393703327
-0.01174849806818334
-0.010533873766563347
-0.009552739322683641
-0.008750472844534042
-0.008088281507560396
-0.007537908185007982
-0.0070783508836089306
-0.006693745738425643
-0.006371956939103203
-0.006103613298303073
-0.005881436286626362
-0.005699763698675473
-0.0055542080533102275
-0.005441410143245846
-0.005358861568013782
-0.0053047787953177765
-0.005278017141239703
-0.004387376113525478
-0.0044096226686887886
-0.004454580880134947
-0.00452320236289332
-0.0046169698331496
-0.0047379686263262395
-0.004888991405019019
-0.005073685711030223
-0.005296758876026961
-0.005564262050486204
-0.005883986270518433
-0.0062660212093956676
-0.006723556323376831
-0.007274053469128544
-0.007941007527743547
-0.008756674897729813
-0.009766475650963323
-0.011036470607667973
-0.012666800780563224
-0.014816383186004433
-0.017742405745306545
-0.02182004273540389
-0.027320485707851172
-0.03317560459509855
-0.03306942119487462
-0.007310619799925646
0.08662300201177157
0.3118449636314782
0.7193737204523631
1.2859307807561815
1.8689918161098593
2.246477595473534
2.2464775954735563
1.8689918161099228
1.2859307807562343
0.7193737204524238
0.3118449636315158
0.08662300201180764
-0.007310619799899677
-0.033069421194850006
-0.03317560459508784
-0.027320485707830088
-0.0218200427353833
-0.017742405745285295
-0.014816383185984317
-0.012666800780539994
-0.01103647060765584
-0.009766475650946361
-0.008756674897722222
-0.00794100752773282
-0.007274053469128383
-0.006723556323377981
-0.006266021209403592
-0.005883986270526908
-0.005564262050493445
-0.005296758876032702
-0.005073685711024566
-0.004888991405016693
-0.004737968626319738
-0.0046169698331452935
-0.004523202362881632
-0.0044545808801333036
-0.004409622668672759
-0.004387376113528117
-0.0035140943018254723
-0.0035319129954546396
-0.0035679229182460515
-0.003622886292853969
-0.0036979907433250343
-0.0037949065810692533
-0.003915870676131238
-0.004063804647170578
-0.004242478996880393
-0.004456740623387897
-0.004712830078208508
-0.005018829142590117
-0.005385302576796441
-0.005826237447632856
-0.006360453508168018
-0.007013788948591775
-0.007822626782210754
-0.008839882300409966
-0.010145746302504335
-0.01186730102209405
-0.014209178483575387
-0.017464689573827845
-0.021820042735404485
-0.026309689335759258
-0.02555602156058702
-0.003046336608756111
0.07660889837112707
0.26565047342613746
0.605974560986708
1.0777224839840853
1.5623772108001202
1.8758634960972471
1.8758634960972789
1.5623772108001628
1.0777224839841106
0.6059745609867475
0.2656504734261689
0.07660889837115464
-0.003046336608734275
-0.025556021560562473
-0.026309689335747916
-0.02182004273538296
-0.017464689573810067
-0.014209178483555936
-0.011867301022078985
-0.010145746302485284
-0.008839882300401397
-0.007822626782199096
-0.007013788948587563
-0.006360453508159258
-0.005826237447630146
-0.005385302576796789
-0.0050188291425953685
-0.004712830078214826
-0.004456740623395397
-0.004242478996887895
-0.004063804647167266
-0.003915870676127255
-0.003794906581061592
-0.0036979907433181062
-0.0036228862928416932
-0.0035679229182415417
-0.0035319129954385097
-0.0035140943018256484
-0.0028595938748620427
-0.002874093864095403
-0.0029033969948875646
-0.002948123529151201
-0.0030092399011370057
-0.00308810533439795
-0.0031865400927766725
-0.003306921658643207
-0.0034523182998126845
-0.003626674209550828
-0.0038350676792816675
-0.004084075320247189
-0.004382294297472494
-0.004741106725232406
-0.005175827394564779
-0.005707482481594996
-0.006365679198082731
-0.007193477691864474
-0.008256128533827855
-0.009656999075024236
-0.011562309545024949
-0.014209178483563118
-0.017742405745301004
-0.021352407404364594
-0.02059393576821933
-0.001868687532490154
0.06391154898450717
0.21962666758822028
0.49959642391441295
0.8873978269057748
1.2856365126449112
1.5431669823712786
1.543166982371302
1.2856365126449516
0.8873978269058127
0.49959642391443554
0.21962666758823715
0.06391154898452778
-0.0018686875324765836
-0.020593935768197385
-0.02135240740435753
-0.017742405745282006
-0.014209178483552215
-0.011562309545008686
-0.009656999075014444
-0.008256128533811314
-0.0071934776918561386
-0.00636567919807197
-0.0057074824815903594
-0.00517582739455524
-0.0047411067252252975
-0.004382294297471038
-0.004084075320249791
-0.0038350676792852883
-0.003626674209557206
-0.00345231829982066
-0.003306921658642461
-0.003186540092772341
-0.003088105334389974
-0.0030092399011293334
-0.0029481235291396
-0.002903396994880883
-0.0028740938640776682
-0.0028595938748614312
-0.0023883960474842085
-0.0024005067565552214
-0.002424981374074087
-0.0024623379562249345
-0.002513383689792489
-0.0025792538276573633
-0.0026614686934556247
-0.0027620140116751033
-0.0028834524655548975
-0.0030290783298743003
-0.003203133102175825
-0.0034111097081902762
-0.0036601886823407503
-0.00395987660627978
-0.00432296471370199
-0.0047670145013386555
-0.005316754503849982
-0.006008149278364119
-0.006895696154306123
-0.008065720655698572
-0.009656999075036893
-0.011867301022090309
-0.014816383186003569
-0.017823861221484587
-0.01716472332048035
-0.0014526841801314266
0.053659412830021055
0.18405266980913798
0.41843373773297265
0.7430396190036266
1.0763529508697114
1.2918879100284284
1.2918879100284353
1.076352950869718
0.7430396190036402
0.41843373773298215
0.1840526698091501
0.05365941283003439
-0.0014526841801189815
-0.01716472332045901
-0.017823861221476264
-0.014816383185985476
-0.011867301022082298
-0.009656999075023502
-0.008065720655691264
-0.006895696154291928
-0.006008149278355968
-0.005316754503841441
-0.004767014501335729
-0.0043229647136942585
-0.003959876606269787
-0.0036601886823369924
-0.003411109708189937
-0.003203133102176045
-0.0030290783298795357
-0.002883452465563224
-0.002762014011677389
-0.0026614686934512723
-0.002579253827648755
-0.0025133836897839245
-0.0024623379562147443
-0.0024249813740655933
-0.0024005067565354456
-0.0023883960474846656
-0.002041935721594258
-0.002052289647876947
-0.002073213970456975
-0.0021051515957825353
-0.0021487926192793635
-0.002205107612802633
-0.0022753963600597076
-0.002361356533839173
-0.0024651790710193367
-0.002589680373868963
-0.0027384866611129864
-0.0029162940441889674
-0.0031292414336067196
-0.0033854563625153804
-0.0036958745308593986
-0.00407550990341077
-0.004545503786664811
-0.005136603508931127
-0.0058954004985428965
-0.006895696154295381
-0.008256128533828937
-0.010145746302490611
-0.012666800780554684
-0.015237126667125133
-0.01467063042247336
-0.0012292361623937277
0.045909013068304874
0.15742922068101534
0.3578800689349834
0.6354898598201979
0.9205439091906935
1.1048714691052754
1.1048714691053187
0.9205439091907328
0.6354898598202267
0.3578800689349796
0.15742922068101967
0.04590901306831183
-0.0012292361623850803
-0.014670630422454695
-0.015237126667119277
-0.012666800780538934
-0.010145746302487013
-0.008256128533819587
-0.006895696154292304
-0.00589540049853096
-0.005136603508924729
-0.004545503786654774
-0.004075509903406326
-0.0036958745308482135
-0.0033854563625007805
-0.003129241433598505
-0.0029162940441862413
-0.002738486661110423
-0.0025896803738735125
-0.002465179071028229
-0.002361356533843831
-0.002275396360057379
-0.002205107612795348
-0.0021487926192730183
-0.0021051515957762187
-0.002073213970448894
-0.0020522896478555883
-0.0020419357215983804
-0.001779119890846515
-0.0017881411681367051
-0.0018063723308371525
-0.0018341992788586505
-0.0018722232853238675
-0.0019212899995748453
-0.001982531909792094
-0.00205742818069741
-0.002147887752689617
-0.002256364527287685
-0.002386017990001778
-0.0025409398115471713
-0.002726478756397977
-0.002949716251577224
-0.0032201804439544483
-0.00355095281759057
-0.003960453520779783
-0.00447547227724527
-0.005136603508933685
-0.006008149278358922
-0.007193477691872444
-0.008839882300408327
-0.011036470607671451
-0.013276064393720251
-0.012782784491209436
-0.0010721505625482497
0.03999763729007161
0.13716233003482978
0.31181150445520633
0.5536892778182949
0.8020541030839097
0.9626572766472296
0.9626572766472656
0.8020541030838872
0.5536892778182988
0.3118115044552071
0.1371623300348465
0.03999763729007175
-0.0010721505625393237
-0.012782784491192878
-0.013276064393713876
-0.011036470607656963
-0.008839882300406523
-0.007193477691866473
-0.006008149278357506
-0.005136603508921349
-0.004475472277239126
-0.003960453520766561
-0.003550952817584839
-0.0032201804439403806
-0.0029497162515611693
-0.002726478756386167
-0.0025409398115423453
-0.0023860179899956105
-0.002256364527290792
-0.0021478877526986935
-0.002057428180703454
-0.001982531909792303
-0.001921289999568878
-0.0018722232853185968
-0.0018341992788547474
-0.001806372330828476
-0.0017881411681139262
-0.0017791198908549569
-0.0015743870231387186
-0.0015823701711631748
-0.001598503371037478
-0.001623128114827656
-0.0016567764834746856
-0.00170019681224644
-0.0017543912668824021
-0.0018206687953642707
-0.001900718664229033
-0.001996712388791417
-0.0021114458719309667
-0.0022485399285398274
-0.00241272780423137
-0.002610276016384194
-0.002849616238417358
-0.0031423245678916523
-0.0035047013968113484
-0.003960453520777387
-0.004545503786665457
-0.005316754503841141
-0.006365679198081059
-0.007822626782199624
-0.009766475650956721
-0.011748498068196287
-0.011312482167430402
-0.0009507794128522542
0.035390010135906105
0.12136829929735996
0.27591211579493413
0.48994677069017034
0.7097227147715226
0.8518394664836265
0.851839466483653
0.7097227147715275
0.48994677069018494
0.2759121157949376
0.12136829929737097
0.035390010135907674
-0.0009507794128441594
-0.011312482167416997
-0.011748498068193048
-0.009766475650944434
-0.007822626782199756
-0.006365679198076259
-0.005316754503840206
-0.004545503786650372
-0.0039604535207722405
-0.003504701396793394
-0.003142324567882567
-0.0028496162383959966
-0.0026102760163654987
-0.002412727804214721
-0.002248539928533415
-0.002111445871921974
-0.001996712388792995
-0.0019007186642371822
-0.001820668795368984
-0.0017543912668846642
-0.0017001968122425624
-0.001656776483473085
-0.0016231281148286537
-0.0015985033710321794
-0.0015823701711422799
-0.0015743870231523563
-0.001411600031781218
-0.0014187577440801452
-0.001433222815040223
-0.0014553014272673244
-0.0014854706457894773
-0.0015244014297575758
-0.0015729923232826676
-0.0016324169320826836
-0.00170418985625765
-0.001790258081077244
-0.0018931284188061185
-0.0020160472991406003
-0.00216325855874434
-0.0023403807675565825
-0.0025549737763382297
-0.0028174167280678028
-0.0031423245678948762
-0.0035509528175941708
-0.004075509903421547
-0.004767014501341106
-0.005707482481603696
-0.007013788948594559
-0.00875667489773696
-0.010533873766579471
-0.010143311391871157
-0.0008539677990296829
0.03172712396463981
0.10881159698399276
0.2473702283336925
0.4392673565728611
0.6363126509382266
0.7637310210852402
0.7637310210852564
0.6363126509382651
0.43926735657288385
0.24737022833369954
0.10881159698400392
0.031727123964641585
-0.0008539677990205988
-0.010143311391860144
-0.010533873766577795
-0.008756674897725837
-0.007013788948595166
-0.005707482481599218
-0.004767014501339443
-0.004075509903402529
-0.0035509528175881547
-0.003142324567872261
-0.0028174167280557213
-0.0025549737763100556
-0.002340380767536313
-0.002163258558724653
-0.0020160472991333635
-0.001893128418795668
-0.0017902580810779064
-0.0017041898562649555
-0.0016324169320854217
-0.0015729923232844785
-0.0015244014297519926
-0.0014854706457858942
-0.0014553014272666149
-0.0014332228150341379
-0.0014187577440592332
-0.0014116000317974389
-0.0012801094467412226
-0.0012866004167492947
-0.0012997180634999892
-0.001319740048547503
-0.0013470989980842627
-0.0013824033710811855
-0.0014264680117969195
-0.001480357203916711
-0.0015454444616303904
-0.0016234954072497686
-0.0017167833416735943
-0.0018282522870727183
-0.0019617507629188643
-0.0021223739636252095
-0.0023169775309556002
-0.00255497377633891
-0.0028496162384197255
-0.003220180443956417
-0.003695874530868226
-0.004322964713697933
-0.00517582739456091
-0.006360453508157349
-0.007941007527737687
-0.009552739322688655
-0.009198820189284068
-0.0007754799187064107
0.028769146203110548
0.09867042075666319
0.22431818372711043
0.39833512781315933
0.5770210436551557
0.6925675895703938
0.6925675895704182
0.5770210436551484
0.3983351278131785
0.22431818372712015
0.09867042075667427
0.028769146203114732
-0.0007754799186981897
-0.009198820189274272
-0.009552739322687725
-0.00794100752772653
-0.006360453508158576
-0.005175827394556436
-0.00432296471369624
-0.0036958745308457493
-0.0032201804439485637
-0.0028496162383920293
-0.002554973776322093
-0.002316977530919183
-0.0021223739636020747
-0.0019617507628963498
-0.0018282522870642667
-0.0017167833416622405
-0.0016234954072487863
-0.0015454444616351105
-0.0014803572039165953
-0.00142646801179692
-0.001382403371073775
-0.0013470989980794218
-0.0013197400485453067
-0.0012997180634954026
-0.0012866004167302945
-0.001280109446758571
-0.0011725928540078166
-0.0011785386455762516
-0.001190554537376352
-0.0012088948700218342
-0.001233955933212056
-0.0012662950811232884
-0.0013066587188020696
-0.001356021740122986
-0.0014156422969823896
-0.0014871377159093543
-0.0015725903616560025
-0.001674696985699226
-0.0017969828670951547
-0.0019441152500491205
-0.002122373963625512
-0.002340380767555332
-0.0026102760163844788
-0.0029497162515784063
-0.003385456362527311
-0.003959876606281098
-0.004741106725236644
-0.005826237447633316
-0.007274053469136324
-0.008750472844540513
-0.008426469226698444
-0.0007111135613418324
0.026350943502936583
0.09037918949137949
0.20547079067522922
0.3648684350490613
0.5285431621535999
0.6343829102915863
0.6343829102916299
0.5285431621535784
0.36486843504908784
0.20547079067525217
0.09037918949139959
0.026350943502942793
-0.0007111135613318326
-0.00842646922668928
-0.008750472844539111
-0.007274053469125394
-0.005826237447633945
-0.004741106725231084
-0.00395987660627825
-0.0033854563625037
-0.0029497162515693285
-0.002610276016355874
-0.0023403807675373344
-0.002122373963586519
-0.0019441152500259372
-0.0017969828670729468
-0.001674696985689824
-0.0015725903616441604
-0.0014871377159062335
-0.0014156422969837494
-0.001356021740120688
-0.0013066587187988274
-0.0012662950811134594
-0.0012339559332036297
-0.0012088948700153227
-0.0011905545373708287
-0.0011785386455581137
-0.0011725928540235247
-0.0010838500630367042
-0.0010893458715765165
-0.001100452389514013
-0.0011174047086707256
-0.001140569127107503
-0.00117046081780429
-0.0012077696970291816
-0.001253396877544144
-0.0013085052928169597
-0.0013745898681129115
-0.0014535753721811803
-0.0015479544627844718
-0.001660985620982143
-0.001796982867104377
-0.0019617507629290307
-0.002163258558750743
-0.002412727804238943
-0.0027264787564050784
-0.00312924143362428
-0.0036601886823467984
-0.004382294297480924
-0.005385302576798694
-0.006723556323386044
-0.008088281507565421
-0.007788939612180918
-0.0006578646430572123
0.024355288981069027
0.08353633346083633
0.18991549174595623
0.3372471284687913
0.4885323469169811
0.5863605536164135
0.5863605536164282
0.4885323469169685
0.3372471284688246
0.18991549174597167
0.0835363334608428
0.024355288981077583
-0.0006578646430489445
-0.0077889396121743806
-0.008088281507565256
-0.006723556323376633
-0.005385302576800444
-0.004382294297475501
-0.003660188682344437
-0.0031292414336026655
-0.002726478756395476
-0.00241272780421024
-0.0021632585587300136
-0.0019617507628879533
-0.0017969828670801804
-0.0016609856209600876
-0.0015479544627736348
-0.001453575372169579
-0.0013745898681083847
-0.0013085052928150309
-0.0012533968775403125
-0.0012077696970221724
-0.0011704608177934292
-0.0011405691270975774
-0.001117404708664005
-0.0011004523895117037
-0.0010893458715641618
-0.0010838500630507481
-0.0010100934095169816
-0.0010152152244713736
-0.0010255659361519528
-0.0010413646381671757
-0.00106295270169759
-0.0010908102417542117
-0.0011255802252121648
-0.001168102443301467
-0.0012194606908153141
-0.0012810481619452677
-0.001354658643057138
-0.001442615164022915
-0.0015479544627874891
-0.0016746969857096131
-0.0018282522870834827
-0.002016047299146506
-0.0022485399285476536
-0.0025409398115537655
-0.0029162940442052994
-0.0034111097081972307
-0.00408407532025885
-0.0050188291425957605
-0.006266021209409144
-0.007537908185005902
-0.0072590434558164755
-0.0006135276287196397
0.02269684067661296
0.07784944910559455
0.17698776205077701
0.31429137394531725
0.4552796696698965
0.5464494694988309
0.5464494694988531
0.4552796696698991
0.31429137394535156
0.17698776205079378
0.07784944910560516
0.022696840676624662
-0.0006135276287100907
-0.007259043455811566
-0.007537908185004752
-0.006266021209400971
-0.005018829142596736
-0.004084075320253274
-0.0034111097081932266
-0.0029162940441868636
-0.002540939811543275
-0.0022485399285211453
-0.0020160472991254184
-0.001828252287046422
-0.001674696985688592
-0.0015479544627686817
-0.0014426151640118002
-0.0013546586430464385
-0.0012810481619399885
-0.0012194606908119796
-0.001168102443299011
-0.0011255802252041211
-0.0010908102417449667
-0.0010629527016860684
-0.001041364638159778
-0.0010255659361487481
-0.0010152152244637344
-0.00101009340952757
-0.0009485078543943926
-0.0009533173911060033
-0.0009630370175016919
-0.0009778724689569432
-0.0009981443031439816
-0.0010243033622776305
-0.0010569534113085528
-0.0010968830390607103
-0.0011451099609171866
-0.0012029424274130035
-0.0012720648569305845
-0.001354658643058099
-0.0014535753721845927
-0.0015725903616654261
-0.001716783341682791
-0.0018931284188105245
-0.002111445871936636
-0.002386017990004652
-0.002738486661121688
-0.003203133102176166
-0.00383506767928804
-0.004712830078209586
-0.005883986270529785
-0.007078350883603921
-0.0068165708592531436
-0.000576452937771095
0.02131219686931956
0.07310127125340497
0.1661938118317534
0.29512444634533996
0.4275152213053943
0.5131255072862361
0.5131255072862237
0.42751522130537767
0.29512444634537227
0.16619381183177218
0.0731012712534188
0.02131219686933329
-0.0005764529377604963
-0.00681657085925016
-0.007078350883601743
-0.005883986270521825
-0.004712830078209218
-0.003835067679283227
-0.0032031331021726015
-0.0027384866611094173
-0.0023860179899954075
-0.002111445871914212
-0.00189312841878933
-0.001716783341650601
-0.0015725903616477578
-0.0014535753721691218
-0.001354658643047101
-0.001272064856921916
-0.0012029424274086068
-0.001145109960915004
-0.0010968830390616475
-0.0010569534113024869
-0.0010243033622731486
-0.000998144303134433
-0.0009778724689541956
-0.0009630370174997748
-0.0009533173911062863
-0.0009485078544019803
-0.0008969671317315518
-0.0009015153239804895
-0.000910706797523667
-0.0009247361082871032
-0.0009439063952041562
-0.0009686440022047771
-0.0009995198863092941
-0.0010372797852620606
-0.0010828861128589701
-0.001137576030649941
-0.0012029424274149208
-0.0012810481619501088
-0.001374589868119962
-0.0014871377159227741
-0.0016234954072629434
-0.0017902580810885069
-0.0019967123888039494
-0.0022563645272989843
-0.002589680373881729
-0.003029078329878459
-0.003626674209558215
-0.004456740623386704
-0.005564262050491179
-0.006693745738410197
-0.006446254722170087
-0.0005453884490537562
0.020153483815217976
0.06912772560074797
0.15716072524337582
0.279084218573948
0.4042799204136761
0.48523756724751915
0.4852375672475194
0.40427992041367244
0.27908421857399335
0.1571607252433928
0.06912772560075776
0.02015348381523
-0.000545388449043052
-0.006446254722170275
-0.006693745738407001
-0.005564262050483188
-0.004456740623382841
-0.0036266742095530215
-0.0030290783298737535
-0.002589680373874712
-0.002256364527291861
-0.0019967123887893127
-0.0017902580810716367
-0.0016234954072401454
-0.001487137715911544
-0.0013745898681096578
-0.0012810481619399874
-0.0012029424274082696
-0.001137576030645726
-0.0010828861128585436
-0.0010372797852656404
-0.000999519886305628
-0.0009686440022037435
-0.000943906395194712
-0.0009247361082876555
-0.0009107067975191384
-0.0009015153239861115
-0.0008969671317350467
-0.0008538446999630509
-0.000858174233902639
-0.0008669238193385572
-0.0008802786587247355
-0.0008985273173095988
-0.0009220756421190631
-0.0009514671408636071
-0.0009874116992133308
-0.0010308254619572697
-0.001082886112856299
-0.0011451099609138737
-0.0012194606908156771
-0.0013085052928179682
-0.001415642296990706
-0.0015454444616374702
-0.001704189856264307
-0.0019007186642343728
-0.0021478877526959154
-0.002465179071025435
-0.0028834524655570112
-0.003452318299821731
-0.0042424789968845186
-0.00529675887603793
-0.006371956939093981
-0.006136414816749239
-0.0005193725727888833
0.019184088454106192
0.06580331833792127
0.1496032644363839
0.265664230852508
0.38484016077641925
0.46190516379165875
0.46190516379163454
0.3848401607764159
0.26566423085254587
0.14960326443640473
0.06580331833793314
0.019184088454115428
-0.0005193725727797699
-0.0061364148167536835
-0.006371956939092333
-0.005296758876031447
-0.004242478996880545
-0.0034523182998197296
-0.002883452465555753
-0.002465179071025669
-0.0021478877526924164
-0.0019007186642273366
-0.0017041898562507453
-0.0015454444616202836
-0.0014156422969822517
-0.0013085052928103354
-0.0012194606908057298
-0.001145109960909221
-0.001082886112852317
-0.0010308254619595283
-0.0009874116992197456
-0.0009514671408645896
-0.0009220756421231574
-0.0008985273173033428
-0.0008802786587325852
-0.0008669238193344897
-0.0008581742339144687
-0.0008538446999630386
-0.0008178845836336389
-0.0008220317768025372
-0.0008304128684976455
-0.0008432052612497203
-0.0008606853672037962
-0.0008832419408729271
-0.0009113955997893358
-0.0009458263323250415
-0.000987411699212149
-0.0010372797852613773
-0.001096883039059329
-0.0011681024433041827
-0.0012533968775437256
-0.00135602174012917
-0.0014803572039185917
-0.0016324169320853128
-0.0018206687953633825
-0.0020574281806995482
-0.002361356533837019
-0.002762014011668025
-0.0033069216586408597
-0.004063804647163774
-0.005073685711030812
-0.006103613298294781
-0.005878031166727008
-0.0004976604563743956
0.01837574480591722
0.06303115808592952
0.1433011967293477
0.25447343933049216
0.36862951182949477
0.4424484559085576
0.4424484559085524
0.36862951182946235
0.25447343933053834
0.1433011967293501
0.06303115808594403
0.018375744805925714
-0.0004976604563651297
-0.005878031166732987
-0.006103613298294096
-0.005073685711025034
-0.004063804647158785
-0.003306921658638817
-0.002762014011666502
-0.0023613565338392413
-0.0020574281806972484
-0.0018206687953637717
-0.001632416932079093
-0.0014803572039102978
-0.0013560217401260427
-0.0012533968775406677
-0.0011681024432963335
-0.001096883039057475
-0.0010372797852589112
-0.0009874116992184864
-0.0009458263323350675
-0.0009113955997958631
-0.0008832419408808341
-0.0008606853671992284
-0.0008432052612617385
-0.0008304128684911373
-0.0008220317768162207
-0.0008178845836288055
-0.0007881112942026119
-0.0007921075177792408
-0.0008001835139696813
-0.0008125102273372894
-0.0008293540078268377
-0.000851089458158514
-0.000878218243871392
-0.0009113955997869551
-0.0009514671408575768
-0.0009995198863024957
-0.0010569534113003141
-0.001125580225209017
-0.0012077696970218825
-0.0013066587188038502
-0.0014264680117928234
-0.0015729923232802026
-0.0017543912668745855
-0.001982531909787472
-0.002275396360049432
-0.0026614686934437245
-0.00318654009277225
-0.0039158706761266045
-0.004888991405024472
-0.005881436286620752
-0.005664097654865507
-0.0004796721119704417
0.017706502925751915
0.060735998939231255
0.1380834855059545
0.24520814904826563
0.3552080660488648
0.42633945659202876
0.42633945659200567
0.355208066048866
0.24520814904830085
0.1380834855059743
0.06073599893924215
0.01770650292575998
-0.0004796721119620674
-0.005664097654870524
-0.005881436286619754
-0.004888991405017933
-0.003915870676122138
-0.0031865400927716765
-0.002661468693446001
-0.0022753963600568488
-0.001982531909790102
-0.0017543912668816991
-0.0015729923232803943
-0.0014264680117881663
-0.0013066587187997017
-0.0012077696970179729
-0.0011255802252006712
-0.0010569534112995058
-0.000999519886301738
-0.0009514671408674034
-0.0009113955998006299
-0.0008782182438840694
-0.0008510894581710449
-0.0008293540078272465
-0.00081251022735583
-0.00080018351396442
-0.0007921075177959681
-0.0007881112941937728
-0.0007637659787602341
-0.0007676387560475598
-0.0007754652787703436
-0.0007874112108774368
-0.0008037346745554401
-0.0008247987007541874
-0.0008510894581598976
-0.0008832419408751959
-0.0009220756421202225
-0.0009686440022052776
-0.001024303362277056
-0.0010908102417575448
-0.0011704608178004796
-0.0012662950811283022
-0.0013824033710765809
-0.0015244014297560303
-0.0017001968122397992
-0.0019212899995711239
-0.0022051076127915046
-0.002579253827646102
-0.003088105334391814
-0.003794906581061484
-0.004737968626325164
-0.005699763698668614
-0.005489163758722179
-0.0004649554173833072
0.017159289790043348
0.05885931029261978
0.1338170862230114
0.23763212216308466
0.34423362707476807
0.41316745309590663
0.4131674530959291
0.34423362707475125
0.23763212216312019
0.13381708622300847
0.058859310292629086
0.01715928979004784
-0.00046495541737876227
-0.0054891637587280205
-0.005699763698668976
-0.004737968626318301
-0.003794906581056216
-0.0030881053343876723
-0.0025792538276457173
-0.0022051076127977353
-0.0019212899995735737
-0.0017001968122483313
-0.001524401429761749
-0.0013824033710770974
-0.0012662950811253688
-0.0011704608177979187
-0.0010908102417504066
-0.0010243033622765825
-0.0009686440022052138
-0.0009220756421304346
-0.0008832419408896222
-0.0008510894581754116
-0.0008247987007675463
-0.0008037346745586914
-0.0007874112108985891
-0.0007754652787649251
-0.0007676387560661917
-0.000763765978747587
-0.0007442606310459117
-0.0007480345037762521
-0.0007556611495899491
-0.0007673020016309909
-0.0007832085900477187
-0.0008037346745489006
-0.0008293540078161613
-0.0008606853671932345
-0.0008985273172997816
-0.0009439063951942589
-0.0009981443031362733
-0.0010629527016961875
-0.001140569127101419
-0.0012339559332185343
-0.0013470989980818447
-0.0014854706457960512
-0.001656776483479806
-0.0018722232853304092
-0.0021487926192761157
-0.0025133836897904003
-0.00300923990113688
-0.003697990743322172
-0.004616969833149676
-0.005554208053302518
-0.005349005876069776
-0.00045315945011096723
0.01672087760879548
0.05735574200225761
0.13039891302383502
0.23156231502567143
0.335441050604535
0.4026142119401187
0.40261421194014024
0.3354410506045319
0.23156231502568397
0.13039891302384188
0.05735574200226179
0.016720877608797598
-0.0004531594501074541
-0.005349005876072897
-0.005554208053301119
-0.004616969833141799
-0.003697990743317386
-0.003009239901131072
-0.0025133836897889557
-0.002148792619283317
-0.0018722232853336076
-0.0016567764834871123
-0.0014854706458046546
-0.0013470989980848148
-0.001233955933213036
-0.0011405691270965992
-0.0010629527016869336
-0.0009981443031341
-0.0009439063951944844
-0.0008985273173102634
-0.0008606853672088679
-0.0008293540078346121
-0.0008037346745625991
-0.0007832085900537919
-0.0007673020016518205
-0.000755661149583075
-0.0007480345037959191
-0.000744260631030737
-0.0007291450575570732
-0.0007328422846906701
-0.0007403140368834359
-0.0007517184686361055
-0.0007673020016314728
-0.000787411210877843
-0.0008125102273335673
-0.0008432052612471734
-0.0008802786587232749
-0.0009247361082828753
-0.0009778724689531448
-0.0010413646381674992
-0.001117404708665584
-0.0012088948700280531
-0.0013197400485422492
-0.0014553014272754544
-0.0016231281148356357
-0.0018341992788660022
-0.0021051515957774347
-0.0024623379562243725
-0.0029481235291507783
-0.003622886292852643
-0.004523202362893433
-0.005441410143250556
-0.005240390179916324
-0.0004440151715548857
0.016381139717094265
0.05619057461173205
0.12775004384305993
0.22685858942208476
0.32862734152161793
0.3944360924574698
0.39443609245748384
0.32862734152163425
0.22685858942209236
0.12775004384307032
0.056190574611740735
0.01638113971709435
-0.0004440151715515117
-0.005240390179918666
-0.005441410143249527
-0.0045232023628878695
-0.0036228862928500893
-0.0029481235291441447
-0.002462337956220771
-0.002105151595784291
-0.0018341992788661163
-0.00162312811483708
-0.0014553014272816064
-0.0013197400485459132
-0.0012088948700199186
-0.0011174047086611233
-0.0010413646381581053
-0.0009778724689510367
-0.0009247361082828888
-0.0008802786587321612
-0.0008432052612613419
-0.0008125102273524752
-0.0007874112108911611
-0.000767302001641808
-0.0007517184686578109
-0.000740314036878299
-0.0007328422847137272
-0.0007291450575425433
-0.000718083090633643
-0.0007217242265446303
-0.0007290826235916513
-0.0007403140368781203
-0.0007556611495824106
-0.0007754652787634706
-0.0008001835139555544
-0.0008304128684845943
-0.0008669238193267338
-0.0009107067975105991
-0.0009630370174910062
-0.00102556593614815
-0.001100452389508198
-0.0011905545373820177
-0.0012997180634943153
-0.0014332228150542782
-0.001598503371053946
-0.0018063723308530222
-0.0020732139704591063
-0.002424981374083317
-0.002903396994894553
-0.003567922918252241
-0.004454580880139418
-0.005358861568011996
-0.005160901840838024
-0.000437321473064082
0.016132514871050566
0.055337883550179726
0.12581154804675965
0.223416304503533
0.3236409235097719
0.3884511681225309
0.3884511681225441
0.32364092350979246
0.22341630450350763
0.12581154804675782
0.0553378835501846
0.016132514871046735
-0.000437321473061095
-0.005160901840838476
-0.005358861568008572
-0.0044545808801319696
-0.0035679229182473144
-0.0029033969948839356
-0.002424981374074952
-0.002073213970463711
-0.0018063723308482532
-0.001598503371050223
-0.0014332228150589308
-0.0012997180635017371
-0.001190554537374551
-0.0011004523895074938
-0.0010255659361399088
-0.0009630370174905053
-0.0009107067975100849
-0.0008669238193344513
-0.0008304128684966351
-0.0008001835139733647
-0.0007754652787737078
-0.0007556611495928565
-0.0007403140368955788
-0.0007290826235846664
-0.0007217242265681139
-0.0007180830906212516
-0.0007108357084470945
-0.0007144400955133121
-0.0007217242265604348
-0.0007328422846968151
-0.000748034503777754
-0.0007676387560502198
-0.0007921075177762672
-0.0008220317768035559
-0.0008581742339048541
-0.0009015153239798268
-0.00095331739110128
-0.0010152152244670325
-0.0010893458715644626
-0.0011785386455671404
-0.001286600416723938
-0.0014187577440753123
-0.0015823701711606547
-0.001788141168134856
-0.0020522896478629526
-0.00240050675655317
-0.0028740938640922104
-0.0035319129954531387
-0.004409622668684166
-0.005304778795325511
-0.005108823829248401
-0.0004329352486062124
0.01596962715698956
0.05477923651708036
0.1245415258204346
0.22116106013029063
0.32037402488717104
0.3845300879607505
0.3845300879607398
0.3203740248871356
0.22116106013031422
0.12454152582045436
0.054779236517095334
0.01596962715698879
-0.0004329352486009781
-0.005108823829246756
-0.005304778795319609
-0.004409622668677232
-0.003531912995448771
-0.002874093864083044
-0.0024005067565457047
-0.0020522896478696235
-0.0017881411681272435
-0.0015823701711539476
-0.0014187577440773536
-0.0012866004167320327
-0.0011785386455580174
-0.001089345871566551
-0.0010152152244601409
-0.0009533173911045946
-0.0009015153239806272
-0.0008581742339139435
-0.0008220317768152358
-0.0007921075177934993
-0.0007676387560579623
-0.0007480345037882521
-0.0007328422847105116
-0.0007217242265524239
-0.0007144400955369139
-0.0007108357084382464
-0.000707249505702774
-0.0007108357084385931
-0.0007180830906429153
-0.0007291450575550064
-0.0007442606310407966
-0.0007637659787566216
-0.0007881112941947657
-0.0008178845836307127
-0.0008538446999605659
-0.0008969671317275817
-0.0009485078543870812
-0.0010100934095140287
-0.0010838500630323833
-0.0011725928540095056
-0.0012801094467324839
-0.0014116000317959438
-0.0015743870231560717
-0.0017791198908623132
-0.002041935721595443
-0.002388396047492665
-0.0028595938748662807
-0.003514094301831508
-0.004387376113528659
-0.0052780171412355505
-0.005083054130290756
-0.00043076460105208715
0.015889026413460097
0.054502803834917735
0.12391308612574914
0.22004510664312615
0.3187574782051858
0.382589834968207
0.382589834968234
0.31875747820520384
0.220045106643141
0.12391308612575622
0.05450280383492861
0.01588902641345494
-0.0004307646010456288
-0.005083054130288457
-0.0052780171412292985
-0.004387376113522044
-0.0035140943018270813
-0.002859593874858255
-0.0023883960474851878
-0.00204193572159991
-0.0017791198908494363
-0.0015743870231468067
-0.0014116000317972864
-0.0012801094467421858
-0.0011725928540030708
-0.0010838500630410536
-0.0010100934095123386
-0.0009485078543963021
-0.0008969671317298987
-0.0008538446999699716
-0.0008178845836396997
-0.0007881112942076294
-0.0007637659787571282
-0.000744260631046677
-0.0007291450575620873
-0.0007180830906320496
-0.0007108357084610461
-0.0007072495056970253
