0.0006481418930884561
0.0006514283284703814
0.0006580699068845664
0.0006682072068366646
0.0006820592642633788
0.0006999341374795707
0.0007222443749724985
0.0007495288122419854
0.0007824828417659613
0.0008220003703044059
0.0008692323264334681
0.0009256691995450585
0.00099325938463997
0.0010745823989719658
0.0011731089544888417
0.001293603989233148
0.0014427768562649875
0.0016303851848735742
0.0018712153853972834
0.002188698954898461
0.0026205658727420484
0.0032208987074240627
0.004024006377789128
0.004851553014171938
0.00471030155373051
0.0005495216022830631
-0.014171068098690428
-0.04910922400620664
-0.11201438720894377
-0.1992212948303138
-0.2888216183355816
-0.3467802456968392
-0.3467802456968718
-0.28882161833557984
-0.19922129483026943
-0.11201438720889426
-0.0491092240061697
-0.014171068098657001
0.0005495216023099795
0.004710301553757361
0.004851553014188005
0.0040240063778030615
0.0032208987074261114
0.0026205658727408774
0.002188698954896255
0.0018712153853926274
0.0016303851848732738
0.0014427768562608823
0.001293603989247267
0.0011731089544927144
0.0010745823989830705
0.0009932593846541176
0.0009256691995497848
0.0008692323264416029
0.0008220003703071033
0.0007824828417725422
0.0007495288122534118
0.0007222443749766749
0.0006999341374887006
0.000682059264272029
0.0006682072068430573
0.0006580699068951573
0.0006514283284779121
0.0006481418930995462
0.0006514283284575343
0.0006547314278921381
0.0006614066827843709
0.0006715953844691886
0.0006855176795029476
0.0007034831882407579
0.0007259065510136929
0.0007533293355274447
0.0007864504602915249
0.0008261683646776976
0.0008736398131286734
0.0009303628526625686
0.0009982957577663028
0.0010800311253256877
0.001179057265820533
0.0013001632783260985
0.0014500925363100268
0.0016386521461463932
0.001880703494324999
0.0021997968894075857
0.002633853618760092
0.003237230445358999
0.004044410091941692
0.00487615186530661
0.004734180926161705
0.0005522948333662624
-0.014242955409303466
-0.04935830139839727
-0.11258247943863657
-0.20023163530762506
-0.29028633849170543
-0.34853888244623077
-0.34853888244629283
-0.290286338491609
-0.20023163530755167
-0.11258247943856736
-0.04935830139834877
-0.014242955409262698
0.0005522948333991991
0.004734180926190566
0.004876151865323429
0.004044410091950529
0.003237230445356935
0.0026338536187549885
0.0021997968894013715
0.0018807034943158275
0.0016386521461433847
0.0014500925362996037
0.0013001632783380553
0.0011790572658195862
0.0010800311253363734
0.00099829575777797
0.0009303628526675297
0.000873639813133706
0.00082616836468083
0.0007864504602941277
0.0007533293355406496
0.0007259065510162933
0.000703483188247233
0.0006855176795114297
0.0006715953844735
0.0006614066827963206
0.0006547314278934317
0.0006514283284717326
0.0006580699068775219
0.0006614066827977428
0.000668149994703583
0.0006784425744726947
0.0006925068131383123
0.0007106554877838444
0.0007333074661669147
0.0007610098375233963
0.0007944686461399775
0.0008345914913785397
0.0008825469314138907
0.0009398482865302707
0.0010084737967239676
0.0010910424916068904
0.0011910782466398849
0.0013134189880972449
0.001464876841512939
0.001655358901840459
0.0018998780753819817
0.002222224777668036
0.0026607069114951212
0.003270235360115714
0.004085644082308875
0.00492586380246661
0.0047824387559183505
0.0005578988368472679
-0.014388234009336573
-0.04986166572087642
-0.11373054460102525
-0.20227344484245208
-0.29324640873714103
-0.35209293177708456
-0.35209293177704637
-0.2932464087371166
-0.20227344484237753
-0.11373054460094909
-0.049861665720816045
-0.014388234009291047
0.0005578988368845849
0.004782438755947856
0.0049258638024821215
0.004085644082313797
0.0032702353601078617
0.002660706911485661
0.0022222247776541144
0.0018998780753692527
0.0016553589018321573
0.0014648768414965896
0.0013134189881031308
0.0011910782466348043
0.0010910424916144167
0.0010084737967302757
0.0009398482865318633
0.0008825469314131633
0.0008345914913777625
0.0007944686461371798
0.0007610098375346983
0.0007333074661674572
0.000710655487785045
0.0006925068131464548
0.0006784425744716203
0.0006681499947140822
0.000661406682791044
0.000658069906893631
0.0006682072068228959
0.0006715953844710816
0.0006784425744596442
0.0006888937073980961
0.0007031746001720367
0.000721602848086409
0.0007446037713979446
0.0007727328870602479
0.0008067071157184208
0.000847448037983162
0.0008961422132658795
0.0009543262740332656
0.001024008934421312
0.0011078495693476202
0.0012094263384996558
0.0013336516950189577
0.0014874427034313542
0.0016808590751957028
0.0019291449872928025
0.0022564573399540258
0.0027016941418529566
0.003320612048696325
0.00414858111066969
0.005001740967195948
0.004856096179867457
0.0005664513153361364
-0.01460998116810125
-0.05062997603478862
-0.11548289132801715
-0.2053899537121211
-0.2977644996056506
-0.35751763904277933
-0.3575176390427895
-0.2977644996055885
-0.2053899537120167
-0.11548289132798512
-0.050629976034733064
-0.014609981168052028
0.0005664513153756494
0.0048560961798947005
0.005001740967209588
0.004148581110667073
0.0033206120486823174
0.0027016941418386113
0.0022564573399334997
0.0019291449872785844
0.0016808590751852656
0.0014874427034109673
0.0013336516950196687
0.0012094263384903813
0.0011078495693505378
0.0010240089344179526
0.0009543262740295892
0.0008961422132564668
0.000847448037977988
0.0008067071157103688
0.0007727328870700656
0.0007446037713961296
0.0007216028480834756
0.0007031746001794139
0.0006888937073935315
0.0006784425744674289
0.0006715953844616623
0.0006682072068375819
0.0006820592642617762
0.0006855176795163429
0.0006925068131427653
0.0007031746001884556
0.0007177515387805801
0.0007365618080536068
0.0007600395452495205
0.0007887517833306145
0.0008234303048823764
0.0008650157951237184
0.0009147194111539288
0.0009741096402542781
0.0010452368377809806
0.0011308155082924176
0.0012344979878687213
0.001361298566507981
0.0015182777020904454
0.0017157036481487524
0.001969136600357514
0.0023032342400982116
0.002757700922325646
0.0033894489981234413
0.0042345810296319265
0.005105422698769216
0.004956744209755146
0.0005781355850258739
-0.014912991780070842
-0.051679840657943316
-0.11787739569077206
-0.20964852024265201
-0.30393825970206667
-0.3649302459308094
-0.36493024593076484
-0.3039382597020349
-0.20964852024259475
-0.11787739569071176
-0.05167984065787912
-0.014912991780021787
0.0005781355850645865
0.004956744209777278
0.005105422698781321
0.004234581029623922
0.003389448998107113
0.002757700922309994
0.002303234240073799
0.0019691366003455326
0.0017157036481368782
0.0015182777020694561
0.001361298566504424
0.0012344979878599143
0.0011308155082930481
0.0010452368377719314
0.0009741096402451999
0.000914719411134927
0.0008650157951086666
0.0008234303048655094
0.0007887517833319415
0.0007600395452420729
0.0007365618080432492
0.0007177515387866384
0.0007031746001783632
0.0006925068131468787
0.0006855176795053336
0.0006820592642724593
0.0006999341374768535
0.000703483188244036
0.0007106554877808884
0.0007216028480897744
0.0007365618080406562
0.0007558650426182302
0.0007799580666275235
0.0008094227734299795
0.0008450101236604508
0.0008876854553697384
0.0009386916668396839
0.0009996383512209336
0.0010726295982508229
0.0011604510525068334
0.0012668507682757056
0.0013969744471896395
0.0015580675838558706
0.0017606675373341948
0.00202074229816557
0.0023635957624308745
0.002829972803637011
0.0034782770872456856
0.00434555637161615
0.005239214595974071
0.0050866204368702666
0.0005932093122723596
-0.015304009898580936
-0.05303461877963437
-0.12096732904623275
-0.21514388118576527
-0.31190502754756827
-0.3744956476309731
-0.37449564763100285
-0.31190502754751165
-0.21514388118568464
-0.12096732904620366
-0.053034618779574196
-0.01530400989853828
0.0005932093123089436
0.005086620436885507
0.005239214595986192
0.004345556371602669
0.00347827708723031
0.002829972803622175
0.002363595762407271
0.002020742298157871
0.001760667537325042
0.001558067583838744
0.0013969744471869566
0.001266850768270657
0.0011604510525091475
0.0010726295982386122
0.0009996383512093272
0.0009386916668123559
0.0008876854553482831
0.000845010123636504
0.0008094227734249827
0.0007799580666138774
0.0007558650426018796
0.0007365618080440386
0.0007216028480759811
0.0007106554877818277
0.0007034831882362411
0.0006999341374809129
0.000722244374969211
0.0007259065510119415
0.0007333074661672202
0.000744603771404356
0.0007600395452433906
0.0007799580666341319
0.0008048190511056486
0.0008352229397948068
0.0008719446301167083
0.0009159802301700529
0.0009686122554936951
0.0010315016048925573
0.0011068194358277584
0.0011974401851962565
0.00130723137648116
0.0014415027307284106
0.001607730693321922
0.0018167885033322164
0.0020851531343804046
0.0024389350455255193
0.002920177815168871
0.0035891464533788445
0.004484068375815529
0.0054062042679270065
0.005248721327279572
0.0006120172861611386
-0.015792067764041445
-0.05472559417941718
-0.12482403431029598
-0.222002910770406
-0.3218487304122233
-0.38643467574390894
-0.3864346757438636
-0.32184873041217665
-0.2220029107703215
-0.12482403431025085
-0.0547255941793605
-0.015792067764003798
0.0006120172861964365
0.00524872132728868
0.005406204267939063
0.004484068375800133
0.003589146453367691
0.002920177815158377
0.0024389350455056953
0.0020851531343785285
0.0018167885033266652
0.0016077306933109177
0.0014415027307282749
0.0013072313764832893
0.0011974401852019264
0.001106819435817572
0.0010315016048805827
0.0009686122554617815
0.0009159802301430538
0.0008719446300860221
0.000835222939781192
0.0008048190510847214
0.0007799580666105498
0.0007600395452441466
0.0007446037713861688
0.0007333074661671756
0.0007259065510072087
0.0007222443749670857
0.0007495288122390649
0.0007533293355193281
0.0007610098375196089
0.0007727328870593233
0.0007887517833194568
0.000809422773431186
0.0008352229397932513
0.0008667754066540396
0.0009048843450694089
0.0009505834935542043
0.0010052038178284164
0.0010704689612695928
0.0011486321022440673
0.0012426762667908434
0.0013566150840348635
0.0014959588636544278
0.0016684664938800206
0.0018854219806016953
0.00216392476197957
0.0025310716886922913
0.0030304945953785723
0.0037247348107508223
0.004653462306263401
0.0056104244438798315
0.005446960453636214
0.0006350093829605326
-0.016388963637350814
-0.056793629373962484
-0.129540697596487
-0.23039132749808325
-0.33400960658035483
-0.40103577103721666
-0.4010357710372384
-0.3340096065803574
-0.23039132749801755
-0.12954069759643802
-0.05679362937391442
-0.016388963637319676
0.000635009382992166
0.005446960453639132
0.00561042444389183
0.004653462306247143
0.0037247348107458376
0.003030494595373739
0.0025310716886796664
0.002163924761983393
0.0018854219806017465
0.001668466493874941
0.0014959588636596806
0.0013566150840439595
0.0012426762668010906
0.00114863210223804
0.0010704689612609432
0.0010052038177964645
0.0009505834935287793
0.000904884345036589
0.0008667754066378963
0.0008352229397674859
0.0008094227734043245
0.0007887517833158641
0.000772732887037668
0.0007610098375171608
0.0007533293355165477
0.0007495288122309175
0.0007824828417683152
0.0007864504602858551
0.0007944686461396301
0.0008067071157206985
0.0008234303048782713
0.0008450101236672633
0.0008719446301218034
0.0009048843450713644
0.0009446687961616718
0.0009923771717854028
0.0010493989556107064
0.0011175335736840224
0.0011991332689225698
0.0012973122209542695
0.0014162605248015765
0.001561730760442621
0.0017418229497175339
0.001968317221527239
0.0022590648250696596
0.0026423539716743855
0.0031637347813389554
0.0038884978756675193
0.00485805537118417
0.005857079483346863
0.005686388216102586
0.000662765453414673
-0.017109925530251705
-0.05929146308889978
-0.1352375865506878
-0.24052300890333933
-0.3486977080516197
-0.41867119501483735
-0.41867119501479033
-0.348697708051567
-0.24052300890328226
-0.1352375865506537
-0.059291463088855474
-0.017109925530223426
0.0006627654534438952
0.005686388216104303
0.005857079483360872
0.004858055371173974
0.0038884978756716657
0.0031637347813429657
0.0026423539716700327
0.0022590648250778375
0.0019683172215309687
0.0017418229497161942
0.0015617307604511759
0.0014162605248145277
0.0012973122209642123
0.001199133268920048
0.0011175335736782915
0.0010493989555840286
0.000992377171765167
0.0009446687961308874
0.000904884345053177
0.0008719446300918695
0.0008450101236360046
0.000823430304868433
0.0008067071156946184
0.000794468646135045
0.0007864504602815136
0.000782482841757811
0.0008220003703130528
0.0008261683646787473
0.0008345914913831705
0.0008474480379882052
0.0008650157951244713
0.0008876854553758353
0.0009159802301735916
0.0009505834935506319
0.000992377171781546
0.0010424949554678142
0.0011023965013663953
0.0011739721119727058
0.0012596928256541561
0.0013628300977689561
0.0014877856363615341
0.00164060254528257
0.0018297899244952894
0.002067722840225943
0.002373154093349356
0.0027758005421837807
0.0033235126538865892
0.004084877871766396
0.00510339719737216
0.006152859333547287
0.005973496363432855
0.0006960297149280645
-0.017974531460928582
-0.062286895325858085
-0.14206931217035598
-0.252672904217098
-0.3663116185832041
-0.43981950301134914
-0.4398195030113563
-0.36631161858322536
-0.2526729042170345
-0.14206931217030394
-0.06228689532582018
-0.01797453146090347
0.0006960297149558325
0.005973496363435304
0.006152859333563204
0.005103397197367103
0.004084877871776076
0.0033235126538962772
0.0027758005421865597
0.0023731540933595824
0.00206772284023323
0.001829789924495676
0.0016406025452950115
0.0014877856363754733
0.0013628300977780667
0.0012596928256548346
0.0011739721119715413
0.0011023965013464304
0.0010424949554557407
0.0009923771717545637
0.0009505834935344924
0.0009159802301427118
0.0008876854553448415
0.0008650157951068881
0.0008474480379601951
0.0008345914913737254
0.0008261683646708924
0.0008220003703021132
0.000869232326434579
0.0008736398131231022
0.0008825469314089356
0.0008961422132601634
0.0009147194111486566
0.0009386916668353835
0.0009686122554873821
0.001005203817813309
0.0010493989555970802
0.0011023965013543106
0.0011657399838402136
0.0012414283225473182
0.0013320745420886948
0.001441138076342999
0.0015732735567268344
0.0017348713260768264
0.0019349294214708016
0.002186533988551854
0.002509515378619388
0.0029352979928420667
0.003514481700252468
0.004319594280917822
0.005396633046594504
0.006506377312129913
0.00631664257273999
0.0007357585305265891
-0.01900799314714186
-0.06586722970021308
-0.1502349566826319
-0.2671950429251223
-0.38736455836099987
-0.4650968855826914
-0.4650968855826762
-0.3873645583609828
-0.2671950429250369
-0.15023495668259365
-0.06586722970017617
-0.019007993147118697
0.00073575853055407
0.006316642572747513
0.006506377312149505
0.005396633046597295
0.004319594280931036
0.0035144817002666336
0.002935297992849392
0.002509515378629559
0.0021865339885610486
0.001934929421471633
0.001734871326090179
0.0015732735567373906
0.001441138076346687
0.001332074542090556
0.0012414283225501272
0.0011657399838311596
0.0011023965013531511
0.0010493989555785095
0.0010052038178006908
0.0009686122554598041
0.0009386916668067378
0.0009147194111262626
0.0008961422132343333
0.0008825469313989672
0.0008736398131128381
0.0008692323264273948
0.0009256691995509156
0.0009303628526636735
0.0009398482865304886
0.0009543262740313015
0.00097410964025806
0.0009996383512206782
0.001031501604891078
0.0010704689612589448
0.0011175335736754051
0.001173972111961027
0.001241428322545674
0.0013220309101106384
0.0014185625570139445
0.0015347073105374878
0.0016754220174273599
0.0018475119326096102
0.002060559318977471
0.002328499983810806
0.002672451832895251
0.003125879591966262
0.0037426683437885465
0.004600054017948213
0.005747016215115806
0.006928787677138308
0.006726649315969444
0.0007831874994362733
-0.020242967733642876
-0.07014554202348866
-0.15999236418058604
-0.2845479444808098
-0.412521216601881
-0.4953013895995552
-0.4953013895995726
-0.412521216601895
-0.28454794448078025
-0.15999236418053447
-0.07014554202345219
-0.02024296773361673
0.0007831874994628883
0.006726649315980799
0.0069287876771607325
0.0057470162151236955
0.004600054017961904
0.0037426683438046672
0.003125879591974723
0.0026724518329016432
0.0023284999838202765
0.002060559318976806
0.0018475119326229106
0.001675422017432521
0.0015347073105371305
0.0014185625570149738
0.001322030910115764
0.0012414283225440693
0.0011739721119689319
0.0011175335736640685
0.001070468961252527
0.0010315016048712444
0.0009996383512004714
0.0009741096402334471
0.0009543262740118001
0.0009398482865202848
0.0009303628526535143
0.0009256691995470203
0.000993259384646479
0.0009982957577654653
0.0010084737967199873
0.0010240089344122456
0.0010452368377804068
0.0010726295982409412
0.0011068194358182604
0.0011486321022283153
0.0011991332689122013
0.0012596928256394825
0.0013320745420841518
0.0014185625570113114
0.0015221427392787714
0.0016467681390315919
0.0017977575440344695
0.0019824131189697444
0.0022110168113441877
0.002498522006641817
0.0028675886218815913
0.0033541249299853266
0.0040159504484502135
0.004935939541167778
0.006166642705068443
0.007434671050364896
0.007217662327106132
0.000839927090272035
-0.0217221568311931
-0.07526967107490634
-0.17167863564310715
-0.3053310585440826
-0.4426505724316418
-0.5314763342655067
-0.5314763342654859
-0.44265057243160916
-0.30533105854402515
-0.1716786356430425
-0.07526967107486944
-0.021722156831165032
0.0008399270902989463
0.007217662327121653
0.007434671050389424
0.00616664270508009
0.004935939541179275
0.004015950448466798
0.0033541249299909076
0.002867588621882803
0.002498522006650161
0.0022110168113415557
0.0019824131189797745
0.0017977575440330327
0.0016467681390265586
0.0015221427392785036
0.0014185625570170028
0.001332074542089817
0.001259692825653599
0.0011991332689071377
0.0011486321022246742
0.0011068194358061197
0.0010726295982278187
0.0010452368377569464
0.0010240089344008155
0.0010084737967151448
0.0009982957577601035
0.0009932593846463758
0.001074582398979089
0.0010800311253233606
0.0010910424916043028
0.0011078495693405818
0.001130815508296969
0.001160451052498625
0.0011974401851895028
0.0012426762667782526
0.0012973122209470338
0.0013628300977533614
0.0014411380763343015
0.0015347073105269795
0.0016467681390213167
0.001781597270747907
0.0019449489736710287
0.0021447232845499013
0.0023920439980659285
0.0027030888310805344
0.0031023730209022624
0.0036287448688372393
0.004344757690366163
0.0053400696479537785
0.006671526517801112
0.008043330282566385
0.007808406753748799
0.0009081015695177842
-0.023502113195178774
-0.08143538336287114
-0.1857401361134693
-0.33033811548433334
-0.4789032256700299
-0.5750031523824253
-0.5750031523824557
-0.4789032256700213
-0.3303381154842984
-0.18574013611340315
-0.08143538336283812
-0.023502113195149735
0.0009081015695424872
0.007808406753763846
0.008043330282588784
0.00667152651781132
0.005340069647959306
0.004344757690379638
0.003628744868836457
0.0031023730208976177
0.0027030888310880536
0.0023920439980629235
0.0021447232845583754
0.001944948973666973
0.001781597270743513
0.0016467681390208
0.0015347073105319337
0.0014411380763424265
0.0013628300977693098
0.0012973122209444547
0.0012426762667768396
0.0011974401851843498
0.001160451052494744
0.0011308155082773552
0.001107849569339185
0.001091042491606084
0.0010800311253273637
0.0010745823989797216
0.0011731089544931082
0.0011790572658129236
0.0011910782466363757
0.0012094263384943215
0.0012344979878783214
0.0012668507682730829
0.001307231376483798
0.0013566150840345391
0.0014162605248081847
0.0014877856363588234
0.0015732735567284789
0.0016754220174231306
0.0017977575440270691
0.001944948973671924
0.0021232781797040964
0.0023413695502046104
0.002611366819508577
0.00295093104381163
0.003386825275825116
0.003961459805748992
0.004743123121101903
0.005829691899320743
0.007283214097865929
0.008780735921753505
0.008524072505152127
0.0009905556040740173
-0.025658961045950557
-0.08890614912417624
-0.20277756606865494
-0.3606372552934175
-0.5228275389481332
-0.6277408255209924
-0.6277408255209073
-0.5228275389481092
-0.3606372552933835
-0.2027775660685911
-0.08890614912414502
-0.025658961045918246
0.0009905556040967684
0.008524072505164371
0.008780735921771775
0.007283214097872576
0.0058296918993214625
0.004743123121112822
0.003961459805742865
0.0033868252758167323
0.0029509310438174106
0.002611366819504631
0.0023413695502082915
0.0021232781796983197
0.0019449489736675961
0.0017977575440263661
0.0016754220174253706
0.0015732735567375354
0.00148778563637366
0.0014162605248083774
0.0013566150840344478
0.0013072313764858376
0.0012668507682769468
0.001234497987864324
0.0012094263384993145
0.0011910782466434625
0.0011790572658243936
0.0011731089544928454
0.0012936039892364921
0.0013001632783146446
0.001313418988090894
0.001333651695009049
0.0013612985665116355
0.0013969744471801285
0.001441502730725433
0.0014959588636494269
0.0015617307604469082
0.0016406025452812912
0.0017348713260831713
0.0018475119326141062
0.001982413118975855
0.002144723284568389
0.002341369550224165
0.0025818621670751114
0.002879592230315077
0.0032540348849709666
0.0037347022104679273
0.0043683607186345225
0.005230312777081852
0.006428485485795418
0.008031286178973219
0.009682540813166352
0.009399234920077097
0.0010911713963386417
-0.02829726806184176
-0.09804380360523422
-0.22361583308964234
-0.39769523949357777
-0.5765496695043331
-0.6922420190702185
-0.6922420190702259
-0.576549669504276
-0.39769523949351493
-0.2236158330895957
-0.09804380360519631
-0.028297268061807723
0.0010911713963615225
0.009399234920089936
0.009682540813182644
0.008031286178977547
0.006428485485794519
0.00523031277708976
0.004368360718623253
0.0037347022104563333
0.0032540348849727247
0.002879592230307752
0.0025818621670725943
0.00234136955021919
0.0021447232845672086
0.001982413118978148
0.001847511932616961
0.0017348713260929996
0.0016406025452947635
0.0015617307604478782
0.001495958863648782
0.001441502730728903
0.0013969744471880633
0.0013612985665005513
0.0013336516950190839
0.0013134189881007007
0.0013001632783332254
0.0012936039892340067
0.0014427768562602307
0.001450092536293006
0.0014648768415030148
0.0014874427034163498
0.0015182777020878706
0.0015580675838417534
0.001607730693315793
0.0016684664938708409
0.0017418229497152518
0.0018297899244864755
0.0019349294214656306
0.0020605593189686727
0.0022110168113352252
0.002392043998067345
0.002611366819509962
0.002879592230302262
0.0032116555669336492
0.0036292778316009758
0.004165374424921759
0.004872104888691425
0.005833454679249584
0.007169792424791568
0.008957394089642797
0.01079894404533864
0.010482568660813825
0.0012153869283033818
-0.03156433986400207
-0.10935796820648731
-0.2494166859070932
-0.4435776902567018
-0.6430637988968371
-0.7721015161351221
-0.772101516135085
-0.643063798896831
-0.4435776902566838
-0.24941668590701735
-0.10935796820644521
-0.03156433986396213
0.0012153869283272837
0.010482568660826481
0.010798944045353424
0.008957394089643075
0.007169792424790615
0.005833454679254423
0.004872104888679262
0.004165374424909628
0.003629277831599428
0.003211655566923899
0.0028795922302939053
0.0026113668195076024
0.0023920439980690054
0.002211016811341303
0.0020605593189729743
0.0019349294214776591
0.0018297899244992622
0.0017418229497192723
0.001668466493868349
0.0016077306933186982
0.0015580675838478752
0.0015182777020759887
0.0014874427034240632
0.0014648768415103475
0.0014500925363112615
0.0014427768562567612
0.0016303851848740087
0.0016386521461378846
0.0016553589018369903
0.0016808590751817409
0.0017157036481417025
0.0017606675373148541
0.0018167885033224932
0.001885421980593115
0.0019683172215312415
0.0020677228402334385
0.0021865339885664215
0.0023284999838245383
0.0024985220066551586
0.0027030888311006356
0.0029509310438279204
0.003254034884977836
0.0036292778316174648
0.004101205430232019
0.004707013339200566
0.0055056437460763805
0.006592002393556694
0.008102104071428542
0.010122115673496173
0.01220296188216218
0.01184489686121624
0.0013712150776213948
-0.03567412811532344
-0.12358915785614932
-0.28186843206344114
-0.5012866165477451
-0.7267215283845401
-0.872543851306281
-0.872543851306251
-0.7267215283844459
-0.501286616547692
-0.2818684320633893
-0.12358915785610174
-0.0356741281152781
0.0013712150776464458
0.01184489686123006
0.012202961882175335
0.010122115673493902
0.008102104071430322
0.0065920023935605475
0.005505643746067407
0.004707013339191381
0.004101205430230176
0.003629277831607683
0.0032540348849683307
0.0029509310438307294
0.0027030888311059677
0.002498522006663997
0.0023284999838303656
0.002186533988578331
0.002067722840245658
0.001968317221538418
0.001885421980589525
0.0018167885033241902
0.0017606675373187666
0.001715703648127374
0.0016808590751850884
0.001655358901837919
0.0016386521461516051
0.0016303851848703346
0.0018712153853927787
0.0018807034943169889
0.0018998780753801785
0.001929144987281774
0.0019691366003535644
0.00202074229815274
0.002085153134377269
0.002163924761975067
0.0022590648250710365
0.0023731540933522297
0.002509515378621901
0.0026724518328923707
0.0028675886218745583
0.0031023730208965703
0.003386825275814234
0.0037347022104561108
0.004165374424922657
0.004707013339189851
0.005402309215678781
0.00631891127623902
0.007565744243258272
0.009298910396173279
0.011617283860332436
0.014005383634271392
0.013594044492869417
0.00157231343903106
-0.04094693187034284
-0.1418508713712447
-0.3235131483222624
-0.5753448629104116
-0.8340809852139389
-1.0014437356031483
-1.0014437356030725
-0.8340809852138524
-0.5753448629103715
-0.3235131483221825
-0.1418508713711976
-0.04094693187028294
0.001572313439064614
0.013594044492889642
0.014005383634290203
0.01161728386033063
0.00929891039618085
0.007565744243261312
0.006318911276235056
0.005402309215671205
0.004707013339187225
0.004165374424911214
0.0037347022104469814
0.0033868252758217495
0.003102373020906021
0.002867588621886477
0.0026724518329006423
0.0025095153786336617
0.0023731540933622213
0.002259064825079309
0.002163924761965287
0.0020851531343742007
0.0020207422981496494
0.001969136600335813
0.0019291449872782269
0.00189987807537595
0.0018807034943238115
0.0018712153853916692
0.00218869895489797
0.0021997968894086864
0.0022222247776736244
0.0022564573399459693
0.0023032342400897297
0.002363595762413225
0.0024389350455187096
0.0025310716886876904
0.002642353971676802
0.0027758005421950386
0.0029352979928530037
0.0031258795919719426
0.0033541249299855486
0.0036287448688326622
0.0039614598057344476
0.004368360718620697
0.0048721048886888494
0.005505643746062449
0.006318911276234683
0.007391036440061829
0.008849432539527437
0.010876720268465537
0.013588683759787492
0.016382861924889032
0.015904730531824313
0.0018519387877508112
-0.047860436111608756
-0.16584197117696772
-0.3782559252429286
-0.6727219744467948
-0.9752638131431501
-1.170962986764918
-1.1709629867648514
-0.975263813143021
-0.6727219744467275
-0.3782559252428439
-0.1658419711768987
-0.047860436111538604
0.0018519387877943667
0.015904730531852984
0.01638286192491315
0.01358868375978826
0.010876720268479058
0.00884943253953241
0.007391036440065759
0.00631891127623377
0.0055056437460629555
0.004872104888678366
0.004368360718616236
0.00396145980574605
0.003628744868844975
0.0033541249299974896
0.003125879591980945
0.00293529799286136
0.0027758005422015572
0.002642353971684946
0.0025310716886742988
0.002438935045513003
0.0023635957624075776
0.0023032342400711534
0.0022564573399382563
0.002222224777665622
0.0021997968894110274
0.002188698954898375
0.0026205658727429405
0.0026338536187633346
0.002660706911506607
0.002701694141854255
0.002757700922325886
0.0028299728036303255
0.002920177815172937
0.0030304945953842687
0.003163734781345813
0.0033235126539038137
0.003514481700266186
0.003742668343796603
0.004015950448453676
0.004344757690363549
0.004743123121087732
0.005230312777070268
0.005833454679248019
0.006592002393541652
0.0075657442432488856
0.008849432539519433
0.010595679711689168
0.013023436313185012
0.016272594386318028
0.019626295306379653
0.019081156603931802
0.0023325667559168295
-0.05700665156229842
-0.19790918742851532
-0.4516558850084992
-0.8034727243224116
-1.1649694202313712
-1.3988142945918556
-1.398814294591847
-1.1649694202312788
-0.803472724322321
-0.45165588500839476
-0.19790918742843083
-0.05700665156221209
0.0023325667559741825
0.019081156603967024
0.019626295306409164
0.016272594386319433
0.01302343631320313
0.01059567971169522
0.008849432539531575
0.007565744243255755
0.006592002393548065
0.0058334546792410515
0.005230312777074348
0.004743123121104866
0.004344757690381112
0.004015950448467362
0.003742668343808323
0.003514481700271765
0.003323512653907159
0.003163734781353017
0.003030494595367861
0.00292017781516514
0.0028299728036227934
0.0027577009223078326
0.0027016941418435097
0.0026607069114976106
0.0026338536187643395
0.0026205658727436318
0.0032208987074276363
0.003237230445360899
0.0032702353601279507
0.0033206120486991694
0.0033894489981226295
0.003478277087237464
0.0035891464533810372
0.0037247348107575995
0.0038884978756732135
0.004084877871787728
0.004319594280934435
0.004600054017960362
0.004935939541173186
0.005340069647952714
0.005829691899305482
0.006428485485786026
0.007169792424793349
0.008102104071420823
0.009298910396169917
0.01087672026846588
0.013023436313194007
0.016009887916594856
0.020015417728770458
0.024185203011244518
0.023674855902379242
0.0035379980697617013
-0.06833894468547304
-0.2394517182314538
-0.5479985827534773
-0.9761102680438717
-1.4161920673500574
-1.7009382597971368
-1.7009382597970562
-1.4161920673499337
-0.9761102680437597
-0.5479985827533482
-0.2394517182313316
-0.06833894468536447
0.00353799806983667
0.02367485590242733
0.024185203011282033
0.02001541772877828
0.016009887916617158
0.013023436313205343
0.010876720268486038
0.009298910396188633
0.008102104071434205
0.007169792424793479
0.006428485485799841
0.00582969189932945
0.005340069647977153
0.0049359395411912805
0.004600054017978399
0.0043195942809407355
0.004084877871791726
0.0038884978756810133
0.003724734810743295
0.0035891464533730306
0.003478277087231691
0.003389448998106128
0.0033206120486888036
0.0032702353601193924
0.0032372304453653984
0.003220898707425572
0.004024006377795486
0.004044410091942028
0.004085644082324783
0.004148581110679108
0.004234581029637891
0.004345556371614064
0.004484068375820433
0.004653462306272017
0.004858055371184752
0.0051033971973877875
0.00539663304660065
0.005747016215116971
0.006166642705060384
0.006671526517788213
0.007283214097836615
0.008031286178950913
0.008957394089628545
0.010122115673473701
0.01161728386030841
0.013588683759769965
0.016272594386310065
0.020015417728760896
0.025075917197815316
0.03050923368197108
0.030619563221761417
0.0075616648896976975
-0.07729881908857547
-0.28141514629416936
-0.6513602217218162
-1.1661671203921236
-1.6962818500469492
-2.039598936050405
-2.0395989360503632
-1.6962818500467869
-1.1661671203919926
-0.6513602217216573
-0.2814151462940126
-0.07729881908844588
0.007561664889793191
0.0306195632218229
0.030509233682020437
0.025075917197833177
0.020015417728789668
0.016272594386328998
0.01358868375979785
0.0116172838603386
0.010122115673493835
0.008957394089636085
0.008031286178972735
0.00728321409786656
0.006671526517820041
0.006166642705083988
0.005747016215142691
0.005396633046610215
0.0051033971973948825
0.004858055371194598
0.00465346230626368
0.004484068375815008
0.004345556371612084
0.004234581029623846
0.00414858111067019
0.004085644082316678
0.004044410091950376
0.004024006377789305
0.004851553014190179
0.004876151865317755
0.00492586380249514
0.005001740967219316
0.005105422698789723
0.005239214595986469
0.005406204267941425
0.005610424443898772
0.0058570794833518
0.006152859333567582
0.006506377312137265
0.006928787677145016
0.007434671050361671
0.008043330282562393
0.008780735921729918
0.009682540813150542
0.010798944045324933
0.012202961882144314
0.014005383634244604
0.016382861924872354
0.019626295306370053
0.024185203011238866
0.030509233681970043
0.03794779523410479
0.04104875982400562
0.02158306751075403
-0.06112954764023385
-0.26887793446521496
-0.6532536875178376
-1.1943701229409562
-1.7553489166780054
-2.1199606776512026
-2.119960677651097
-1.7553489166778347
-1.1943701229407802
-0.6532536875176604
-0.2688779344650354
-0.06112954764009319
0.021583067510857624
0.04104875982407322
0.03794779523415631
0.03050923368199427
0.02418520301126626
0.019626295306394474
0.016382861924900488
0.014005383634282557
0.012202961882164432
0.010798944045336604
0.009682540813172033
0.008780735921761502
0.00804333028259721
0.007434671050389811
0.006928787677176231
0.006506377312150867
0.006152859333577413
0.005857079483362011
0.005610424443896458
0.005406204267938296
0.005239214595989098
0.00510542269877904
0.005001740967214981
0.004925863802489074
0.004876151865331189
0.004851553014180948
0.004710301553755799
0.0047341809261803175
0.004782438755954338
0.004856096179900194
0.004956744209785731
0.005086620436893025
0.005248721327300162
0.005446960453663032
0.005686388216113261
0.00597349636345841
0.006316642572750587
0.006726649315979036
0.0072176623271043554
0.007808406753747292
0.008524072505130762
0.009399234920065908
0.010482568660804326
0.011844896861211136
0.013594044492852893
0.015904730531824944
0.019081156603938644
0.02367485590239697
0.030619563221782532
0.041048759824031736
0.05478353068175626
0.06600821132332632
0.05656910659046159
-0.0064493296120004765
-0.15661409151382008
-0.3941022448138797
-0.6559242248299073
-0.8314677467739546
-0.8314677467738811
-0.6559242248297817
-0.39410224481376815
-0.1566140915137228
-0.0064493296119103715
0.05656910659052937
0.06600821132337611
0.054783530681778256
0.041048759824044934
0.03061956322177547
0.02367485590239146
0.0190811566039378
0.01590473053182629
0.013594044492872145
0.011844896861212385
0.010482568660801245
0.009399234920070219
0.008524072505146824
0.0078084067537689365
0.007217662327119451
0.006726649315999148
0.006316642572753916
0.005973496363459492
0.005686388216114764
0.005446960453659959
0.0052487213272956
0.005086620436896748
0.004956744209776568
0.004856096179898484
0.00478243875594928
0.004734180926195161
0.0047103015537455165
0.0005495216023079387
0.0005522948333883772
0.0005578988368871002
0.0005664513153761942
0.0005781355850694447
0.0005932093123130497
0.0006120172862012615
0.0006350093830094248
0.0006627654534495309
0.0006960297149790833
0.0007357585305644882
0.000783187499479473
0.0008399270903073822
0.0009081015695595104
0.0009905556040972312
0.0010911713963728975
0.00121538692833729
0.0013712150776655665
0.0015723134390656652
0.0018519387878105807
0.0023325667559876036
0.003537998069858793
0.007561664889806639
0.021583067510883222
0.06600821132344308
0.18763701745574765
0.4696652824865794
1.0165395274643505
1.8905102760578223
3.013760978655293
4.114145041457583
4.807306884186729
4.807306884186697
4.114145041457414
3.0137609786550286
1.8905102760575065
1.0165395274640732
0.4696652824863269
0.1876370174555282
0.06600821132324755
0.02158306751071116
0.0075616648896488226
0.0035379980697116983
0.0023325667558691133
0.001851938787698088
0.0015723134389883779
0.0013712150775771676
0.0012153869282574637
0.0010911713962988073
0.0009905556040465204
0.0009081015695192527
0.000839927090269899
0.0007831874994485781
0.0007357585305276173
0.000696029714942972
0.0006627654534153238
0.0006350093829811091
0.0006120172861722397
0.0005932093122984298
0.000578135585045674
0.0005664513153663454
0.0005578988368742507
0.0005522948333984152
0.0005495216022968707
-0.014171068098659978
-0.01424295540926654
-0.014388234009288006
-0.014609981168042505
-0.014912991780002716
-0.015304009898509684
-0.015792067763968208
-0.016388963637263214
-0.01710992553016869
-0.01797453146082768
-0.01900799314704416
-0.020242967733536434
-0.021722156831082806
-0.023502113195057885
-0.025658961045832693
-0.02829726806170985
-0.03156433986385754
-0.03567412811515576
-0.04094693187016897
-0.047860436111393186
-0.05700665156205381
-0.06833894468517623
-0.07729881908823343
-0.06112954763983558
0.05656910659088843
0.46966528248692974
1.5497858035863026
3.79847086244022
7.562851991343997
12.554604640812954
17.54551948768209
20.726117296411108
20.726117296410735
17.545519487681087
12.554604640811553
7.562851991342485
3.798470862438826
1.5497858035851018
0.469665282485936
0.05656910659005691
-0.06112954764053766
-0.07729881908884492
-0.06833894468571391
-0.05700665156251912
-0.047860436111816944
-0.04094693187052782
-0.035674128115492476
-0.031564339864160934
-0.028297268061991523
-0.025658961046072487
-0.02350211319526694
-0.021722156831277012
-0.020242967733706138
-0.019007993147209377
-0.017974531460972155
-0.01710992553030425
-0.016388963637374736
-0.01579206776406947
-0.015304009898584117
-0.014912991780072094
-0.014609981168085687
-0.014388234009320641
-0.014242955409272978
-0.01417106809867574
-0.04910922400617509
-0.049358301398348535
-0.04986166572080635
-0.050629976034692575
-0.05167984065782824
-0.053034618779501955
-0.05472559417926995
-0.05679362937379197
-0.05929146308872281
-0.06228689532564333
-0.06586722969998798
-0.07014554202323636
-0.07526967107463117
-0.08143538336256702
-0.0889061491238615
-0.09804380360488552
-0.10935796820609833
-0.12358915785571259
-0.14185087137077887
-0.1658419711764187
-0.19790918742789626
-0.23945171823073097
-0.2814151462933341
-0.2688779344642313
-0.006449329610881058
1.0165395274655173
3.7984708624411394
9.710199363984533
19.730617008155157
33.12484887302587
46.5847038530382
55.18658861341077
55.186588613409725
46.58470385303527
33.12484887302202
19.730617008151
9.710199363980689
3.7984708624378785
1.01653952746282
-0.006449329613098914
-0.2688779344660975
-0.2814151462949235
-0.23945171823213698
-0.19790918742911226
-0.1658419711775266
-0.14185087137174324
-0.12358915785659762
-0.1093579682068877
-0.0980438036056151
-0.0889061491245019
-0.08143538336314568
-0.07526967107515983
-0.07014554202370563
-0.0658672297004136
-0.062286895326024994
-0.05929146308906566
-0.056793629374083526
-0.05472559417952736
-0.05303461877970039
-0.05167984065799912
-0.05062997603481228
-0.049861665720891665
-0.04935830139838947
-0.049109224006193386
-0.11201438720888444
-0.11258247943855973
-0.11373054460089291
-0.11548289132787223
-0.11787739569057396
-0.12096732904601395
-0.12482403431002922
-0.12954069759616113
-0.13523758655033963
-0.1420693121699389
-0.15023495668218914
-0.15999236418007795
-0.17167863564255006
-0.18574013611284207
-0.20277756606800046
-0.22361583308892452
-0.24941668590627872
-0.2818684320625635
-0.32351314832127853
-0.37825592524182516
-0.45165588500724196
-0.5479985827520364
-0.6513602217201395
-0.6532536875159107
-0.1566140915115287
1.8905102760603891
7.562851991346621
19.73061700815709
40.47038475919686
68.2912850701487
96.31054053956659
114.23905618497295
114.23905618497076
96.3105405395606
68.2912850701405
40.47038475918806
19.730617008149018
7.5628519913397865
1.8905102760547796
-0.15661409151615513
-0.6532536875197539
-0.6513602217234411
-0.5479985827549055
-0.45165588500977183
-0.37825592524408147
-0.32351314832329725
-0.28186843206437107
-0.24941668590791444
-0.22361583309041613
-0.20277756606932998
-0.18574013611404605
-0.17167863564363844
-0.15999236418105983
-0.15023495668306686
-0.14206931217072508
-0.1352375865510427
-0.12954069759675751
-0.12482403431055356
-0.12096732904643673
-0.11787739569092015
-0.11548289132812853
-0.11373054460107604
-0.1125824794386461
-0.1120143872089329
-0.1992212948302638
-0.20023163530750948
-0.2022734448422544
-0.20538995371186758
-0.20964852024234165
-0.21514388118537978
-0.22200291076994627
-0.23039132749756253
-0.24052300890276213
-0.25267290421642713
-0.26719504292436363
-0.2845479444800023
-0.30533105854318815
-0.33033811548332137
-0.36063725529231
-0.39769523949236585
-0.4435776902553815
-0.5012866165462384
-0.5753448629087665
-0.6727219744449154
-0.8034727243203083
-0.9761102680414413
-1.1661671203893635
-1.194370122937669
-0.3941022448100101
3.013760978659845
12.554604640817999
33.12484887303076
68.29128507015201
115.55336365892236
163.20843217537794
193.72108241989125
193.72108241988758
163.20843217536748
115.55336365890842
68.291285070137
33.12484887301693
12.554604640806366
3.013760978650244
-0.39410224481783157
-1.194370122944246
-1.1661671203949178
-0.9761102680463238
-0.803472724324582
-0.6727219744487487
-0.5753448629121807
-0.5012866165493157
-0.4435776902581475
-0.39769523949487917
-0.3606372552945657
-0.3303381154853703
-0.3053310585450364
-0.2845479444816666
-0.2671950429258402
-0.25267290421775623
-0.24052300890393447
-0.2303913274985787
-0.22200291077081954
-0.21514388118609823
-0.2096485202429375
-0.2053899537123045
-0.2022734448425585
-0.20023163530768126
-0.1992212948303543
-0.28882161833555775
-0.29028633849159713
-0.2932464087369441
-0.29776449960533663
-0.30393825970164917
-0.3119050275470667
-0.32184873041158013
-0.33400960657967893
-0.34869770805077377
-0.3663116185823159
-0.38736455835996764
-0.4125212166007334
-0.4426505724303643
-0.4789032256686276
-0.5228275389465765
-0.5765496695025782
-0.6430637988949435
-0.7267215283823814
-0.834080985211585
-0.975263813140498
-1.164969420228395
-1.4161920673466906
-1.6962818500430328
-1.755348916673463
-0.6559242248244296
4.11414504146409
17.545519487689706
46.584703853046406
96.31054053957419
163.20843217538274
230.70583732547405
273.9385061042625
273.93850610425727
230.7058373254589
163.20843217536293
96.31054053955279
46.58470385302682
17.545519487673197
4.114145041450527
-0.6559242248355596
-1.7553489166827108
-1.6962818500509456
-1.416192067353562
-1.1649694202344547
-0.975263813145901
-0.834080985216426
-0.7267215283867205
-0.6430637988988488
-0.5765496695061412
-0.5228275389497813
-0.47890322567149823
-0.4426505724329718
-0.41252121660308433
-0.3873645583620864
-0.3663116185841635
-0.3486977080524405
-0.3340096065811029
-0.32184873041283496
-0.3119050275480703
-0.3039382597024944
-0.2977644996059483
-0.2932464087373868
-0.29028633849184504
-0.28882161833566045
-0.34678024569681
-0.34853888244615855
-0.35209293177684303
-0.35751763904248113
-0.3649302459302971
-0.3744956476304323
-0.38643467574320994
-0.40103577103640325
-0.4186711950138701
-0.4398195030102647
-0.46509688558148754
-0.49530138959820347
-0.5314763342639977
-0.5750031523807538
-0.6277408255191645
-0.6922420190682251
-0.7721015161328849
-0.8725438513038032
-1.0014437356003778
-1.1709629867618303
-1.398814294588386
-1.7009382597931622
-2.0395989360458326
-2.119960677645823
-0.8314677467675224
4.807306884194556
20.726117296420554
55.18658861342172
114.23905618498436
193.7210824199011
273.9385061042685
325.3266515757705
325.32665157576423
273.93850610425056
193.7210824198776
114.23905618495891
55.18658861339839
20.726117296400936
4.807306884178415
-0.8314677467807192
-2.119960677656846
-2.039598936055205
-1.7009382598013159
-1.3988142945955857
-1.1709629867682194
-1.0014437356061592
-0.8725438513089312
-0.7721015161375422
-0.692242019072433
-0.6277408255229611
-0.5750031523841945
-0.5314763342670923
-0.4953013896010067
-0.46509688558395756
-0.4398195030125136
-0.41867119501582306
-0.4010357710381105
-0.3864346757446405
-0.3744956476316519
-0.3649302459312982
-0.3575176390432048
-0.3520929317773665
-0.3485388824464611
-0.3467802456969762
-0.3467802456968262
-0.3485388824461784
-0.3520929317768452
-0.3575176390424707
-0.36493024593031126
-0.3744956476304341
-0.3864346757431961
-0.40103577103643406
-0.4186711950138615
-0.43981950301029515
-0.4650968855814702
-0.49530138959822
-0.5314763342639891
-0.5750031523807702
-0.6277408255191764
-0.6922420190682126
-0.772101516132905
-0.8725438513037922
-1.0014437356004162
-1.1709629867618236
-1.3988142945884015
-1.7009382597931713
-2.0395989360458424
-2.1199606776458575
-0.8314677467675232
4.807306884194525
20.726117296420547
55.18658861342169
114.2390561849844
193.72108241990122
273.9385061042685
325.3266515757704
325.32665157576434
273.9385061042508
193.7210824198776
114.23905618495894
55.18658861339836
20.726117296400922
4.8073068841784
-0.8314677467807299
-2.11996067765684
-2.039598936055206
-1.7009382598013325
-1.3988142945955833
-1.1709629867682294
-1.0014437356061336
-0.8725438513089605
-0.7721015161375299
-0.6922420190724321
-0.627740825522958
-0.5750031523842007
-0.5314763342671013
-0.4953013896009945
-0.4650968855839822
-0.4398195030124889
-0.41867119501584144
-0.40103577103810706
-0.3864346757446735
-0.37449564763163634
-0.36493024593130985
-0.357517639043209
-0.35209293177739265
-0.34853888244647657
-0.3467802456969742
-0.2888216183355645
-0.290286338491606
-0.293246408736945
-0.29776449960534684
-0.3039382597016418
-0.3119050275470674
-0.32184873041157924
-0.33400960657967366
-0.3486977080507775
-0.3663116185823109
-0.3873645583599717
-0.41252121660072516
-0.44265057243037265
-0.4789032256686141
-0.5228275389465772
-0.5765496695025705
-0.6430637988949433
-0.7267215283823796
-0.8340809852115876
-0.9752638131405176
-1.164969420228405
-1.416192067346713
-1.6962818500430552
-1.7553489166734857
-0.6559242248244689
4.114145041464045
17.54551948768962
46.58470385304628
96.31054053957402
163.20843217538248
230.70583732547362
273.938506104262
273.9385061042568
230.70583732545867
163.20843217536265
96.31054053955262
46.58470385302669
17.545519487673126
4.114145041450487
-0.6559242248355619
-1.7553489166827165
-1.6962818500509327
-1.41619206735355
-1.1649694202344447
-0.9752638131458848
-0.8340809852164205
-0.7267215283867049
-0.6430637988988422
-0.5765496695061136
-0.5228275389497676
-0.47890322567149596
-0.4426505724329689
-0.41252121660308094
-0.387364558362075
-0.3663116185841715
-0.34869770805242484
-0.334009606581097
-0.32184873041281936
-0.3119050275480729
-0.30393825970249
-0.2977644996059481
-0.29324640873739755
-0.2902863384918547
-0.28882161833567566
-0.19922129483027956
-0.20023163530752275
-0.20227344484226703
-0.2053899537118713
-0.2096485202423507
-0.21514388118537991
-0.2220029107699616
-0.23039132749757618
-0.24052300890277487
-0.25267290421643845
-0.26719504292435564
-0.2845479444800082
-0.3053310585431765
-0.33033811548333764
-0.3606372552922935
-0.3976952394923459
-0.4435776902553643
-0.5012866165462543
-0.5753448629087639
-0.6727219744449433
-0.8034727243203212
-0.9761102680415001
-1.1661671203893778
-1.1943701229377282
-0.3941022448100371
3.013760978659759
12.554604640817931
33.12484887303063
68.29128507015193
115.55336365892236
163.20843217537805
193.72108241989122
193.7210824198876
163.20843217536756
115.55336365890845
68.29128507013692
33.12484887301689
12.554604640806298
3.01376097865023
-0.39410224481786515
-1.1943701229442283
-1.1661671203949286
-0.9761102680463138
-0.8034727243245696
-0.6727219744487222
-0.5753448629121783
-0.5012866165492876
-0.4435776902581285
-0.3976952394948223
-0.3606372552945708
-0.330338115485352
-0.30533105854503656
-0.284547944481644
-0.2671950429258572
-0.25267290421775396
-0.24052300890393408
-0.2303913274985825
-0.22200291077080703
-0.2151438811861128
-0.2096485202429232
-0.20538995371230895
-0.2022734448425762
-0.20023163530770588
-0.19922129483036777
-0.11201438720890011
-0.11258247943857429
-0.11373054460089829
-0.1154828913278738
-0.11787739569056042
-0.12096732904601101
-0.12482403431001554
-0.12954069759616643
-0.13523758655033952
-0.14206931216994834
-0.15023495668218464
-0.15999236418008683
-0.17167863564255895
-0.1857401361128373
-0.20277756606799205
-0.22361583308891425
-0.2494166859062801
-0.28186843206256185
-0.32351314832129097
-0.3782559252418515
-0.4516558850072582
-0.5479985827520759
-0.6513602217201939
-0.653253687515947
-0.1566140915115845
1.8905102760603198
7.562851991346484
19.730617008156926
40.47038475919659
68.29128507014839
96.31054053956632
114.23905618497258
114.23905618497044
96.31054053956012
68.29128507014028
40.47038475918782
19.730617008148844
7.562851991339706
1.8905102760547154
-0.15661409151616085
-0.6532536875197623
-0.6513602217234196
-0.5479985827548979
-0.4516558850097478
-0.37825592524406043
-0.32351314832328315
-0.28186843206436596
-0.24941668590789068
-0.22361583309038277
-0.20277756606931113
-0.1857401361140485
-0.17167863564364344
-0.1599923641810554
-0.1502349566830636
-0.14206931217071436
-0.13523758655102575
-0.12954069759674008
-0.12482403431053452
-0.12096732904642596
-0.11787739569090915
-0.11548289132811365
-0.1137305446010875
-0.11258247943866759
-0.11201438720894788
-0.04910922400619773
-0.04935830139836215
-0.04986166572082757
-0.05062997603470229
-0.05167984065783034
-0.05303461877950573
-0.05472559417926971
-0.05679362937380242
-0.05929146308872168
-0.06228689532565947
-0.0658672296999843
-0.07014554202324516
-0.0752696710746345
-0.08143538336257108
-0.08890614912384462
-0.09804380360487269
-0.10935796820608064
-0.12358915785571793
-0.14185087137075897
-0.16584197117644445
-0.19790918742790217
-0.2394517182307691
-0.28141514629335573
-0.26887793446427755
-0.006449329610914195
1.0165395274654558
3.798470862441035
9.71019936398437
19.730617008154944
33.1248488730256
46.58470385303776
55.18658861341035
55.18658861340934
46.58470385303493
33.12484887302177
19.73061700815078
9.71019936398055
3.798470862437801
1.016539527462792
-0.0064493296131059395
-0.2688779344660888
-0.2814151462948964
-0.23945171823210032
-0.1979091874290894
-0.16584197117749
-0.14185087137172345
-0.12358915785656857
-0.10935796820686354
-0.09804380360557166
-0.08890614912448902
-0.08143538336314439
-0.07526967107516591
-0.07014554202370185
-0.06586722970041987
-0.06228689532602872
-0.05929146308904908
-0.05679362937406846
-0.054725594179512865
-0.053034618779711135
-0.05167984065798846
-0.050629976034816095
-0.04986166572091057
-0.04935830139841341
-0.04910922400620989
-0.014171068098686932
-0.014242955409275443
-0.014388234009304467
-0.014609981168047872
-0.014912991780006362
-0.015304009898508749
-0.01579206776396304
-0.016388963637273025
-0.017109925530170593
-0.017974531460841194
-0.019007993147041203
-0.020242967733548296
-0.02172215683108391
-0.02350211319505697
-0.025658961045812202
-0.02829726806170256
-0.031564339863840676
-0.03567412811515802
-0.0409469318701538
-0.04786043611141241
-0.05700665156206298
-0.06833894468521068
-0.07729881908826658
-0.061129547639873494
0.056569106590855026
0.46966528248687606
1.549785803586201
3.7984708624400927
7.562851991343809
12.55460464081271
17.545519487681766
20.72611729641077
20.726117296410376
17.54551948768074
12.55460464081135
7.562851991342312
3.798470862438713
1.5497858035850378
0.4696652824859052
0.056569106590054916
-0.06112954764053544
-0.07729881908881753
-0.06833894468568852
-0.05700665156249193
-0.04786043611179049
-0.04094693187051205
-0.03567412811547173
-0.031564339864139986
-0.028297268061960625
-0.025658961046057624
-0.023502113195273063
-0.02172215683128636
-0.020242967733709233
-0.019007993147205148
-0.01797453146097754
-0.017109925530286223
-0.016388963637364737
-0.015792067764052814
-0.015304009898590008
-0.014912991780060305
-0.014609981168086057
-0.014388234009337206
-0.014242955409296664
-0.014171068098681922
0.0005495216022779965
0.0005522948333843501
0.0005578988368609261
0.0005664513153679023
0.0005781355850586509
0.0005932093123094223
0.0006120172862020243
0.0006350093829945655
0.0006627654534452625
0.0006960297149605621
0.0007357585305658037
0.0007831874994638428
0.0008399270903073914
0.000908101569556045
0.0009905556041144947
0.0010911713963757575
0.0012153869283523366
0.00137121507765869
0.0015723134390824988
0.0018519387877940514
0.002332566755978649
0.0035379980698266246
0.007561664889777496
0.021583067510850845
0.0660082113234127
0.187637017455701
0.4696652824864858
1.0165395274642224
1.890510276057605
3.0137609786550015
4.1141450414571965
4.807306884186292
4.807306884186257
4.114145041457025
3.013760978654759
1.8905102760573158
1.0165395274639564
0.4696652824862623
0.18763701745550193
0.06600821132324941
0.021583067510715148
0.007561664889677296
0.003537998069742298
0.0023325667558945803
0.0018519387877239195
0.0015723134390000042
0.001371215077597462
0.001215386928273692
0.0010911713963202506
0.0009905556040529083
0.0009081015695038006
0.0008399270902543563
0.0007831874994339746
0.000735758530522691
0.0006960297149289663
0.0006627654534233156
0.0006350093829836157
0.0006120172861796122
0.000593209312285161
0.0005781355850510035
0.0005664513153604527
0.0005578988368541423
0.0005522948333722476
0.0005495216022916366
0.004710301553733239
0.0047341809261851504
0.0047824387559334755
0.004856096179893454
0.004956744209776164
0.005086620436889944
0.005248721327299411
0.005446960453645974
0.005686388216107393
0.0059734963634360694
0.006316642572750173
0.006726649315964414
0.007217662327106895
0.0078084067537478345
0.008524072505148734
0.009399234920071515
0.010482568660816313
0.01184489686120678
0.013594044492867661
0.015904730531811705
0.019081156603923895
0.023674855902369608
0.03061956322174901
0.041048759824000955
0.05478353068172373
0.0660082113232863
0.05656910659037437
-0.006449329612114738
-0.15661409151401226
-0.3941022448141189
-0.6559242248302146
-0.8314677467743132
-0.8314677467742944
-0.6559242248301234
-0.3941022448139686
-0.15661409151387407
-0.0064493296120003134
0.05656910659047612
0.06600821132335288
0.05478353068178052
0.04104875982404442
0.03061956322180305
0.02367485590241413
0.019081156603957976
0.015904730531842923
0.013594044492879983
0.01184489686123117
0.010482568660813844
0.0093992349200876
0.00852407250515282
0.007808406753755959
0.007217662327108082
0.006726649315982563
0.0063166425727500435
0.005973496363442179
0.005686388216117176
0.005446960453660081
0.005248721327297055
0.005086620436884275
0.00495674420977986
0.004856096179896266
0.004782438755929658
0.004734180926175693
0.004710301553746991
0.004851553014165131
0.00487615186531911
0.0049258638024694944
0.005001740967204724
0.005105422698773515
0.005239214595979303
0.0054062042679346185
0.005610424443879597
0.005857079483344428
0.006152859333544848
0.006506377312135299
0.006928787677131433
0.007434671050362626
0.008043330282560544
0.008780735921741743
0.009682540813152781
0.010798944045327613
0.012202961882138734
0.014005383634256772
0.016382861924862095
0.019626295306353278
0.024185203011215385
0.03050923368193608
0.03794779523407232
0.04104875982397185
0.021583067510716467
-0.06112954764030974
-0.2688779344653073
-0.6532536875180188
-1.1943701229411514
-1.7553489166783258
-2.119960677651481
-2.1199606776514517
-1.75534891667812
-1.1943701229409505
-0.6532536875177901
-0.2688779344651109
-0.06112954764014112
0.021583067510839035
0.041048759824075555
0.037947795234155576
0.03050923368201775
0.024185203011282158
0.019626295306409136
0.01638286192491263
0.014005383634289624
0.012202961882184584
0.010798944045345909
0.00968254081318746
0.008780735921762498
0.008043330282582754
0.007434671050375701
0.006928787677158067
0.006506377312143645
0.006152859333560011
0.005857079483361095
0.00561042444389959
0.005406204267936933
0.00523921459597846
0.005105422698777333
0.005001740967210168
0.004925863802461443
0.004876151865309172
0.0048515530141768634
0.004024006377773545
0.00404441009194248
0.00408564408230048
0.004148581110661763
0.004234581029619575
0.004345556371604602
0.0044840683758061144
0.004653462306247227
0.004858055371170915
0.005103397197360119
0.005396633046593568
0.005747016215104792
0.006166642705061591
0.0066715265177896
0.0072832140978489526
0.008031286178955066
0.008957394089622692
0.010122115673466783
0.011617283860314452
0.013588683759759128
0.016272594386288912
0.020015417728742185
0.02507591719778145
0.030509233681940126
0.03061956322172644
0.007561664889663826
-0.07729881908864444
-0.2814151462942487
-0.6513602217219555
-1.1661671203923045
-1.6962818500471637
-2.039598936050647
-2.039598936050619
-1.6962818500470302
-1.166167120392086
-0.6513602217217485
-0.2814151462940661
-0.07729881908848578
0.007561664889776283
0.030619563221823458
0.030509233682014993
0.025075917197852526
0.020015417728797
0.016272594386338313
0.013588683759802898
0.011617283860344552
0.010122115673511223
0.008957394089644478
0.008031286178990939
0.007283214097871367
0.006671526517814416
0.006166642705076993
0.005747016215133207
0.005396633046603563
0.005103397197379806
0.004858055371189831
0.004653462306268908
0.004484068375810555
0.004345556371604405
0.004234581029620031
0.004148581110666182
0.004085644082287163
0.004044410091931079
0.004024006377783536
0.0032208987074086393
0.0032372304453606
0.003270235360104777
0.0033206120486825937
0.0033894489981030748
0.003478277087227796
0.0035891464533586116
0.0037247348107263753
0.0038884978756506187
0.004084877871752812
0.004319594280917693
0.0046000540179426804
0.004935939541166157
0.005340069647945414
0.005829691899309163
0.006428485485780969
0.007169792424772041
0.008102104071403667
0.009298910396165448
0.010876720268446358
0.01302343631316669
0.016009887916576895
0.020015417728738577
0.024185203011215784
0.02367485590234816
0.003537998069731223
-0.0683389446855352
-0.23945171823153155
-0.5479985827536022
-0.9761102680440301
-1.416192067350274
-1.7009382597973486
-1.7009382597972615
-1.4161920673501474
-0.9761102680438859
-0.5479985827534388
-0.23945171823137476
-0.06833894468540369
0.0035379980698215683
0.023674855902426503
0.02418520301127622
0.020015417728792412
0.016009887916618216
0.013023436313205537
0.010876720268483527
0.009298910396188739
0.008102104071444974
0.007169792424795738
0.006428485485816775
0.00582969189932978
0.005340069647970781
0.004935939541181224
0.004600054017971183
0.004319594280927942
0.004084877871776303
0.0038884978756706014
0.003724734810748198
0.0035891464533639966
0.0034782770872237197
0.0033894489980990086
0.0033206120486817545
0.0032702353600893436
0.003237230445347538
0.003220898707419251
0.002620565872718854
0.0026338536187557413
0.0026607069114784367
0.002701694141835789
0.002757700922302037
0.0028299728036191504
0.0029201778151441513
0.003030494595349561
0.003163734781319201
0.0033235126538670844
0.0035144817002454695
0.003742668343778276
0.0040159504484444265
0.00434475769035223
0.004743123121089163
0.005230312777062195
0.005833454679220839
0.006592002393522333
0.00756574424324263
0.008849432539498069
0.010595679711663114
0.013023436313172845
0.016272594386292583
0.019626295306358316
0.019081156603906732
0.0023325667558945625
-0.05700665156235232
-0.19790918742858027
-0.4516558850085993
-0.8034727243225597
-1.1649694202315413
-1.3988142945920365
-1.3988142945920323
-1.164969420231431
-0.8034727243224109
-0.45165588500846426
-0.19790918742845326
-0.05700665156224273
0.002332566755964714
0.01908115660396971
0.01962629530640481
0.01627259438633249
0.013023436313204477
0.010595679711694736
0.008849432539531807
0.00756574424326089
0.006592002393560997
0.0058334546792466494
0.005230312777097713
0.004743123121107277
0.004344757690377883
0.0040159504484593295
0.0037426683438066023
0.003514481700256927
0.003323512653893654
0.0031637347813398137
0.0030304945953724917
0.0029201778151527785
0.002829972803613732
0.0027577009222974702
0.002701694141829895
0.002660706911465991
0.0026338536187424416
0.002620565872731405
0.002188698954870687
0.0021997968894001086
0.00222222477764486
0.0022564573399327372
0.002303234240065818
0.002363595762406528
0.0024389350454903386
0.0025310716886582513
0.0026423539716530706
0.002775800542164471
0.0029352979928331754
0.003125879591956076
0.003354124929975947
0.0036287448688177466
0.003961459805733529
0.0043683607186097905
0.004872104888656953
0.005505643746038499
0.006318911276223532
0.007391036440032145
0.008849432539498459
0.01087672026845126
0.013588683759764568
0.01638286192486966
0.015904730531800592
0.0018519387877265988
-0.047860436111658855
-0.1658419711770327
-0.37825592524302915
-0.6727219744469148
-0.9752638131432827
-1.1709629867650566
-1.1709629867650808
-0.9752638131432009
-0.6727219744468134
-0.37825592524290963
-0.16584197117692417
-0.04786043611157194
0.0018519387877811177
0.01590473053184996
0.01638286192490466
0.013588683759792893
0.010876720268478416
0.008849432539526098
0.007391036440067509
0.006318911276239464
0.005505643746076124
0.004872104888684503
0.0043683607186443645
0.003961459805748446
0.0036287448688424075
0.0033541249299910807
0.0031258795919823484
0.002935297992846058
0.002775800542189415
0.0026423539716713433
0.0025310716886781884
0.0024389350455001494
0.002363595762398245
0.002303234240061694
0.002256457339920095
0.002222224777638279
0.002199796889387426
0.002188698954885108
0.0018712153853586455
0.0018807034943041593
0.0018998780753471441
0.0019291449872686824
0.0019691366003257334
0.0020207422981466908
0.0020851531343502845
0.002163924761952
0.0022590648250517997
0.0023731540933296406
0.00250951537860451
0.002672451832879829
0.0028675886218658625
0.003102373020879424
0.003386825275811322
0.003734702210446382
0.004165374424892176
0.004707013339168997
0.00540230921566922
0.006318911276209507
0.007565744243235077
0.00929891039616432
0.011617283860319096
0.014005383634262158
0.013594044492854868
0.0015723134390161764
-0.040946931870382994
-0.14185087137129831
-0.32351314832234285
-0.5753448629105443
-0.834080985214075
-1.0014437356032948
-1.0014437356032997
-0.8340809852139931
-0.5753448629104542
-0.32351314832226163
-0.14185087137121297
-0.04094693187030776
0.0015723134390622218
0.013594044492897226
0.014005383634290691
0.011617283860341165
0.009298910396188909
0.00756574424325957
0.00631891127624647
0.005402309215683914
0.0047070133392050385
0.0041653744249208376
0.0037347022104794905
0.0033868252758242146
0.0031023730209032993
0.002867588621882473
0.002672451832903692
0.002509515378619734
0.002373154093349964
0.002259064825065221
0.0021639247619665396
0.002085153134358339
0.00202074229813646
0.001969136600323247
0.0019291449872522483
0.0018998780753492427
0.001880703494295376
0.0018712153853738447
0.0016303851848470758
0.0016386521461376328
0.0016553589018147175
0.0016808590751818623
0.0017157036481196602
0.0017606675373167176
0.0018167885033031988
0.0018854219805820023
0.0019683172215189085
0.002067722840221315
0.002186533988551255
0.0023284999838141802
0.0024985220066433165
0.0027030888310785677
0.002950931043817001
0.0032540348849657754
0.0036292778315831897
0.00410120543020824
0.004707013339182846
0.005505643746036588
0.0065920023935271055
0.008102104071410744
0.010122115673479516
0.012202961882149154
0.01184489686119981
0.001371215077602837
-0.03567412811536157
-0.12358915785618485
-0.2818684320635247
-0.5012866165478166
-0.7267215283846279
-0.8725438513064133
-0.872543851306425
-0.7267215283845437
-0.5012866165477611
-0.28186843206345225
-0.12358915785611749
-0.035674128115299436
0.0013712150776413064
0.011844896861234359
0.01220296188217143
0.010122115673496277
0.00810210407143276
0.006592002393549528
0.005505643746074455
0.004707013339196219
0.004101205430241109
0.0036292778316115827
0.003254034884995133
0.0029509310438284096
0.002703088831099292
0.002498522006659919
0.002328499983831472
0.0021865339885651734
0.0020677228402311123
0.001968317221523963
0.001885421980587756
0.0018167885033071487
0.0017606675373038018
0.0017157036481171175
0.0016808590751593675
0.0016553589018212193
0.001638652146128866
0.0016303851848606145
0.001442776856232144
0.0014500925362941827
0.0014648768414822616
0.0014874427034192764
0.0015182777020659366
0.0015580675838455901
0.0016077306933039003
0.0016684664938711844
0.0017418229497123893
0.0018297899244864306
0.001934929421457052
0.002060559318963564
0.002211016811325182
0.0023920439980465733
0.002611366819494825
0.002879592230292621
0.0032116555669006834
0.0036292778315815946
0.004165374424903709
0.004872104888654821
0.005833454679227512
0.007169792424777796
0.00895739408963281
0.010798944045331167
0.010482568660801432
0.001215386928288652
-0.03156433986403523
-0.1093579682065204
-0.24941668590714533
-0.44357769025680327
-0.643063798896947
-0.7721015161352298
-0.7721015161352314
-0.6430637988969246
-0.4435776902567742
-0.24941668590706242
-0.10935796820645968
-0.031564339863972835
0.0012153869283253022
0.010482568660836014
0.010798944045353287
0.008957394089648229
0.007169792424797788
0.005833454679246203
0.004872104888690798
0.0041653744249156854
0.003629277831609496
0.0032116555669267923
0.002879592230315138
0.0026113668195041763
0.0023920439980630926
0.0022110168113404645
0.002060559318975437
0.0019349294214687158
0.0018297899244866845
0.001741822949708688
0.0016684664938695151
0.0016077306933042843
0.0015580675838343721
0.0015182777020662885
0.0014874427033977813
0.0014648768414964185
0.0014500925362878887
0.0014427768562447925
0.0012936039892126956
0.001300163278323484
0.001313418988076417
0.001333651695019667
0.0013612985664921517
0.0013969744471858682
0.001441502730717917
0.0014959588636568682
0.0015617307604485985
0.0016406025452893585
0.0017348713260786131
0.0018475119326125293
0.0019824131189665633
0.0021447232845508857
0.0023413695502067147
0.0025818621670707256
0.002879592230285727
0.003254034884959516
0.0037347022104516243
0.004368360718605533
0.005230312777068629
0.006428485485786562
0.008031286178966895
0.009682540813159366
0.009399234920064102
0.0010911713963203213
-0.02829726806187302
-0.09804380360527032
-0.22361583308969932
-0.3976952394936383
-0.5765496695043792
-0.6922420190703756
-0.6922420190702966
-0.576549669504363
-0.3976952394936011
-0.22361583308964342
-0.09804380360520729
-0.028297268061816035
0.0010911713963562917
0.009399234920094686
0.00968254081317809
0.008031286178977642
0.006428485485799734
0.005230312777081476
0.004368360718636267
0.0037347022104620357
0.0032540348849822726
0.0028795922303105235
0.0025818621670864184
0.0023413695502166425
0.002144723284564452
0.0019824131189811207
0.0018475119326214037
0.0017348713260896878
0.0016406025452850317
0.0015617307604410468
0.0014959588636513145
0.001441502730716087
0.0013969744471747716
0.0013612985664924323
0.0013336516949960186
0.0013134189880937394
0.0013001632783144232
0.0012936039892254654
0.0011731089544691187
0.001179057265821836
0.0011910782466226302
0.0012094263385054225
0.001234497987858053
0.0012668507682761297
0.0013072313764777063
0.0013566150840443746
0.0014162605248117896
0.0014877856363697617
0.0015732735567263456
0.0016754220174215215
0.0017977575440188925
0.0019449489736579925
0.002123278179686639
0.0023413695502055845
0.0026113668194831397
0.0029509310438085882
0.003386825275812364
0.003961459805731531
0.004743123121100704
0.005829691899322184
0.007283214097870032
0.008780735921755257
0.008524072505147548
0.0009905556040618385
-0.025658961045976127
-0.08890614912421022
-0.20277756606870845
-0.3606372552934805
-0.522827538948231
-0.6277408255210821
-0.6277408255210798
-0.5228275389481873
-0.3606372552934664
-0.2027775660686365
-0.08890614912415916
-0.025658961045920494
0.0009905556040940159
0.008524072505172214
0.008780735921769893
0.007283214097875415
0.005829691899330213
0.004743123121109123
0.003961459805756064
0.0033868252758226304
0.002950931043828042
0.002611366819508258
0.0023413695502150817
0.0021232781796987144
0.0019449489736710112
0.0017977575440328512
0.0016754220174317277
0.001573273556738415
0.0014877856363674897
0.0014162605248053506
0.0013566150840402767
0.0013072313764764553
0.001266850768266011
0.00123449798785576
0.0012094263384789243
0.0011910782466378997
0.0011790572658071999
0.0011731089544827198
0.001074582398953878
0.0010800311253330677
0.0010910424915905595
0.0011078495693509626
0.0011308155082740971
0.0011604510524974333
0.001197440185180076
0.0012426762667880897
0.001297312220949463
0.0013628300977643623
0.0014411380763307245
0.0015347073105213445
0.0016467681390098295
0.0017815972707329688
0.0019449489736499922
0.002144723284551303
0.0023920439980385294
0.0027030888310799975
0.003102373020887093
0.0036287448688251773
0.004344757690368602
0.005340069647958877
0.00667152651780757
0.008043330282569124
0.007808406753747344
0.000908101569506829
-0.023502113195194622
-0.081435383362883
-0.1857401361134813
-0.3303381154843868
-0.4789032256700969
-0.5750031523825143
-0.5750031523825161
-0.47890322567003824
-0.33033811548432523
-0.18574013611343665
-0.081435383362843
-0.02350211319514662
0.0009081015695396586
0.007808406753768782
0.008043330282582917
0.006671526517811604
0.005340069647964139
0.004344757690374972
0.003628744868843618
0.0031023730208968917
0.002703088831094001
0.0023920439980612035
0.002144723284552511
0.001944948973664191
0.0017815972707472254
0.001646768139025705
0.0015347073105370656
0.0014411380763470825
0.0013628300977675293
0.0012973122209472966
0.0012426762667861588
0.0011974401851803508
0.0011604510524865475
0.001130815508269896
0.0011078495693229496
0.0010910424916032446
0.0010800311253136357
0.0010745823989710603
0.0009932593846183916
0.0009982957577727024
0.0010084737967047243
0.001024008934416205
0.001045236837753844
0.0010726295982313849
0.0011068194358004576
0.0011486321022317857
0.001199133268908991
0.0012596928256440136
0.0013320745420750606
0.0014185625569983862
0.001522142739264893
0.001646768139016025
0.001797757544015574
0.001982413118975725
0.0022110168113222617
0.00249852200664954
0.0028675886218724454
0.0033541249299844124
0.004015950448461529
0.0049359395411800264
0.006166642705080712
0.007434671050369919
0.007217662327109811
0.000839927090262859
-0.021722156831204043
-0.07526967107492488
-0.17167863564311758
-0.3053310585441463
-0.44265057243170114
-0.5314763342655812
-0.5314763342655492
-0.442650572431605
-0.30533105854409215
-0.17167863564307484
-0.075269671074876
-0.0217221568311643
0.0008399270902929892
0.007217662327127567
0.007434671050385044
0.006166642705084905
0.004935939541188639
0.0040159504484694325
0.003354124930002869
0.0028675886218856588
0.002498522006661827
0.0022110168113435875
0.0019824131189717237
0.0017977575440318793
0.0016467681390335443
0.0015221427392826273
0.0014185625570218288
0.0013320745420959761
0.0012596928256541815
0.0011991332689122516
0.0011486321022344558
0.0011068194358039255
0.0010726295982212302
0.0010452368377473144
0.0010240089343885074
0.0010084737967116287
0.0009982957577505092
0.0009932593846386764
0.00092566919952966
0.0009303628526805461
0.000939848286523529
0.0009543262740378913
0.0009741096402371087
0.0009996383512107972
0.0010315016048679077
0.0010704689612587056
0.0011175335736673207
0.0011739721119598183
0.001241428322530581
0.001322030910094812
0.0014185625570008295
0.0015347073105243469
0.0016754220174131102
0.0018475119326187297
0.002060559318957403
0.0023284999838184585
0.002672451832883389
0.0031258795919634425
0.003742668343795594
0.004600054017955326
0.005747016215123018
0.006928787677136738
0.0067266493159711446
0.0007831874994252434
-0.020242967733647723
-0.07014554202349907
-0.15999236418060842
-0.28454794448086906
-0.412521216601931
-0.4953013895996279
-0.4953013895996118
-0.41252121660191177
-0.2845479444808299
-0.15999236418056348
-0.0701455420234596
-0.020242967733612078
0.0007831874994550978
0.006726649315989059
0.006928787677156396
0.005747016215131832
0.004600054017968937
0.0037426683438066526
0.0031258795919832764
0.0026724518328995923
0.002328499983828494
0.0020605593189768545
0.0018475119326116086
0.0016754220174312903
0.0015347073105450274
0.0014185625570213244
0.0013220309101250256
0.0012414283225567146
0.0011739721119750283
0.0011175335736744846
0.0010704689612622293
0.0010315016048721038
0.0009996383511986914
0.0009741096402284019
0.0009543262740121536
0.0009398482865263819
0.0009303628526588428
0.0009256691995534786
0.0008692323264162233
0.0008736398131431407
0.000882546931403994
0.0008961422132600209
0.0009147194111288424
0.0009386916668193301
0.0009686122554571334
0.0010052038178070136
0.0010493989555862577
0.0011023965013467456
0.0011657399838181743
0.0012414283225266642
0.0013320745420731463
0.0014411380763274567
0.0015732735567165232
0.0017348713260865653
0.001934929421457232
0.002186533988560972
0.0025095153786122244
0.002935297992840946
0.003514481700261891
0.004319594280923983
0.005396633046601671
0.006506377312125172
0.006316642572741884
0.0007357585305163933
-0.01900799314714409
-0.0658672297002252
-0.1502349566826598
-0.26719504292514584
-0.38736455836106065
-0.46509688558276163
-0.46509688558273743
-0.3873645583609765
-0.26719504292508256
-0.1502349566826145
-0.06586722970019379
-0.019007993147119658
0.0007357585305418379
0.006316642572758196
0.006506377312148943
0.005396633046614668
0.004319594280944158
0.0035144817002780715
0.002935297992867615
0.0025095153786339397
0.0021865339885737724
0.0019349294214763414
0.0017348713260823658
0.0015732735567356377
0.0014411380763504947
0.001332074542092092
0.001241428322557921
0.0011657399838427907
0.0011023965013621257
0.0010493989555921852
0.0010052038178110518
0.000968612255461453
0.0009386916668086896
0.0009147194111186694
0.0008961422132393562
0.0008825469314033132
0.0008736398131246923
0.0008692323264411486
0.0008220003702925999
0.0008261683646975517
0.0008345914913771926
0.000847448037984322
0.0008650157951107281
0.0008876854553607872
0.000915980230142151
0.0009505834935414233
0.0009923771717681204
0.0010424949554535216
0.0011023965013345224
0.0011739721119474777
0.0012596928256327741
0.0013628300977472272
0.0014877856363480512
0.001640602545282261
0.0018297899244782115
0.002067722840223516
0.002373154093336142
0.002775800542173376
0.003323512653889218
0.004084877871765307
0.005103397197373367
0.0061528593335404376
0.005973496363435783
0.0006960297149255912
-0.01797453146092201
-0.06228689532585355
-0.14206931217034946
-0.25267290421711697
-0.3663116185832665
-0.4398195030114168
-0.4398195030114004
-0.3663116185832084
-0.25267290421708666
-0.14206931217032454
-0.062286895325829296
-0.01797453146089445
0.000696029714950778
0.005973496363456221
0.0061528593335703876
0.005103397197392773
0.004084877871789257
0.003323512653909102
0.00277580054220329
0.00237315409335988
0.0020677228402365233
0.0018297899244940586
0.0016406025452803574
0.001487785636364777
0.0013628300977686653
0.0012596928256475202
0.0011739721119748366
0.001102396501355035
0.0010424949554654968
0.0009923771717690604
0.000950583493541954
0.0009159802301439088
0.0008876854553506778
0.0008650157950991959
0.0008474480379693061
0.000834591491376412
0.0008261683646837064
0.0008220003703177936
0.0007824828417540676
0.0007864504603051763
0.0007944686461367681
0.0008067071157144616
0.0008234303048717782
0.0008450101236517546
0.0008719446300926221
0.0009048843450603182
0.0009446687961513907
0.0009923771717699256
0.0010493989555771539
0.0011175335736604666
0.0011991332689019077
0.0012973122209330302
0.001416260524793876
0.0015617307604399505
0.0017418229497073228
0.0019683172215190082
0.0022590648250575287
0.002642353971658809
0.0031637347813387
0.0038884978756608744
0.004858055371179216
0.005857079483335008
0.005686388216098513
0.000662765453410375
-0.017109925530249804
-0.059291463088901764
-0.13523758655071472
-0.24052300890336614
-0.3486977080516105
-0.4186711950148956
-0.4186711950148856
-0.3486977080515683
-0.24052300890332562
-0.13523758655068713
-0.05929146308888041
-0.017109925530225528
0.0006627654534318971
0.005686388216120566
0.005857079483366539
0.004858055371199897
0.0038884978756843743
0.0031637347813592434
0.0026423539716898268
0.002259064825080627
0.001968317221532816
0.0017418229497180551
0.0015617307604408439
0.0014162605248052343
0.0012973122209503666
0.001199133268907569
0.001117533573679471
0.0010493989555890163
0.0009923771717779877
0.0009446687961457033
0.0009048843450597803
0.0008719446300919369
0.0008450101236449771
0.0008234303048571433
0.0008067071157034137
0.0007944686461333668
0.0007864504602947569
0.0007824828417757296
0.000749528812231202
0.0007533293355380596
0.0007610098375244697
0.0007727328870614051
0.0007887517833299832
0.0008094227734269563
0.0008352229397754045
0.0008667754066460814
0.0009048843450612724
0.0009505834935373758
0.001005203817791917
0.001070468961247372
0.0011486321022218682
0.0012426762667685476
0.0013566150840261552
0.0014959588636441884
0.0016684664938678316
0.0018854219805812084
0.0021639247619584046
0.0025310716886642274
0.00303049459536653
0.003724734810735544
0.0046534623062513426
0.0056104244438710885
0.005446960453634592
0.0006350093829668038
-0.016388963637341582
-0.0567936293739586
-0.12954069759650408
-0.2303913274980961
-0.3340096065803891
-0.4010357710372998
-0.40103577103725746
-0.33400960658039563
-0.23039132749808572
-0.12954069759645498
-0.05679362937392879
-0.0163889636373172
0.0006350093829870921
0.005446960453660878
0.005610424443903752
0.004653462306275934
0.003724734810757479
0.0030304945953877746
0.00253107168869108
0.0021639247619780018
0.0018854219805924687
0.0016684664938721484
0.001495958863644386
0.0013566150840314374
0.0012426762667785052
0.0011486321022173402
0.001070468961255887
0.00100520381779527
0.0009505834935402918
0.0009048843450479085
0.0008667754066400991
0.000835222939768381
0.0008094227734187206
0.0007887517833098257
0.0007727328870504146
0.0007610098375187044
0.0007533293355304434
0.0007495288122483675
0.0007222443749632968
0.0007259065510194854
0.000733307466173534
0.000744603771403809
0.0007600395452588922
0.0007799580666289624
0.0008048190510927401
0.0008352229397846843
0.000871944630108994
0.0009159802301505295
0.0009686122554558949
0.0010315016048686714
0.0011068194358034996
0.001197440185174421
0.0013072313764750918
0.0014415027307186547
0.0016077306933160803
0.0018167885033121322
0.0020851531343616756
0.002438935045499007
0.002920177815156864
0.0035891464533627767
0.004484068375800536
0.0054062042679182305
0.00524872132727533
0.0006120172861702488
-0.01579206776403464
-0.05472559417941165
-0.12482403431031208
-0.22200291077039686
-0.3218487304121862
-0.3864346757439444
-0.38643467574394397
-0.3218487304121954
-0.22200291077035672
-0.12482403431028197
-0.05472559417938564
-0.01579206776400848
0.0006120172861885228
0.005248721327303448
0.005406204267948381
0.0044840683758230904
0.0035891464533790987
0.0029201778151746187
0.002438935045519169
0.0020851531343770036
0.0018167885033218356
0.0016077306933158495
0.0014415027307189614
0.0013072313764776326
0.0011974401851802593
0.0011068194357915636
0.0010315016048692617
0.000968612255450558
0.0009159802301486259
0.0008719446300880036
0.0008352229397742784
0.0008048190510791357
0.0007799580666200997
0.0007600395452328724
0.0007446037713915218
0.0007333074661628878
0.0007259065510149135
0.0007222443749737639
0.000699934137472014
0.0007034831882414368
0.0007106554877918679
0.0007216028480930206
0.0007365618080654785
0.0007558650426210732
0.0007799580666262113
0.0008094227734255961
0.0008450101236556986
0.000887685455352318
0.000938691666803429
0.0009996383511963534
0.0010726295982218872
0.001160451052481477
0.0012668507682613139
0.0013969744471729298
0.0015580675838437795
0.0017606675373094472
0.002020742298139653
0.0023635957624024025
0.0028299728036195832
0.0034782770872282156
0.004345556371598946
0.005239214595970579
0.005086620436871106
0.0005932093122899773
-0.01530400989856708
-0.05303461877961804
-0.120967329046234
-0.21514388118576186
-0.3119050275475955
-0.37449564763104987
-0.37449564763102006
-0.31190502754754657
-0.21514388118571598
-0.12096732904621602
-0.053034618779585124
-0.015304009898539514
0.0005932093123070346
0.00508662043690075
0.005239214595997753
0.004345556371621998
0.003478277087240034
0.0028299728036356156
0.002363595762415609
0.00202074229815299
0.0017606675373166446
0.0015580675838422864
0.0013969744471708564
0.0012668507682629302
0.001160451052481376
0.0010726295982051142
0.0009996383511904597
0.0009386916667941732
0.0008876854553475401
0.0008450101236330979
0.0008094227734114269
0.0007799580666085244
0.0007558650426113956
0.0007365618080381249
0.000721602848080635
0.0007106554877803242
0.0007034831882420899
0.0006999341374778158
0.0006820592642545725
0.0006855176794998298
0.0006925068131521694
0.0007031746001845023
0.0007177515388007732
0.0007365618080513153
0.0007600395452497645
0.0007887517833255166
0.0008234303048781744
0.0008650157951089325
0.0009147194111250613
0.0009741096402342705
0.001045236837758084
0.0011308155082751909
0.0012344979878597926
0.0013612985664978074
0.0015182777020837208
0.001715703648130995
0.001969136600333892
0.002303234240076348
0.002757700922310382
0.0033894489981085565
0.004234581029617269
0.005105422698770208
0.004956744209761797
0.000578135585048486
-0.014912991780046587
-0.05167984065792525
-0.11787739569075983
-0.2096485202426509
-0.30393825970205035
-0.3649302459307906
-0.36493024593081586
-0.30393825970206356
-0.20964852024260702
-0.11787739569072471
-0.051679840657893106
-0.014912991780024013
0.0005781355850655275
0.004956744209791069
0.005105422698794803
0.004234581029639712
0.003389448998117422
0.0027577009223231515
0.0023032342400836022
0.001969136600344163
0.0017157036481349791
0.0015182777020818744
0.001361298566494873
0.0012344979878625441
0.0011308155082730494
0.0010452368377411039
0.0009741096402266945
0.0009147194111152326
0.0008650157951044791
0.0008234303048597893
0.000788751783313809
0.0007600395452333028
0.0007365618080457691
0.0007177515387766663
0.0007031746001748183
0.0006925068131403328
0.0006855176795069189
0.0006820592642563111
0.0006682072068302464
0.0006715953844635207
0.0006784425744806762
0.0006888937074016003
0.0007031746001944398
0.0007216028480878513
0.0007446037714011848
0.0007727328870562199
0.000806707115711011
0.0008474480379679868
0.0008961422132383655
0.000954326274012548
0.0010240089343965077
0.0011078495693301606
0.0012094263384851266
0.0013336516950054292
0.001487442703419898
0.0016808590751780847
0.0019291449872655933
0.0022564573399367132
0.0027016941418389283
0.0033206120486857947
0.004148581110659267
0.005001740967201472
0.004856096179877805
0.0005664513153596359
-0.014609981168076012
-0.05062997603477576
-0.11548289132803462
-0.2053899537120854
-0.29776449960563034
-0.3575176390428262
-0.3575176390428219
-0.2977644996056191
-0.20538995371205102
-0.11548289132799872
-0.05062997603473436
-0.014609981168054838
0.0005664513153748842
0.00485609617990508
0.005001740967222036
0.004148581110681324
0.0033206120486922223
0.002701694141850406
0.0022564573399408453
0.001929144987275748
0.0016808590751807107
0.0014874427034209084
0.0013336516950036472
0.0012094263384904822
0.0011078495693264414
0.0010240089343828843
0.0009543262740034007
0.000896142213230383
0.0008474480379623017
0.0008067071156996421
0.000772732887047087
0.0007446037713890468
0.0007216028480868328
0.000703174600178672
0.000688893707396446
0.0006784425744727019
0.0006715953844762083
0.0006682072068312587
0.000658069906880608
0.0006614066827843297
0.0006681499947180709
0.0006784425744695756
0.0006925068131509809
0.000710655487780588
0.0007333074661680099
0.0007610098375191361
0.0007944686461340472
0.0008345914913690962
0.0008825469313981562
0.0009398482865197457
0.0010084737967120871
0.0010910424916013685
0.0011910782466349238
0.0013134189880917365
0.001464876841509298
0.001655358901831752
0.0018998780753630082
0.0022222247776598142
0.002660706911487229
0.003270235360108129
0.004085644082300744
0.004925863802471562
0.004782438755928235
0.0005578988368667398
-0.014388234009313494
-0.04986166572086843
-0.1137305446009857
-0.2022734448424186
-0.29324640873715546
-0.35209293177706485
-0.3520929317770636
-0.29324640873714336
-0.20227344484236265
-0.1137305446009542
-0.04986166572083172
-0.014388234009292726
0.0005578988368838117
0.004782438755955128
0.004925863802491264
0.004085644082321851
0.0032702353601133704
0.002660706911493984
0.0022222247776610706
0.0018998780753693382
0.0016553589018334296
0.001464876841511283
0.001313418988094809
0.0011910782466423317
0.0010910424916014336
0.001008473796706163
0.0009398482865144447
0.0008825469313952
0.0008345914913656292
0.000794468646130778
0.0007610098375157505
0.0007333074661610925
0.0007106554877851737
0.0006925068131443288
0.0006784425744716141
0.0006681499947162738
0.0006614066828029947
0.0006580699068825893
0.0006514283284649023
0.000654731427887918
0.0006614066827971459
0.000671595384468473
0.0006855176795096794
0.00070348318823802
0.0007259065510134375
0.0007533293355252014
0.0007864504602876706
0.0008261683646740519
0.0008736398131207618
0.0009303628526577724
0.000998295757758388
0.0010800311253212247
0.0011790572658135997
0.0013001632783189037
0.0014500925363037157
0.0016386521461383594
0.0018807034943095482
0.0021997968894026127
0.0026338536187548714
0.0032372304453559516
0.00404441009193832
0.004876151865313182
0.004734180926171111
0.0005522948333813916
-0.014242955409280552
-0.04935830139838076
-0.11258247943863396
-0.20023163530762933
-0.2902863384916916
-0.34853888244622955
-0.3485388824462398
-0.29028633849165325
-0.20023163530755705
-0.11258247943858733
-0.0493583013983435
-0.014242955409259036
0.00055229483339847
0.0047341809261962405
0.004876151865330329
0.0040444100919577435
0.0032372304453607767
0.0026338536187599107
0.0021997968894042147
0.0018807034943146314
0.0016386521461411359
0.0014500925363073302
0.0013001632783277337
0.0011790572658219335
0.0010800311253246963
0.0009982957577604897
0.0009303628526545574
0.0008736398131224594
0.0008261683646711498
0.000786450460290936
0.0007533293355270472
0.0007259065510125916
0.0007034831882463391
0.000685517679511512
0.0006715953844744454
0.0006614066828009855
0.0006547314279061255
0.0006514283284694896
0.000648141893081468
0.0006514283284590845
0.0006580699068819713
0.0006682072068307711
0.0006820592642626148
0.0006999341374766705
0.0007222443749722008
0.0007495288122412614
0.0007824828417652768
0.0008220003703037081
0.0008692323264322002
0.0009256691995446695
0.0009932593846396767
0.0010745823989728419
0.001173108954489638
0.0012936039892333488
0.0014427768562664863
0.0016303851848737537
0.0018712153853948726
0.002188698954898741
0.0026205658727416984
0.003220898707422772
0.004024006377787984
0.004851553014173236
0.0047103015537342694
0.0005495216022897748
-0.014171068098681763
-0.04910922400620499
-0.11201438720893209
-0.19922129483032197
-0.288821618335595
-0.3467802456968331
-0.3467802456968792
-0.2888216183355228
-0.19922129483028186
-0.11201438720886994
-0.049109224006167254
-0.014171068098656099
0.0005495216023118958
0.004710301553761155
0.0048515530141917
0.004024006377804484
0.0032208987074265104
0.0026205658727421195
0.002188698954898296
0.0018712153853936038
0.0016303851848752402
0.0014427768562663276
0.0012936039892469456
0.0011731089544965508
0.0010745823989819483
0.0009932593846498012
0.0009256691995473093
0.0008692323264389594
0.000822000370305282
0.0007824828417727236
0.000749528812250123
0.0007222443749756976
0.0006999341374882123
0.0006820592642700257
0.000668207206840196
0.0006580699068908665
0.0006514283284751885
0.0006481418930889601
