-1.8292962980461292e-05
-1.8385754803027312e-05
-1.8573279552445273e-05
-1.885950906305062e-05
-1.9250631902589818e-05
-1.9755352393220463e-05
-2.0385327952055834e-05
-2.1155785819584784e-05
-2.2086379423911965e-05
-2.3202375953592282e-05
-2.4536312561924846e-05
-2.6130333973558426e-05
-2.8039545478825683e-05
-3.0336923578771813e-05
-3.3120694454583474e-05
-3.652577961423698e-05
-4.074227823960625e-05
-4.6046808951126184e-05
-5.2858064935499036e-05
-6.183318441011685e-05
-7.398925544083331e-05
-9.057644561923718e-05
-0.00011135934296370767
-0.00012711213040323427
-9.803626651820682e-05
8.825806455689718e-05
0.0006614948587550788
0.0019483160810206215
0.0041959284267685925
0.007254645957966233
0.0103616602756633
0.01235887935535673
0.012358879355196325
0.010361660275635544
0.007254645957956312
0.004195928426734944
0.0019483160809906307
0.0006614948587116214
8.825806452475804e-05
-9.80362665524912e-05
-0.00012711213044198406
-0.00011135934298645735
-9.057644563896167e-05
-7.398925544902302e-05
-6.183318441898004e-05
-5.2858064939351776e-05
-4.604680896757477e-05
-4.074227825173095e-05
-3.652577964167016e-05
-3.312069447328438e-05
-3.0336923591119805e-05
-2.8039545481703136e-05
-2.6130333972465364e-05
-2.4536312558468836e-05
-2.3202375954863892e-05
-2.2086379433885795e-05
-2.1155785823889307e-05
-2.0385327973618074e-05
-1.9755352411490482e-05
-1.9250631931265678e-05
-1.885950907509921e-05
-1.857327958454051e-05
-1.8385754790386586e-05
-1.8292962996574404e-05
-1.8385754789691538e-05
-1.847901730988765e-05
-1.8667493283631613e-05
-1.8955174700939344e-05
-1.9348281525819812e-05
-1.985556223091747e-05
-2.0488733364687883e-05
-2.1263099406790507e-05
-2.2198413480004575e-05
-2.3320070941687495e-05
-2.466077399136093e-05
-2.6262881128740745e-05
-2.8181777171522632e-05
-3.049080879637456e-05
-3.328870043595041e-05
-3.6711057985780085e-05
-4.0948944911950715e-05
-4.628038298393879e-05
-5.312618920027326e-05
-6.2146835100417e-05
-7.436456801357457e-05
-9.103589764978782e-05
-0.00011192422109437247
-0.0001277569348515128
-9.853365145127796e-05
8.870547403029674e-05
0.0006648496047733037
0.0019581974860309794
0.004217209739107573
0.0072914412842679105
0.01041421469821723
0.01242156392210459
0.012421563922063247
0.010414214698189487
0.007291441284197354
0.004217209739077275
0.0019581974859902923
0.0006648496047276343
8.870547399554321e-05
-9.853365148320427e-05
-0.0001277569348887553
-0.0001119242211115275
-9.103589766839412e-05
-7.436456801812161e-05
-6.214683510585358e-05
-5.312618919992782e-05
-4.628038300280359e-05
-4.094894493046775e-05
-3.671105801803987e-05
-3.328870045816411e-05
-3.0490808811380515e-05
-2.8181777175172636e-05
-2.62628811258837e-05
-2.4660773984876388e-05
-2.3320070941179364e-05
-2.2198413485657917e-05
-2.1263099406144292e-05
-2.0488733378411355e-05
-1.985556224410874e-05
-1.934828154858181e-05
-1.895517470946924e-05
-1.8667493308772164e-05
-1.8479017293850326e-05
-1.8385754812112063e-05
-1.8573279565238885e-05
-1.8667493317641375e-05
-1.8857891645664254e-05
-1.9148507252624758e-05
-1.9545623553165648e-05
-2.0058078242964547e-05
-2.0697707374748927e-05
-2.147997152472554e-05
-2.242482528557332e-05
-2.3557923035250035e-05
-2.4912300514314298e-05
-2.6530748255340875e-05
-2.846921597028487e-05
-3.0801798428347694e-05
-3.362822699221462e-05
-3.708549065689328e-05
-4.136660161273128e-05
-4.675241728930436e-05
-5.36680467281962e-05
-6.278069786321916e-05
-7.512304446437505e-05
-9.196441317990742e-05
-0.00011306579441029792
-0.00012906003347113354
-9.95388293755061e-05
8.960964320480413e-05
0.0006716292527797358
0.001978166960054425
0.004260217468290516
0.007365801538235038
0.01052042277172402
0.012548244174114619
0.012548244174076193
0.010520422771654478
0.0073658015381927715
0.004260217468237403
0.001978166960011316
0.0006716292527361464
8.960964316949275e-05
-9.953882940453768e-05
-0.0001290600335059787
-0.00011306579442402727
-9.196441319739513e-05
-7.512304446468811e-05
-6.278069786541237e-05
-5.366804672581531e-05
-4.675241730942701e-05
-4.136660163556e-05
-3.708549069039781e-05
-3.362822701646429e-05
-3.080179844579736e-05
-2.846921597524528e-05
-2.6530748251708462e-05
-2.4912300507574074e-05
-2.3557923032535298e-05
-2.2424825286810978e-05
-2.1479971518070868e-05
-2.0697707379873063e-05
-2.0058078249149276e-05
-1.9545623566404394e-05
-1.914850725466858e-05
-1.8857891660973517e-05
-1.8667493299634434e-05
-1.8573279590783383e-05
-1.88595090661861e-05
-1.8955174729767124e-05
-1.9148507257044373e-05
-1.944360148252082e-05
-1.984683766933557e-05
-2.0367189697944666e-05
-2.101667603097479e-05
-2.181099550243584e-05
-2.2770410220034693e-05
-2.3920969916747156e-05
-2.529621943749269e-05
-2.693960875178012e-05
-2.890794979924384e-05
-3.127647920290962e-05
-3.41464652601361e-05
-3.76570080691407e-05
-4.200409426165685e-05
-4.7472909492467404e-05
-5.4495113985517964e-05
-6.374819780955353e-05
-7.628074919053869e-05
-9.338165803510887e-05
-0.00011480824155910904
-0.00013104902735527137
-0.00010107309620619031
9.098970278979322e-05
0.0006819773459244282
0.0020086473508517857
0.004325862327672094
0.0074793013767037
0.010682533593138838
0.01274160274988476
0.012741602749804426
0.010682533593147133
0.0074793013766577335
0.004325862327646137
0.0020086473508146865
0.000681977345884606
9.098970275249235e-05
-0.0001010730962329272
-0.00013104902738737102
-0.00011480824157045333
-9.33816580526593e-05
-7.628074918688058e-05
-6.374819780853984e-05
-5.449511398168148e-05
-4.747290951177514e-05
-4.200409428589719e-05
-3.76570081004055e-05
-3.414646528377865e-05
-3.12764792213352e-05
-2.8907949804957703e-05
-2.693960874897759e-05
-2.5296219432716958e-05
-2.3920969912681537e-05
-2.2770410217613222e-05
-2.1810995490918502e-05
-2.10166760287397e-05
-2.0367189697635248e-05
-1.984683767184188e-05
-1.9443601477983207e-05
-1.9148507261707374e-05
-1.8955174712454604e-05
-1.8859509089899092e-05
-1.925063191854851e-05
-1.9348281564227823e-05
-1.9545623574679706e-05
-1.9846837681013967e-05
-2.0258436483724247e-05
-2.0789579955408215e-05
-2.145253581783477e-05
-2.2263328473417377e-05
-2.32426402421673e-05
-2.441706109201662e-05
-2.5820831545248423e-05
-2.749830266768778e-05
-2.9507464603184674e-05
-3.192511427856429e-05
-3.4854620160449085e-05
-3.843796709687823e-05
-4.28752061919954e-05
-4.845743746483519e-05
-5.5625273108769456e-05
-6.507025337120107e-05
-7.78627130470135e-05
-9.531827466820231e-05
-0.00011718923670187714
-0.00013376692348720753
-0.00010316963486050058
9.287545981776269e-05
0.0006961175429697594
0.0020502975131972494
0.004415563336690987
0.007634394339013562
0.010904051578233043
0.01300581958655369
0.013005819586463324
0.010904051578196326
0.007634394338998745
0.004415563336667387
0.0020502975131677518
0.0006961175429352653
9.287545978008062e-05
-0.00010316963488494109
-0.00013376692351563376
-0.00011718923671187927
-9.531827468490819e-05
-7.786271303975741e-05
-6.507025336733757e-05
-5.5625273103395764e-05
-4.845743748137468e-05
-4.287520621441888e-05
-3.843796712350248e-05
-3.485462018137429e-05
-3.192511429654364e-05
-2.9507464608855465e-05
-2.7498302666850218e-05
-2.5820831543383213e-05
-2.4417061087225224e-05
-2.3242640237734104e-05
-2.226332845984032e-05
-2.145253581128702e-05
-2.078957995125629e-05
-2.0258436477534598e-05
-1.9846837672473893e-05
-1.954562357066378e-05
-1.9348281550080862e-05
-1.9250631936316054e-05
-1.975535240479194e-05
-1.9855562257126154e-05
-2.0058078262119916e-05
-2.0367189706399207e-05
-2.0789579961020476e-05
-2.1334649138937342e-05
-2.201498661848174e-05
-2.2847036923365766e-05
-2.385202463869915e-05
-2.5057236866430455e-05
-2.6497811864775935e-05
-2.8219263504477063e-05
-3.0281102333691356e-05
-3.2762138755054236e-05
-3.576845137918044e-05
-3.944574764441846e-05
-4.39993236174157e-05
-4.972791143152168e-05
-5.708367526468328e-05
-6.677628625299077e-05
-7.990414184576887e-05
-9.781736158714258e-05
-0.00012026176846993068
-0.0001372742113238096
-0.00010587511807044563
9.530883453444139e-05
0.0007143644110756677
0.0021040441070167967
0.004531316310765483
0.00783453127321189
0.011189905613715094
0.013346773680102826
0.01334677368006418
0.011189905613708861
0.007834531273186387
0.00453131631073991
0.0021040441069932227
0.0007143644110443422
9.530883449864925e-05
-0.00010587511809175901
-0.0001372742113478921
-0.00012026176847860263
-9.781736160232903e-05
-7.990414183529272e-05
-6.677628624655813e-05
-5.708367525676581e-05
-4.972791144406432e-05
-4.3999323635669394e-05
-3.944574766494533e-05
-3.5768451396245835e-05
-3.2762138771897845e-05
-3.0281102338349655e-05
-2.821926350615261e-05
-2.6497811865215776e-05
-2.5057236862400632e-05
-2.3852024633817164e-05
-2.2847036912016212e-05
-2.2014986610564998e-05
-2.1334649135460024e-05
-2.0789579949045554e-05
-2.0367189698636617e-05
-2.0058078252148105e-05
-1.985556224847938e-05
-1.975535241400258e-05
-2.0385327967986714e-05
-2.0488733387293695e-05
-2.0697707398189845e-05
-2.101667604122835e-05
-2.145253583120419e-05
-2.201498661888612e-05
-2.2717019262314074e-05
-2.3575602665937104e-05
-2.4612638254022084e-05
-2.585628326682033e-05
-2.734279648822995e-05
-2.9119143162155765e-05
-3.1246731555130837e-05
-3.380688522526784e-05
-3.6909065494412514e-05
-4.070362621009544e-05
-4.5402410036117876e-05
-5.131367524034435e-05
-5.890400481328503e-05
-6.890570024319461e-05
-8.24521858900597e-05
-0.00010093663960595084
-0.0001240968033704417
-0.0001416519034557829
-0.00010925205541723493
9.834596396373848e-05
0.000737139228133977
0.0021711281555513587
0.004675794143698883
0.008084333734588611
0.01154669672986013
0.013772338503234553
0.013772338503221111
0.011546696729876313
0.008084333734570681
0.004675794143670432
0.002171128155532708
0.0007371392281060472
9.83459639309695e-05
-0.00010925205543503908
-0.0001416519034745497
-0.0001240968033775734
-0.00010093663961876972
-8.245218587717927e-05
-6.890570023531796e-05
-5.890400480172654e-05
-5.1313675249002724e-05
-4.5402410049853566e-05
-4.070362622448108e-05
-3.690906550818084e-05
-3.380688524034337e-05
-3.124673155884395e-05
-2.9119143165283858e-05
-2.734279649007958e-05
-2.5856283264419646e-05
-2.4612638250128178e-05
-2.3575602659956584e-05
-2.2717019255616232e-05
-2.201498662012529e-05
-2.145253581665174e-05
-2.1016676038840485e-05
-2.06977073856478e-05
-2.048873338505687e-05
-2.0385327969581928e-05
-2.115578582325938e-05
-2.126309941224263e-05
-2.1479971535871865e-05
-2.1810995497907723e-05
-2.226332847944473e-05
-2.2847036913884926e-05
-2.3575602662529666e-05
-2.4466635948965268e-05
-2.554286596669576e-05
-2.6833514133973773e-05
-2.8376209631333523e-05
-3.021969272743029e-05
-3.242769258932837e-05
-3.50846063567178e-05
-3.8304032392467877e-05
-4.224200707878469e-05
-4.711837954923359e-05
-5.325305847872705e-05
-6.113026101035152e-05
-7.150996543732752e-05
-8.556843393657318e-05
-0.00010475150492982975
-0.0001287870395653324
-0.0001470058211338338
-0.00011338210144579902
0.00010206016593988611
0.0007649922526020673
0.0022531706601832575
0.004852488137896044
0.008389838361764296
0.011983047154073185
0.014292798347869529
0.014292798347886793
0.011983047154061365
0.008389838361737498
0.004852488137858366
0.0022531706601717156
0.000764992252573285
0.00010206016590981216
-0.0001133821014613238
-0.00014700582114697636
-0.00012878703957212273
-0.00010475150493992253
-8.556843392285871e-05
-7.150996542926035e-05
-6.113026099436943e-05
-5.3253058484309545e-05
-4.7118379559490376e-05
-4.2242007087304274e-05
-3.830403240374033e-05
-3.508460636961743e-05
-3.242769259221647e-05
-3.0219692729620753e-05
-2.8376209633161627e-05
-2.683351413376819e-05
-2.5542865964144542e-05
-2.446663595019232e-05
-2.357560265822651e-05
-2.284703692278872e-05
-2.2263328464452e-05
-2.1810995504947763e-05
-2.1479971523703407e-05
-2.1263099416477383e-05
-2.1155785820064876e-05
-2.208637943232158e-05
-2.219841348790711e-05
-2.242482530091987e-05
-2.2770410219801406e-05
-2.324264025816636e-05
-2.385202463452526e-05
-2.4612638254316783e-05
-2.554286596526888e-05
-2.6666436769062973e-05
-2.8013857453059277e-05
-2.9624412416448072e-05
-3.15489858886601e-05
-3.385411031698834e-05
-3.6627895256043025e-05
-3.998893596534128e-05
-4.410013244266941e-05
-4.919100439392387e-05
-5.559553235950267e-05
-6.381923278535832e-05
-7.465551321497385e-05
-8.933237730245454e-05
-0.00010935926988497198
-0.00013445212088628212
-0.00015347254696562783
-0.00011837065103836058
0.00010654605490453505
0.000798633653166386
0.002352263732726877
0.00506590429983608
0.008758836296294852
0.012510085121332488
0.014921426597286977
0.014921426597241867
0.012510085121330197
0.008758836296289069
0.0050659042998122275
0.002352263732716092
0.00079863365313503
0.00010654605487761906
-0.00011837065105437276
-0.00015347254697478037
-0.00013445212089462403
-0.0001093592698934127
-8.933237728898146e-05
-7.465551320826555e-05
-6.38192327648789e-05
-5.559553236268884e-05
-4.91910044018846e-05
-4.4100132445329675e-05
-3.9988935974018285e-05
-3.662789526538556e-05
-3.385411031905392e-05
-3.154898588629945e-05
-2.962441241723876e-05
-2.8013857454099854e-05
-2.6666436767716536e-05
-2.5542865973063596e-05
-2.4612638253099505e-05
-2.385202465110693e-05
-2.3242640244541688e-05
-2.2770410237466746e-05
-2.242482529219184e-05
-2.2198413497116423e-05
-2.208637942847876e-05
-2.3202375950053202e-05
-2.3320070936511524e-05
-2.3557923034905123e-05
-2.3920969901596982e-05
-2.4417061097934424e-05
-2.505723685489668e-05
-2.585628326236272e-05
-2.6833514130523164e-05
-2.801385745343309e-05
-2.9429361480004355e-05
-3.112129559057811e-05
-3.31431151231155e-05
-3.556471429847579e-05
-3.8478654715690645e-05
-4.200952405814236e-05
-4.632845337951006e-05
-5.167655962190137e-05
-5.8404698721166156e-05
-6.704392986822707e-05
-7.842774994518649e-05
-9.38462126285315e-05
-0.0001148850424242119
-0.000141245865767886
-0.00016122767813426915
-0.00012435321130760394
0.00011192524608556281
0.0008389763854412361
0.002471096933443679
0.005321835471664588
0.009201343736195182
0.013142116992972065
0.015675287416535733
0.015675287416559793
0.013142116992972422
0.00920134373615281
0.005321835471618989
0.002471096933431818
0.0008389763854026187
0.00011192524605632792
-0.00012435321132737818
-0.00016122767814274238
-0.000141245865780135
-0.00011488504243231402
-9.384621261662932e-05
-7.842774994124418e-05
-6.704392984345352e-05
-5.840469872236815e-05
-5.1676559626945456e-05
-4.632845337525069e-05
-4.20095240622889e-05
-3.847865471965122e-05
-3.556471429865354e-05
-3.314311511316664e-05
-3.112129558906374e-05
-2.9429361480869122e-05
-2.8013857452594093e-05
-2.683351414312519e-05
-2.5856283263850917e-05
-2.5057236877449622e-05
-2.4417061087162903e-05
-2.3920969929183073e-05
-2.3557923031517543e-05
-2.3320070949358547e-05
-2.320237594815499e-05
-2.4536312556133004e-05
-2.4660773982598885e-05
-2.4912300507397965e-05
-2.5296219419476474e-05
-2.582083155041697e-05
-2.6497811855515988e-05
-2.7342796482612117e-05
-2.8376209626669607e-05
-2.9624412414725945e-05
-3.112129559209246e-05
-3.2910501153184064e-05
-3.5048557654836094e-05
-3.760937759599161e-05
-4.069084404922164e-05
-4.442470735555768e-05
-4.899193704454579e-05
-5.464751206469551e-05
-6.176245927924065e-05
-7.089836874139621e-05
-8.293665555519506e-05
-9.924154107608554e-05
-0.00012148992724061301
-0.00014936635068254955
-0.00017049733883259848
-0.00013150429072235264
0.00011835430839045292
0.0008871959900461035
0.0026131334762758765
0.005627740883189906
0.00973025824114455
0.013897564701238516
0.016576353922228153
0.01657635392226474
0.013897564701280469
0.009730258241115234
0.005627740883152925
0.0026131334762477306
0.0008871959900016012
0.00011835430835714923
-0.00013150429074853506
-0.0001704973388442542
-0.00014936635069972296
-0.00012148992725102529
-9.924154106635042e-05
-8.293665555499072e-05
-7.089836871404717e-05
-6.176245927769133e-05
-5.464751206510363e-05
-4.8991937032066616e-05
-4.442470735282106e-05
-4.0690844045899076e-05
-3.760937759310633e-05
-3.5048557635547154e-05
-3.2910501148995175e-05
-3.112129559062022e-05
-2.9624412414377198e-05
-2.837620964167209e-05
-2.734279648710248e-05
-2.6497811880996372e-05
-2.5820831544409573e-05
-2.52962194534641e-05
-2.4912300510612035e-05
-2.4660773997020384e-05
-2.4536312557583653e-05
-2.6130333961844336e-05
-2.626288111636613e-05
-2.6530748243098718e-05
-2.69396087312514e-05
-2.7498302668658338e-05
-2.8219263496000842e-05
-2.9119143155380823e-05
-3.0219692723535492e-05
-3.154898588460837e-05
-3.3143115123392635e-05
-3.5048557645399896e-05
-3.732551442662305e-05
-4.0052699707232064e-05
-4.333435558302116e-05
-4.7310791584195e-05
-5.217473397062664e-05
-5.81977264139036e-05
-6.577489950642182e-05
-7.550432684716788e-05
-8.832468454345402e-05
-0.00010568882260284441
-0.00012938259963804862
-0.00015907014054210127
-0.0001815744277826023
-0.00014004994599909633
0.0001260359817122326
0.0009448149672097413
0.0027828588662065553
0.005993281737679952
0.010362284856253786
0.014800288602559344
0.017653086066534356
0.017653086066522508
0.014800288602560979
0.010362284856209408
0.0059932817376354185
0.0027828588661813914
0.000944814967154421
0.00012603598167268827
-0.00014004994603174817
-0.00018157442779974189
-0.00015907014056417307
-0.00012938259965149357
-0.00010568882259559622
-8.832468454721257e-05
-7.550432681991103e-05
-6.57748995015876e-05
-5.819772640793872e-05
-5.217473394984608e-05
-4.731079157341079e-05
-4.333435557193286e-05
-4.0052699700698486e-05
-3.732551439887507e-05
-3.504855763840296e-05
-3.314311511837277e-05
-3.1548985885163367e-05
-3.021969273930297e-05
-2.911914316280888e-05
-2.821926352207907e-05
-2.7498302668533137e-05
-2.693960876747881e-05
-2.6530748252056827e-05
-2.626288113087549e-05
-2.613033396633769e-05
-2.8039545470431926e-05
-2.8181777164430554e-05
-2.8469215961602708e-05
-2.8907949783651876e-05
-2.9507464603907925e-05
-3.028110232798706e-05
-3.1246731547192274e-05
-3.2427692585312444e-05
-3.38541103108804e-05
-3.5564714303297264e-05
-3.760937759074865e-05
-4.005269971935017e-05
-4.2979146130912624e-05
-4.6500575319517604e-05
-5.07675484234399e-05
-5.598687310852786e-05
-6.2449933113763e-05
-7.058072880278691e-05
-8.102103119219941e-05
-9.477809962101407e-05
-0.00011341093768279667
-0.00013883590773384682
-0.00017069270174077398
-0.00019484192553499246
-0.00015028578373982464
0.00013523525644823772
0.001013823780342293
0.0029861374995902054
0.006431089379991536
0.011119264432821796
0.015881484836513183
0.018942693794872213
0.018942693794830066
0.015881484836509717
0.011119264432797548
0.0064310893799409685
0.0029861374995520194
0.0010138237802856645
0.0001352352564032842
-0.0001502857837760168
-0.00019484192555689904
-0.00017069270176467188
-0.00013883590775080803
-0.00011341093767833758
-9.477809962812043e-05
-8.102103116786752e-05
-7.058072879452255e-05
-6.244993310178544e-05
-5.598687308064166e-05
-5.076754840581821e-05
-4.650057530099286e-05
-4.29791461213498e-05
-4.005269968594495e-05
-3.76093775823526e-05
-3.5564714294710145e-05
-3.385411031398121e-05
-3.2427692601112556e-05
-3.1246731558739116e-05
-3.0281102352748053e-05
-2.950746461041965e-05
-2.8907949817599364e-05
-2.8469215974581394e-05
-2.818177717685192e-05
-2.8039545477645563e-05
-3.033692357185522e-05
-3.049080879096469e-05
-3.080179842073661e-05
-3.127647918988047e-05
-3.19251142774939e-05
-3.276213875253139e-05
-3.380688522031893e-05
-3.508460635859664e-05
-3.662789525359902e-05
-3.8478654727412226e-05
-4.069084404673335e-05
-4.333435559778116e-05
-4.650057531757108e-05
-5.0310526587882367e-05
-5.492710642048377e-05
-6.0574066784106e-05
-6.756666516835954e-05
-7.636364120453443e-05
-8.765934739552154e-05
-0.00010254356991684757
-0.00012270304853893838
-0.0001502111865301973
-0.0001846782975416002
-0.000210807029976997
-0.0001626033308353498
0.00014630290124078985
0.001096858014549445
0.0032307347981411828
0.006957890088347433
0.01203011866303598
0.017182463623421664
0.02049445099807109
0.020494450998063508
0.017182463623388242
0.012030118662991768
0.006957890088303744
0.003230734798112098
0.0010968580144921328
0.00014630290119420808
-0.0001626033308712085
-0.00021080703000196492
-0.00018467829756448338
-0.00015021118654951946
-0.00012270304853770087
-0.00010254356992609262
-8.765934737641661e-05
-7.636364119330803e-05
-6.756666515260422e-05
-6.057406675254028e-05
-5.4927106399063935e-05
-5.031052656298207e-05
-4.650057530634553e-05
-4.333435556340078e-05
-4.0690844038518336e-05
-3.8478654717600494e-05
-3.662789526082616e-05
-3.508460637478009e-05
-3.3806885236542166e-05
-3.276213877574511e-05
-3.192511428982176e-05
-3.127647921860435e-05
-3.080179843512153e-05
-3.0490808800203682e-05
-3.0336923580686985e-05
-3.3120694448094564e-05
-3.3288700431927814e-05
-3.362822698629786e-05
-3.4146465250673946e-05
-3.485462015806352e-05
-3.5768451377905675e-05
-3.6909065487468674e-05
-3.8304032391578e-05
-3.998893595497622e-05
-4.2009524062396286e-05
-4.442470734474425e-05
-4.731079159231013e-05
-5.076754841790874e-05
-5.492710642245604e-05
-5.9967310178493015e-05
-6.613244329382834e-05
-7.376669140606903e-05
-8.337088814809563e-05
-9.570309963202265e-05
-0.00011195311081293773
-0.00013396244185889843
-0.0001639947913755817
-0.00020162490849530413
-0.0002301524509371972
-0.00017752967233609473
0.00015971077033065828
0.0011974644564928928
0.003527101511671151
0.0075961947191888765
0.013133771960202243
0.018758822957524075
0.022374673928090127
0.02237467392814424
0.018758822957529973
0.01313377196018228
0.007596194719118208
0.0035271015116349028
0.001197464456444966
0.00015971077028609562
-0.00017752967236840976
-0.00023015245096207027
-0.00020162490851424882
-0.00016399479139610147
-0.00013396244186143986
-0.00011195311082245888
-9.570309961844467e-05
-8.337088813422217e-05
-7.376669139014675e-05
-6.613244326231568e-05
-5.9967310156553344e-05
-5.49271063928651e-05
-5.076754840622495e-05
-4.731079156138035e-05
-4.442470733856937e-05
-4.200952405454672e-05
-3.9988935967657305e-05
-3.830403240858404e-05
-3.690906550910216e-05
-3.576845139963169e-05
-3.4854620175066584e-05
-3.414646527252745e-05
-3.362822700035484e-05
-3.32887004371862e-05
-3.3120694457510765e-05
-3.6525779620855016e-05
-3.671105799849942e-05
-3.708549066883819e-05
-3.765700807610585e-05
-3.843796710218127e-05
-3.944574764930354e-05
-4.070362620577058e-05
-4.2242007081944724e-05
-4.410013243834863e-05
-4.632845339385625e-05
-4.899193704807907e-05
-5.217473399041852e-05
-5.598687311371722e-05
-6.0574066792545425e-05
-6.613244329566065e-05
-7.293140027960274e-05
-8.135050794217942e-05
-9.194208872387195e-05
-0.0001055421423099055
-0.00012346277078080086
-0.00014773482100725183
-0.00018085476926245272
-0.0002223539159754122
-0.00025381599158457
-0.00019578898564718135
0.00017610642812094862
0.0013205134730441784
0.0038895895474420706
0.008376918257063354
0.014483681645753442
0.02068691983377336
0.024674440230438684
0.02467444023036535
0.02068691983374861
0.014483681645739705
0.00837691825701007
0.003889589547420993
0.001320513473007115
0.0001761064280811
-0.00019578898567490125
-0.0002538159916087127
-0.00022235391598910423
-0.00018085476928266748
-0.00014773482101372928
-0.0001234627707900059
-0.0001055421423009758
-9.19420887079605e-05
-8.135050792891045e-05
-7.293140025143716e-05
-6.61324432756005e-05
-6.0574066760188184e-05
-5.5986873102233276e-05
-5.217473396702816e-05
-4.899193704452218e-05
-4.6328453390845695e-05
-4.4100132455064056e-05
-4.2242007099751674e-05
-4.070362623094105e-05
-3.944574766962738e-05
-3.843796712135084e-05
-3.765700809071958e-05
-3.7085490680365264e-05
-3.67110580011176e-05
-3.6525779628557744e-05
-4.0742278226646966e-05
-4.094894490565509e-05
-4.13666016121083e-05
-4.200409426344345e-05
-4.287520619475226e-05
-4.399932362673089e-05
-4.540241003649624e-05
-4.7118379556307464e-05
-4.919100439126387e-05
-5.167655963313085e-05
-5.464751206668558e-05
-5.81977264291658e-05
-6.244993312061654e-05
-6.756666517895998e-05
-7.376669141302653e-05
-8.135050794656488e-05
-9.074150130146321e-05
-0.00010255575187871215
-0.00011772576346780162
-0.00013771510197535004
-0.0001647890579388616
-0.00020173237350556766
-0.00024802264369132683
-0.0002831191344782627
-0.0002184021929038326
0.00019640048131142318
0.0014728626650756156
0.004338410354927578
0.009343600649163798
0.016155138597861454
0.023074299933362415
0.027522030221019414
0.027522030221036727
0.023074299933324813
0.016155138597849554
0.009343600649110769
0.004338410354904129
0.0014728626650428913
0.0001964004812774329
-0.00021840219292744336
-0.0002831191345010448
-0.00024802264370114716
-0.00020173237352503963
-0.000164789057948783
-0.00013771510198400713
-0.00011772576346248903
-0.00010255575186154147
-9.074150129237163e-05
-8.135050792361502e-05
-7.37666913961392e-05
-6.756666514723274e-05
-6.244993310920091e-05
-5.819772641511605e-05
-5.4647512065465206e-05
-5.167655963614748e-05
-4.91910044092195e-05
-4.711837957361044e-05
-4.540241006231962e-05
-4.3999323644460485e-05
-4.2875206213702945e-05
-4.2004094270406876e-05
-4.1366601619657883e-05
-4.094894490688859e-05
-4.0742278230898645e-05
-4.6046808959975436e-05
-4.6280382994611026e-05
-4.6752417304515666e-05
-4.747290950357638e-05
-4.845743746871646e-05
-4.9727911438872204e-05
-5.131367523651476e-05
-5.325305848109957e-05
-5.559553235550535e-05
-5.840469872957513e-05
-6.176245928295708e-05
-6.577489951963918e-05
-7.058072881174974e-05
-7.636364121332983e-05
-8.337088815427687e-05
-9.194208872704797e-05
-0.00010255575187981065
-0.00011590816759382538
-0.0001330532448591815
-0.0001556450966751721
-0.00018624396016330555
-0.00022799728172689392
-0.00028031535381502714
-0.0003199857324246365
-0.00024685822477865996
0.00022190777397749497
0.0016644644501794441
0.00490291663568754
0.010559490554125181
0.018257528980838413
0.026077221540772886
0.031103834258600017
0.03110383425853661
0.026077221540729834
0.018257528980832084
0.010559490554065095
0.0049029166356614196
0.0016644644501551896
0.00022190777394795848
-0.0002468582247998284
-0.0003199857324474531
-0.0002803153538223531
-0.00022799728174575131
-0.0001862439601765091
-0.0001556450966849015
-0.00013305324485685273
-0.00011590816757680049
-0.00010255575187525017
-9.194208870969011e-05
-8.337088814144748e-05
-7.636364118529591e-05
-7.05807288007906e-05
-6.577489951528723e-05
-6.17624592832227e-05
-5.8404698738082414e-05
-5.55955323706703e-05
-5.325305849556837e-05
-5.131367525833769e-05
-4.9727911452363514e-05
-4.845743748374372e-05
-4.7472909503402674e-05
-4.675241730553545e-05
-4.628038299586691e-05
-4.604680895914362e-05
-5.285806493261181e-05
-5.3126189192967315e-05
-5.36680467295153e-05
-5.449511398543284e-05
-5.562527310615888e-05
-5.708367526981239e-05
-5.8904004808679785e-05
-6.113026100793241e-05
-6.381923277363128e-05
-6.704392985929373e-05
-7.089836872656784e-05
-7.550432683906116e-05
-8.102103118721391e-05
-8.765934739209043e-05
-9.570309963171498e-05
-0.0001055421423095645
-0.00011772576346725546
-0.00013305324485847134
-0.00015273438427666351
-0.0001786679703002518
-0.00021379301205754983
-0.0002617229629736297
-0.00032178294836741563
-0.0003673344421701433
-0.000283434623427065
0.000254546021110133
0.0019101956359010607
0.005627124016621532
0.012119544796515532
0.020955172717939292
0.02993048706774573
0.03569997013914414
0.035699970139167383
0.02993048706772479
0.020955172717888368
0.012119544796439773
0.005627124016584794
0.001910195635872418
0.00025454602108213487
-0.000283434623448036
-0.000367334442194928
-0.000321782948376667
-0.00026172296299359333
-0.000213793012073069
-0.00017866797031327634
-0.00015273438427844947
-0.00013305324484463385
-0.00011772576346748288
-0.00010554214229833693
-9.570309962419931e-05
-8.765934737181704e-05
-8.10210311777259e-05
-7.550432684282584e-05
-7.089836872790324e-05
-6.704392987151502e-05
-6.381923278381487e-05
-6.113026101709689e-05
-5.890400482351031e-05
-5.708367527695248e-05
-5.5625273114554576e-05
-5.449511397791911e-05
-5.366804672304051e-05
-5.3126189193559385e-05
-5.285806492688103e-05
-6.183318440999546e-05
-6.21468350949334e-05
-6.27806978677565e-05
-6.374819780949182e-05
-6.507025336865272e-05
-6.677628625676224e-05
-6.890570024101614e-05
-7.150996544013664e-05
-7.465551321511251e-05
-7.842774995026077e-05
-8.293665555840618e-05
-8.832468455365363e-05
-9.477809963575286e-05
-0.00010254356993009351
-0.00011195311082564234
-0.00012346277079286103
-0.00013771510198387214
-0.00015564509668285364
-0.00017866797030385764
-0.00020900496750707114
-0.0002500945347757125
-0.00030616595089932923
-0.0003764398425646477
-0.00042979084248030973
-0.00033186486476142503
0.00029684328732198216
0.002232157974180208
0.006577358265436716
0.014167598435668484
0.024497600529266764
0.034991123545312294
0.041736610462062174
0.04173661046206446
0.03499112354526929
0.024497600529225297
0.01416759843558902
0.006577358265396433
0.0022321579741460033
0.00029684328729347566
-0.0003318648647851808
-0.0004297908425104877
-0.00037643984257980525
-0.0003061659509227166
-0.0002500945347941484
-0.00020900496752627431
-0.00017866797031184642
-0.0001556450966754349
-0.000137715101989626
-0.00012346277078830866
-0.0001119531108253705
-0.00010254356992019383
-9.477809963043093e-05
-8.832468456399143e-05
-8.293665556158636e-05
-7.842774996466616e-05
-7.46555132202341e-05
-7.150996544303545e-05
-6.890570024766318e-05
-6.67762862572032e-05
-6.507025336819649e-05
-6.374819779585916e-05
-6.278069785367494e-05
-6.214683509376656e-05
-6.183318440005098e-05
-7.398925544095333e-05
-7.436456800702395e-05
-7.512304446633585e-05
-7.628074918727214e-05
-7.786271304279977e-05
-7.990414184486826e-05
-8.245218588298396e-05
-8.556843393235392e-05
-8.933237729434834e-05
-9.384621262358177e-05
-9.92415410677991e-05
-0.00010568882260164805
-0.00011341093768568703
-0.00012270304854161682
-0.0001339624418609405
-0.00014773482101406403
-0.000164789057943796
-0.00018624396017055396
-0.0002137930120590284
-0.0002500945347741056
-0.0002992654749812586
-0.00036637978813604716
-0.0004505622572517148
-0.0005147738174008216
-0.00039884765493769666
0.00034992196531397686
0.0026573300996134575
0.007840283752673326
0.01689608257755569
0.029222392669179423
0.04174488784881896
0.04979501598753732
0.04979501598754166
0.04174488784878768
0.0292223926691214
0.016896082577470144
0.007840283752620249
0.00265733009957111
0.00034992196527880686
-0.0003988476549671346
-0.0005147738174395782
-0.0004505622572760452
-0.00036637978816631
-0.00029926547500346777
-0.0002500945348016891
-0.00021379301207475804
-0.00018624396017414017
-0.0001647890579569933
-0.00014773482101868729
-0.00013396244187025697
-0.00012270304854449177
-0.00011341093768778099
-0.00010568882261742288
-9.924154107511942e-05
-9.38462126398867e-05
-8.933237729754105e-05
-8.556843392977626e-05
-8.245218588361001e-05
-7.990414183974347e-05
-7.786271303386491e-05
-7.628074916902403e-05
-7.512304444731957e-05
-7.436456800162972e-05
-7.398925542918885e-05
-9.057644563057852e-05
-9.103589765686743e-05
-9.19644131916145e-05
-9.338165804264063e-05
-9.531827467643328e-05
-9.781736159516786e-05
-0.00010093663960772656
-0.00010475150493243285
-0.00010935926988061628
-0.00011488504242103504
-0.00012148992723063761
-0.00012938259963630165
-0.00013883590773430777
-0.00015021118653288693
-0.00016399479137454856
-0.00018085476926777002
-0.00020173237350743075
-0.00022799728173111881
-0.00026172296297263754
-0.0003061659508975306
-0.0003663797881402344
-0.00044864603552163503
-0.0005521953286675956
-0.0006327649295012139
-0.0004974441385671362
0.0004005218012212658
0.0031809328603752433
0.009438470338257681
0.020382974684606987
0.03528901237021287
0.05043768721927149
0.06017792783200604
0.06017792783200594
0.050437687219230046
0.035289012370141634
0.02038297468451197
0.009438470338189935
0.0031809328603170173
0.0004005218011761448
-0.0004974441386050339
-0.0006327649295503432
-0.0005521953287035755
-0.0004486460355612443
-0.00036637978816759256
-0.0003061659509350737
-0.0002617229629971443
-0.00022799728174869351
-0.00020173237353001268
-0.00018085476928410247
-0.00016399479139607139
-0.000150211186549289
-0.00013883590774739748
-0.0001293825996574506
-0.00012148992724517531
-0.00011488504243989785
-0.00010935926988558568
-0.0001047515049273359
-0.0001009366396057762
-9.781736158775998e-05
-9.531827466142078e-05
-9.338165802310973e-05
-9.196441317121117e-05
-9.103589764624276e-05
-9.057644561930527e-05
-0.00011135934297052847
-0.00011192422109900614
-0.00011306579441346119
-0.00011480824156218859
-0.00011718923670967434
-0.0001202617684780912
-0.0001240968033732956
-0.00012878703957043032
-0.00013445212088470447
-0.00014124586577003058
-0.0001493663506776388
-0.0001590701405483305
-0.00017069270174577045
-0.00018467829754924026
-0.00020162490849469432
-0.0002223539159788528
-0.00024802264369119126
-0.00028031535381394185
-0.00032178294836380134
-0.0003764398425597226
-0.0004505622572558335
-0.0005521953286676787
-0.0006817786042958944
-0.0007898448506903047
-0.0006537328294150174
0.0003645844347955796
0.00357952966123433
0.010871208608675865
0.023675937353650672
0.041156478993522115
0.058946250881472276
0.07039316638966431
0.07039316638966726
0.05894625088140817
0.04115647899344589
0.02367593735353575
0.010871208608598828
0.003579529661159007
0.0003645844347367111
-0.0006537328294620073
-0.0007898448507508444
-0.0006817786043431575
-0.0005521953287180423
-0.0004505622572883657
-0.00037643984260741473
-0.00032178294839643057
-0.000280315353847583
-0.0002480226437238705
-0.00022235391600876458
-0.0002016249085290888
-0.0001846782975787647
-0.00017069270177112113
-0.00015907014057500436
-0.00014936635070172326
-0.00014124586579182047
-0.00013445212089468016
-0.00012878703956634992
-0.00012409680337319845
-0.00012026176847224513
-0.00011718923669310025
-0.00011480824154484888
-0.00011306579439617165
-0.00011192422108285011
-0.00011135934296303504
-0.00012711213042422302
-0.00012775693487629883
-0.00012906003348507137
-0.0001310490273681403
-0.00013376692350166734
-0.00013727421133437966
-0.0001416519034570421
-0.00014700582113453208
-0.0001534725469548384
-0.0001612276781247589
-0.00017049733881219843
-0.00018157442777432025
-0.00019484192552428738
-0.00021080702997297205
-0.00023015245092550344
-0.00025381599157953003
-0.000283119134472499
-0.00031998573241744186
-0.0003673344421648763
-0.00042979084247290485
-0.0005147738174044069
-0.0006327649295000939
-0.0007898448506893543
-0.0009494890980341999
-0.0009160022064215421
-9.886128053433827e-05
0.0027509978831755876
0.009454876008953794
0.02144562479992264
0.03798756432134809
0.05492586401579416
0.06586058974981118
0.06586058974978694
0.05492586401571604
0.03798756432123591
0.021445624799807043
0.009454876008862167
0.002750997883098109
-9.886128059816634e-05
-0.0009160022064710791
-0.0009494890980984226
-0.000789844850741038
-0.000632764929555826
-0.000514773817437887
-0.0004297908425255445
-0.00036733444220091003
-0.00031998573246269006
-0.0002831191345121305
-0.00025381599161943436
-0.00023015245096953538
-0.0002108070300110563
-0.00019484192555923658
-0.00018157442780435877
-0.00017049733884461359
-0.0001612276781478755
-0.00015347254696973907
-0.00014700582113382502
-0.00014165190346087113
-0.00013727421133351842
-0.0001337669234871985
-0.00013104902735657837
-0.00012906003347342272
-0.00012775693485624114
-0.0001271121304219086
-9.803626653227499e-05
-9.853365147234741e-05
-9.953882937799481e-05
-0.00010107309621009016
-0.00010316963486594305
-0.0001058751180734843
-0.00010925205541102572
-0.0001133821014426044
-0.00011837065102664399
-0.00012435321130137826
-0.00013150429070743618
-0.0001400499459979869
-0.0001502857837349773
-0.0001626033308381829
-0.0001775296723307829
-0.00019578898564885286
-0.00021840219290805143
-0.0002468582247793635
-0.0002834346234341779
-0.0003318648647622767
-0.000398847654949232
-0.0004974441385684131
-0.0006537328294150268
-0.0009160022064177438
-0.0013575208626609879
-0.002051208996523495
-0.0029976853742148136
-0.004038257008775323
-0.004860936403032779
-0.005189569921343458
-0.0050466476258896956
-0.004790440314355056
-0.004790440314335377
-0.005046647625875894
-0.005189569921398216
-0.004860936403102962
-0.00403825700880446
-0.002997685374245384
-0.002051208996548555
-0.0013575208626766513
-0.0009160022064542938
-0.0006537328294428709
-0.0004974441386063086
-0.0003988476549623555
-0.0003318648648011998
-0.000283434623455696
-0.0002468582248191743
-0.00021840219293899863
-0.00019578898568428473
-0.0001775296723698695
-0.00016260333087178693
-0.00015028578376726433
-0.00014004994602221044
-0.000131504290739221
-0.00012435321131918083
-0.00011837065104081277
-0.0001133821014427416
-0.0001092520554165544
-0.0001058751180765368
-0.00010316963485428153
-0.00010107309620406435
-9.953882937230778e-05
-9.853365144986553e-05
-9.8036266534798e-05
8.825806453787325e-05
8.87054739990715e-05
8.960964319478786e-05
9.098970277526499e-05
9.287545980279796e-05
9.530883452193604e-05
9.834596396184614e-05
0.00010206016593482692
0.00010654605490954523
0.0001119252460865328
0.00011835430840226375
0.00012603598171281183
0.00013523525645395572
0.0001463029012390843
0.00015971077033864533
0.00017610642812363895
0.00019640048131214867
0.0002219077739823489
0.00025454602110212506
0.0002968432873164362
0.0003499219652891858
0.0004005218012000279
0.00036458443476408773
-9.886128056662137e-05
-0.0020512089965671826
-0.008083629889942209
-0.023042702465906895
-0.05333639118425745
-0.10323318538943242
-0.16873976247771055
-0.2338363711082299
-0.27518332638249543
-0.2751833263824587
-0.23383637110807307
-0.16873976247751188
-0.10323318538920709
-0.053336391184037754
-0.02304270246571274
-0.008083629889787631
-0.0020512089964361086
-9.886128047832525e-05
0.00036458443484254255
0.0004005218012543508
0.0003499219653582276
0.0002968432873497547
0.00025454602114540945
0.0002219077739971703
0.00019640048133291472
0.00017610642813381034
0.000159710770342359
0.00014630290124400684
0.0001352352564556451
0.00012603598172060228
0.00011835430839604702
0.00011192524609384942
0.00010654605491475146
0.00010206016594717281
9.834596396732481e-05
9.530883452448332e-05
9.287545981903622e-05
9.09897027814521e-05
8.960964319970483e-05
8.870547402299489e-05
8.825806453450789e-05
0.0006614948587349515
0.000664849604742566
0.0006716292527693316
0.0006819773459096174
0.0006961175429553726
0.0007143644110602825
0.0007371392281255319
0.0007649922525858075
0.0007986336531502166
0.0008389763854181198
0.0008871959900294497
0.000944814967179207
0.001013823780317309
0.0010968580145157335
0.001197464456467667
0.001320513473015393
0.001472862665041735
0.0016644644501482787
0.001910195635849345
0.0022321579741280523
0.002657330099537345
0.003180932860298013
0.003579529661136393
0.0027509978830709695
-0.002997685374343698
-0.02304270246600254
-0.07538295923642883
-0.1843576952983989
-0.3668802197814101
-0.6090566743489947
-0.8513121825300688
-1.0057456356171897
-1.005745635616961
-0.851312182529347
-0.6090566743480341
-0.3668802197803894
-0.1843576952974481
-0.07538295923561614
-0.023042702465341104
-0.0029976853737983754
0.0027509978835081597
0.003579529661512592
0.003180932860611785
0.0026573300998338164
0.002232157974364448
0.00191019563607334
0.0016644644503257722
0.0014728626652115516
0.0013205134731597156
0.0011974644565967499
0.001096858014631965
0.0010138237804205852
0.0009448149672772032
0.0008871959901029247
0.000838976385495112
0.0007986336532157338
0.0007649922526442354
0.0007371392281719489
0.0007143644110944138
0.0006961175429961377
0.0006819773459327559
0.0006716292527857087
0.000664849604771516
0.000661494858736511
0.0019483160810081779
0.001958197486000863
0.001978166960037431
0.0020086473508231385
0.0020502975131687254
0.002104044106985503
0.002171128155528996
0.0022531706601524423
0.002352263732688692
0.0024710969334021437
0.0026131334762329217
0.002782858866151993
0.0029861374995293734
0.003230734798072663
0.0035271015115984627
0.0038895895473632265
0.0043384103548380435
0.004902916635586382
0.00562712401649121
0.006577358265290944
0.007840283752488929
0.009438470338056056
0.010871208608438168
0.009454876008680483
-0.004038257009095283
-0.05333639118458624
-0.18435769529865564
-0.4596161881356834
-0.9230840310865254
-1.5400428370821935
-2.1584471449295957
-2.5531035633950996
-2.5531035633943624
-2.158447144927724
-1.5400428370796482
-0.9230840310837686
-0.4596161881331662
-0.18435769529649954
-0.053336391182829346
-0.004038257007655962
0.009454876009868898
0.010871208609453273
0.009438470338928803
0.0078402837532718
0.006577358265964496
0.005627124017102512
0.004902916636116483
0.004338410355326684
0.00388958954779689
0.003527101511994534
0.003230734798427514
0.002986137499849958
0.0027828588664422027
0.002613133476478756
0.00247109693362874
0.002352263732887027
0.002253170660318761
0.002171128155670947
0.002104044107097562
0.002050297513272013
0.002008647350892125
0.0019781669600878846
0.001958197486043946
0.00194831608102254
0.004195928426761947
0.004217209739079102
0.00426021746825771
0.004325862327634895
0.004415563336651021
0.0045313163107090675
0.004675794143647884
0.004852488137822501
0.005065904299754857
0.005321835471566204
0.005627740883088227
0.005993281737549169
0.006431089379842
0.006957890088186986
0.0075961947189938876
0.008376918256854557
0.009343600648936377
0.01055949055386643
0.012119544796212928
0.014167598435350249
0.016896082577181375
0.020382974684197072
0.023675937353164537
0.021445624799373286
-0.004860936403704757
-0.10323318539015498
-0.3668802197821494
-0.9230840310870605
-1.861856810897299
-3.1133898065268593
-4.368996231004395
-5.170703233937268
-5.170703233935855
-4.36899623100048
-3.113389806521541
-1.8618568108915912
-0.9230840310818358
-0.3668802197777066
-0.10323318538652441
-0.004860936400733698
0.021445624801841624
0.023675937355269773
0.0203829746860213
0.01689608257879498
0.014167598436767955
0.012119544797485813
0.01055949055499757
0.009343600649967554
0.00837691825777927
0.007596194719841387
0.006957890088945711
0.006431089380530323
0.005993281738164196
0.005627740883626973
0.005321835472047973
0.005065904300181676
0.004852488138178613
0.004675794143957378
0.0045313163109600525
0.004415563336865425
0.004325862327789113
0.004260217468370503
0.004217209739151604
0.004195928426793761
0.007254645957959944
0.007291441284211911
0.007365801538193243
0.007479301376613261
0.007634394338928573
0.007834531273106262
0.008084333734482852
0.00838983836163452
0.008758836296152138
0.009201343736018846
0.00973025824095918
0.010362284856034923
0.011119264432593161
0.012030118662762906
0.013133771959910563
0.014483681645439084
0.01615513859751575
0.018257528980453994
0.020955172717486533
0.02449760052876022
0.02922239266859638
0.03528901236954023
0.041156478992759926
0.03798756432041096
-0.005189569922434991
-0.1687397624789945
-0.6090566743503814
-1.5400428370835455
-3.113389806527819
-5.21255290995285
-7.31955324692404
-8.665226231211049
-8.665226231208713
-7.319553246917521
-5.212552909943826
-3.1133898065181698
-1.540042837074672
-0.6090566743428676
-0.16873976247284905
-0.005189569917405972
0.03798756432459898
0.04115647899632741
0.03528901237264428
0.0292223926713252
0.024497600531176653
0.0209551727196486
0.01825752898239171
0.01615513859927234
0.01448368164702254
0.013133771961360043
0.012030118664061104
0.01111926443377146
0.010362284857084837
0.009730258241888997
0.00920134373684411
0.008758836296886315
0.008389838362250386
0.008084333735019777
0.007834531273546478
0.0076343943392948276
0.007479301376884328
0.007365801538392542
0.007291441284328435
0.007254645958013298
0.010361660275684038
0.010414214698157183
0.010520422771649848
0.010682533593066737
0.010904051578158956
0.011189905613593811
0.011546696729734008
0.011983047153920545
0.012510085121140498
0.013142116992757686
0.013897564701020299
0.014800288602278128
0.015881484836193175
0.0171824636230322
0.01875882295710293
0.020686919833276515
0.02307429993283199
0.02607722154017799
0.02993048706709448
0.0349911235445786
0.04174488784800756
0.050437687218343956
0.058946250880395054
0.05492586401452866
-0.005046647627382259
-0.23383637111004
-0.8513121825321566
-2.158447144931852
-4.3689962310064665
-7.319553246925439
-10.281881552098195
-12.174087016068313
-12.174087016064782
-10.281881552088773
-7.319553246912568
-4.3689962309927575
-2.1584471449193305
-0.8513121825215453
-0.23383637110135838
-0.005046647620277241
0.054925864020448474
0.05894625088543791
0.050437687222733146
0.04174488785186213
0.03499112354800188
0.029930487070155307
0.02607722154292914
0.023074299935318263
0.020686919835523558
0.018758822959156273
0.017182463624874952
0.015881484837863256
0.014800288603764828
0.013897564702343915
0.013142116993932544
0.012510085122185051
0.011983047154802732
0.011546696730500862
0.011189905614227749
0.010904051578679463
0.01068253359345898
0.010520422771934568
0.010414214698323683
0.010361660275753205
0.012358879355268032
0.01242156392206225
0.012548244174047587
0.012741602749774181
0.013005819586419396
0.01334677367995719
0.013772338503047231
0.01429279834767819
0.014921426597037072
0.015675287416279594
0.016576353921941515
0.01765308606618103
0.018942693794444104
0.020494450997606155
0.02237467392761785
0.024674440229839632
0.02752203022039521
0.031103834257874777
0.035699970138411835
0.04173661046121177
0.049795015986579615
0.06017792783091839
0.07039316638843207
0.06586058974830934
-0.004790440316129581
-0.27518332638468923
-1.0057456356198162
-2.5531035633981145
-5.170703233940371
-8.665226231213733
-12.174087016069858
-14.415530870183979
-14.415530870180037
-12.174087016058916
-8.665226231198549
-5.170703233924218
-2.5531035633832575
-1.0057456356072176
-0.2751833263743888
-0.004790440307697957
0.06586058975533511
0.07039316639441637
0.060177927836129116
0.04979501599115228
0.04173661046527984
0.03569997014204789
0.031103834261146806
0.027522030223347937
0.02467444023251314
0.022374673930060034
0.02049445099979591
0.018942693796429898
0.017653086067949318
0.01657635392352066
0.015675287417679866
0.01492142659828467
0.014292798348733482
0.013772338503965875
0.01334677368071676
0.013005819587038886
0.012741602750245037
0.012548244174390117
0.01242156392226248
0.012358879355345508
0.012358879355267588
0.012421563922057257
0.012548244174043478
0.012741602749769671
0.013005819586414235
0.013346773679952642
0.01377233850304023
0.014292798347672133
0.014921426597031327
0.015675287416273102
0.016576353921934107
0.0176530860661766
0.018942693794437783
0.020494450997600916
0.02237467392761034
0.02467444022983481
0.027522030220390986
0.03110383425786801
0.035699970138405396
0.04173661046120245
0.049795015986572995
0.060177927830906315
0.07039316638841873
0.06586058974829186
-0.004790440316139184
-0.2751833263846626
-1.005745635619677
-2.553103563397743
-5.170703233939603
-8.665226231212312
-12.174087016068082
-14.415530870181925
-14.415530870177735
-12.174087016056813
-8.665226231197215
-5.170703233923398
-2.5531035633828667
-1.0057456356070886
-0.2751833263743684
-0.004790440307712869
0.06586058975531589
0.07039316639439785
0.06017792783611527
0.04979501599114127
0.04173661046527166
0.03569997014204272
0.031103834261142216
0.027522030223344887
0.02467444023251248
0.022374673930056474
0.020494450999794172
0.018942693796427684
0.017653086067948225
0.01657635392351904
0.015675287417681268
0.014921426598285227
0.01429279834873541
0.013772338503965594
0.013346773680717784
0.013005819587035708
0.012741602750246063
0.012548244174387279
0.012421563922262614
0.012358879355342075
0.010361660275681809
0.010414214698144303
0.010520422771637073
0.010682533593055678
0.01090405157814519
0.011189905613583448
0.011546696729714517
0.011983047153904604
0.012510085121124882
0.013142116992741221
0.013897564700999704
0.014800288602263411
0.015881484836173278
0.017182463623017674
0.018758822957080905
0.0206869198332603
0.02307429993282053
0.02607722154015788
0.029930487067076746
0.034991123544553825
0.041744887847991415
0.05043768721830897
0.05894625088036151
0.054925864014479756
-0.005046647627409445
-0.23383637110996766
-0.8513121825317799
-2.1584471449308276
-4.368996231004219
-7.319553246921534
-10.281881552092795
-12.174087016061799
-12.174087016058342
-10.281881552083519
-7.319553246908791
-4.368996230990595
-2.158447144918303
-0.8513121825211852
-0.2338363711013065
-0.005046647620315953
0.05492586402039195
0.05894625088539125
0.05043768722269106
0.04174488785183541
0.034991123547979
0.029930487070140815
0.02607722154291606
0.023074299935307754
0.020686919835521653
0.018758822959146375
0.017182463624870026
0.015881484837854436
0.01480028860376203
0.01389756470234136
0.013142116993937025
0.012510085122187993
0.01198304715480878
0.011546696730501866
0.011189905614232618
0.010904051578670838
0.010682533593460317
0.010520422771927645
0.010414214698323498
0.010361660275742623
0.007254645957956899
0.007291441284195982
0.007365801538174588
0.007479301376597725
0.007634394338909219
0.007834531273092147
0.008084333734453495
0.008389838361613089
0.008758836296130454
0.009201343735996629
0.009730258240929573
0.010362284856014193
0.011119264432562595
0.012030118662738929
0.01313377195987768
0.014483681645414926
0.01615513859749676
0.018257528980425427
0.02095517271746395
0.024497600528728278
0.02922239266857416
0.035289012369494686
0.04115647899271456
0.03798756432034558
-0.005189569922470803
-0.16873976247889094
-0.6090566743498603
-1.5400428370820958
-3.1133898065247703
-5.212552909947771
-7.319553246916738
-8.665226231202386
-8.665226231199881
-7.319553246910176
-5.212552909938648
-3.1133898065151313
-1.5400428370732804
-0.6090566743423823
-0.1687397624727769
-0.005189569917458146
0.037987564324524575
0.041156478996265594
0.03528901237258726
0.029222392671289822
0.024497600531148037
0.020955172719630325
0.01825752898237442
0.016155138599258406
0.014483681647020134
0.01313377196134819
0.012030118664056183
0.011119264433761907
0.0103622848570835
0.009730258241889281
0.009201343736853327
0.008758836296891292
0.00838983836226134
0.00808433373502147
0.007834531273555535
0.007634394339283668
0.007479301376888198
0.007365801538382366
0.007291441284327521
0.007254645958000188
0.004195928426755067
0.004217209739064493
0.004260217468233404
0.004325862327616744
0.004415563336627403
0.004531316310692759
0.00467579414361211
0.004852488137798917
0.005065904299728833
0.005321835471542442
0.00562774088305284
0.005993281737524875
0.006431089379802725
0.006957890088155721
0.0075961947189523435
0.008376918256823976
0.009343600648911168
0.010559490553834145
0.012119544796189617
0.014167598435317064
0.016896082577159684
0.020382974684148812
0.02367593735311887
0.021445624799306704
-0.004860936403738161
-0.10323318539003824
-0.36688021978158714
-0.9230840310855265
-1.86185681089407
-3.113389806521372
-4.36899623099649
-5.170703233927908
-5.170703233926593
-4.368996230992651
-3.113389806516058
-1.861856810888426
-0.9230840310803178
-0.36688021977719376
-0.10323318538644985
-0.004860936400788938
0.02144562480176374
0.023675937355202695
0.020382974685963753
0.016896082578756005
0.014167598436739374
0.012119544797465558
0.010559490554979421
0.009343600649952807
0.008376918257778655
0.00759619471983128
0.006957890088944032
0.006431089380524089
0.005993281738167576
0.005627740883632025
0.005321835472062145
0.005065904300188337
0.004852488138192274
0.004675794143960132
0.0045313163109707635
0.004415563336851264
0.004325862327792836
0.004260217468357799
0.004217209739148289
0.004195928426781303
0.0019483160809976453
0.001958197485991713
0.001978166960010133
0.0020086473508053393
0.002050297513145399
0.0021040441069699496
0.0021711281554905757
0.0022531706601309296
0.00235226373266068
0.002471096933379991
0.0026131334761947886
0.00278285886612652
0.0029861374994845234
0.003230734798034417
0.0035271015115509864
0.0038895895473276248
0.004338410354806915
0.004902916635553125
0.005627124016469389
0.006577358265260576
0.007840283752469474
0.00943847033801485
0.01087120860839734
0.009454876008623433
-0.004038257009121896
-0.053336391184471324
-0.18435769529813056
-0.4596161881342877
-0.9230840310835788
-1.5400428370771677
-2.1584471449224054
-2.5531035633866077
-2.553103563385889
-2.1584471449205913
-1.5400428370746517
-0.9230840310808444
-0.45961618813179317
-0.1843576952960299
-0.05333639118276321
-0.004038257007707079
0.009454876009799915
0.010871208609391635
0.009438470338877755
0.00784028375323537
0.006577358265940794
0.00562712401708424
0.0049029166361000175
0.00433841035531346
0.003889589547797214
0.0035271015119881267
0.003230734798429898
0.002986137499849539
0.0027828588664507736
0.0026131334764898854
0.0024710969336467397
0.00235226373289518
0.002253170660333495
0.0021711281556748762
0.0021040441071096742
0.002050297513257333
0.002008647350895334
0.001978166960073536
0.0019581974860358588
0.001948316081013689
0.0006614948587194945
0.000664849604738499
0.0006716292527403538
0.000681977345892538
0.0006961175429341926
0.000714364411045787
0.000737139228087663
0.000764992252566577
0.0007986336531209851
0.0008389763853977506
0.000887195989990215
0.0009448149671541448
0.00101382378027055
0.001096858014472795
0.0011974644564168788
0.0013205134729761885
0.0014728626650062652
0.0016644644501148404
0.0019101956358284619
0.0022321579741009234
0.0026573300995199676
0.0031809328602648967
0.0035795296611004957
0.0027509978830247473
-0.002997685374362101
-0.023042702465899102
-0.07538295923598308
-0.18435769529720342
-0.36688021977890795
-0.6090566743447225
-0.8513121825239858
-1.0057456356099785
-1.0057456356097383
-0.8513121825233317
-0.6090566743437911
-0.3668802197779123
-0.18435769529629029
-0.07538295923522101
-0.023042702465288955
-0.002997685373845252
0.0027509978834520925
0.0035795296614588024
0.0031809328605722593
0.002657330099801347
0.002232157974347707
0.0019101956360583925
0.001664464450312677
0.001472862665199722
0.001320513473161425
0.0011974644565928647
0.0010968580146378895
0.001013823780425103
0.0009448149672894122
0.000887195990117139
0.0008389763855147239
0.0007986336532223647
0.0007649922526569433
0.0007371392281754666
0.0007143644111055524
0.0006961175429808287
0.0006819773459328734
0.000671629252768559
0.0006648496047567187
0.0006614948587314623
8.825806451784045e-05
8.870547399787761e-05
8.960964316494813e-05
9.098970275939563e-05
9.287545978693069e-05
9.530883450929888e-05
9.834596392800952e-05
0.00010206016591904641
0.00010654605488062151
0.0001119252460685787
0.00011835430836376639
0.00012603598168925463
0.0001352352564085906
0.00014630290119491224
0.00015971077028625858
0.00017610642808273661
0.00019640048127275342
0.00022190777394919854
0.00025454602107903205
0.00029684328729246876
0.00034992196527175836
0.000400521801174579
0.0003645844347311988
-9.886128060333831e-05
-0.0020512089965804567
-0.00808362988985387
-0.023042702465539206
-0.053336391183280936
-0.103233185387386
-0.16873976247426742
-0.2338363711032815
-0.2751833263766784
-0.27518332637660525
-0.23383637110317265
-0.16873976247406464
-0.10323318538716823
-0.053336391183091816
-0.02304270246539284
-0.00808362988974776
-0.002051208996478199
-9.886128052365151e-05
0.00036458443479678456
0.0004005218012242814
0.00034992196533034994
0.0002968432873381827
0.0002545460211341815
0.0002219077739866708
0.00019640048132159717
0.0001761064281358126
0.0001597107703380436
0.00014630290125062161
0.0001352352564608991
0.00012603598173248007
0.0001183543084088216
0.00011192524611231206
0.00010654605491829255
0.00010206016595538697
9.834596397039101e-05
9.53088345331336e-05
9.287545980389057e-05
9.09897027774936e-05
8.960964317953691e-05
8.870547399923321e-05
8.825806453100166e-05
-9.803626655572857e-05
-9.853365147393224e-05
-9.953882940745661e-05
-0.0001010730962246635
-0.00010316963487502201
-0.00010587511808369301
-0.00010925205543774461
-0.00011338210145376795
-0.00011837065105236236
-0.0001243532113156308
-0.00013150429074188454
-0.00014004994601786845
-0.00015028578377429693
-0.0001626033308782669
-0.00017752967238020837
-0.0001957889856875218
-0.0002184021929472178
-0.00024685822481103966
-0.0002834346234594447
-0.00033186486478420753
-0.00039884765496735257
-0.000497444138588966
-0.0006537328294461717
-0.0009160022064484499
-0.001357520862672161
-0.002051208996449975
-0.002997685373913437
-0.004038257007968751
-0.00486093640136423
-0.005189569918535794
-0.0050466476218059
-0.004790440309531477
-0.004790440309565741
-0.005046647621864568
-0.005189569918556784
-0.0048609364014483136
-0.004038257008030078
-0.0029976853739822115
-0.0020512089965171788
-0.0013575208627154144
-0.0009160022064916586
-0.0006537328294826466
-0.0004974441386291929
-0.0003988476549866355
-0.0003318648648081264
-0.00028343462346418463
-0.0002468582248257836
-0.00021840219294956152
-0.00019578898568055342
-0.00017752967237651056
-0.00016260333086510112
-0.0001502857837647487
-0.00014004994601204588
-0.00013150429073194677
-0.0001243532113025308
-0.00011837065104151377
-0.00011338210143910796
-0.0001092520554145167
-0.0001058751180706992
-0.0001031696348688922
-0.00010107309621297004
-9.953882939606307e-05
-9.853365148267129e-05
-9.803626653992566e-05
-0.00012711213044907296
-0.00012775693488091953
-0.00012906003351262804
-0.00013104902738082558
-0.00013376692350347018
-0.00013727421134111453
-0.00014165190347438882
-0.00014700582113909793
-0.0001534725469742855
-0.0001612276781327067
-0.0001704973388399385
-0.000181574427788203
-0.0001948419255546334
-0.00021080703000402637
-0.00023015245096843123
-0.000253815991611901
-0.0002831191345084783
-0.00031998573244572214
-0.00036733444219160395
-0.00042979084249236395
-0.0005147738174245808
-0.00063276492951772
-0.0007898448507186551
-0.0009494890980611692
-0.0009160022064335985
-9.886128047252346e-05
0.0027509978834270934
0.00945487600962086
0.021445624801311857
0.03798756432369027
0.054925864019177414
0.06586058975378972
0.06586058975378126
0.05492586401908521
0.037987564323576944
0.021445624801207007
0.009454876009505465
0.002750997883317994
-9.886128057203837e-05
-0.0009160022065063751
-0.0009494890981313553
-0.0007898448507757086
-0.0006327649295758205
-0.0005147738174586962
-0.00042979084252998544
-0.0003673344422069102
-0.0003199857324668066
-0.00028311913452016017
-0.0002538159916145698
-0.000230152450977847
-0.00021080703000569658
-0.00019484192556118386
-0.00018157442779654503
-0.00017049733884434354
-0.00016122767813318942
-0.00015347254697447942
-0.00014700582113438978
-0.0001416519034600188
-0.00013727421133012682
-0.00013376692350077073
-0.0001310490273704354
-0.0001290600335004437
-0.0001277569348961791
-0.00012711213043166124
-0.00011135934299393526
-0.00011192422110707734
-0.00011306579443655201
-0.00011480824157192554
-0.00011718923670502336
-0.0001202617684800616
-0.00012409680338052085
-0.0001287870395673309
-0.00013445212089590501
-0.00014124586577079478
-0.00014936635069649995
-0.0001590701405553057
-0.00017069270176459317
-0.00018467829756796985
-0.00020162490852646128
-0.0002223539160017142
-0.00024802264371943597
-0.0002803153538373527
-0.00032178294838817626
-0.00037643984257697884
-0.0004505622572776125
-0.000552195328684375
-0.0006817786043224945
-0.0007898448507151964
-0.0006537328294296642
0.0003645844348487827
0.003579529661448717
0.010871208609251552
0.02367593735484486
0.04115647899554302
0.05894625088436478
0.07039316639312826
0.07039316639307944
0.05894625088428797
0.041156478995478335
0.023675937354719984
0.01087120860914825
0.003579529661348047
0.0003645844347606249
-0.0006537328294953579
-0.000789844850779826
-0.000681778604374429
-0.0005521953287357002
-0.0004505622573060665
-0.00037643984260822533
-0.00032178294840064665
-0.00028031535384857485
-0.00024802264372641503
-0.0002223539160019079
-0.00020162490853635262
-0.00018467829757455289
-0.00017069270177722743
-0.00015907014056788817
-0.00014936635070790977
-0.0001412458657782869
-0.00013445212090316413
-0.00012878703956956914
-0.00012409680337408956
-0.00012026176847022777
-0.00011718923670569196
-0.00011480824156261635
-0.00011306579442509697
-0.00011192422112520655
-0.00011135934297829475
-9.057644565121256e-05
-9.103589766763364e-05
-9.196441320889386e-05
-9.3381658048423e-05
-9.531827466751247e-05
-9.78173615912046e-05
-0.00010093663960606719
-0.00010475150492163204
-0.00010935926988340114
-0.00011488504241430274
-0.00012148992724051088
-0.00012938259963583452
-0.00013883590774091382
-0.00015021118653769081
-0.00016399479139291736
-0.0001808547692790749
-0.0002017323735256827
-0.0002279972817476156
-0.00026172296299173045
-0.00030616595091125773
-0.00036637978816401193
-0.0004486460355384768
-0.0005521953286914826
-0.0006327649295241117
-0.0004974441385858251
0.0004005218012685653
0.003180932860562524
0.009438470338755623
0.02038297468562814
0.03528901237197993
0.050437687221782504
0.06017792783497707
0.060177927834962924
0.05043768722167869
0.03528901237189622
0.02038297468555297
0.009438470338667973
0.0031809328604848444
0.00040052180119835954
-0.0004974441386370302
-0.0006327649295768822
-0.0005521953287332208
-0.00044864603557719573
-0.0003663797881817139
-0.0003061659509324605
-0.000261722962999019
-0.0002279972817479582
-0.00020173237352399942
-0.00018085476927551423
-0.00016399479139807065
-0.0001502111865472011
-0.0001388359077549646
-0.00012938259964963435
-0.00012148992725504434
-0.00011488504242757286
-0.0001093592698963123
-0.00010475150493208134
-0.00010093663960832135
-9.78173615861761e-05
-9.531827467293086e-05
-9.338165804338013e-05
-9.196441320057037e-05
-9.103589768669473e-05
-9.057644563976133e-05
-7.398925545847704e-05
-7.436456801863608e-05
-7.512304447791009e-05
-7.628074918855095e-05
-7.786271303208285e-05
-7.99041418349624e-05
-8.245218587529549e-05
-8.55684339156975e-05
-8.933237729022817e-05
-9.384621261084012e-05
-9.924154106971257e-05
-0.00010568882259422728
-0.00011341093767989154
-0.00012270304853271728
-0.00013396244186444394
-0.00014773482101328975
-0.0001647890579502723
-0.00018624396017889895
-0.00021379301206938723
-0.00025009453478332306
-0.0002992654750058688
-0.00036637978815338615
-0.00045056225727318897
-0.0005147738174228489
-0.0003988476549610038
0.0003499219653558815
0.0026573300997809086
0.00784028375311523
0.016896082578446686
0.029222392670759417
0.041744887851043085
0.049795015990192384
0.04979501599014674
0.041744887851017466
0.0292223926706943
0.01689608257839524
0.007840283753043676
0.00265733009972038
0.0003499219653017241
-0.00039884765499930975
-0.0005147738174620109
-0.00045056225730545206
-0.0003663797881791099
-0.0002992654750137656
-0.000250094534794523
-0.00021379301207398238
-0.00018624396017072786
-0.00016478905794047
-0.0001477348210069645
-0.00013396244186402898
-0.00012270304854405093
-0.00011341093769401322
-0.00010568882260738514
-9.924154108590267e-05
-9.384621262851856e-05
-8.933237730919862e-05
-8.556843393469199e-05
-8.245218588736995e-05
-7.99041418374895e-05
-7.786271304421922e-05
-7.62807491900667e-05
-7.512304447549435e-05
-7.436456803713715e-05
-7.398925545250987e-05
-6.18331844259615e-05
-6.214683510627143e-05
-6.278069787635674e-05
-6.374819780692427e-05
-6.507025335897414e-05
-6.67762862424376e-05
-6.890570023134837e-05
-7.150996542013153e-05
-7.465551320737481e-05
-7.842774993335032e-05
-8.2936655555046e-05
-8.832468453987965e-05
-9.477809961979532e-05
-0.0001025435699088988
-0.00011195311081619734
-0.00012346277078059876
-0.0001377151019800871
-0.00015564509668209207
-0.0001786679703043955
-0.00020900496751120195
-0.0002500945347999975
-0.0003061659509168334
-0.0003764398425850219
-0.0004297908425022996
-0.0003318648647893099
0.0002968432873576283
0.002232157974328434
0.006577358265836385
0.014167598436449318
0.024497600530651763
0.03499112354724623
0.04173661046438491
0.04173661046437597
0.034991123547227894
0.024497600530597487
0.014167598436417411
0.006577358265772161
0.002232157974283562
0.0002968432873171464
-0.00033186486481605136
-0.0004297908425290291
-0.00037643984260823476
-0.00030616595093122694
-0.0002500945348003215
-0.00020900496751498265
-0.0001786679703068386
-0.00015564509666965722
-0.00013771510196344437
-0.0001234627707739081
-0.0001119531108102375
-0.00010254356992208817
-9.477809963323461e-05
-8.832468455268657e-05
-8.293665557108245e-05
-7.842774995488724e-05
-7.465551323156361e-05
-7.150996544740157e-05
-6.890570025181529e-05
-6.677628625393795e-05
-6.50702533769987e-05
-6.374819781654621e-05
-6.278069787955543e-05
-6.214683512447092e-05
-6.18331844242452e-05
-5.2858064949247465e-05
-5.312618920426207e-05
-5.366804673886496e-05
-5.449511398154188e-05
-5.562527310023204e-05
-5.7083675254618045e-05
-5.890400480157649e-05
-6.113026098821867e-05
-6.381923276645355e-05
-6.704392984083431e-05
-7.08983687213628e-05
-7.550432682044367e-05
-8.102103116463676e-05
-8.765934736184211e-05
-9.57030996123437e-05
-0.00010554214228809766
-0.00011772576345597495
-0.00013305324484941565
-0.0001527343842677776
-0.00017866797030041955
-0.00021379301207916478
-0.0002617229629916463
-0.0003217829483877217
-0.0003673344421936222
-0.0002834346234586735
0.0002545460211383585
0.0019101956360322871
0.005627124016977918
0.012119544797197127
0.020955172719193723
0.029930487069505417
0.035699970141263304
0.03569997014124539
0.029930487069519496
0.02095517271915171
0.01211954479718046
0.005627124016932224
0.0019101956359987718
0.00025454602110938716
-0.0002834346234757286
-0.0003673344422082899
-0.00032178294840276236
-0.0002617229629965226
-0.00021379301207475595
-0.00017866797029796456
-0.00015273438426899699
-0.00013305324483573193
-0.00011772576343495474
-0.00010554214228270652
-9.570309960361514e-05
-8.765934737629439e-05
-8.10210311776403e-05
-7.550432683296382e-05
-7.089836873641453e-05
-6.704392986424089e-05
-6.38192327948083e-05
-6.113026102083009e-05
-5.890400482758829e-05
-5.7083675272509705e-05
-5.5625273121782945e-05
-5.4495113997142915e-05
-5.366804674598463e-05
-5.312618922132129e-05
-5.285806495021864e-05
-4.60468089785888e-05
-4.62803830071865e-05
-4.675241731743673e-05
-4.747290950171486e-05
-4.8457437468326965e-05
-4.972791142653618e-05
-5.131367523500729e-05
-5.3253058464390515e-05
-5.5595532351951115e-05
-5.840469871151694e-05
-6.176245927906336e-05
-6.577489949775904e-05
-7.058072878678104e-05
-7.636364117766291e-05
-8.337088812923087e-05
-9.194208869894507e-05
-0.00010255575186507928
-0.00011590816757806624
-0.00013305324484283308
-0.00015564509667368625
-0.0001862439601814385
-0.0002279972817457023
-0.00028031535383547183
-0.0003199857324504626
-0.00024685822481260416
0.00022190777399774602
0.0016644644502964644
0.004902916636011081
0.010559490554734787
0.018257528981979586
0.02607722154229427
0.031103834260465934
0.03110383426039357
0.02607722154231221
0.018257528981925886
0.010559490554721055
0.004902916635976364
0.001664464450273573
0.00022190777397959442
-0.00024685822482095685
-0.00031998573245621185
-0.00028031535384357326
-0.00022799728174390248
-0.00018624396017409046
-0.0001556450966676172
-0.000133053244842627
-0.00011590816756597447
-0.00010255575184138054
-9.194208869678057e-05
-8.337088811999468e-05
-7.636364119351412e-05
-7.058072879922655e-05
-6.577489951057106e-05
-6.176245929163232e-05
-5.840469873470282e-05
-5.5595532381316e-05
-5.3253058498455605e-05
-5.131367526133351e-05
-4.97279114462851e-05
-4.845743748873114e-05
-4.747290951976546e-05
-4.6752417325130056e-05
-4.6280383021626186e-05
-4.604680898100751e-05
-4.0742278246456424e-05
-4.0948944921018386e-05
-4.1366601629298785e-05
-4.2004094266531063e-05
-4.287520620013081e-05
-4.399932361980176e-05
-4.540241004134862e-05
-4.7118379544930266e-05
-4.9191004392531475e-05
-5.167655961720041e-05
-5.4647512066244246e-05
-5.81977264058939e-05
-6.244993309642636e-05
-6.75666651427584e-05
-7.37666913848539e-05
-8.135050791524481e-05
-9.074150128676132e-05
-0.00010255575185946654
-0.00011772576344628903
-0.0001377151019757157
-0.00016478905795309456
-0.00020173237352584454
-0.0002480226437130774
-0.0002831191345066857
-0.00021840219293814937
0.0001964004813245687
0.0014728626651766333
0.004338410355222146
0.009343600649718597
0.01615513859888525
0.023074299934769962
0.027522030222725608
0.02752203022269345
0.02307429993480262
0.016155138598834183
0.00934360064970803
0.0043384103551992615
0.0014728626651610084
0.00019640048131446664
-0.00021840219293993814
-0.00028311913450589955
-0.0002480226437165782
-0.00020173237351950334
-0.00016478905794445236
-0.00013771510196691116
-0.0001177257634456303
-0.00010255575185069491
-9.074150126294165e-05
-8.135050791798112e-05
-7.37666913792265e-05
-6.756666515972352e-05
-6.244993310918939e-05
-5.819772641843645e-05
-5.464751207575392e-05
-5.1676559637286556e-05
-4.91910044193662e-05
-4.711837957508251e-05
-4.540241006316009e-05
-4.399932363619343e-05
-4.2875206215773175e-05
-4.200409428224144e-05
-4.136660163574627e-05
-4.094894493007902e-05
-4.074227825094366e-05
-3.6525779639580285e-05
-3.6711058017111875e-05
-3.7085490688016425e-05
-3.7657008084482806e-05
-3.843796711056363e-05
-3.944574764729729e-05
-4.0703626214316634e-05
-4.224200707553526e-05
-4.410013244305924e-05
-4.6328453380671745e-05
-4.899193705141534e-05
-5.217473396738686e-05
-5.598687309207579e-05
-6.057406675959498e-05
-6.613244326650805e-05
-7.29314002489579e-05
-8.135050793046667e-05
-9.194208870511492e-05
-0.00010554214228519656
-0.00012346277078622057
-0.00014773482101858342
-0.00018085476928421536
-0.00022235391599778061
-0.000253815991614354
-0.00019578898567995968
0.00017610642812800824
0.0013205134731346757
0.0038895895477136823
0.008376918257566318
0.014483681646685663
0.020686919835028163
0.024674440231971892
0.024674440231932694
0.02068691983502849
0.01448368164662884
0.008376918257570694
0.0038895895476873396
0.0013205134731240594
0.000176106428123671
-0.00019578898567728764
-0.0002538159916116309
-0.00022235391599873867
-0.00018085476927764003
-0.00014773482100976785
-0.00012346277077712514
-0.00010554214228492335
-9.194208870090068e-05
-8.135050790796514e-05
-7.293140025739634e-05
-6.613244326717504e-05
-6.057406677790194e-05
-5.598687310579051e-05
-5.217473397970258e-05
-4.899193705701162e-05
-4.6328453395721664e-05
-4.410013246317091e-05
-4.224200709847457e-05
-4.070362622805853e-05
-3.944574765797821e-05
-3.843796711993485e-05
-3.7657008095967136e-05
-3.708549069306839e-05
-3.671105801994164e-05
-3.6525779647322823e-05
-3.312069446350624e-05
-3.328870045294026e-05
-3.362822700416069e-05
-3.414646526217049e-05
-3.4854620164865474e-05
-3.5768451377729654e-05
-3.6909065495363414e-05
-3.830403238826112e-05
-3.998893596018398e-05
-4.200952405095954e-05
-4.4424707350037356e-05
-4.731079156982875e-05
-5.076754839835816e-05
-5.492710639577021e-05
-5.996731014872333e-05
-6.613244326702904e-05
-7.376669139878336e-05
-8.337088813323066e-05
-9.57030996062091e-05
-0.00011195311082511474
-0.0001339624418685962
-0.00016399479139772767
-0.00020162490851941253
-0.00023015245096608022
-0.00017752967236576338
0.00015971077033519578
0.0011974644565700561
0.0035271015119062734
0.007596194719630782
0.013133771961035554
0.018758822958684678
0.02237467392954567
0.022374673929495933
0.01875882295872788
0.013133771960996753
0.007596194719634512
0.00352710151189574
0.0011974644565620456
0.0001597107703326922
-0.0001775296723611114
-0.00023015245096417964
-0.0002016249085193915
-0.00016399479139257624
-0.0001339624418607897
-0.00011195311081618588
-9.570309960723094e-05
-8.337088813351645e-05
-7.376669137999056e-05
-6.613244328087563e-05
-5.996731015723314e-05
-5.492710641407211e-05
-5.076754841346164e-05
-4.731079158053657e-05
-4.4424707351808576e-05
-4.20095240603235e-05
-3.998893597123837e-05
-3.8304032402720465e-05
-3.6909065500941295e-05
-3.576845138368321e-05
-3.4854620170182585e-05
-3.414646527048123e-05
-3.36282270107298e-05
-3.3288700450893004e-05
-3.312069447562844e-05
-3.0336923582774504e-05
-3.0490808812016996e-05
-3.0801798433783856e-05
-3.1276479200620106e-05
-3.192511427733848e-05
-3.276213875060161e-05
-3.380688522336162e-05
-3.5084606356067385e-05
-3.66278952567658e-05
-3.8478654717426155e-05
-4.0690844052352634e-05
-4.333435557656973e-05
-4.650057529993921e-05
-5.031052656854763e-05
-5.492710639155504e-05
-6.057406676355891e-05
-6.756666516622571e-05
-7.636364119627466e-05
-8.765934737078945e-05
-0.00010254356993598141
-0.00012270304854883948
-0.00015021118655194856
-0.0001846782975674426
-0.00021080703000250913
-0.00016260333086110735
0.0001463029012450132
0.0010968580146169323
0.0032307347983591304
0.006957890088776501
0.012030118663784504
0.017182463624441785
0.02049445099935349
0.02049445099929276
0.017182463624481035
0.012030118663774453
0.006957890088782028
0.0032307347983478937
0.0010968580146090861
0.0001463029012426285
-0.00016260333085554415
-0.00021080703000359033
-0.00018467829756599785
-0.00015021118655007373
-0.0001227030485420599
-0.00010254356992878049
-8.765934737282335e-05
-7.636364120068275e-05
-6.756666515196017e-05
-6.0574066781874125e-05
-5.4927106406397586e-05
-5.0310526585450935e-05
-4.650057531513597e-05
-4.333435558463311e-05
-4.069084404969764e-05
-3.847865472150096e-05
-3.662789525825979e-05
-3.508460636431104e-05
-3.380688522347774e-05
-3.276213875592305e-05
-3.1925114283011985e-05
-3.127647920978261e-05
-3.080179844462685e-05
-3.0490808809315578e-05
-3.033692359912952e-05
-2.8039545477517593e-05
-2.8181777183169424e-05
-2.846921596785745e-05
-2.8907949790796508e-05
-2.9507464593785475e-05
-3.0281102322312512e-05
-3.124673154342429e-05
-3.2427692582280256e-05
-3.3854110310974336e-05
-3.556471429469757e-05
-3.760937759550929e-05
-4.005269969975735e-05
-4.2979146115195284e-05
-4.6500575307646214e-05
-5.076754839717318e-05
-5.598687309476175e-05
-6.244993311603897e-05
-7.058072880101695e-05
-8.102103117042739e-05
-9.477809964500982e-05
-0.00011341093769329375
-0.00013883590775374188
-0.0001706927017668813
-0.0001948419255537896
-0.00015028578376033254
0.00013523525645635714
0.0010138237804046607
0.0029861374997780933
0.006431089380370385
0.01111926443350893
0.015881484837472502
0.01894269379599671
0.018942693795976906
0.015881484837511683
0.011119264433486879
0.0064310893803790495
0.002986137499769492
0.0010138237803999457
0.00013523525645148552
-0.00015028578375500686
-0.00019484192555834084
-0.00017069270176451218
-0.00013883590775402532
-0.00011341093768801208
-9.477809963891399e-05
-8.102103117271761e-05
-7.058072880866773e-05
-6.244993310773234e-05
-5.598687311593702e-05
-5.076754841520747e-05
-4.650057532115765e-05
-4.297914612785622e-05
-4.005269970322466e-05
-3.7609377588130825e-05
-3.55647142944411e-05
-3.385411030478333e-05
-3.242769258734256e-05
-3.1246731542519966e-05
-3.0281102331261676e-05
-2.9507464604095468e-05
-2.8907949804229437e-05
-2.8469215984865336e-05
-2.818177718379656e-05
-2.8039545496892916e-05
-2.6130333966865446e-05
-2.6262881131835878e-05
-2.6530748241924696e-05
-2.693960873382117e-05
-2.7498302648669384e-05
-2.82192634871492e-05
-2.9119143144811448e-05
-3.021969272035535e-05
-3.15489858826746e-05
-3.314311511817888e-05
-3.504855765004453e-05
-3.7325514410677804e-05
-4.005269969497123e-05
-4.333435557817067e-05
-4.731079156390644e-05
-5.21747339632949e-05
-5.819772642048086e-05
-6.577489951003988e-05
-7.550432683023552e-05
-8.832468456926066e-05
-0.00010568882261347104
-0.0001293825996540694
-0.00015907014056625154
-0.00018157442779307158
-0.00014004994601377573
0.00012603598172488203
0.000944814967264882
0.002782858866384062
0.005993281738018306
0.010362284856863205
0.014800288603427953
0.0176530860675549
0.017653086067523707
0.014800288603440407
0.010362284856821408
0.0059932817380322695
0.002782858866373755
0.0009448149672598104
0.0001260359817172031
-0.00014004994600964703
-0.0001815744278016085
-0.00015907014056441816
-0.00012938259965634535
-0.00010568882260996613
-8.832468456484175e-05
-7.550432683256153e-05
-6.577489952045974e-05
-5.8197726417843885e-05
-5.2174733985579556e-05
-4.7310791581218616e-05
-4.3334355587550394e-05
-4.0052699701930865e-05
-3.732551440861907e-05
-3.504855763800471e-05
-3.314311511448503e-05
-3.154898587164502e-05
-3.021969272533274e-05
-2.911914314669758e-05
-2.8219263502168624e-05
-2.7498302665228353e-05
-2.6939608752638922e-05
-2.6530748264217198e-05
-2.6262881137933658e-05
-2.6130333986918693e-05
-2.4536312560016992e-05
-2.466077399382488e-05
-2.4912300498870214e-05
-2.5296219417827447e-05
-2.5820831523559833e-05
-2.6497811845086126e-05
-2.7342796466641324e-05
-2.8376209623871322e-05
-2.9624412412059987e-05
-3.112129559095305e-05
-3.2910501158088554e-05
-3.504855764330348e-05
-3.760937758846276e-05
-4.06908440501232e-05
-4.442470734339034e-05
-4.89919370422592e-05
-5.4647512075062726e-05
-6.17624592854451e-05
-7.08983687302707e-05
-8.293665557930949e-05
-9.924154108407958e-05
-0.00012148992725075303
-0.00014936635070041983
-0.0001704973388338403
-0.0001315042907300879
0.00011835430840753165
0.0008871959901000493
0.0026131334764295956
0.005627740883507454
0.009730258241688522
0.013897564702023225
0.016576353923161556
0.016576353923153334
0.01389756470203429
0.009730258241672712
0.0056277408835163825
0.0026131334764219623
0.0008871959900959012
0.00011835430839790364
-0.00013150429072835115
-0.00017049733884590032
-0.00014936635070190155
-0.00012148992725486515
-9.924154108412897e-05
-8.293665557706656e-05
-7.089836873342239e-05
-6.176245929883587e-05
-5.4647512078053606e-05
-4.899193706369114e-05
-4.442470735768666e-05
-4.069084405550213e-05
-3.760937758778855e-05
-3.504855763614005e-05
-3.2910501142871506e-05
-3.112129558494446e-05
-2.962441239914026e-05
-2.8376209629916887e-05
-2.7342796473876564e-05
-2.6497811866133004e-05
-2.5820831545401452e-05
-2.5296219440406387e-05
-2.491230052432143e-05
-2.46607740050633e-05
-2.4536312578228224e-05
-2.3202375953045902e-05
-2.3320070943118568e-05
-2.355792301954907e-05
-2.392096989639714e-05
-2.441706106794418e-05
-2.505723684367992e-05
-2.5856283242304053e-05
-2.68335141282568e-05
-2.801385745120177e-05
-2.9429361483074616e-05
-3.1121295595914413e-05
-3.314311511652592e-05
-3.556471429629377e-05
-3.8478654720518665e-05
-4.2009524054279786e-05
-4.632845338054987e-05
-5.16765596359495e-05
-5.8404698727369805e-05
-6.704392986245318e-05
-7.84277499635381e-05
-9.38462126318294e-05
-0.0001148850424275747
-0.00014124586577751383
-0.0001612276781285177
-0.00012435321131003247
0.00011192524610262862
0.0008389763854879182
0.0024710969335766946
0.0053218354719398175
0.009201343736661753
0.013142116993661485
0.01567528741732896
0.01567528741738075
0.013142116993648433
0.009201343736659838
0.00532183547195515
0.002471096933579234
0.00083897638548505
0.00011192524609391098
-0.00012435321131107655
-0.00016122767814280315
-0.00014124586578455618
-0.00011488504243390408
-9.384621263569382e-05
-7.842774996500506e-05
-6.704392986787481e-05
-5.8404698743806466e-05
-5.167655964303249e-05
-4.63284533998044e-05
-4.2009524064997484e-05
-3.8478654723384286e-05
-3.556471428833445e-05
-3.3143115106296244e-05
-3.11212955801231e-05
-2.9429361476690112e-05
-2.8013857439532923e-05
-2.6833514135671054e-05
-2.5856283256015158e-05
-2.5057236870028624e-05
-2.441706109265644e-05
-2.3920969919711436e-05
-2.355792304571389e-05
-2.3320070957720253e-05
-2.3202375967142e-05
-2.2086379433274424e-05
-2.2198413487537544e-05
-2.2424825279744226e-05
-2.2770410210907316e-05
-2.324264022797468e-05
-2.3852024621552577e-05
-2.4612638231331514e-05
-2.5542865961924344e-05
-2.6666436766904624e-05
-2.8013857457712012e-05
-2.9624412420736816e-05
-3.154898588487117e-05
-3.385411031922471e-05
-3.6627895261809226e-05
-3.998893596785728e-05
-4.4100132446181424e-05
-4.919100441227437e-05
-5.5595532364292886e-05
-6.381923278379783e-05
-7.46555132253623e-05
-8.933237730025302e-05
-0.00010935926988163188
-0.00013445212088658294
-0.00015347254695629702
-0.00011837065103690203
0.00010654605491985231
0.000798633653207199
0.0023522637328401113
0.00506590430008169
0.008758836296697102
0.012510085121897628
0.014921426597972132
0.014921426597986027
0.01251008512192465
0.008758836296710912
0.005065904300095542
0.0023522637328365612
0.0007986336532052312
0.00010654605491339106
-0.00011837065104049667
-0.00015347254697034208
-0.00013445212089979296
-0.00010935926989036029
-8.933237730655497e-05
-7.465551323139778e-05
-6.38192327923851e-05
-5.55955323836819e-05
-4.919100442090725e-05
-4.4100132461890884e-05
-3.9988935975651344e-05
-3.662789526417731e-05
-3.3854110306566674e-05
-3.154898587495744e-05
-2.9624412407734684e-05
-2.801385745360627e-05
-2.6666436759172616e-05
-2.5542865970676674e-05
-2.4612638251679346e-05
-2.3852024651889977e-05
-2.324264025363683e-05
-2.2770410231971654e-05
-2.2424825305235442e-05
-2.2198413503709795e-05
-2.208637944192988e-05
-2.1155785821877957e-05
-2.1263099403328453e-05
-2.147997151105064e-05
-2.181099548613277e-05
-2.226332845129047e-05
-2.284703689821017e-05
-2.3575602637999992e-05
-2.4466635943058622e-05
-2.5542865964027083e-05
-2.6833514137777686e-05
-2.837620963271006e-05
-3.021969272423168e-05
-3.242769259418009e-05
-3.508460636061472e-05
-3.83040323975396e-05
-4.22420070840844e-05
-4.711837957151797e-05
-5.3253058482429125e-05
-6.113026101033804e-05
-7.150996543893486e-05
-8.556843392902011e-05
-0.00010475150492117463
-0.00012878703955735433
-0.00014700582112456214
-0.00011338210144367645
0.00010206016594783068
0.0007649922526372322
0.0022531706602818046
0.004852488138098632
0.008389838362125347
0.011983047154575386
0.01429279834846278
0.014292798348491263
0.011983047154575988
0.008389838362078243
0.004852488138095091
0.002253170660287201
0.0007649922526349993
0.00010206016594540716
-0.00011338210144840216
-0.00014700582113716653
-0.00012878703957601694
-0.00010475150493187776
-8.556843393580547e-05
-7.15099654491782e-05
-6.113026102209523e-05
-5.325305850329457e-05
-4.7118379578457375e-05
-4.2242007095094084e-05
-3.830403240330756e-05
-3.508460636417078e-05
-3.242769258014992e-05
-3.0219692717638913e-05
-2.837620962533191e-05
-2.683351413829775e-05
-2.554286596249751e-05
-2.4466635953448417e-05
-2.357560266431077e-05
-2.284703693091674e-05
-2.2263328476606236e-05
-2.1810995502435927e-05
-2.147997153506866e-05
-2.1263099419131164e-05
-2.11557858251361e-05
-2.0385327963421674e-05
-2.0488733367132576e-05
-2.0697707372079008e-05
-2.1016676027443237e-05
-2.145253580693716e-05
-2.2014986600510537e-05
-2.2717019238461708e-05
-2.357560265662895e-05
-2.4612638250280695e-05
-2.5856283267249244e-05
-2.734279648534944e-05
-2.9119143157142137e-05
-3.1246731561524316e-05
-3.380688522569202e-05
-3.6909065499099236e-05
-4.070362621832514e-05
-4.540241006220213e-05
-5.131367524466521e-05
-5.890400481221468e-05
-6.890570023847654e-05
-8.245218587940184e-05
-0.00010093663959555103
-0.00012409680335692452
-0.00014165190344945236
-0.00010925205541630863
9.834596396464344e-05
0.0007371392281615285
0.002171128155625113
0.004675794143880381
0.00808433373487085
0.011546696730276213
0.013772338503715858
0.013772338503735824
0.011546696730292846
0.008084333734887986
0.004675794143882498
0.0021711281556293354
0.0007371392281573272
9.83459639648612e-05
-0.00010925205542220284
-0.00014165190346057877
-0.00012409680337920127
-0.00010093663960735
-8.245218588478872e-05
-6.890570025131473e-05
-5.8904004826910875e-05
-5.131367526496628e-05
-4.54024100645306e-05
-4.070362622411129e-05
-3.690906550335592e-05
-3.380688523151913e-05
-3.124673154881951e-05
-2.911914315562603e-05
-2.7342796484477456e-05
-2.5856283273161266e-05
-2.4612638255327463e-05
-2.3575602668568337e-05
-2.2717019268644117e-05
-2.201498663303591e-05
-2.145253583089291e-05
-2.1016676037699305e-05
-2.069770739459159e-05
-2.0488733381546387e-05
-2.038532796255241e-05
-1.9755352398186163e-05
-1.9855562226855714e-05
-2.0058078237910403e-05
-2.0367189693739476e-05
-2.0789579943080088e-05
-2.133464912077452e-05
-2.201498659790479e-05
-2.2847036912569962e-05
-2.3852024634792763e-05
-2.5057236864007765e-05
-2.6497811857794513e-05
-2.8219263497862254e-05
-3.028110234125644e-05
-3.2762138752776686e-05
-3.5768451382051725e-05
-3.944574765668035e-05
-4.3999323645650614e-05
-4.972791143826255e-05
-5.7083675260099934e-05
-6.677628624466e-05
-7.990414183361079e-05
-9.781736157756092e-05
-0.0001202617684534239
-0.00013727421132181693
-0.0001058751180713694
9.53088345281894e-05
0.0007143644110975188
0.002104044107070027
0.004531316310907198
0.00783453127343034
0.01118990561407806
0.013346773680496773
0.013346773680545395
0.011189905614035264
0.007834531273435828
0.004531316310897713
0.0021040441070745075
0.0007143644110882352
9.530883452889684e-05
-0.00010587511807980067
-0.00013727421133369474
-0.00012026176847947311
-9.781736159037518e-05
-7.990414183811959e-05
-6.677628625851148e-05
-5.7083675277508284e-05
-4.9727911455982154e-05
-4.399932364229348e-05
-3.944574765756112e-05
-3.576845138515568e-05
-3.27621387606924e-05
-3.028110233162875e-05
-2.821926350097601e-05
-2.649781186275584e-05
-2.5057236873859964e-05
-2.3852024645366952e-05
-2.284703692532417e-05
-2.2014986629611845e-05
-2.1334649150395428e-05
-2.078957996516506e-05
-2.0367189697992025e-05
-2.005807825951023e-05
-1.9855562238703215e-05
-1.9755352394938984e-05
-1.9250631911712783e-05
-1.934828152704886e-05
-1.9545623554800246e-05
-1.9846837671810673e-05
-2.0258436473448308e-05
-2.078957994009733e-05
-2.14525358016974e-05
-2.2263328463300372e-05
-2.3242640239091847e-05
-2.441706108848887e-05
-2.5820831535822363e-05
-2.749830266108205e-05
-2.9507464612572784e-05
-3.192511427569482e-05
-3.485462016236389e-05
-3.843796711426601e-05
-4.287520622048231e-05
-4.8457437475246506e-05
-5.562527309973288e-05
-6.507025336234788e-05
-7.786271303479502e-05
-9.531827466152849e-05
-0.00011718923668420192
-0.00013376692348884085
-0.0001031696348623138
9.287545980660018e-05
0.000696117542987258
0.00205029751323622
0.004415563336820737
0.00763439433918907
0.010904051578522858
0.01300581958685559
0.013005819586877628
0.010904051578517962
0.007634394339190668
0.004415563336793219
0.002050297513232744
0.0006961175429696272
9.287545980331979e-05
-0.00010316963487609846
-0.00013376692350489257
-0.000117189236714151
-9.531827467587904e-05
-7.786271303943555e-05
-6.507025337671647e-05
-5.562527311946861e-05
-4.845743748949236e-05
-4.287520621273017e-05
-3.8437967112312635e-05
-3.485462016488067e-05
-3.192511428497405e-05
-2.9507464606595303e-05
-2.749830266728221e-05
-2.582083154462782e-05
-2.4417061099737574e-05
-2.3242640253188613e-05
-2.226332847588669e-05
-2.1452535833060614e-05
-2.0789579965289654e-05
-2.0258436493908646e-05
-1.984683767199205e-05
-1.9545623576556422e-05
-1.9348281535719073e-05
-1.925063190742225e-05
-1.885950906117555e-05
-1.895517469198881e-05
-1.9148507243063294e-05
-1.9443601478836837e-05
-1.9846837667242244e-05
-2.0367189688378344e-05
-2.101667602014511e-05
-2.1810995496431975e-05
-2.2770410219284743e-05
-2.392096991518578e-05
-2.5296219427934664e-05
-2.6939608747590423e-05
-2.890794981010038e-05
-3.127647920180323e-05
-3.4146465261753726e-05
-3.765700809019575e-05
-4.200409428716592e-05
-4.7472909505410806e-05
-5.449511397261746e-05
-6.374819780163706e-05
-7.628074917869099e-05
-9.338165803139903e-05
-0.00011480824154185852
-0.00013104902735914286
-0.00010107309620700565
9.0989702777345e-05
0.000681977345935995
0.0020086473508745917
0.004325862327755774
0.007479301376807971
0.010682533593354105
0.01274160275012087
0.012741602750115686
0.010682533593318265
0.007479301376782804
0.004325862327726332
0.002008647350858172
0.0006819773459103458
9.098970276754531e-05
-0.00010107309622883238
-0.00013104902738134052
-0.00011480824157580369
-9.33816580477721e-05
-7.628074918569367e-05
-6.374819781610472e-05
-5.4495113993325005e-05
-4.74729095167811e-05
-4.2004094278257516e-05
-3.76570080891155e-05
-3.414646526542115e-05
-3.127647921144867e-05
-2.8907949807722784e-05
-2.693960875464228e-05
-2.529621943825071e-05
-2.3920969925323124e-05
-2.277041023503465e-05
-2.1810995508072935e-05
-2.1016676050904335e-05
-2.0367189709954407e-05
-1.9846837687879315e-05
-1.9443601478406832e-05
-1.9148507267208182e-05
-1.8955174696966085e-05
-1.8859509057212958e-05
-1.8573279562727307e-05
-1.8667493285138833e-05
-1.8857891637086897e-05
-1.9148507252837025e-05
-1.95456235559951e-05
-2.00580782379288e-05
-2.0697707367546325e-05
-2.1479971522206273e-05
-2.2424825286313736e-05
-2.3557923035800156e-05
-2.49123005061175e-05
-2.653074825378622e-05
-2.8469215980849343e-05
-3.080179842949483e-05
-3.3628226994090974e-05
-3.7085490677825914e-05
-4.136660163290063e-05
-4.675241730230663e-05
-5.366804671485563e-05
-6.278069785743176e-05
-7.512304445451088e-05
-9.196441317810137e-05
-0.00011306579439530128
-0.0001290600334748738
-9.953882937523581e-05
8.960964319398564e-05
0.0006716292527873262
0.001978166960068801
0.004260217468349999
0.007365801538330685
0.010520422771836785
0.012548244174300317
0.012548244174262918
0.010520422771849648
0.007365801538308118
0.0042602174683165905
0.0019781669600511323
0.0006716292527528638
8.960964317700231e-05
-9.953882940499082e-05
-0.0001290600335047325
-0.00011306579443123912
-9.196441319691738e-05
-7.512304446410539e-05
-6.278069787190091e-05
-5.366804673404713e-05
-4.6752417312501066e-05
-4.1366601626310175e-05
-3.708549068160303e-05
-3.362822700031157e-05
-3.080179843889448e-05
-2.8469215981295326e-05
-2.6530748259951692e-05
-2.4912300515549973e-05
-2.3557923043746145e-05
-2.2424825302487017e-05
-2.1479971532995677e-05
-2.0697707397991592e-05
-2.0058078258142473e-05
-1.9545623579113984e-05
-1.9148507255378062e-05
-1.8857891665074227e-05
-1.8667493286022285e-05
-1.8573279560486807e-05
-1.8385754789369875e-05
-1.847901728857044e-05
-1.8667493279514738e-05
-1.895517470321155e-05
-1.9348281530268318e-05
-1.9855562229667525e-05
-2.0488733361134685e-05
-2.126309940723636e-05
-2.219841348177148e-05
-2.3320070943934985e-05
-2.466077398604357e-05
-2.62628811292069e-05
-2.8181777179305313e-05
-3.0490808798125053e-05
-3.3288700436997754e-05
-3.6711058001270685e-05
-4.0948944924550134e-05
-4.628038299355543e-05
-5.312618918987783e-05
-6.214683509691569e-05
-7.436456800671903e-05
-9.10358976499364e-05
-0.00011192422108395535
-0.00012775693485440068
-9.853365145017e-05
8.870547402157648e-05
0.0006648496047798497
0.001958197486036088
0.004217209739146752
0.007291441284288013
0.010414214698309695
0.012421563922189101
0.012421563922155134
0.010414214698226362
0.0072914412842701795
0.004217209739106412
0.00195819748600937
0.0006648496047375322
8.870547399846611e-05
-9.85336514852245e-05
-0.0001277569348895248
-0.000111924221118899
-9.103589766969513e-05
-7.436456801794611e-05
-6.214683511053068e-05
-5.312618920497072e-05
-4.62803830047816e-05
-4.094894492322722e-05
-3.6711058012931123e-05
-3.328870044730123e-05
-3.0490808807587028e-05
-2.818177718145733e-05
-2.6262881133245273e-05
-2.4660773992278216e-05
-2.3320070949190195e-05
-2.2198413497072052e-05
-2.1263099416920215e-05
-2.0488733390956557e-05
-1.9855562250207068e-05
-1.9348281557428426e-05
-1.8955174710593944e-05
-1.866749331190679e-05
-1.847901728492252e-05
-1.8385754791251793e-05
-1.829296298067577e-05
-1.838575479543171e-05
-1.8573279551194056e-05
-1.8859509064019972e-05
-1.925063190430242e-05
-1.9755352392768557e-05
-2.038532795066837e-05
-2.1155785819822716e-05
-2.208637942454993e-05
-2.3202375954441975e-05
-2.4536312560033076e-05
-2.6130333973811153e-05
-2.803954548161092e-05
-3.0336923579548867e-05
-3.312069445514586e-05
-3.65257796198861e-05
-4.074227824367191e-05
-4.604680895467008e-05
-5.28580649317798e-05
-6.183318440894828e-05
-7.398925543809946e-05
-9.057644561916437e-05
-0.00011135934295985138
-0.00012711213040425502
-9.803626651769487e-05
8.825806455488593e-05
0.0006614948587605396
0.0019483160810313455
0.004195928426793612
0.0072546459580255015
0.010361660275773421
0.012358879355311617
0.012358879355282447
0.01036166027573621
0.007254645957958654
0.0041959284267683705
0.0019483160810037574
0.0006614948587151952
8.82580645257401e-05
-9.803626655417142e-05
-0.00012711213044246716
-0.00011135934298938619
-9.057644563964839e-05
-7.39892554490091e-05
-6.183318442060794e-05
-5.2858064941045306e-05
-4.604680896808977e-05
-4.0742278249089457e-05
-3.652577964011803e-05
-3.3120694469607277e-05
-3.0336923589811125e-05
-2.8039545484188852e-05
-2.613033397533284e-05
-2.453631256132591e-05
-2.32023759579099e-05
-2.2086379437881084e-05
-2.1155785827707315e-05
-2.038532797786633e-05
-1.9755352413367094e-05
-1.9250631934118363e-05
-1.885950907538593e-05
-1.8573279585407177e-05
-1.8385754787271717e-05
-1.8292962988958317e-05
