-2.8414351638160514e-05
-2.855843203470361e-05
-2.8849605173827745e-05
-2.929403442894877e-05
-2.990132300339133e-05
-3.0684977159183395e-05
-3.166308442911982e-05
-3.28592693373014e-05
-3.430402066181994e-05
-3.6036531194725866e-05
-3.810726324867594e-05
-4.058156802346782e-05
-4.3544875236093184e-05
-4.711028929788773e-05
-5.142999504643095e-05
-5.6712934338029426e-05
-6.325332467877934e-05
-7.147907285234728e-05
-8.203856181133133e-05
-9.595855874270067e-05
-0.00011488785016190617
-0.0001411668533264347
-0.00017616655263146737
-0.00021160514878217507
-0.00020263837066478887
-1.2616289950450774e-05
0.0006501759165490462
0.0022151098991199194
0.005025069187181019
0.008914256675767859
0.012906241700693218
0.01548709589418634
0.015487095894184788
0.012906241700686872
0.008914256675764981
0.005025069187180485
0.002215109899117184
0.0006501759165486503
-1.261628995198964e-05
-0.00020263837066561007
-0.00021160514878260496
-0.00017616655263117214
-0.00014116685332682014
-0.0001148878501616027
-9.595855874276575e-05
-8.203856181153202e-05
-7.147907285286388e-05
-6.325332467965489e-05
-5.671293433767134e-05
-5.142999504735581e-05
-4.711028929800683e-05
-4.354487523730672e-05
-4.058156802378064e-05
-3.810726324950212e-05
-3.603653119485753e-05
-3.430402066232224e-05
-3.2859269337254056e-05
-3.166308442964401e-05
-3.0684977159136246e-05
-2.9901323002862254e-05
-2.9294034430164382e-05
-2.8849605174709533e-05
-2.8558432035352392e-05
-2.841435163622758e-05
-2.855843203650284e-05
-2.8703243020766094e-05
-2.8995892610380578e-05
-2.9442575430789132e-05
-3.0052943380682305e-05
-3.0840571208137955e-05
-3.182363816270407e-05
-3.3025888561020894e-05
-3.447796578126131e-05
-3.621926135033467e-05
-3.830049346067346e-05
-4.07873446888897e-05
-4.3765677941739136e-05
-4.73491711506867e-05
-5.169078084005581e-05
-5.700050835248802e-05
-6.357406309171197e-05
-7.184152164600857e-05
-8.245455475274024e-05
-9.644513605181005e-05
-0.0001154704123887112
-0.0001418826671849617
-0.00017705983021883132
-0.00021267808529655985
-0.00020366570932566375
-1.2679738086086148e-05
0.0006534740439467709
0.0022263446993272783
0.005050554467965364
0.008959465283086963
0.01297169471232914
0.015565637007635292
0.015565637007634936
0.012971694712325534
0.00895946528308755
0.005050554467962722
0.0022263446993250474
0.0006534740439461949
-1.2679738087598393e-05
-0.0002036657093263724
-0.0002126780852970313
-0.00017705983021844353
-0.00014188266718538278
-0.00011547041238837687
-9.644513605188214e-05
-8.245455475272198e-05
-7.184152164624748e-05
-6.357406309288603e-05
-5.700050835221978e-05
-5.169078084112841e-05
-4.734917115075355e-05
-4.3765677943106965e-05
-4.078734468922205e-05
-3.830049346166753e-05
-3.62192613507205e-05
-3.447796578194711e-05
-3.302588856120648e-05
-3.182363816317168e-05
-3.084057120813518e-05
-3.005294338004627e-05
-2.9442575431829282e-05
-2.8995892610984458e-05
-2.8703243021502268e-05
-2.855843203435831e-05
-2.8849605175675686e-05
-2.899589261028691e-05
-2.9291525969246924e-05
-2.9742763036264958e-05
-3.0359354118681574e-05
-3.11550123685605e-05
-3.214810238632052e-05
-3.336261057855888e-05
-3.482949275567717e-05
-3.658854206938383e-05
-3.869099382155015e-05
-4.1203200270733596e-05
-4.421189975982753e-05
-4.783192925154324e-05
-5.221780477770363e-05
-5.758166880505157e-05
-6.422224572491213e-05
-7.25739970996143e-05
-8.329523797690833e-05
-9.742846375689858e-05
-0.00011664771673215523
-0.00014332926069677383
-0.0001788650611903567
-0.0002148463890120948
-0.00020574185967623632
-1.28079434226922e-05
0.0006601392966878639
0.0022490492784128747
0.0051020580163069675
0.009050827929186007
0.013103969500258113
0.015724361683148683
0.015724361683142472
0.013103969500255877
0.009050827929182685
0.005102058016306551
0.0022490492784112332
0.0006601392966870078
-1.2807943424109953e-05
-0.00020574185967682374
-0.00021484638901255173
-0.00017886506119004636
-0.0001433292606973444
-0.00011664771673204087
-9.742846375722476e-05
-8.329523797695259e-05
-7.257399709974668e-05
-6.422224572635195e-05
-5.758166880493668e-05
-5.2217804778875294e-05
-4.783192925156425e-05
-4.4211899761285024e-05
-4.120320027111204e-05
-3.8690993822706724e-05
-3.658854207004789e-05
-3.482949275640063e-05
-3.3362610578889854e-05
-3.214810238650419e-05
-3.115501236845101e-05
-3.035935411786616e-05
-2.9742763037088233e-05
-2.9291525969534664e-05
-2.899589261105275e-05
-2.884960517354304e-05
-2.9294034429930215e-05
-2.944257543026586e-05
-2.9742763036098594e-05
-3.0200951432775188e-05
-3.08270411324333e-05
-3.163495653894179e-05
-3.264334516091277e-05
-3.387656291697998e-05
-3.536604249502013e-05
-3.715219006307154e-05
-3.9287030207815055e-05
-4.183793735065312e-05
-4.489298604762467e-05
-4.8568782337882716e-05
-5.3022222592287174e-05
-5.846871736204029e-05
-6.521159293623448e-05
-7.369200384042133e-05
-8.457840660356183e-05
-9.892935641400843e-05
-0.0001184446837495137
-0.00014553725449242746
-0.00018162045697302774
-0.0002181559539273769
-0.0002089107560197006
-1.3003583197064813e-05
0.000670312850254528
0.002283704418284749
0.005180670355480551
0.009190279021553092
0.013305866634108984
0.015966630462097915
0.015966630462095247
0.013305866634106222
0.0091902790215525
0.00518067035547887
0.0022837044182824314
0.000670312850254178
-1.3003583198172139e-05
-0.0002089107560201185
-0.0002181559539276736
-0.00018162045697280092
-0.00014553725449311002
-0.00011844468374974597
-9.892935641466012e-05
-8.457840660385428e-05
-7.369200384049087e-05
-6.52115929377497e-05
-5.846871736205117e-05
-5.302222259348012e-05
-4.856878233784494e-05
-4.4892986049177046e-05
-4.183793735108888e-05
-3.928703020916001e-05
-3.7152190064001524e-05
-3.5366042495808006e-05
-3.387656291756459e-05
-3.264334516095071e-05
-3.1634956538797235e-05
-3.0827041131631854e-05
-3.0200951433404347e-05
-2.9742763036121084e-05
-2.944257543095217e-05
-2.9294034428144107e-05
-2.9901323003747776e-05
-3.0052943380018495e-05
-3.0359354118351526e-05
-3.0827041131876843e-05
-3.146611017939955e-05
-3.229077432913929e-05
-3.332006766829277e-05
-3.457885103402791e-05
-3.6099208741329785e-05
-3.7922384612317804e-05
-4.010148174867623e-05
-4.270527130249358e-05
-4.5823653693016815e-05
-4.9575652307438654e-05
-5.412141612188907e-05
-5.9680821349807535e-05
-6.656348252712993e-05
-7.521969975548407e-05
-8.633178735624082e-05
-0.0001009802453568778
-0.00012090014237058262
-0.00014855435882554096
-0.00018538555504955828
-0.00022267828757223355
-0.00021324085170895164
-1.3270825765246885e-05
0.0006842146788189091
0.0023310592446698516
0.005288090666101181
0.009380832618005586
0.013581749759289096
0.01629767949447697
0.016297679494474478
0.013581749759285808
0.0093808326180039
0.005288090666100739
0.0023310592446679455
0.0006842146788187389
-1.3270825765827397e-05
-0.00021324085170918065
-0.00022267828757242987
-0.0001853855550495387
-0.0001485543588263824
-0.00012090014237127335
-0.00010098024535789913
-8.633178735681153e-05
-7.521969975544056e-05
-6.656348252851937e-05
-5.9680821349893776e-05
-5.4121416122992576e-05
-4.957565230728632e-05
-4.58236536946561e-05
-4.270527130306322e-05
-4.010148175028832e-05
-3.7922384613547784e-05
-3.60992087421773e-05
-3.457885103481454e-05
-3.332006766811502e-05
-3.229077432887735e-05
-3.146611017865716e-05
-3.0827041132342386e-05
-3.035935411815859e-05
-3.0052943380674092e-05
-2.990132300256773e-05
-3.0684977159981144e-05
-3.0840571208573716e-05
-3.115501236949522e-05
-3.163495653932049e-05
-3.2290774329927534e-05
-3.31370513066979e-05
-3.419332040330909e-05
-3.548509401177173e-05
-3.704529731591781e-05
-3.891625505978413e-05
-4.115246207657159e-05
-4.38244918809466e-05
-4.702460101337355e-05
-5.087493224371651e-05
-5.553983175896662e-05
-6.124493833132678e-05
-6.830798094685357e-05
-7.719106129985659e-05
-8.859437602200513e-05
-0.00010362674309567278
-0.000124068702899187
-0.00015244767497376964
-0.00019024409079698238
-0.0002285139599305802
-0.00021882841970051651
-1.3615527453782109e-05
0.0007021541764665948
0.0023921673840849762
0.005426708787365798
0.009626727873434632
0.01393775616214922
0.016724873202294138
0.016724873202290942
0.013937756162148464
0.009626727873433025
0.005426708787364312
0.002392167384083637
0.0007021541764666084
-1.361552745384916e-05
-0.0002188284197005038
-0.0002285139599306497
-0.00019024409079713864
-0.00015244767497462263
-0.00012406870290021302
-0.00010362674309697963
-8.859437602277287e-05
-7.719106129958974e-05
-6.830798094797196e-05
-6.12449383313069e-05
-5.553983175985965e-05
-5.087493224336116e-05
-4.7024601015073385e-05
-4.382449188165769e-05
-4.115246207845875e-05
-3.891625506126138e-05
-3.7045297316916524e-05
-3.548509401280459e-05
-3.419332040309291e-05
-3.313705130642175e-05
-3.2290774329392615e-05
-3.163495653962009e-05
-3.115501236909064e-05
-3.0840571209194734e-05
-3.068497715950189e-05
-3.1663084429552533e-05
-3.182363816312931e-05
-3.214810238730225e-05
-3.264334516095909e-05
-3.3320067668561265e-05
-3.419332040299549e-05
-3.5283258926380995e-05
-3.6616208860380545e-05
-3.8226144907634594e-05
-4.015674095082178e-05
-4.246422889403452e-05
-4.522143184687356e-05
-4.8523547111380854e-05
-5.249661087365618e-05
-5.731020801425735e-05
-6.3197169767788e-05
-7.048535306635806e-05
-7.965158961119917e-05
-9.14183956123761e-05
-0.00010692993373770374
-0.00012802349925741257
-0.00015730706469685934
-0.00019630820210450004
-0.00023579765290513118
-0.00022580238461214348
-1.4045520033487543e-05
0.0007245457094134396
0.0024684399045734507
0.005599725280688991
0.009933641996775945
0.01438210506935657
0.017258074216346446
0.017258074216344836
0.01438210506935593
0.00993364199677458
0.00559972528068871
0.002468439904572156
0.0007245457094135398
-1.4045520033084281e-05
-0.00022580238461177094
-0.00023579765290498482
-0.00019630820210466654
-0.00015730706469756862
-0.00012802349925861565
-0.00010692993373917743
-9.141839561319295e-05
-7.965158961074301e-05
-7.048535306725517e-05
-6.319716976765119e-05
-5.731020801498752e-05
-5.2496610873201436e-05
-4.852354711314483e-05
-4.5221431847761516e-05
-4.2464228896077635e-05
-4.015674095242993e-05
-3.8226144908718654e-05
-3.6616208861588916e-05
-3.528325892617194e-05
-3.4193320402830064e-05
-3.332006766834067e-05
-3.264334516128167e-05
-3.2148102386809444e-05
-3.182363816387646e-05
-3.166308442969184e-05
-3.2859269337234487e-05
-3.302588856144606e-05
-3.336261057993214e-05
-3.3876562917519414e-05
-3.457885103491808e-05
-3.5485094012457856e-05
-3.661620886139087e-05
-3.799951575014174e-05
-3.967027289956991e-05
-4.167380413402391e-05
-4.406846572420854e-05
-4.692983194250784e-05
-5.035669652267096e-05
-5.447985714031936e-05
-5.9475305385580724e-05
-6.558466858302843e-05
-7.314818973415522e-05
-8.266071474660253e-05
-9.487205578031239e-05
-0.00011096960062108313
-0.0001328600533234647
-0.00016324989843289207
-0.00020372435444259682
-0.0002447052758321565
-0.00023433113152954719
-1.4571014444773373e-05
0.0007519305353734795
0.002561719926144502
0.005811320634346331
0.010308990366286682
0.014925532124487174
0.01791016471523542
0.01791016471523236
0.01492553212448637
0.010308990366284498
0.005811320634345643
0.0025617199261432555
0.0007519305353736221
-1.4571014444251135e-05
-0.00023433113152892163
-0.00024470527583186897
-0.00020372435444261186
-0.0001632498984333307
-0.00013286005332455584
-0.00011096960062251135
-9.487205578098435e-05
-8.266071474605631e-05
-7.314818973492966e-05
-6.558466858271292e-05
-5.947530538604956e-05
-5.4479857139726015e-05
-5.035669652428524e-05
-4.6929831943365026e-05
-4.406846572616541e-05
-4.167380413560592e-05
-3.967027290071444e-05
-3.799951575147927e-05
-3.6616208861271854e-05
-3.5485094012492544e-05
-3.4578851034972806e-05
-3.3876562917906684e-05
-3.336261057937914e-05
-3.3025888562226723e-05
-3.285926933777736e-05
-3.430402066147023e-05
-3.447796578150188e-05
-3.482949275678616e-05
-3.5366042495215774e-05
-3.609920874180991e-05
-3.7045297316458435e-05
-3.82261449086548e-05
-3.967027289994008e-05
-4.1414489744043436e-05
-4.350611206421522e-05
-4.600606194093551e-05
-4.899323650004501e-05
-5.257077324537369e-05
-5.687522077881294e-05
-6.209030871476355e-05
-6.846828829619963e-05
-7.636436242335184e-05
-8.629513457167042e-05
-9.904338496789604e-05
-0.00011584870870086456
-0.0001387016415430778
-0.00017042764936421286
-0.00021268156927054264
-0.0002554638469395681
-0.00024463196092417723
-1.520515905643968e-05
0.0007850072500122968
0.0026743862483178194
0.006066890268156635
0.01076234334777318
0.01558189281120664
0.01869777048512734
0.018697770485125255
0.015581892811206557
0.01076234334777168
0.006066890268155311
0.002674386248316634
0.0007850072500123295
-1.5205159055974965e-05
-0.0002446319609233554
-0.0002554638469390464
-0.00021268156927022207
-0.00017042764936421066
-0.0001387016415437745
-0.00011584870870196146
-9.904338496821824e-05
-8.629513457115688e-05
-7.636436242411953e-05
-6.84682882958806e-05
-6.209030871515896e-05
-5.687522077842276e-05
-5.257077324691755e-05
-4.899323650089372e-05
-4.600606194265781e-05
-4.350611206568624e-05
-4.141448974510668e-05
-3.967027290133161e-05
-3.822614490862472e-05
-3.704529731679979e-05
-3.6099208742100293e-05
-3.536604249585552e-05
-3.482949275633151e-05
-3.447796578226493e-05
-3.430402066217037e-05
-3.603653119418972e-05
-3.6219261350465995e-05
-3.658854207032344e-05
-3.715219006338813e-05
-3.792238461306507e-05
-3.8916255060661764e-05
-4.01567409520819e-05
-4.167380413464568e-05
-4.350611206429421e-05
-4.5703371080712144e-05
-4.832958012247793e-05
-5.1467621001697894e-05
-5.522584016842453e-05
-5.974768259872468e-05
-6.522615716367865e-05
-7.192625506029877e-05
-8.022111875228614e-05
-9.065344289099344e-05
-0.00010404554225831083
-0.000121699617717733
-0.0001457067337505711
-0.00017903503363911604
-0.00022342282959491206
-0.00026836518993470426
-0.00025698419296866
-1.596480930624684e-05
0.0008246739998873533
0.002809497012452664
0.006373370317825334
0.011306004115638733
0.016368998951081567
0.019642264646606955
0.019642264646605123
0.01636899895108014
0.01130600411563649
0.006373370317824786
0.002809497012451165
0.0008246739998871501
-1.5964809305913916e-05
-0.0002569841929677509
-0.00026836518993397817
-0.0002234228295943932
-0.00017903503363880444
-0.00014570673375089745
-0.00012169961771850969
-0.0001040455422583352
-9.065344289066265e-05
-8.02211187530332e-05
-7.19262550599718e-05
-6.522615716392824e-05
-5.974768259861246e-05
-5.522584016983305e-05
-5.146762100241303e-05
-4.832958012383557e-05
-4.570337108197174e-05
-4.350611206517494e-05
-4.1673804135954146e-05
-4.015674095207017e-05
-3.891625506120416e-05
-3.792238461338679e-05
-3.715219006424888e-05
-3.658854207007212e-05
-3.62192613510634e-05
-3.60365311948541e-05
-3.8107263247944486e-05
-3.8300493460529514e-05
-3.8690993821922175e-05
-3.928703020780096e-05
-4.0101481749261733e-05
-4.115246207738783e-05
-4.24642288953956e-05
-4.406846572518746e-05
-4.600606194145015e-05
-4.832958012278484e-05
-5.11066967338758e-05
-5.442505616773402e-05
-5.8399230717968196e-05
-6.318090805382612e-05
-6.897418781366807e-05
-7.6059288263614e-05
-8.483079362665863e-05
-9.586258330771926e-05
-0.00011002422467647154
-0.00012869274637390975
-0.00015407936649970065
-0.00018932275626136575
-0.0002362609847088053
-0.0002837850330068618
-0.00027174743884648706
-1.6871593769861673e-05
0.0008720873652670294
0.002970990072864969
0.006739692000142978
0.011955814512734616
0.017309785315198993
0.020771167483432516
0.020771167483432173
0.017309785315198386
0.011955814512732114
0.006739692000141505
0.0029709900728633228
0.0008720873652665912
-1.6871593769701347e-05
-0.00027174743884569126
-0.00028378503300582604
-0.00023626098470810243
-0.00018932275626062142
-0.00015407936649958174
-0.00012869274637425447
-0.00011002422467630264
-9.586258330766503e-05
-8.483079362740735e-05
-7.605928826336138e-05
-6.897418781382904e-05
-6.318090805410424e-05
-5.839923071921628e-05
-5.4425056168231905e-05
-5.110669673479899e-05
-4.8329580123788936e-05
-4.600606194211521e-05
-4.4068465726354745e-05
-4.24642288953703e-05
-4.115246207805663e-05
-4.010148174946766e-05
-3.928703020881611e-05
-3.869099382189831e-05
-3.8300493460896354e-05
-3.810726324841126e-05
-4.0581568022854464e-05
-4.078734468887529e-05
-4.1203200271054005e-05
-4.183793735077927e-05
-4.270527130324383e-05
-4.382449188170878e-05
-4.5221431848095145e-05
-4.6929831943369776e-05
-4.8993236500560004e-05
-5.146762100200457e-05
-5.442505616814868e-05
-5.7958877174017554e-05
-6.219109554068112e-05
-6.728324808845523e-05
-7.345268675785222e-05
-8.099782456709894e-05
-9.033886640057299e-05
-0.00010208695419747616
-0.00011716811726270379
-0.00013704879558813126
-0.00016408377756610014
-0.00020161549272179271
-0.0002516011880481166
-0.0003022099521454014
-0.00028938737327453715
-1.795340560350892e-05
0.0009287454615008073
0.0031639657398431385
0.007177422734577606
0.012732292112317668
0.01843395568207202
0.022120121551730945
0.022120121551727694
0.018433955682069788
0.012732292112313907
0.007177422734576685
0.0031639657398415174
0.0009287454615002561
-1.7953405603460302e-05
-0.00028938737327395753
-0.00030220995214414
-0.00025160118804741006
-0.00020161549272078056
-0.00016408377756559658
-0.00013704879558800698
-0.00011716811726230077
-0.00010208695419741383
-9.03388664010226e-05
-8.099782456667275e-05
-7.34526867577771e-05
-6.728324808902977e-05
-6.219109554174597e-05
-5.7958877174266826e-05
-5.4425056168681985e-05
-5.1467621002703796e-05
-4.899323650102008e-05
-4.692983194426323e-05
-4.522143184805232e-05
-4.3824491882397836e-05
-4.270527130332615e-05
-4.183793735183493e-05
-4.120320027126594e-05
-4.078734468903333e-05
-4.058156802309388e-05
-4.354487523559827e-05
-4.3765677941760535e-05
-4.421189976003449e-05
-4.489298604777307e-05
-4.5823653693907555e-05
-4.7024601014303e-05
-4.8523547112940045e-05
-5.0356696524153164e-05
-5.257077324675556e-05
-5.522584016952843e-05
-5.8399230719268554e-05
-6.219109554113567e-05
-6.673235562334814e-05
-7.219634346026684e-05
-7.881628239678158e-05
-8.691237610629579e-05
-9.693551365861687e-05
-0.00010954146390498157
-0.0001257238769521399
-0.00014705627486759788
-0.00017606538970006336
-0.0002163376719857538
-0.00026997306935225957
-0.00032427600177608375
-0.0003105126808206466
-1.924651853813508e-05
0.0009966071491521798
0.0033950923052897815
0.007701685618476163
0.013662260903984962
0.019780343446609547
0.023735724159629396
0.023735724159627998
0.019780343446609686
0.013662260903981652
0.007701685618474726
0.0033950923052882835
0.0009966071491515618
-1.9246518538124824e-05
-0.00031051268082041034
-0.0003242760017746622
-0.0002699730693516962
-0.00021633767198450454
-0.000176065389699257
-0.00014705627486689816
-0.000125723876951564
-0.00010954146390468358
-9.693551365864755e-05
-8.691237610556937e-05
-7.881628239645703e-05
-7.219634346101143e-05
-6.673235562417755e-05
-6.219109554112108e-05
-5.839923071945109e-05
-5.5225840169891755e-05
-5.257077324701772e-05
-5.03566965246713e-05
-4.85235471128523e-05
-4.702460101485154e-05
-4.582365369377458e-05
-4.489298604857756e-05
-4.421189976024477e-05
-4.3765677941688605e-05
-4.354487523561365e-05
-4.711028929697459e-05
-4.7349171150296935e-05
-4.783192925139413e-05
-4.85687823377798e-05
-4.957565230809335e-05
-5.0874932244278234e-05
-5.2496610874699695e-05
-5.447985714134548e-05
-5.687522077983374e-05
-5.97476825995461e-05
-6.318090805518217e-05
-6.728324808914742e-05
-7.219634346102707e-05
-7.810771909185532e-05
-8.526969463057299e-05
-9.402869204278587e-05
-0.00010487251930750406
-0.00011851063996388308
-0.00013601806486829732
-0.00015909715613191493
-0.00019048152512107997
-0.0002340512156458202
-0.00029207782507706956
-0.0003508252554551746
-0.0003359291208464248
-2.0798642185406987e-05
0.0010782666272805975
0.0036731998326341667
0.00833250566068159
0.014781238740271055
0.02140036765556744
0.025679674202469988
0.025679674202467202
0.021400367655566903
0.014781238740266557
0.008332505660681553
0.003673199832633047
0.001078266627280166
-2.079864218537941e-05
-0.0003359291208464047
-0.000350825255453705
-0.0002920778250766566
-0.00023405121564445692
-0.00019048152512004485
-0.00015909715613059863
-0.00013601806486748246
-0.00011851063996302072
-0.00010487251930688406
-9.402869204153149e-05
-8.526969462996782e-05
-7.81077190926219e-05
-7.219634346166263e-05
-6.728324808897573e-05
-6.318090805512998e-05
-5.974768259955863e-05
-5.687522077982171e-05
-5.447985714130677e-05
-5.2496610874497044e-05
-5.0874932244556996e-05
-4.957565230781632e-05
-4.8568782338224714e-05
-4.783192925153306e-05
-4.734917115007428e-05
-4.7110289296893625e-05
-5.142999504584936e-05
-5.169078083988951e-05
-5.22178047777149e-05
-5.302222259226456e-05
-5.412141612252113e-05
-5.553983175941417e-05
-5.7310208015006904e-05
-5.9475305386358246e-05
-6.209030871538545e-05
-6.522615716391216e-05
-6.897418781417767e-05
-7.34526867575393e-05
-7.88162823965305e-05
-8.526969462954036e-05
-9.308837942952628e-05
-0.00010265052381717407
-0.00011448866529520714
-0.00012937732185290524
-0.00014849007798932787
-0.00017368539334952713
-0.00020794752384932537
-0.0002555122036820381
-0.00031885892380600987
-0.00038299069502863365
-0.0003667206796486909
-2.2673430361295928e-05
0.0011772157807027597
0.004010172138543696
0.009096831871308237
0.016137023185666892
0.02336322369397194
0.028035000298970936
0.02803500029897143
0.02336322369397044
0.016137023185663686
0.009096831871308258
0.004010172138543195
0.0011772157807024967
-2.2673430361328078e-05
-0.000366720679648885
-0.00038299069502714103
-0.00031885892380562877
-0.0002555122036805136
-0.00020794752384813319
-0.00017368539334756174
-0.00014849007798842053
-0.0001293773218514807
-0.00011448866529407793
-0.00010265052381536909
-9.308837942868364e-05
-8.526969463003013e-05
-7.881628239680432e-05
-7.345268675710451e-05
-6.897418781394242e-05
-6.522615716366491e-05
-6.209030871519238e-05
-5.947530538588501e-05
-5.7310208014759435e-05
-5.5539831759438185e-05
-5.412141612213996e-05
-5.302222259231157e-05
-5.221780477771115e-05
-5.169078083958036e-05
-5.1429995045767033e-05
-5.6712934337513305e-05
-5.7000508352270926e-05
-5.758166880493464e-05
-5.846871736174753e-05
-5.968082134994915e-05
-6.124493833114321e-05
-6.319716976775652e-05
-6.558466858327769e-05
-6.846828829646592e-05
-7.192625506048292e-05
-7.60592882641919e-05
-8.099782456708732e-05
-8.691237610632552e-05
-9.402869204193651e-05
-0.00010265052381680466
-0.00011319490678318706
-0.00012624908221989223
-0.00014266712914422124
-0.00016374318682996339
-0.00019152662056818164
-0.0002293082183252113
-0.0002817586953307799
-0.0003516116838492799
-0.0004223277614329525
-0.0004043753008102631
-2.495735406603559e-05
0.0012982510370623647
0.004422329727695162
0.010031672017147625
0.01779525021568879
0.02576392953930708
0.030915715106405894
0.030915715106404475
0.025763929539305362
0.017795250215687113
0.01003167201714739
0.004422329727695257
0.0012982510370620913
-2.495735406606251e-05
-0.00040437530081053957
-0.00042232776143166686
-0.0003516116838490004
-0.0002817586953292781
-0.00022930821832394172
-0.00019152662056569412
-0.0001637431868289497
-0.00014266712914224005
-0.0001262490822183526
-0.00011319490678095584
-0.0001026505238158925
-9.402869204209996e-05
-8.691237610627443e-05
-8.099782456638511e-05
-7.605928826376053e-05
-7.192625505997655e-05
-6.84682882960815e-05
-6.558466858251608e-05
-6.319716976760884e-05
-6.124493833107614e-05
-5.9680821349582814e-05
-5.8468717361453846e-05
-5.758166880471284e-05
-5.70005083518285e-05
-5.6712934337434484e-05
-6.325332467895347e-05
-6.357406309223692e-05
-6.422224572561245e-05
-6.521159293678014e-05
-6.656348252795296e-05
-6.830798094726653e-05
-7.048535306678361e-05
-7.314818973498007e-05
-7.636436242410076e-05
-8.022111875299827e-05
-8.48307936275496e-05
-9.033886640094283e-05
-9.693551365891727e-05
-0.00010487251930702784
-0.00011448866529487626
-0.00012624908222000735
-0.0001408087361162803
-0.00015912020481094935
-0.00018262687792307232
-0.00021361446695175509
-0.00025575324900671374
-0.0003142524190352597
-0.0003921600713302229
-0.00047102662745666826
-0.00045098784855742
-2.7771146580623987e-05
0.0014481288068524973
0.004932658717055491
0.011189145676638885
0.01984835500502527
0.02873629686124369
0.034482378862606064
0.03448237886260533
0.028736296861242367
0.019848355005023334
0.01118914567663972
0.004932658717055827
0.00144812880685252
-2.7771146580788274e-05
-0.0004509878485577678
-0.000471026627455533
-0.0003921600713298794
-0.0003142524190336316
-0.0002557532490054605
-0.00021361446694891009
-0.0001826268779220677
-0.00015912020480868315
-0.00014080873611460623
-0.00012624908221755914
-0.00011448866529399277
-0.0001048725193067919
-9.69355136585658e-05
-9.033886640002733e-05
-8.483079362709423e-05
-8.022111875246904e-05
-7.636436242380646e-05
-7.314818973427412e-05
-7.04853530668799e-05
-6.830798094724087e-05
-6.656348252766345e-05
-6.521159293631295e-05
-6.422224572525114e-05
-6.357406309171666e-05
-6.325332467886595e-05
-7.14790728527001e-05
-7.18415216462903e-05
-7.257399709983858e-05
-7.369200384053681e-05
-7.521969975578019e-05
-7.719106129969523e-05
-7.965158961087816e-05
-8.266071474661499e-05
-8.629513457145137e-05
-9.065344289090056e-05
-9.586258330786296e-05
-0.00010208695419737161
-0.00010954146390483515
-0.00011851063996304735
-0.00012937732185187804
-0.0001426671291435843
-0.00015912020481033976
-0.0001798130081143803
-0.00020637664032813408
-0.00024139406437796035
-0.00028901283278010757
-0.00035511934020965514
-0.00044315698491309785
-0.0005322731624418178
-0.0005096067972327372
-3.1295687300087256e-05
0.0016366614672022723
0.005574557753843574
0.012644992622748593
0.022430671465026232
0.03247479637420619
0.038968339023415774
0.03896833902341442
0.03247479637420435
0.022430671465024924
0.01264499262274851
0.005574557753844071
0.0016366614672018139
-3.1295687300268596e-05
-0.000509606797233023
-0.0005322731624408685
-0.00044315698491271486
-0.00035511934020803946
-0.0002890128327789366
-0.00024139406437513996
-0.0002063766403272509
-0.0001798130081121309
-0.000159120204808754
-0.00014266712914122313
-0.00012937732185114032
-0.00011851063996261442
-0.0001095414639043813
-0.00010208695419647525
-9.586258330758284e-05
-9.065344289056433e-05
-8.629513457144826e-05
-8.266071474616388e-05
-7.9651589611236e-05
-7.719106129971563e-05
-7.521969975557999e-05
-7.369200384006145e-05
-7.257399709949496e-05
-7.184152164579055e-05
-7.147907285257515e-05
-8.203856181169373e-05
-8.245455475276518e-05
-8.329523797658421e-05
-8.457840660314943e-05
-8.633178735589465e-05
-8.859437602126011e-05
-9.14183956114333e-05
-9.487205577969683e-05
-9.90433849668308e-05
-0.00010404554225739395
-0.00011002422467571438
-0.0001171681172619349
-0.00012572387695164498
-0.00013601806486762563
-0.00014849007798875443
-0.00016374318683005787
-0.0001826268779234162
-0.00020637664032889362
-0.00023686454680911235
-0.00027705515590504897
-0.0003317087398177729
-0.00040758116142544664
-0.0005086238237597583
-0.0006109013117255497
-0.0005848744938487115
-3.587503622558248e-05
0.0018785362643069484
0.006398234340639091
0.014513223314082292
0.02574453457318373
0.03727243113561575
0.044725219240476434
0.04472521924047552
0.037272431135613404
0.025744534573182543
0.01451322331408273
0.006398234340639476
0.0018785362643066517
-3.5875036226024816e-05
-0.0005848744938492346
-0.0006109013117249311
-0.0005086238237594615
-0.0004075811614238352
-0.0003317087398167906
-0.0002770551559024401
-0.00023686454680837922
-0.00020637664032689568
-0.00018262687792217172
-0.0001637431868281402
-0.00014849007798834954
-0.00013601806486725952
-0.0001257238769512487
-0.0001171681172611806
-0.00011002422467565063
-0.00010404554225726879
-9.904338496728637e-05
-9.487205577976988e-05
-9.141839561230017e-05
-8.859437602161316e-05
-8.633178735605238e-05
-8.457840660295069e-05
-8.329523797643121e-05
-8.245455475231382e-05
-8.203856181156014e-05
-9.595855874349149e-05
-9.644513605232968e-05
-9.742846375703347e-05
-9.892935641422134e-05
-0.00010098024535718905
-0.00010362674309567339
-0.00010692993373754259
-0.00011096960062139283
-0.00011584870870071317
-0.00012169961771784113
-0.00012869274637403286
-0.00013704879558803682
-0.00014705627486743384
-0.00015909715613123484
-0.0001736853933484406
-0.00019152662056723776
-0.00021361446695074507
-0.00024139406437699776
-0.0002770551559034363
-0.0003240653976712115
-0.00038799312118104854
-0.00047674208353994194
-0.00059494068666723
-0.0007146156427092832
-0.0006843181218693393
-4.258381547815471e-05
0.0021956479321258607
0.007480198295057146
0.01696875335039325
0.030101328449697193
0.043580821659811336
0.05229535943757272
0.05229535943757165
0.043580821659809726
0.03010132844969625
0.016968753350392586
0.007480198295056998
0.0021956479321248164
-4.2583815478946437e-05
-0.0006843181218700628
-0.0007146156427091358
-0.0005949406866671572
-0.00047674208353858116
-0.0003879931211802955
-0.000324065397669109
-0.0002770551559028484
-0.0002413940643753894
-0.0002136144669498184
-0.00019152662056581826
-0.00017368539334822284
-0.0001590971561310385
-0.00014705627486715194
-0.00013704879558762065
-0.00012869274637426696
-0.00012169961771800918
-0.00011584870870167229
-0.00011096960062200599
-0.00010692993373885305
-0.000103626743096311
-0.00010098024535765799
-9.892935641435833e-05
-9.742846375714859e-05
-9.644513605195909e-05
-9.595855874342085e-05
-0.00011488785016253777
-0.00011547041238916305
-0.00011664771673194424
-0.00011844468374941532
-0.0001209001423706049
-0.0001240687028989642
-0.00012802349925699317
-0.00013286005332359494
-0.0001387016415426103
-0.00014570673375033293
-0.00015407936649935398
-0.00016408377756556663
-0.00017606538969951196
-0.00019048152512030807
-0.00020794752384841643
-0.0002293082183245857
-0.00025575324900624504
-0.00028901283277975954
-0.00033170873981709854
-0.0003879931211818263
-0.0004645354134385135
-0.0005708120839319087
-0.0007124225800935035
-0.00085608155620451
-0.0008210651301892777
-5.628496763684514e-05
0.002615085683530023
0.00892558881768886
0.02025922213109351
0.03594780027392396
0.05205222412128252
0.062464273608765615
0.06246427360876549
0.052052224121279925
0.03594780027392279
0.020259222131092436
0.00892558881768784
0.002615085683528923
-5.628496763801569e-05
-0.0008210651301902964
-0.0008560815562047315
-0.0007124225800936409
-0.0005708120839307241
-0.0004645354134379507
-0.0003879931211801849
-0.00033170873981660577
-0.0002890128327785504
-0.000255753249005662
-0.00022930821832375055
-0.0002079475238484948
-0.000190481525120497
-0.00017606538969956221
-0.00016408377756562032
-0.0001540793664998996
-0.00014570673375068153
-0.00013870164154394207
-0.00013286005332458596
-0.00012802349925864924
-0.00012406870289984244
-0.00012090014237138356
-0.00011844468374989764
-0.00011664771673236879
-0.00011547041238888796
-0.00011488785016263226
-0.00014116685332735943
-0.00014188266718581787
-0.0001433292606967774
-0.00014553725449237382
-0.00014855435882558967
-0.0001524476749735271
-0.0001573070646963103
-0.00016324989843296674
-0.00017042764936356944
-0.00017903503363864062
-0.00018932275626058846
-0.00020161549272082094
-0.00021633767198455975
-0.00023405121564458594
-0.0002555122036806923
-0.00028175869532955154
-0.00031425241903409865
-0.0003551193402083628
-0.00040758116142394535
-0.00047674208353952545
-0.0005708120839309288
-0.0007015136073781688
-0.0008760641859129902
-0.0010547619586514078
-0.001019017557809296
-9.977332654521225e-05
0.003134422150044858
0.01079387519257467
0.024567754662346335
0.04364822821511021
0.06324294053951718
0.07591451965099905
0.07591451965099762
0.06324294053951332
0.04364822821510927
0.024567754662344156
0.010793875192573233
0.003134422150043115
-9.977332654691365e-05
-0.0010190175578105596
-0.0010547619586521123
-0.0008760641859133437
-0.0007015136073773477
-0.0005708120839304517
-0.00047674208353833624
-0.0004075811614233246
-0.00035511934020750517
-0.0003142524190336257
-0.000281758695329189
-0.0002555122036809063
-0.0002340512156451231
-0.00021633767198496289
-0.00020161549272134483
-0.00018932275626137513
-0.0001790350336390627
-0.00017042764936506187
-0.00016324989843406488
-0.00015730706469808476
-0.0001524476749745164
-0.00014855435882652726
-0.00014553725449313815
-0.0001433292606974522
-0.00014188266718569978
-0.00014116685332767672
-0.00017616655263183684
-0.0001770598302193956
-0.00017886506119007992
-0.00018162045697275435
-0.0001853855550496132
-0.0001902440907969102
-0.00019630820210412794
-0.0002037243544430009
-0.00021268156927010788
-0.00022342282959465014
-0.00023626098470815065
-0.00025160118804745847
-0.00026997306935124476
-0.0002920778250763786
-0.000318858923805283
-0.00035161168384857433
-0.0003921600713297945
-0.0004431569849124402
-0.0005086238237593064
-0.0005949406866675583
-0.0007124225800934118
-0.0008760641859136377
-0.0010964506318218606
-0.001329638381877848
-0.0013190796829503756
-0.0002675860146556918
0.0035433334168773725
0.012661004373495915
0.029140644292956507
0.05203592509308251
0.07558871616489375
0.09083395158192913
0.09083395158192784
0.07558871616489055
0.052035925093080956
0.029140644292953932
0.012661004373493323
0.0035433334168753668
-0.00026758601465778854
-0.0013190796829519239
-0.001329638381878882
-0.0010964506318224426
-0.0008760641859130896
-0.0007124225800929883
-0.0005949406866665785
-0.0005086238237584932
-0.000443156984911922
-0.0003921600713294174
-0.0003516116838486464
-0.0003188589238056194
-0.00029207782507711266
-0.0002699730693519479
-0.00025160118804822863
-0.00023626098470904251
-0.0002234228295949645
-0.00021268156927160226
-0.00020372435444393077
-0.00019630820210589245
-0.00019024409079787917
-0.00018538555505064907
-0.0001816204569737047
-0.00017886506119098585
-0.0001770598302194819
-0.00017616655263242445
-0.00021160514878294827
-0.00021267808529776465
-0.00021484638901246285
-0.0002181559539273047
-0.00022267828757235216
-0.0002285139599303112
-0.00023579765290441276
-0.0002447052758323239
-0.0002554638469388814
-0.00026836518993422
-0.0002837850330057455
-0.0003022099521443254
-0.00032427600177424695
-0.0003508252554539523
-0.00038299069502750765
-0.00042232776143175506
-0.0004710266274561336
-0.000532273162440836
-0.0006109013117252208
-0.0007146156427093746
-0.000856081556204398
-0.0010547619586519375
-0.0013296383818778442
-0.0016501806920404425
-0.001772745226599158
-0.000889767912544505
0.0027933213715314147
0.011993885376940254
0.02897111307055032
0.05283389271872634
0.07754927211530215
0.0936049608626134
0.09360496086261327
0.07754927211530002
0.05283389271872487
0.028971113070546953
0.011993885376937633
0.0027933213715291127
-0.0008897679125468435
-0.0017727452266007142
-0.0016501806920416915
-0.001329638381878432
-0.001054761958651628
-0.0008560815562038811
-0.0007146156427084917
-0.0006109013117240276
-0.0005322731624405588
-0.0004710266274555981
-0.00042232776143207766
-0.000382990695027801
-0.0003508252554546991
-0.0003242760017751613
-0.0003022099521451591
-0.000283785033006613
-0.0002683651899343479
-0.0002554638469402274
-0.0002447052758329193
-0.0002357976529060214
-0.0002285139599312219
-0.0002226782875733457
-0.000218155953928343
-0.0002148463890133829
-0.00021267808529805063
-0.00021160514878368575
-0.00020263837066560833
-0.00020366570932698632
-0.00020574185967685141
-0.00020891075601995693
-0.00021324085170963425
-0.0002188284197009461
-0.00022580238461198288
-0.00023433113153014388
-0.00024463196092363193
-0.00025698419296824764
-0.0002717474388453318
-0.0002893873732737757
-0.00031051268081901074
-0.00033592912084577707
-0.00036672067964816556
-0.0004043753008094492
-0.0004509878485576212
-0.0005096067972322528
-0.0005848744938493764
-0.0006843181218701825
-0.0008210651301899445
-0.0010190175578104802
-0.0013190796829510854
-0.0017727452265998702
-0.0023808311983781307
-0.00291459497411541
-0.002634910089953404
-0.00018394960707995367
0.005839591219630963
0.015473459990804185
0.02615031632480508
0.03332655298974696
0.033326552989744775
0.026150316324803136
0.015473459990802848
0.005839591219629576
-0.00018394960708175334
-0.0026349100899548004
-0.0029145949741168483
-0.002380831198379069
-0.0017727452266005329
-0.0013190796829512788
-0.0010190175578099342
-0.0008210651301892111
-0.000684318121868956
-0.0005848744938477374
-0.0005096067972319494
-0.0004509878485567322
-0.0004043753008097198
-0.0003667206796482412
-0.00033592912084623634
-0.0003105126808198891
-0.0002893873732742972
-0.0002717474388459365
-0.0002569841929679807
-0.0002446319609246836
-0.0002343311315302034
-0.00022580238461334797
-0.00021882841970158491
-0.0002132408517105202
-0.00020891075602097911
-0.00020574185967779185
-0.00020366570932744152
-0.00020263837066646038
-1.261628995168355e-05
-1.2679738087769873e-05
-1.280794342385197e-05
-1.3003583197479918e-05
-1.3270825765871013e-05
-1.3615527453977538e-05
-1.4045520033212034e-05
-1.457101444524675e-05
-1.520515905610737e-05
-1.5964809306296016e-05
-1.6871593769253913e-05
-1.79534056034404e-05
-1.924651853692746e-05
-2.0798642185165416e-05
-2.2673430361053856e-05
-2.4957354065323045e-05
-2.7771146581223663e-05
-3.1295687299865564e-05
-3.587503622669031e-05
-4.258381547953752e-05
-5.6284967638143886e-05
-9.977332654722917e-05
-0.0002675860146574917
-0.0008897679125465401
-0.0029145949741167685
-0.008534233176487716
-0.021672245902061422
-0.047290157397895036
-0.08839474043872875
-0.14137582071479662
-0.1933804654292159
-0.22617729426884065
-0.22617729426883937
-0.19338046542921422
-0.1413758207147935
-0.08839474043872658
-0.0472901573978924
-0.02167224590205906
-0.008534233176485717
-0.002914594974114923
-0.0008897679125448955
-0.00026758601465572726
-9.977332654507987e-05
-5.628496763601013e-05
-4.258381547693627e-05
-3.5875036223837655e-05
-3.1295687298642964e-05
-2.7771146579245858e-05
-2.4957354064737444e-05
-2.2673430360289748e-05
-2.0798642184718746e-05
-1.924651853714493e-05
-1.7953405603158582e-05
-1.6871593769205172e-05
-1.596480930553193e-05
-1.5205159056676403e-05
-1.4571014444828947e-05
-1.4045520034099903e-05
-1.3615527454380874e-05
-1.327082576649691e-05
-1.300358319840259e-05
-1.2807943424569206e-05
-1.2679738088397414e-05
-1.261628995245815e-05
0.0006501759165484986
0.0006534740439453608
0.0006601392966870201
0.0006703128502541663
0.0006842146788180394
0.0007021541764658736
0.0007245457094131995
0.0007519305353724977
0.0007850072500119593
0.0008246739998865513
0.0008720873652666269
0.000928745461499633
0.0009966071491519447
0.0010782666272792598
0.0011772157807013823
0.0012982510370610264
0.0014481288068498468
0.001636661467200051
0.0018785362643033172
0.0021956479321215286
0.0026150856835260193
0.0031344221500397952
0.003543333416872035
0.002793321371525243
-0.0026349100899593727
-0.02167224590206704
-0.07144118138734788
-0.17505523435846654
-0.34851943660743057
-0.5785571919509926
-0.8085695735411871
-0.9551567617850967
-0.9551567617850925
-0.808569573541175
-0.5785571919509775
-0.3485194366074141
-0.17505523435845147
-0.07144118138733441
-0.0216722459020554
-0.0026349100899499007
0.0027933213715334903
0.0035433334168792517
0.003134422150046532
0.002615085683531978
0.002195647932128003
0.0018785362643093343
0.0016366614672041397
0.0014481288068546332
0.001298251037064197
0.0011772157807045022
0.0010782666272817938
0.0009966071491536467
0.0009287454615017481
0.0008720873652682095
0.0008246739998886354
0.0007850072500124703
0.0007519305353738764
0.0007245457094128376
0.0007021541764663221
0.0006842146788179322
0.0006703128502535377
0.0006601392966863963
0.0006534740439449522
0.0006501759165477289
0.0022151098991184644
0.002226344699325869
0.002249049278410819
0.0022837044182824114
0.0023310592446675093
0.002392167384082575
0.0024684399045708473
0.00256171992614165
0.0026743862483153947
0.002809497012449808
0.0029709900728619927
0.0031639657398391343
0.0033950923052865796
0.003673199832629692
0.004010172138539511
0.004422329727690794
0.004932658717049843
0.005574557753837696
0.006398234340632039
0.007480198295048865
0.008925588817680016
0.010793875192564247
0.0126610043734838
0.011993885376926288
-0.00018394960709578487
-0.0472901573979123
-0.17505523435848025
-0.4462114540858375
-0.9054805033715116
-1.5191000413392541
-2.135551510835028
-2.5294505166649826
-2.5294505166649723
-2.1355515108349943
-1.519100041339212
-0.9054805033714637
-0.4462114540857932
-0.17505523435844217
-0.04729015739787995
-0.00018394960706952983
0.011993885376948538
0.012661004373502805
0.010793875192581397
0.008925588817694945
0.007480198295063377
0.00639823434064481
0.0055745577538485365
0.004932658717060304
0.004422329727699668
0.004010172138547213
0.0036731998326368924
0.0033950923052920284
0.003163965739845246
0.0029709900728665814
0.00280949701245427
0.002674386248317999
0.0025617199261450223
0.0024684399045725464
0.002392167384084127
0.002331059244668382
0.0022837044182826825
0.002249049278411229
0.002226344699325122
0.002215109899118193
0.005025069187179863
0.005050554467962371
0.005102058016306024
0.0051806703554774635
0.005288090666098739
0.005426708787361409
0.005599725280685619
0.005811320634341155
0.006066890268152203
0.006373370317819519
0.006739692000137432
0.007177422734570988
0.007701685618469545
0.008332505660673638
0.009096831871299864
0.01003167201713763
0.011189145676626829
0.012644992622735654
0.01451322331406766
0.016968753350376446
0.020259222131075307
0.02456775466232522
0.029140644292932144
0.028971113070521547
0.005839591219598475
-0.08839474043876762
-0.34851943660746865
-0.9054805033715398
-1.8537871803688786
-3.1250136607623027
-4.404767348266429
-5.223446642682007
-5.223446642681988
-4.404767348266354
-3.125013660762211
-1.8537871803687744
-0.905480503371445
-0.3485194366073888
-0.08839474043869952
0.005839591219653697
0.028971113070567503
0.029140644292971227
0.0245677546623601
0.02025922213110544
0.016968753350404847
0.01451322331409247
0.012644992622757301
0.01118914567664788
0.010031672017155293
0.009096831871316425
0.008332505660687902
0.007701685618482442
0.007177422734582673
0.00673969200014748
0.006373370317829021
0.006066890268158827
0.005811320634348194
0.005599725280689385
0.005426708787365857
0.0052880906661017975
0.005180670355479062
0.005102058016306879
0.005050554467963013
0.0050250691871798325
0.008914256675766091
0.00895946528308276
0.009050827929181222
0.009190279021547888
0.009380832618001034
0.009626727873427285
0.009933641996769575
0.010308990366278147
0.010762343347766332
0.011306004115628978
0.011955814512723451
0.012732292112305112
0.013662260903971796
0.014781238740255755
0.016137023185649295
0.01779525021567045
0.019848355005004474
0.022430671465003237
0.025744534573159034
0.030101328449669628
0.03594780027389237
0.04364822821507607
0.05203592509304137
0.05283389271868061
0.015473459990747881
-0.14137582071486157
-0.5785571919510668
-1.5191000413393247
-3.12501366076235
-5.281591313836556
-7.455037655438245
-8.846278779587468
-8.846278779587426
-7.455037655438114
-5.281591313836403
-3.125013660762174
-1.5191000413391627
-0.5785571919509291
-0.14137582071474708
0.015473459990842769
0.05283389271875843
0.05203592509310885
0.043648228215134234
0.035947800273943925
0.030101328449716046
0.02574453457320036
0.022430671465040058
0.019848355005038783
0.017795250215700886
0.016137023185677116
0.014781238740280138
0.013662260903993704
0.012732292112325357
0.011955814512740597
0.011306004115644742
0.010762343347777918
0.010308990366290474
0.009933641996777619
0.009626727873435128
0.009380832618006457
0.009190279021552573
0.009050827929184085
0.008959465283084042
0.008914256675766355
0.012906241700686352
0.012971694712326285
0.013103969500252334
0.013305866634103528
0.013581749759279942
0.013937756162141839
0.014382105069348314
0.014925532124477881
0.015581892811195205
0.016368998951068713
0.017309785315185296
0.018433955682054866
0.01978034344659199
0.021400367655547033
0.02336322369394872
0.02576392953928141
0.028736296861214067
0.03247479637417569
0.037272431135580125
0.04358082165977141
0.05205222412123913
0.06324294053946575
0.07558871616483627
0.07754927211523423
0.02615031632472519
-0.19338046542931298
-0.8085695735412988
-2.135551510835149
-4.404767348266539
-7.455037655438307
-10.531021056694097
-12.500640835007182
-12.500640835007124
-10.531021056693914
-7.455037655438085
-4.4047673482662875
-2.135551510834919
-0.8085695735411054
-0.19338046542914875
0.02615031632485726
0.07754927211534672
0.07558871616492875
0.0632429405395499
0.05205222412131012
0.04358082165983805
0.037272431135637704
0.032474796374227954
0.028736296861261702
0.025763929539324514
0.023363223693988612
0.021400367655580954
0.019780343446624018
0.018433955682082198
0.01730978531521139
0.016368998951088704
0.015581892811215317
0.014925532124492977
0.014382105069362487
0.013937756162152034
0.013581749759290185
0.01330586663410881
0.013103969500257492
0.01297169471232772
0.01290624170068853
0.015487095894188431
0.015565637007633325
0.015724361683148343
0.015966630462093193
0.01629767949447134
0.016724873202283937
0.017258074216338327
0.017910164715221836
0.018697770485113577
0.0196422646465894
0.020771167483416883
0.022120121551709268
0.023735724159607022
0.02567967420244356
0.02803500029894445
0.030915715106375145
0.03448237886257367
0.03896833902337895
0.044725219240435356
0.0522953594375274
0.06246427360871508
0.07591451965094184
0.09083395158186269
0.09360496086253714
0.03332655298965334
-0.22617729426895355
-0.955156761785235
-2.5294505166651406
-5.223446642682169
-8.846278779587607
-12.500640835007264
-14.84096010672875
-14.84096010672868
-12.50064083500705
-8.846278779587351
-5.223446642681871
-2.529450516664866
-0.9551567617850023
-0.22617729426876135
0.03332655298981265
0.09360496086266842
0.09083395158197599
0.07591451965103854
0.06246427360880122
0.05229535943760427
0.04472521924050376
0.038968339023441656
0.0344823788626302
0.030915715106427016
0.028035000298989227
0.02567967420248729
0.023735724159642653
0.022120121551744018
0.02077116748344465
0.019642264646616968
0.018697770485135365
0.01791016471524212
0.017258074216352483
0.016724873202299567
0.016297679494480997
0.015966630462103046
0.015724361683152718
0.015565637007637072
0.015487095894189017
0.015487095894186516
0.015565637007633581
0.01572436168314663
0.01596663046209232
0.01629767949446985
0.016724873202285023
0.017258074216336405
0.017910164715222165
0.018697770485112352
0.019642264646590146
0.020771167483414846
0.022120121551710434
0.023735724159606245
0.025679674202444706
0.028035000298943687
0.030915715106375183
0.03448237886257414
0.03896833902337853
0.044725219240435356
0.05229535943752643
0.062464273608715745
0.07591451965094091
0.09083395158186365
0.09360496086253763
0.03332655298965387
-0.22617729426895328
-0.9551567617852352
-2.5294505166651433
-5.22344664268218
-8.84627877958763
-12.500640835007285
-14.840960106728772
-14.84096010672871
-12.500640835007065
-8.846278779587358
-5.223446642681877
-2.5294505166648698
-0.9551567617850047
-0.22617729426876076
0.033326552989813046
0.0936049608626691
0.0908339515819751
0.07591451965104001
0.062464273608800226
0.05229535943760456
0.04472521924050267
0.038968339023441226
0.03448237886262921
0.030915715106427467
0.028035000298989487
0.025679674202485916
0.023735724159643937
0.022120121551743553
0.020771167483445496
0.019642264646616205
0.018697770485136073
0.017910164715241234
0.017258074216353572
0.016724873202298138
0.016297679494481278
0.015966630462101505
0.01572436168315386
0.015565637007635053
0.015487095894188566
0.01290624170068706
0.01297169471232617
0.013103969500252098
0.013305866634102957
0.013581749759280079
0.013937756162141296
0.01438210506934839
0.01492553212447702
0.01558189281119524
0.016368998951067592
0.017309785315185185
0.018433955682054373
0.01978034344659205
0.021400367655546704
0.023363223693948706
0.025763929539281496
0.028736296861214233
0.03247479637417604
0.03727243113558039
0.04358082165977266
0.052052224121239166
0.06324294053946655
0.07558871616483655
0.0775492721152348
0.02615031632472474
-0.19338046542931314
-0.8085695735413012
-2.135551510835157
-4.404767348266552
-7.455037655438334
-10.531021056694119
-12.500640835007214
-12.50064083500715
-10.531021056693936
-7.455037655438113
-4.4047673482663035
-2.1355515108349232
-0.8085695735411091
-0.19338046542914977
0.026150316324856877
0.07754927211534653
0.07558871616492881
0.06324294053954937
0.052052224121310046
0.04358082165983728
0.03727243113563771
0.032474796374227906
0.02873629686126178
0.02576392953932419
0.023363223693988536
0.02140036765558198
0.019780343446624014
0.018433955682082805
0.017309785315211133
0.01636899895108912
0.01558189281121566
0.014925532124493709
0.014382105069362916
0.013937756162153
0.01358174975929022
0.01330586663411043
0.013103969500257572
0.012971694712328613
0.012906241700688853
0.008914256675765831
0.008959465283082921
0.009050827929180072
0.009190279021547565
0.009380832617999858
0.009626727873426421
0.009933641996768713
0.010308990366277181
0.01076234334776472
0.011306004115627872
0.011955814512723081
0.012732292112304856
0.013662260903971091
0.014781238740256
0.016137023185649454
0.017795250215669963
0.019848355005005022
0.02243067146500345
0.02574453457315977
0.030101328449670367
0.03594780027389358
0.04364822821507681
0.05203592509304225
0.05283389271868107
0.015473459990747654
-0.14137582071486182
-0.5785571919510715
-1.519100041339338
-3.125013660762381
-5.281591313836605
-7.455037655438309
-8.846278779587543
-8.846278779587504
-7.455037655438181
-5.2815913138364445
-3.125013660762206
-1.5191000413391742
-0.5785571919509341
-0.1413758207147484
0.015473459990841869
0.05283389271875872
0.052035925093108525
0.04364822821513387
0.03594780027394333
0.03010132844971538
0.025744534573199238
0.022430671465040113
0.01984835500503819
0.017795250215700865
0.016137023185676835
0.014781238740281649
0.013662260903993792
0.012732292112325135
0.011955814512741032
0.011306004115644856
0.01076234334777891
0.010308990366290134
0.009933641996778972
0.009626727873435024
0.009380832618006932
0.009190279021553088
0.009050827929184522
0.008959465283083619
0.00891425667576706
0.005025069187180072
0.005050554467962718
0.005102058016305146
0.005180670355476492
0.005288090666098302
0.005426708787361394
0.005599725280684549
0.005811320634340131
0.0060668902681517076
0.006373370317818074
0.006739692000136726
0.007177422734570657
0.007701685618469115
0.008332505660673319
0.009096831871300034
0.010031672017137103
0.011189145676627793
0.012644992622735602
0.014513223314069016
0.01696875335037823
0.02025922213107597
0.02456775466232628
0.029140644292932734
0.028971113070522577
0.0058395912195975995
-0.08839474043876742
-0.348519436607473
-0.9054805033715516
-1.8537871803689008
-3.1250136607623427
-4.404767348266478
-5.22344664268207
-5.223446642682046
-4.404767348266411
-3.1250136607622494
-1.8537871803687969
-0.9054805033714555
-0.34851943660739326
-0.08839474043870105
0.005839591219653125
0.02897111307056751
0.029140644292970905
0.024567754662359276
0.02025922213110464
0.016968753350403532
0.014513223314091396
0.012644992622757032
0.011189145676647421
0.010031672017155213
0.009096831871315991
0.008332505660689125
0.007701685618482482
0.007177422734583166
0.006739692000147262
0.006373370317828841
0.0060668902681595485
0.0058113206343487905
0.005599725280690652
0.0054267087873663316
0.005288090666101746
0.005180670355480352
0.005102058016307596
0.005050554467963056
0.005025069187180365
0.002215109899118514
0.002226344699325908
0.0022490492784102267
0.0022837044182816416
0.0023310592446667533
0.0023921673840818663
0.0024684399045708386
0.0025617199261408537
0.002674386248314957
0.0028094970124485892
0.0029709900728615785
0.0031639657398393212
0.003395092305285884
0.0036731998326299292
0.004010172138539613
0.004422329727690516
0.004932658717050851
0.005574557753837922
0.00639823434063357
0.007480198295050667
0.008925588817680949
0.010793875192565815
0.012661004373484545
0.011993885376926982
-0.00018394960709644406
-0.04729015739791245
-0.1750552343584842
-0.4462114540858477
-0.9054805033715326
-1.5191000413392886
-2.1355515108350813
-2.5294505166650403
-2.5294505166650296
-2.1355515108350445
-1.5191000413392448
-0.905480503371484
-0.4462114540858023
-0.17505523435844594
-0.04729015739788084
-0.00018394960707061078
0.011993885376948668
0.012661004373501959
0.010793875192580448
0.008925588817693605
0.007480198295061752
0.0063982343406434345
0.005574557753847286
0.004932658717060111
0.0044223297276993956
0.004010172138547525
0.003673199832637678
0.0033950923052924204
0.0031639657398456343
0.0029709900728663538
0.0028094970124548533
0.0026743862483190176
0.00256171992614577
0.0024684399045732663
0.0023921673840846484
0.0023310592446683983
0.0022837044182832536
0.0022490492784114375
0.0022263446993256025
0.0022151098991187185
0.0006501759165486581
0.0006534740439457826
0.0006601392966866476
0.0006703128502533878
0.0006842146788176272
0.0007021541764654128
0.0007245457094128599
0.000751930535371763
0.0007850072500117011
0.0008246739998857487
0.0008720873652663466
0.0009287454614996711
0.0009966071491511776
0.0010782666272796124
0.0011772157807014784
0.001298251037060698
0.0014481288068509909
0.0016366614672002735
0.0018785362643052267
0.0021956479321236216
0.0026150856835271694
0.0031344221500414432
0.0035433334168731
0.0027933213715262647
-0.0026349100899601876
-0.021672245902067316
-0.07144118138735159
-0.1750552343584753
-0.3485194366074492
-0.5785571919510236
-0.8085695735412302
-0.955156761785146
-0.9551567617851424
-0.8085695735412184
-0.5785571919510075
-0.3485194366074318
-0.1750552343584592
-0.0714411813873378
-0.021672245902055902
-0.002634910089950612
0.002793321371533578
0.003543333416878374
0.0031344221500456742
0.0026150856835306705
0.0021956479321261686
0.0018785362643076314
0.0016366614672025204
0.0014481288068543435
0.0012982510370638323
0.00117721578070482
0.0010782666272824066
0.0009966071491538284
0.000928745461502405
0.0008720873652679714
0.0008246739998887843
0.000785007250012977
0.0007519305353745592
0.0007245457094137342
0.0007021541764664666
0.0006842146788178287
0.0006703128502539989
0.0006601392966869906
0.000653474043945497
0.0006501759165484259
-1.2616289951716002e-05
-1.267973808740013e-05
-1.2807943424118996e-05
-1.3003583198149926e-05
-1.3270825766322151e-05
-1.3615527454620754e-05
-1.404552003329193e-05
-1.4571014445739548e-05
-1.5205159056457322e-05
-1.5964809306908007e-05
-1.6871593769565188e-05
-1.7953405603563603e-05
-1.924651853809282e-05
-2.079864218505032e-05
-2.267343036133357e-05
-2.4957354066057637e-05
-2.7771146580402956e-05
-3.129568729997131e-05
-3.587503622498118e-05
-4.2583815477681024e-05
-5.628496763694638e-05
-9.977332654533273e-05
-0.0002675860146565849
-0.0008897679125457415
-0.0029145949741173583
-0.008534233176487964
-0.021672245902064145
-0.04729015739790071
-0.0883947404387426
-0.14137582071481708
-0.19338046542924597
-0.2261772942688753
-0.22617729426887473
-0.19338046542924556
-0.1413758207148146
-0.08839474043873949
-0.04729015739789787
-0.021672245902061387
-0.008534233176485724
-0.002914594974115587
-0.0008897679125446846
-0.0002675860146566038
-9.977332654625718e-05
-5.628496763764273e-05
-4.258381547897273e-05
-3.587503622590185e-05
-3.129568730099053e-05
-2.777114657980025e-05
-2.4957354065402274e-05
-2.2673430360110163e-05
-2.0798642184536193e-05
-1.9246518537224106e-05
-1.795340560260603e-05
-1.687159376951719e-05
-1.5964809305416118e-05
-1.5205159056293514e-05
-1.4571014444153867e-05
-1.4045520033450016e-05
-1.3615527454162725e-05
-1.327082576647288e-05
-1.3003583198355682e-05
-1.2807943423939533e-05
-1.2679738087788814e-05
-1.2616289951821824e-05
-0.00020263837066561208
-0.00020366570932660983
-0.00020574185967707574
-0.00020891075602052806
-0.0002132408517099272
-0.00021882841970164303
-0.00022580238461207625
-0.00023433113153046437
-0.00024463196092403244
-0.00025698419296875174
-0.0002717474388456264
-0.00028938737327407105
-0.00031051268082031526
-0.00033592912084576634
-0.0003667206796486789
-0.0004043753008100933
-0.0004509878485570115
-0.0005096067972322239
-0.0005848744938478252
-0.0006843181218683088
-0.0008210651301888167
-0.0010190175578086312
-0.0013190796829502124
-0.0017727452265993225
-0.0023808311983787595
-0.002914594974115895
-0.002634910089955646
-0.0001839496070849936
0.005839591219621573
0.015473459990786805
0.026150316324780827
0.03332655298971827
0.03332655298971905
0.026150316324779287
0.015473459990786448
0.005839591219619459
-0.0001839496070858243
-0.0026349100899565854
-0.0029145949741167547
-0.0023808311983795774
-0.00177274522660031
-0.001319079682952066
-0.0010190175578110795
-0.0008210651301907559
-0.0006843181218708712
-0.0005848744938496359
-0.0005096067972342638
-0.0004509878485572769
-0.00040437530081050953
-0.0003667206796480693
-0.0003359291208462762
-0.00031051268082009527
-0.0002893873732738198
-0.0002717474388461262
-0.00025698419296801974
-0.0002446319609242634
-0.00023433113152941047
-0.00022580238461268956
-0.0002188284197012911
-0.00021324085171018695
-0.00020891075602081773
-0.00020574185967699765
-0.00020366570932663422
-0.00020263837066581702
-0.00021160514878294253
-0.00021267808529743724
-0.000214846389012823
-0.00021815595392797417
-0.00022267828757284447
-0.00022851395993137534
-0.00023579765290475608
-0.00024470527583271356
-0.00025546384693931766
-0.0002683651899345131
-0.0002837850330056652
-0.0003022099521444195
-0.00032427600177504915
-0.0003508252554537161
-0.0003829906950278014
-0.00042232776143216375
-0.00047102662745560574
-0.0005322731624407506
-0.0006109013117239874
-0.0007146156427077193
-0.0008560815562034454
-0.0010547619586503067
-0.0013296383818770974
-0.0016501806920402114
-0.0017727452265997898
-0.0008897679125452606
0.002793321371529052
0.011993885376936048
0.02897111307054069
0.05283389271871246
0.07754927211528027
0.09360496086258897
0.09360496086258824
0.07754927211527785
0.052833892718711584
0.02897111307053864
0.011993885376934457
0.002793321371527358
-0.0008897679125465396
-0.0017727452266010242
-0.0016501806920413567
-0.001329638381879102
-0.0010547619586528307
-0.0008560815562054573
-0.00071461564271035
-0.0006109013117258054
-0.0005322731624426963
-0.00047102662745597144
-0.0004223277614326986
-0.00038299069502726875
-0.00035082525545443303
-0.0003242760017750278
-0.0003022099521443343
-0.0002837850330061683
-0.00026836518993415316
-0.00025546384693942966
-0.00024470527583187363
-0.0002357976529053131
-0.00022851395993093662
-0.0002226782875728969
-0.00021815595392830802
-0.00021484638901273878
-0.00021267808529729212
-0.00021160514878307805
-0.00017616655263189145
-0.00017705983021930566
-0.00017886506119053696
-0.00018162045697344635
-0.00018538555505015687
-0.00019024409079816557
-0.00019630820210472674
-0.00020372435444362914
-0.00021268156927085815
-0.00022342282959508233
-0.00023626098470810126
-0.0002516011880476857
-0.00026997306935181407
-0.0002920778250762304
-0.0003188589238055573
-0.00035161168384885427
-0.00039216007132928006
-0.00044315698491211996
-0.0005086238237582327
-0.000594940686665772
-0.0007124225800925431
-0.0008760641859120377
-0.0010964506318212452
-0.0013296383818776503
-0.0013190796829510903
-0.0002675860146564139
0.0035433334168754483
0.012661004373492022
0.029140644292949325
0.05203592509306895
0.07558871616487425
0.09083395158190691
0.09083395158190766
0.0755887161648725
0.052035925093068286
0.02914064429294628
0.012661004373490731
0.0035433334168737296
-0.0002675860146575255
-0.0013190796829519956
-0.0013296383818785522
-0.0010964506318227433
-0.0008760641859140135
-0.000712422580094125
-0.0005949406866679298
-0.0005086238237596432
-0.0004431569849135251
-0.00039216007132943456
-0.00035161168384920366
-0.00031885892380495635
-0.0002920778250768991
-0.0002699730693518943
-0.00025160118804767786
-0.00023626098470850413
-0.00022342282959498809
-0.00021268156927077233
-0.0002037243544429179
-0.00019630820210515815
-0.00019024409079755795
-0.00018538555505001977
-0.00018162045697360128
-0.00017886506119054612
-0.00017705983021881966
-0.00017616655263207477
-0.00014116685332680117
-0.000141882667185391
-0.00014332926069676326
-0.00014553725449272377
-0.000148554358825904
-0.00015244767497464828
-0.0001573070646968801
-0.00016324989843350576
-0.00017042764936433432
-0.00017903503363892836
-0.00018932275626039238
-0.00020161549272094693
-0.00021633767198472664
-0.0002340512156444239
-0.00025551220368086054
-0.0002817586953298309
-0.00031425241903360794
-0.0003551193402081196
-0.0004075811614231114
-0.0004767420835378275
-0.0005708120839300615
-0.0007015136073765649
-0.0008760641859122963
-0.0010547619586511717
-0.0010190175578099236
-9.977332654585052e-05
0.003134422150042958
0.010793875192571876
0.024567754662340277
0.043648228215100324
0.06324294053950177
0.07591451965098114
0.0759145196509809
0.06324294053949756
0.043648228215099207
0.0245677546623375
0.010793875192570565
0.003134422150041429
-9.977332654661316e-05
-0.0010190175578105093
-0.001054761958651751
-0.000876064185913336
-0.0007015136073780003
-0.0005708120839314148
-0.0004767420835394455
-0.00040758116142429517
-0.00035511934020898944
-0.00031425241903370953
-0.0002817586953300202
-0.00025551220368030743
-0.00023405121564502586
-0.00021633767198486162
-0.00020161549272101588
-0.00018932275626058192
-0.000179035033638997
-0.0001704276493639328
-0.00016324989843288947
-0.00015730706469707344
-0.0001524476749739808
-0.0001485543588256837
-0.00014553725449289247
-0.00014332926069709942
-0.0001418826671847871
-0.0001411668533271009
-0.0001148878501619776
-0.0001154704123889834
-0.00011664771673185529
-0.00011844468374983413
-0.00012090014237103755
-0.00012406870290023467
-0.00012802349925787325
-0.00013286005332436163
-0.00013870164154366406
-0.00014570673375069145
-0.0001540793664992662
-0.00016408377756563122
-0.00017606538969939172
-0.0001904815251200433
-0.0002079475238484664
-0.00022930821832463082
-0.0002557532490054144
-0.0002890128327791261
-0.00033170873981608383
-0.00038799312117975384
-0.00046453541343737296
-0.0005708120839300523
-0.0007124225800926738
-0.0008560815562040575
-0.0008210651301897884
-5.6284967637237506e-05
0.0026150856835287202
0.008925588817686108
0.02025922213108812
0.03594780027391242
0.0520522241212683
0.062464273608748164
0.06246427360874887
0.052052224121266095
0.035947800273913
0.020259222131085802
0.008925588817684994
0.002615085683527114
-5.6284967637911616e-05
-0.000821065130190196
-0.0008560815562045152
-0.0007124225800933714
-0.0005708120839311243
-0.0004645354134386726
-0.0003879931211810114
-0.0003317087398172373
-0.00028901283277969986
-0.00025575324900564635
-0.00022930821832476458
-0.00020794752384797205
-0.0001904815251205658
-0.0001760653896995037
-0.00016408377756577537
-0.00015407936649923756
-0.0001457067337508185
-0.00013870164154305194
-0.0001328600533238202
-0.00012802349925791905
-0.00012406870289954658
-0.00012090014237087079
-0.00011844468374999677
-0.0001166477167325914
-0.000115470412388273
-0.0001148878501624918
-9.595855874272808e-05
-9.644513605212141e-05
-9.742846375663905e-05
-9.89293564144663e-05
-0.00010098024535741876
-0.00010362674309664383
-0.00010692993373822673
-0.00011096960062181926
-0.00011584870870142868
-0.00012169961771781786
-0.00012869274637376774
-0.00013704879558783532
-0.0001470562748669968
-0.0001590971561307498
-0.00017368539334839411
-0.00019152662056698736
-0.0002136144669496314
-0.00024139406437611612
-0.0002770551559024677
-0.0003240653976691689
-0.0003879931211798403
-0.000476742083538202
-0.0005949406866664184
-0.0007146156427088625
-0.0006843181218696478
-4.258381547833746e-05
0.002195647932124566
0.00748019829505538
0.016968753350388763
0.030101328449688845
0.04358082165979837
0.05229535943755779
0.05229535943755742
0.04358082165979632
0.030101328449688786
0.016968753350386966
0.0074801982950543355
0.0021956479321231064
-4.258381547889745e-05
-0.0006843181218700518
-0.0007146156427092195
-0.0005949406866669988
-0.0004767420835391111
-0.0003879931211813429
-0.000324065397670261
-0.0002770551559038021
-0.00024139406437669937
-0.00021361446695027038
-0.00019152662056732964
-0.00017368539334805189
-0.00015909715613126669
-0.0001470562748670521
-0.00013704879558809195
-0.00012869274637356394
-0.00012169961771795829
-0.0001158487087007223
-0.0001109696006213677
-0.00010692993373812829
-0.00010362674309595025
-0.00010098024535728782
-9.892935641462939e-05
-9.742846375762216e-05
-9.644513605142139e-05
-9.595855874344419e-05
-8.20385618112359e-05
-8.245455475286988e-05
-8.329523797624003e-05
-8.457840660342739e-05
-8.633178735606444e-05
-8.859437602207247e-05
-9.141839561209862e-05
-9.487205578005814e-05
-9.904338496735826e-05
-0.0001040455422573245
-0.00011002422467555739
-0.00011716811726175593
-0.00012572387695121163
-0.00013601806486711676
-0.0001484900779887916
-0.00016374318682938955
-0.00018262687792199
-0.00020637664032741715
-0.00023686454680796467
-0.0002770551559026875
-0.00033170873981617263
-0.0004075811614235152
-0.0005086238237587601
-0.0006109013117250176
-0.0005848744938486904
-3.587503622552198e-05
0.0018785362643066105
0.006398234340637847
0.014513223314079289
0.025744534573176072
0.03727243113560416
0.04472521924046215
0.044725219240462265
0.03727243113560148
0.025744534573174598
0.014513223314077282
0.0063982343406365424
0.0018785362643048975
-3.5875036226108855e-05
-0.0005848744938492295
-0.0006109013117253508
-0.0005086238237592835
-0.00040758116142443676
-0.0003317087398179542
-0.000277055155903821
-0.00023686454680954254
-0.00020637664032822063
-0.00018262687792309465
-0.00016374318683003662
-0.0001484900779886015
-0.00013601806486761368
-0.00012572387695123234
-0.00011716811726210241
-0.000110024224675277
-0.00010404554225741633
-9.904338496677239e-05
-9.487205577968466e-05
-9.141839561199554e-05
-8.859437602144395e-05
-8.633178735606098e-05
-8.457840660364362e-05
-8.329523797732461e-05
-8.2454554752253e-05
-8.203856181213074e-05
-7.147907285220804e-05
-7.184152164625913e-05
-7.257399709936232e-05
-7.369200384058884e-05
-7.521969975566426e-05
-7.719106130007889e-05
-7.965158961117291e-05
-8.26607147465494e-05
-8.629513457130031e-05
-9.065344289052914e-05
-9.58625833075121e-05
-0.0001020869541971551
-0.0001095414639043083
-0.0001185106399624903
-0.00012937732185181844
-0.00014266712914237363
-0.00015912020480863978
-0.00017981300811232236
-0.00020637664032688264
-0.0002413940643755378
-0.00028901283277820756
-0.000355119340207729
-0.00044315698491190496
-0.0005322731624412243
-0.0005096067972322467
-3.12956872999281e-05
0.0016366614672019405
0.005574557753842463
0.012644992622745415
0.022430671465018683
0.03247479637419773
0.03896833902340496
0.03896833902340545
0.032474796374193905
0.022430671465018724
0.01264499262274342
0.005574557753841445
0.0016366614672002578
-3.1295687300582954e-05
-0.0005096067972330351
-0.0005322731624415246
-0.00044315698491248197
-0.00035511934020864824
-0.0002890128327801984
-0.00024139406437670479
-0.0002063766403286437
-0.00017981300811341963
-0.00015912020481018726
-0.00014266712914334624
-0.00012937732185177642
-0.00011851063996290578
-0.00010954146390428936
-0.00010208695419751478
-9.586258330723701e-05
-9.065344289063503e-05
-8.629513457103258e-05
-8.266071474629939e-05
-7.965158961113888e-05
-7.719106129962526e-05
-7.521969975582619e-05
-7.369200384100592e-05
-7.257399710040438e-05
-7.184152164590717e-05
-7.147907285317394e-05
-6.325332467903892e-05
-6.357406309255413e-05
-6.422224572552736e-05
-6.521159293697443e-05
-6.656348252781112e-05
-6.830798094750109e-05
-7.048535306691715e-05
-7.314818973479546e-05
-7.636436242345834e-05
-8.022111875256842e-05
-8.483079362705285e-05
-9.033886640081153e-05
-9.693551365835993e-05
-0.00010487251930663222
-0.00011448866529475577
-0.00012624908221851015
-0.00014080873611459395
-0.0001591202048085466
-0.0001826268779217642
-0.0002136144669493165
-0.0002557532490046623
-0.00031425241903336877
-0.00039216007132906994
-0.0004710266274562055
-0.00045098784855678595
-2.7771146580522062e-05
0.0014481288068527746
0.0049326587170548195
0.011189145676636848
0.019848355005020236
0.028736296861235456
0.03448237886259654
0.034482378862595434
0.028736296861232385
0.01984835500501894
0.011189145676635677
0.004932658717053881
0.0014481288068509063
-2.7771146581188518e-05
-0.0004509878485578426
-0.0004710266274566017
-0.00039216007132986813
-0.00031425241903450826
-0.0002557532490068718
-0.00021361446695066595
-0.00018262687792362239
-0.0001591202048098262
-0.0001408087361163616
-0.0001262490822196554
-0.00011448866529488946
-0.00010487251930696917
-9.693551365838908e-05
-9.033886640110218e-05
-8.483079362676179e-05
-8.022111875265143e-05
-7.636436242359437e-05
-7.31481897346389e-05
-7.048535306711346e-05
-6.830798094735073e-05
-6.656348252817377e-05
-6.521159293752259e-05
-6.422224572631122e-05
-6.357406309238968e-05
-6.325332467992207e-05
-5.671293433791066e-05
-5.7000508352672e-05
-5.758166880509874e-05
-5.846871736195105e-05
-5.968082134970158e-05
-6.124493833120635e-05
-6.319716976772437e-05
-6.558466858308439e-05
-6.84682882955638e-05
-7.192625506025828e-05
-7.605928826374921e-05
-8.099782456728692e-05
-8.691237610590759e-05
-9.402869204191596e-05
-0.00010265052381651992
-0.00011319490678156401
-0.00012624908221824343
-0.00014266712914168624
-0.0001637431868285581
-0.00019152662056587085
-0.00022930821832309347
-0.0002817586953289303
-0.00035161168384807175
-0.00042232776143237463
-0.0004043753008093156
-2.495735406576079e-05
0.0012982510370624588
0.004422329727694175
0.010031672017145356
0.017795250215683643
0.02576392953930153
0.030915715106396735
0.030915715106396173
0.02576392953929908
0.01779525021568304
0.010031672017144043
0.004422329727693537
0.0012982510370609713
-2.495735406646608e-05
-0.00040437530081047067
-0.00042232776143279107
-0.0003516116838490058
-0.00028175869533014156
-0.00022930821832536192
-0.00019152662056736257
-0.0001637431868304309
-0.00014266712914313108
-0.00012624908222009807
-0.00011319490678275099
-0.00010265052381680505
-9.40286920421729e-05
-8.691237610603107e-05
-8.09978245675357e-05
-7.605928826352565e-05
-7.192625506049477e-05
-6.84682882961214e-05
-6.558466858299199e-05
-6.319716976809682e-05
-6.124493833135626e-05
-5.968082135017535e-05
-5.84687173625845e-05
-5.7581668805585284e-05
-5.7000508352708625e-05
-5.6712934338561336e-05
-5.142999504670477e-05
-5.1690780840484314e-05
-5.221780477826543e-05
-5.3022222592727435e-05
-5.412141612238838e-05
-5.553983175948043e-05
-5.731020801486966e-05
-5.9475305386207495e-05
-6.209030871435509e-05
-6.522615716383733e-05
-6.897418781369627e-05
-7.345268675792025e-05
-7.88162823962669e-05
-8.526969462998628e-05
-9.308837942922742e-05
-0.00010265052381594643
-0.00011448866529402506
-0.0001293773218508286
-0.0001484900779880744
-0.00017368539334760468
-0.00020794752384747621
-0.0002555122036803354
-0.0003188589238050233
-0.0003829906950281519
-0.00036672067964794807
-2.267343036127242e-05
0.001177215780702949
0.004010172138542637
0.009096831871307273
0.01613702318566232
0.02336322369396684
0.028035000298963372
0.028035000298961256
0.02336322369396404
0.016137023185660522
0.009096831871306638
0.004010172138542269
0.0011772157807016896
-2.2673430361694907e-05
-0.00036672067964895226
-0.00038299069502861543
-0.00031885892380604174
-0.0002555122036816652
-0.00020794752384966527
-0.00017368539334928343
-0.0001484900779898912
-0.00012937732185233945
-0.00011448866529579874
-0.00010265052381699836
-9.308837942962047e-05
-8.526969463018496e-05
-7.881628239652706e-05
-7.34526867581809e-05
-6.897418781359755e-05
-6.52261571642738e-05
-6.209030871521268e-05
-5.94753053860478e-05
-5.731020801530991e-05
-5.5539831759773766e-05
-5.4121416122839466e-05
-5.302222259332361e-05
-5.2217804778607814e-05
-5.169078084073131e-05
-5.142999504703023e-05
-4.711028929755724e-05
-4.734917115032408e-05
-4.7831929251667175e-05
-4.8568782338056154e-05
-4.957565230788947e-05
-5.087493224419596e-05
-5.249661087445226e-05
-5.4479857141244386e-05
-5.687522077896576e-05
-5.974768259964527e-05
-6.318090805477978e-05
-6.728324808958518e-05
-7.219634346089259e-05
-7.81077190925115e-05
-8.526969463003512e-05
-9.40286920417351e-05
-0.00010487251930640256
-0.00011851063996202915
-0.00013601806486685086
-0.00015909715613024333
-0.00019048152511939645
-0.00023405121564412085
-0.0002920778250760856
-0.0003508252554544612
-0.00033592912084561385
-2.07986421854182e-05
0.0010782666272806424
0.00367319983263233
0.00833250566067974
0.014781238740266718
0.021400367655561588
0.025679674202460707
0.025679674202462532
0.021400367655559742
0.01478123874026574
0.00833250566067932
0.0036731998326323644
0.0010782666272797549
-2.07986421858171e-05
-0.0003359291208465291
-0.00035082525545515657
-0.0002920778250772119
-0.00023405121564549082
-0.00019048152512142117
-0.00015909715613205273
-0.00013601806486852023
-0.00011851063996351698
-0.00010487251930802075
-9.402869204257406e-05
-8.526969463045397e-05
-7.810771909260334e-05
-7.219634346112549e-05
-6.728324808973358e-05
-6.318090805460994e-05
-5.9747682600154036e-05
-5.687522077984449e-05
-5.447985714106932e-05
-5.249661087497896e-05
-5.087493224471435e-05
-4.9575652308306104e-05
-4.856878233863169e-05
-4.783192925198754e-05
-4.734917115077442e-05
-4.7110289297473206e-05
-4.35448752365251e-05
-4.376567794179064e-05
-4.421189976046769e-05
-4.489298604834694e-05
-4.582365369411205e-05
-4.702460101437731e-05
-4.852354711283919e-05
-5.0356696524289306e-05
-5.257077324645059e-05
-5.522584016999209e-05
-5.8399230719366526e-05
-6.21910955418622e-05
-6.673235562380667e-05
-7.219634346142129e-05
-7.881628239653365e-05
-8.691237610579286e-05
-9.693551365797316e-05
-0.00010954146390365356
-0.00012572387695070628
-0.0001470562748662135
-0.00017606538969865604
-0.0002163376719840945
-0.000269973069351341
-0.0003242760017752676
-0.0003105126808199527
-1.9246518538111133e-05
0.0009966071491521308
0.003395092305288002
0.007701685618474096
0.013662260903982305
0.019780343446605002
0.023735724159622898
0.02373572415961972
0.019780343446603274
0.01366226090397765
0.0077016856184744815
0.0033950923052879826
0.0009966071491516017
-1.9246518538383918e-05
-0.0003105126808206277
-0.0003242760017762311
-0.0002699730693525847
-0.000216337671985505
-0.00017606538970042643
-0.0001470562748680755
-0.00012572387695211406
-0.00010954146390493968
-9.693551365934114e-05
-8.69123761063169e-05
-7.881628239680046e-05
-7.219634346125221e-05
-6.67323556238706e-05
-6.219109554184703e-05
-5.8399230719079395e-05
-5.522584017044567e-05
-5.257077324707883e-05
-5.0356696524009344e-05
-4.852354711327703e-05
-4.7024601014899736e-05
-4.582365369434033e-05
-4.48929860488333e-05
-4.421189976090238e-05
-4.376567794247463e-05
-4.354487523610238e-05
-4.058156802365658e-05
-4.078734468847605e-05
-4.120320027109606e-05
-4.183793735116845e-05
-4.270527130360975e-05
-4.382449188171746e-05
-4.522143184809581e-05
-4.6929831943708284e-05
-4.899323650099918e-05
-5.1467621002801943e-05
-5.442505616885869e-05
-5.795887717497857e-05
-6.219109554168783e-05
-6.728324808984707e-05
-7.345268675786837e-05
-8.099782456687533e-05
-9.033886640028228e-05
-0.00010208695419659274
-0.0001171681172614543
-0.0001370487955872815
-0.00016408377756521575
-0.00020161549272046007
-0.0002516011880473374
-0.0003022099521445062
-0.00028938737327391525
-1.7953405603492198e-05
0.0009287454615006263
0.003163965739840845
0.007177422734575178
0.012732292112313536
0.018433955682065264
0.022120121551724575
0.0221201215517235
0.01843395568206655
0.012732292112312709
0.00717742273457597
0.0031639657398411583
0.0009287454615004031
-1.7953405603808016e-05
-0.0002893873732744298
-0.0003022099521456606
-0.00025160118804854283
-0.00020161549272167887
-0.00016408377756667712
-0.00013704879558907866
-0.0001171681172626109
-0.00010208695419766688
-9.033886640142218e-05
-8.099782456715763e-05
-7.345268675787714e-05
-6.728324808934804e-05
-6.219109554144429e-05
-5.7958877174715205e-05
-5.4425056168361576e-05
-5.146762100311948e-05
-4.899323650118751e-05
-4.6929831943427605e-05
-4.522143184841186e-05
-4.382449188225974e-05
-4.270527130363366e-05
-4.183793735164235e-05
-4.120320027164847e-05
-4.0787344689381354e-05
-4.0581568023014526e-05
-3.810726324884316e-05
-3.830049346011071e-05
-3.869099382167969e-05
-3.928703020810215e-05
-4.010148174978121e-05
-4.115246207733496e-05
-4.246422889539005e-05
-4.406846572563471e-05
-4.600606194251781e-05
-4.8329580123881005e-05
-5.1106696735278075e-05
-5.442505616910687e-05
-5.8399230719681554e-05
-6.318090805560752e-05
-6.897418781418108e-05
-7.605928826358736e-05
-8.48307936266425e-05
-9.586258330696104e-05
-0.00011002422467524301
-0.00012869274637327148
-0.00015407936649915465
-0.00018932275626030922
-0.0002362609847082447
-0.0002837850330060326
-0.0002717474388460287
-1.687159376969866e-05
0.0008720873652667499
0.0029709900728628466
0.006739692000140459
0.011955814512730641
0.017309785315195867
0.020771167483429644
0.020771167483426282
0.017309785315195458
0.011955814512729031
0.006739692000141913
0.0029709900728630495
0.0008720873652669309
-1.687159376994342e-05
-0.0002717474388463835
-0.0002837850330072741
-0.00023626098470943519
-0.00018932275626127318
-0.00015407936650029422
-0.0001286927463748001
-0.00011002422467600572
-9.58625833076613e-05
-8.483079362744462e-05
-7.60592882636465e-05
-6.897418781390991e-05
-6.31809080547897e-05
-5.8399230719178064e-05
-5.4425056168606524e-05
-5.110669673460488e-05
-4.832958012399072e-05
-4.600606194218844e-05
-4.4068465725309973e-05
-4.2464228895480456e-05
-4.1152462077752074e-05
-4.010148174956522e-05
-3.9287030208516303e-05
-3.8690993822259484e-05
-3.8300493461082064e-05
-3.810726324821593e-05
-3.6036531194657405e-05
-3.6219261349719616e-05
-3.658854206935671e-05
-3.715219006317296e-05
-3.792238461329558e-05
-3.8916255060354366e-05
-4.015674095191193e-05
-4.167380413511476e-05
-4.35061120657345e-05
-4.5703371081915114e-05
-4.8329580124265314e-05
-5.1467621003189024e-05
-5.522584017029981e-05
-5.974768260038567e-05
-6.522615716421043e-05
-7.19262550599582e-05
-8.022111875225028e-05
-9.065344289024301e-05
-0.00010404554225735594
-0.0001216996177176221
-0.0001457067337507184
-0.0001790350336387254
-0.00022342282959480112
-0.0002683651899340498
-0.0002569841929684052
-1.596480930596187e-05
0.0008246739998870845
0.0028094970124506956
0.006373370317822047
0.011306004115634666
0.016368998951074843
0.019642264646599475
0.019642264646599072
0.01636899895107676
0.011306004115635294
0.006373370317824283
0.0028094970124506145
0.0008246739998874042
-1.596480930630577e-05
-0.0002569841929687102
-0.0002683651899351552
-0.00022342282959579343
-0.0001790350336392392
-0.0001457067337514595
-0.00012169961771874767
-0.00010404554225782072
-9.065344289073835e-05
-8.022111875288943e-05
-7.192625506005466e-05
-6.522615716381033e-05
-5.974768259932454e-05
-5.522584016954529e-05
-5.1467621002407416e-05
-4.8329580123350925e-05
-4.570337108180772e-05
-4.350611206494004e-05
-4.167380413482964e-05
-4.015674095179093e-05
-3.891625506069162e-05
-3.7922384612923074e-05
-3.7152190063580244e-05
-3.6588542069849385e-05
-3.621926135060389e-05
-3.603653119422153e-05
-3.4304020662157236e-05
-3.447796578130199e-05
-3.482949275583241e-05
-3.536604249508975e-05
-3.609920874197361e-05
-3.704529731620613e-05
-3.8226144908440725e-05
-3.967027290060808e-05
-4.141448974573257e-05
-4.350611206567498e-05
-4.600606194307313e-05
-4.8993236501787714e-05
-5.2570773247349085e-05
-5.6875220780525115e-05
-6.20903087153495e-05
-6.846828829564457e-05
-7.636436242328397e-05
-8.629513457089014e-05
-9.904338496713629e-05
-0.00011584870870107094
-0.00013870164154369168
-0.00017042764936428978
-0.00021268156927090927
-0.0002554638469391677
-0.00024463196092429406
-1.520515905604528e-05
0.0007850072500119477
0.002674386248315839
0.00606689026815411
0.010762343347770497
0.015581892811201568
0.01869777048512205
0.018697770485120085
0.015581892811203934
0.010762343347769373
0.006066890268156349
0.002674386248315658
0.0007850072500124428
-1.5205159056445431e-05
-0.0002446319609244821
-0.00025546384693996623
-0.0002126815692715607
-0.0001704276493643084
-0.00013870164154396853
-0.00011584870870163666
-9.904338496727734e-05
-8.629513457114691e-05
-7.63643624237438e-05
-6.846828829578869e-05
-6.209030871496892e-05
-5.687522077927779e-05
-5.25707732464791e-05
-4.89932365007845e-05
-4.600606194199105e-05
-4.350611206536243e-05
-4.141448974464489e-05
-3.967027290035949e-05
-3.822614490817388e-05
-3.704529731642389e-05
-3.6099208741514194e-05
-3.5366042495393285e-05
-3.4829492756086004e-05
-3.4477965781829213e-05
-3.430402066197393e-05
-3.285926933770461e-05
-3.30258885613762e-05
-3.3362610578718394e-05
-3.3876562917095e-05
-3.457885103454608e-05
-3.5485094012058056e-05
-3.66162088610373e-05
-3.799951575100008e-05
-3.967027290132687e-05
-4.1673804135761436e-05
-4.406846572662787e-05
-4.692983194457611e-05
-5.0356696524767534e-05
-5.447985714232745e-05
-5.947530538643225e-05
-6.558466858268546e-05
-7.314818973446116e-05
-8.2660714746282e-05
-9.487205578017934e-05
-0.00011096960062202331
-0.00013286005332484443
-0.00016324989843367906
-0.00020372435444365982
-0.00024470527583218425
-0.00023433113153009528
-1.4571014444411302e-05
0.0007519305353732087
0.002561719926142728
0.005811320634343243
0.010308990366282134
0.014925532124481833
0.01791016471522964
0.0179101647152272
0.014925532124485138
0.010308990366283334
0.005811320634344933
0.0025617199261426934
0.00075193053537359
-1.457101444485285e-05
-0.0002343311315301798
-0.000244705275832531
-0.00020372435444377364
-0.00016324989843313412
-0.00013286005332453904
-0.00011096960062191582
-9.487205578003334e-05
-8.266071474641881e-05
-7.31481897348298e-05
-6.558466858301725e-05
-5.9475305386358334e-05
-5.4479857141165436e-05
-5.035669652405674e-05
-4.692983194361264e-05
-4.4068465725514305e-05
-4.1673804135356446e-05
-3.96702729001622e-05
-3.799951575084108e-05
-3.661620886072185e-05
-3.548509401223444e-05
-3.457885103413117e-05
-3.387656291739355e-05
-3.336261057878073e-05
-3.302588856152937e-05
-3.2859269337699115e-05
-3.166308443027824e-05
-3.182363816374163e-05
-3.214810238658279e-05
-3.2643345160878305e-05
-3.33200676681067e-05
-3.419332040278326e-05
-3.528325892601274e-05
-3.6616208861379855e-05
-3.822614490915477e-05
-4.015674095262178e-05
-4.2464228896331e-05
-4.522143184891116e-05
-4.8523547113126115e-05
-5.249661087553788e-05
-5.7310208014784615e-05
-6.319716976721869e-05
-7.048535306648288e-05
-7.965158961079148e-05
-9.141839561221551e-05
-0.00010692993373876504
-0.00012802349925888383
-0.00015730706469775218
-0.00019630820210575254
-0.00023579765290529807
-0.0002258023846128582
-1.4045520033132652e-05
0.000724545709412944
0.0024684399045715438
0.005599725280686904
0.009933641996773322
0.014382105069352011
0.017258074216345204
0.017258074216341526
0.01438210506935435
0.009933641996771905
0.005599725280688504
0.002468439904571291
0.0007245457094136507
-1.4045520033541313e-05
-0.00022580238461284325
-0.00023579765290526953
-0.00019630820210542215
-0.00015730706469687086
-0.00012802349925822098
-0.00010692993373813414
-9.141839561195618e-05
-7.965158961090155e-05
-7.048535306676578e-05
-6.31971697676006e-05
-5.731020801506636e-05
-5.2496610874527564e-05
-4.8523547112722134e-05
-4.522143184814705e-05
-4.246422889534108e-05
-4.015674095216201e-05
-3.822614490808668e-05
-3.661620886123259e-05
-3.5283258925707224e-05
-3.419332040283213e-05
-3.332006766776028e-05
-3.2643345161189485e-05
-3.2148102386577235e-05
-3.182363816356866e-05
-3.1663084430328395e-05
-3.068497716060148e-05
-3.0840571209392004e-05
-3.1155012368955126e-05
-3.1634956539121655e-05
-3.2290774329057075e-05
-3.313705130625433e-05
-3.4193320402568656e-05
-3.548509401239108e-05
-3.704529731670913e-05
-3.891625506105327e-05
-4.1152462078183125e-05
-4.3824491882473465e-05
-4.702460101447292e-05
-5.087493224526867e-05
-5.553983175919643e-05
-6.124493833081099e-05
-6.83079809472299e-05
-7.71910612997786e-05
-8.859437602218317e-05
-0.00010362674309721173
-0.00012406870290104896
-0.0001524476749751463
-0.0001902440907987607
-0.00022851395993137916
-0.00021882841970170662
-1.3615527453941319e-05
0.0007021541764660223
0.00239216738408332
0.005426708787362797
0.009626727873429412
0.01393775616214488
0.0167248732022907
0.01672487320228839
0.013937756162147387
0.009626727873430663
0.005426708787365005
0.0023921673840829934
0.0007021541764664899
-1.3615527454376068e-05
-0.0002188284197016788
-0.00022851395993107865
-0.00019024409079801099
-0.00015244767497406625
-0.00012406870290012335
-0.00010362674309619814
-8.85943760219508e-05
-7.719106130006604e-05
-6.830798094754667e-05
-6.124493833131632e-05
-5.553983175995998e-05
-5.087493224465028e-05
-4.7024601014542e-05
-4.3824491882080855e-05
-4.115246207740954e-05
-3.891625506057175e-05
-3.704529731579874e-05
-3.548509401219144e-05
-3.4193320402304246e-05
-3.313705130617278e-05
-3.229077432875623e-05
-3.163495653955533e-05
-3.115501236902211e-05
-3.084057120908477e-05
-3.068497716052734e-05
-2.9901323004486538e-05
-3.0052943381305524e-05
-3.0359354118333776e-05
-3.082704113194e-05
-3.1466110178664064e-05
-3.2290774328874584e-05
-3.3320067667594096e-05
-3.4578851034551756e-05
-3.6099208741784635e-05
-3.792238461330134e-05
-4.0101481749808924e-05
-4.270527130372337e-05
-4.582365369369508e-05
-4.957565230869649e-05
-5.4121416121863007e-05
-5.968082134928197e-05
-6.656348252756611e-05
-7.521969975534366e-05
-8.633178735619611e-05
-0.00010098024535815385
-0.00012090014237199062
-0.00014855435882652574
-0.0001853855550509152
-0.00022267828757287862
-0.0002132408517097579
-1.3270825765433585e-05
0.0006842146788183612
0.0023310592446682196
0.00528809066610089
0.009380832618003768
0.013581749759283373
0.016297679494476566
0.016297679494474783
0.013581749759285597
0.009380832618003257
0.005288090666101095
0.002331059244667945
0.0006842146788190657
-1.3270825765938958e-05
-0.0002132408517098448
-0.00022267828757252902
-0.00018538555504998169
-0.00014855435882555874
-0.0001209001423711215
-0.00010098024535710375
-8.633178735620683e-05
-7.521969975594133e-05
-6.656348252794774e-05
-5.9680821349753304e-05
-5.412141612293328e-05
-4.957565230842689e-05
-4.582365369417018e-05
-4.270527130361492e-05
-4.010148174929054e-05
-3.7922384612763974e-05
-3.6099208741070606e-05
-3.4578851034253383e-05
-3.332006766748189e-05
-3.2290774328708674e-05
-3.1466110178446695e-05
-3.082704113262558e-05
-3.0359354118663007e-05
-3.005294338103892e-05
-2.990132300419707e-05
-2.929403443093621e-05
-2.9442575431973908e-05
-2.974276303653517e-05
-3.0200951433007312e-05
-3.082704113195203e-05
-3.1634956538857144e-05
-3.264334516041055e-05
-3.387656291745833e-05
-3.5366042495405943e-05
-3.7152190063883055e-05
-3.928703020869849e-05
-4.18379373517766e-05
-4.489298604822869e-05
-4.856878233896774e-05
-5.302222259228317e-05
-5.846871736166257e-05
-6.521159293680532e-05
-7.369200384019521e-05
-8.457840660329279e-05
-9.892935641486793e-05
-0.00011844468375036356
-0.00014553725449301065
-0.00018162045697397923
-0.0002181559539280148
-0.00020891075602030062
-1.3003583197595072e-05
0.0006703128502541743
0.0022837044182830073
0.005180670355478053
0.00919027902154932
0.013305866634105807
0.01596663046209591
0.015966630462094893
0.013305866634105632
0.009190279021549373
0.005180670355478218
0.0022837044182822926
0.0006703128502543367
-1.300358319823713e-05
-0.0002089107560206353
-0.00021815595392783062
-0.0001816204569731551
-0.00014553725449243426
-0.00011844468374973848
-9.892935641403182e-05
-8.45784066035648e-05
-7.369200384109983e-05
-6.52115929372043e-05
-5.8468717361999755e-05
-5.302222259346682e-05
-4.8568782339032356e-05
-4.489298604901138e-05
-4.1837937351913325e-05
-3.9287030208467074e-05
-3.7152190063340886e-05
-3.536604249485118e-05
-3.387656291701852e-05
-3.2643345160395056e-05
-3.1634956538583397e-05
-3.08270411316741e-05
-3.020095143390844e-05
-2.9742763037093722e-05
-2.944257543181282e-05
-2.9294034430321103e-05
-2.8849605176396884e-05
-2.899589261176778e-05
-2.929152596964463e-05
-2.9742763036437617e-05
-3.0359354118376893e-05
-3.115501236856728e-05
-3.214810238598732e-05
-3.336261057895302e-05
-3.482949275602633e-05
-3.658854206998304e-05
-3.869099382212962e-05
-4.1203200271596594e-05
-4.421189976025745e-05
-4.7831929252286755e-05
-5.221780477767409e-05
-5.758166880478254e-05
-6.422224572550855e-05
-7.257399709935722e-05
-8.329523797649193e-05
-9.742846375729888e-05
-0.00011664771673242831
-0.00014332926069686132
-0.0001788650611906522
-0.00021484638901238658
-0.00020574185967627736
-1.2807943423032663e-05
0.000660139296687459
0.002249049278412194
0.00510205801630772
0.009050827929182891
0.0131039695002537
0.015724361683149782
0.015724361683148603
0.013103969500255521
0.0090508279291825
0.0051020580163062615
0.0022490492784110593
0.000660139296687571
-1.2807943423960191e-05
-0.000205741859676891
-0.0002148463890124385
-0.00017886506119004953
-0.00014332926069669075
-0.00011664771673203
-9.742846375675984e-05
-8.329523797695567e-05
-7.257399710041475e-05
-6.422224572592929e-05
-5.7581668804906276e-05
-5.2217804778835266e-05
-4.7831929252578446e-05
-4.4211899761259125e-05
-4.120320027186339e-05
-3.86909938222164e-05
-3.658854206948904e-05
-3.482949275569764e-05
-3.336261057847444e-05
-3.21481023861772e-05
-3.115501236831742e-05
-3.035935411812567e-05
-2.9742763037623402e-05
-2.9291525970547045e-05
-2.8995892611830237e-05
-2.8849605175489583e-05
-2.855843203720352e-05
-2.8703243022011816e-05
-2.8995892610845026e-05
-2.944257543101195e-05
-3.0052943380620004e-05
-3.0840571208196394e-05
-3.182363816252308e-05
-3.302588856121006e-05
-3.4477965781432877e-05
-3.621926135056809e-05
-3.830049346088207e-05
-4.0787344689311884e-05
-4.3765677941909044e-05
-4.734917115100423e-05
-5.1690780839960766e-05
-5.700050835225648e-05
-6.357406309211454e-05
-7.184152164579342e-05
-8.245455475245221e-05
-9.644513605203395e-05
-0.00011547041238894467
-0.00014188266718510395
-0.00017705983021913105
-0.00021267808529692458
-0.00020366570932577285
-1.2679738086434936e-05
0.0006534740439465574
0.002226344699326731
0.005050554467963093
0.008959465283085034
0.012971694712329424
0.01556563700763268
0.015565637007626214
0.012971694712328185
0.00895946528308287
0.0050505544679631306
0.0022263446993260167
0.0006534740439460443
-1.2679738087516017e-05
-0.00020366570932650574
-0.0002126780852971581
-0.00017705983021872127
-0.00014188266718525382
-0.00011547041238870652
-9.644513605183735e-05
-8.245455475300176e-05
-7.184152164687766e-05
-6.357406309265894e-05
-5.700050835225522e-05
-5.16907808410711e-05
-4.7349171151413365e-05
-4.3765677943039596e-05
-4.078734468962775e-05
-3.8300493461221845e-05
-3.62192613501876e-05
-3.4477965781332866e-05
-3.302588856077108e-05
-3.1823638162856486e-05
-3.0840571207971584e-05
-3.005294338025084e-05
-2.9442575432280683e-05
-2.8995892611854876e-05
-2.8703243022249e-05
-2.8558432035950394e-05
-2.841435163824789e-05
-2.8558432035020355e-05
-2.8849605173847223e-05
-2.929403442888804e-05
-2.9901323003227386e-05
-3.068497715906451e-05
-3.166308442892606e-05
-3.2859269337262066e-05
-3.430402066180124e-05
-3.6036531194739696e-05
-3.81072632486804e-05
-4.058156802357127e-05
-4.354487523608927e-05
-4.711028929794636e-05
-5.1429995046349596e-05
-5.671293433789268e-05
-6.325332467888537e-05
-7.147907285218561e-05
-8.203856181111699e-05
-9.595855874266363e-05
-0.00011488785016178715
-0.00014116685332628677
-0.00017616655263138342
-0.0002116051487820738
-0.00020263837066458414
-1.26162899504406e-05
0.0006501759165493665
0.0022151098991195026
0.005025069187181941
0.008914256675768308
0.012906241700688374
0.015487095894188826
0.015487095894187142
0.012906241700686716
0.008914256675768895
0.005025069187179802
0.002215109899117657
0.0006501759165489613
-1.2616289951739128e-05
-0.0002026383706654
-0.00021160514878242566
-0.00017616655263099758
-0.0001411668533265716
-0.00011488785016152206
-9.595855874261643e-05
-8.20385618115327e-05
-7.147907285303073e-05
-6.325332467952747e-05
-5.67129343376436e-05
-5.142999504729399e-05
-4.711028929819833e-05
-4.354487523725512e-05
-4.05815680238721e-05
-3.810726324930089e-05
-3.603653119460629e-05
-3.430402066205455e-05
-3.285926933703094e-05
-3.166308442945841e-05
-3.06849771589701e-05
-2.9901323002843904e-05
-2.9294034430204152e-05
-2.884960517489994e-05
-2.8558432035472966e-05
-2.8414351636668225e-05
