0.00023557058055132928
0.00023676508865303386
0.00023917907898470905
0.00024286364955446673
0.00024789841667485914
0.0002543953553305497
0.0002625044220331207
0.00027242147836636113
0.00028439929488665065
0.00029876280393427917
0.00031593036943668173
0.000336443794000805
0.0003610113446745924
0.0003905707308870203
0.00042638366686575924
0.0004701824250404758
0.0005244062801643374
0.0005926028974876766
0.000680147820563129
0.0007955532288783048
0.000952485221253369
0.0011703283748850189
0.0014603671251099488
0.0017536559805339965
0.0016776119766234161
9.75462952781838e-05
-0.005408083397701744
-0.01840267693800118
-0.0417308626282096
-0.07401495011203234
-0.10714997762459329
-0.12857123001984913
-0.12857123001983217
-0.10714997762454194
-0.07401495011203549
-0.04173086262819875
-0.01840267693801181
-0.005408083397701183
9.754629527798525e-05
0.0016776119766229378
0.0017536559805300957
0.0014603671251044751
0.0011703283748802139
0.0009524852212442087
0.0007955532288701269
0.0006801478205567969
0.0005926028974859027
0.0005244062801684165
0.00047018242504386965
0.00042638366686958783
0.000390570730904374
0.0003610113446872212
0.00033644379401396023
0.00031593036944866076
0.00029876280394796045
0.00028439929490204567
0.00027242147837377144
0.0002625044220355966
0.000254395355334527
0.00024789841667328336
0.0002428636495565977
0.00023917907897576184
0.0002367650886620656
0.00023557058054265423
0.00023676508866330847
0.0002379656537644945
0.00024039188472822266
0.00024409513867167717
0.00024915543561552925
0.0002556853183372665
0.0002638355037357131
0.00027380284655157826
0.0002858413990721589
0.000300277741273225
0.0003175323584918009
0.0003381498006612608
0.0003628419262565772
0.00039255119957305035
0.00042854573265030285
0.0004725665818102171
0.0005270653907392723
0.0005956078140100287
0.0006835966532466369
0.0007995872509306825
0.0009573150012930891
0.0011762627636601273
0.0014677721402447095
0.001762547852895231
0.001686117182038813
9.803660192847925e-05
-0.005435516757796354
-0.018496013326855257
-0.041942506115135746
-0.0743903168050432
-0.10769338093397116
-0.12922326552959953
-0.12922326552966995
-0.10769338093394687
-0.07439031680504243
-0.041942506115117885
-0.0184960133268798
-0.005435516757800172
9.803660192681432e-05
0.0016861171820369593
0.0017625478528901471
0.0014677721402393592
0.0011762627636581298
0.0009573150012843891
0.0007995872509256898
0.0006835966532438267
0.0005956078140148756
0.0005270653907487712
0.0004725665818186703
0.00042854573265601866
0.0003925511995912054
0.0003628419262685201
0.000338149800674194
0.0003175323585023163
0.0003002777412870982
0.000285841399086812
0.00027380284656085334
0.0002638355037370269
0.00025568531834049835
0.0002491554356125785
0.00024409513867414346
0.00024039188471806943
0.00023796565376949582
0.00023676508865413557
0.00023917907898558569
0.00024039188472218073
0.00024284285287151322
0.00024658386418450497
0.0002516957545372286
0.00025829221416897414
0.0002665254966477241
0.00027659446379373157
0.00028875575815116145
0.00030333928941706585
0.00032076983009998933
0.00034159748222661673
0.00036654136221500144
0.000396553543504486
0.00043291506752232223
0.00047738474202598685
0.0005324392071731991
0.0006016804722960502
0.0006905664250664383
0.0008077396363970427
0.0009670755400793464
0.0011882556141564592
0.0014827369880370059
0.0017805174907690232
0.0017033053661992654
9.902732253696045e-05
-0.00549095739127705
-0.018684638258013662
-0.04237021930073982
-0.0751489001089763
-0.10879155131108209
-0.13054097190888225
-0.13054097190886946
-0.10879155131108094
-0.07514890010897765
-0.04237021930074471
-0.018684638258036776
-0.005490957391281748
9.902732253221506e-05
0.001703305366195635
0.001780517490761634
0.0014827369880317796
0.0011882556141570137
0.0009670755400719666
0.0008077396363951961
0.0006905664250685117
0.0006016804723081209
0.000532439207188023
0.00047738474204107547
0.00043291506753046936
0.0003965535435225292
0.00036654136222540826
0.00034159748223911823
0.0003207698301084035
0.0003033392894311894
0.00028875575816439305
0.0002765944638048767
0.00026652549664804375
0.00025829221417177724
0.0002516957545332741
0.00024658386418663965
0.00024284285286103803
0.00024039188472282962
0.00023917907897713463
0.00024286364956332832
0.0002440951386755208
0.0002465838641882954
0.00025038250609551207
0.00025557314554573333
0.0002622712241973182
0.0002706313410974135
0.0002808554215536201
0.0002932040617215847
0.0003080122535884741
0.00032571131334371253
0.00034685981740020105
0.000372187960266905
0.00040266248220953156
0.00043958415930149406
0.0004847388940391646
0.0005406414797032436
0.0006109494153768091
0.000701204668804417
0.0008201829511926141
0.000981973444233173
0.0012065607847429913
0.0015055784313660577
0.0018079452383309778
0.0017295402574246735
0.00010053912749020057
-0.005575579571873288
-0.01897254596657356
-0.04302305848297482
-0.07630676141090925
-0.11046773964700733
-0.13255224786401176
-0.13255224786400602
-0.11046773964699498
-0.07630676141091196
-0.04302305848298386
-0.01897254596659787
-0.0055755795718815055
0.00010053912748249305
0.001729540257420127
0.0018079452383229816
0.0015055784313623237
0.0012065607847465058
0.000981973444229001
0.0008201829511928426
0.0007012046688108556
0.0006109494153932759
0.0005406414797207882
0.00048473889405907083
0.00043958415931206725
0.0004026624822267965
0.0003721879602762227
0.00034685981741286334
0.0003257113133500768
0.0003080122536022874
0.00029320406173304677
0.00028085542156648527
0.00027063134109767974
0.00026227122420039833
0.0002555731455415731
0.0002503825060959799
0.0002465838641785535
0.00024409513867121424
0.00024286364955710305
0.00024789841667978863
0.0002491554356182096
0.0002516957545367365
0.0002555731455472773
0.0002608713914003815
0.00026770832697082104
0.0002762417562791497
0.00028667779072256744
0.00029928242885400466
0.0003143976073386659
0.0003324635839527496
0.00035405051490512186
0.0003799037323197076
0.00041101001789524785
0.0004486971140404321
0.0004947879467623599
0.0005518494435416564
0.0006236149272481719
0.0007157412565592217
0.0008371860717657743
0.001002330629326021
0.0012315738142782296
0.0015367900206999662
0.0018454237107142428
0.0017653885752873639
0.00010260419824261661
-0.005691213007119066
-0.019365960031589455
-0.04391513458162975
-0.07788892643680528
-0.11275817380405051
-0.1353005631242828
-0.1353005631242893
-0.1127581738040444
-0.07788892643682374
-0.043915134581631335
-0.019365960031612603
-0.005691213007126567
0.00010260419823340946
0.001765388575283085
0.001845423710706533
0.0015367900206975345
0.0012315738142832512
0.0010023306293246283
0.0008371860717672864
0.0007157412565691362
0.000623614927267048
0.0005518494435607213
0.0004947879467861737
0.00044869711405284526
0.00041101001791147
0.00037990373232771747
0.0003540505149177111
0.00033246358395641796
0.00031439760735140995
0.0002992824288625172
0.00028667779073627474
0.00027624175627927823
0.0002677083269748699
0.0002608713913972287
0.00025557314554690205
0.00025169575453030344
0.00024915543561118995
0.00024789841667726515
0.0002543953553361013
0.0002556853183443853
0.0002582922141688061
0.00026227122420033805
0.0002677083269694839
0.0002747244455881809
0.00028348151982674646
0.0002941910628749394
0.000307126044619023
0.0003226373632451758
0.00034117681488434495
0.0003633294984938298
0.0003898602800025089
0.0004217818028835744
0.0004604566073151841
0.0005077553950128951
0.0005663123682327926
0.0006399586940453075
0.0007344994881824149
0.000859127155022488
0.0010285998482862917
0.0012638510018336965
0.0015770659010396026
0.0018937863769602685
0.0018116473558431787
0.00010526774495708303
-0.005840431183419533
-0.019873633760466553
-0.04506629412185521
-0.07993059289832297
-0.11571380677395801
-0.13884705601960357
-0.13884705601961095
-0.1157138067739427
-0.0799305928983342
-0.045066294121866274
-0.019873633760486578
-0.005840431183428509
0.0001052677449467919
0.0018116473558393714
0.0018937863769538654
0.0015770659010386472
0.001263851001838589
0.0010285998482877478
0.0008591271550252657
0.0007344994881946223
0.0006399586940632666
0.0005663123682509569
0.0005077553950368838
0.00046045660732716234
0.0004217818028975661
0.0003898602800094474
0.00036332949850645196
0.00034117681488669653
0.00032263736325701385
0.00030712604462512284
0.00029419106288903357
0.0002834815198272763
0.0002747244455936356
0.00026770832696773795
0.000262271224198713
0.00025829221416542837
0.00025568531833538124
0.0002543953553375001
0.0002625044220388888
0.00026383550374578567
0.00026652549664825235
0.00027063134110098705
0.0002762417562765483
0.000283481519822371
0.0002925177334939167
0.00030356865265585334
0.000316915948371099
0.00033292170403345504
0.0003520521172157381
0.0003749109374737759
0.00040228741159717836
0.0004352264620971594
0.0004751340615368504
0.0005239405422645888
0.0005843640746882235
0.0006603579488836161
0.0007579123257657027
0.0008865126274787962
0.0010613874264005967
0.001304137341117523
0.0016273356673076333
0.0019541494074674375
0.0018693839561571427
0.00010859022240659232
-0.006026680725964157
-0.02050729000922977
-0.04650311630906574
-0.08247889867797725
-0.11940287624681681
-0.14327360464757116
-0.14327360464756356
-0.11940287624681045
-0.08247889867799331
-0.04650311630907357
-0.0205072900092441
-0.006026680725972191
0.00010859022239521053
0.0018693839561533714
0.001954149407462674
0.0016273356673074555
0.001304137341120339
0.0010613874264039065
0.0008865126274822267
0.0007579123257779679
0.0006603579488980253
0.0005843640747043837
0.0005239405422860686
0.0004751340615465464
0.000435226462108129
0.00040228741160203195
0.00037491093748494254
0.00035205211721628794
0.0003329217040431206
0.0003169159483740526
0.0003035686526690041
0.00029251773349426495
0.000283481519829383
0.0002762417562766319
0.0002706313410995344
0.0002665254966480854
0.00026383550373739405
0.00026250442204377687
0.0002724214783742365
0.00027380284656647823
0.0002765944637999091
0.0002808554215626526
0.00028667779072661325
0.0002941910628755126
0.0003035686526634199
0.0003150370608616753
0.0003288885997154195
0.0003454990316770453
0.000365352166692905
0.0003890745632473436
0.00041748528493192136
0.0004516687302156316
0.0004930839877136035
0.0005437343156329247
0.0006064405740595485
0.0006853054046212997
0.0007865452711141151
0.000920003944593918
0.0011014852992668439
0.0013534058853797225
0.0016888134820115049
0.002027970643933237
0.0019399924244147505
0.00011265044127754567
-0.006254463719057185
-0.021282241030035537
-0.048260318197920773
-0.08559541369194759
-0.12391451173284346
-0.148687154963555
-0.14868715496354407
-0.12391451173282783
-0.08559541369197401
-0.04826031819792616
-0.02128224103004663
-0.006254463719066172
0.00011265044126498263
0.0019399924244101034
0.0020279706439292645
0.0016888134820103359
0.0013534058853786083
0.0011014852992700312
0.0009200039445965071
0.0007865452711241459
0.0006853054046299797
0.0006064405740731295
0.0005437343156493202
0.0004930839877203296
0.0004516687302234645
0.00041748528493521273
0.00038907456325723675
0.00036535216669307546
0.0003454990316844739
0.00032888859971557164
0.00031503706087284593
0.00030356865266314634
0.00029419106288353303
0.0002866777907285718
0.0002808554215622895
0.00027659446380213875
0.00027380284656013565
0.0002724214783815759
0.0002843992948979356
0.0002858413990893247
0.00028875575815911375
0.000293204061728476
0.0002992824288546329
0.0003071260446115279
0.000316915948370113
0.0003288885997059476
0.000343349163280483
0.00036068992311611396
0.0003814159613800218
0.0004061813851837518
0.00043584127085441286
0.0004715276959288904
0.0005147639026067186
0.0005676412289726914
0.000633104563766935
0.0007154369355332701
0.0008211281368989922
0.0009604547528669345
0.001149915505592735
0.0014129124154844577
0.0017630662871338635
0.0021171314921345262
0.0020252717772604187
0.00011754986909728993
-0.00652959095255198
-0.022218249386410878
-0.050382706301960525
-0.08935960074105635
-0.1293637443179249
-0.15522573183545027
-0.1552257318354619
-0.12936374431792264
-0.08935960074106841
-0.05038270630196929
-0.022218249386420086
-0.006529590952561422
0.00011754986908449073
0.0020252717772557154
0.002117131492131644
0.001763066287131394
0.001412912415478413
0.0011499155055929213
0.0009604547528662935
0.0008211281369040153
0.000715436935534937
0.0006331045637777376
0.0005676412289831614
0.0005147639026112582
0.0004715276959346475
0.00043584127085593454
0.000406181385192146
0.0003814159613799795
0.0003606899231212119
0.00034334916327842746
0.0003288885997152697
0.00031691594836909156
0.00030712604461972937
0.000299282428857672
0.00029320406172951005
0.0002887557581623848
0.00028584139908557264
0.00028439929490605537
0.00029876280393902163
0.0003002777412835396
0.000303339289421971
0.0003080122535931429
0.0003143976073413598
0.0003226373632407633
0.00033292170403814887
0.0003454990316752529
0.0003606899231238498
0.00037890647468569015
0.00040067927767056723
0.00042669547485672864
0.00045785332819804636
0.0004953420908547276
0.000540761936513352
0.0005963098266108704
0.000665079382211635
0.0007515699477592077
0.0008625990856770201
0.0010089624014388656
0.0012079918601277306
0.0014842712170299946
0.0018521083541667496
0.0022240504328869763
0.0021275344907680464
0.000123418557507938
-0.0068595330387072745
-0.023340721468784062
-0.052927882088362466
-0.09387361317318105
-0.13589845146112406
-0.16306677186450858
-0.1630667718644937
-0.1358984514611071
-0.09387361317320757
-0.05292788208836277
-0.023340721468793346
-0.006859533038716148
0.00012341855749504257
0.0021275344907624085
0.002224050432883414
0.0018521083541619546
0.0014842712170197688
0.0012079918601248124
0.0010089624014348395
0.0008625990856768379
0.0007515699477548539
0.0006650793822200171
0.0005963098266149666
0.0005407619365165676
0.0004953420908596418
0.0004578533281990095
0.00042669547486534447
0.0004006792776721649
0.0003789064746902867
0.0003606899231213377
0.00034549903168362207
0.0003329217040364387
0.0003226373632478331
0.0003143976073445344
0.00030801225359513727
0.00030333928942525646
0.00030027774128180303
0.0002987628039465667
0.00031593036943838057
0.0003175323584960428
0.0003207698301000542
0.0003257113133411251
0.00033246358394884486
0.00034117681487213646
0.0003520521172119806
0.00036535216668421417
0.0003814159613812731
0.0004006792776665131
0.0004237031959229676
0.0004512143438692855
0.0004841625998533024
0.000523805554582186
0.0005718353319369774
0.0006305751367121256
0.0007032963581638105
0.0007947568863798844
0.0009121660417260326
0.0010669397743644882
0.0012774059557913613
0.0015695607504223334
0.001958533131717344
0.0023518413059556687
0.0022497577694248006
0.00013042334865517196
-0.00725391018420056
-0.024682372134050393
-0.055970015281286666
-0.09926898596171102
-0.14370904247918387
-0.1724387446045148
-0.17243874460449515
-0.1437090424791779
-0.09926898596171677
-0.05597001528129904
-0.02468237213406155
-0.007253910184209438
0.0001304233486429889
0.0022497577694188383
0.0023518413059515656
0.0019585331317108394
0.0015695607504090294
0.0012774059557844673
0.0010669397743561472
0.0009121660417204954
0.0007947568863707183
0.0007032963581696611
0.0006305751367108413
0.0005718353319402614
0.0005238055545875885
0.0004841625998542114
0.00045121434387815953
0.0004237031959258373
0.00040067927767055477
0.0003814159613785698
0.00036535216669214554
0.0003520521172095426
0.0003411768148772195
0.0003324635839512065
0.0003257113133438538
0.0003207698301025955
0.0003175323584956292
0.0003159303694439476
0.0003364437940053225
0.0003381498006654356
0.0003415974822297884
0.0003468598174006743
0.0003540505149072419
0.00036332949848899196
0.0003749109374765711
0.0003890745632459551
0.00040618138519036976
0.00042669547485807
0.0004512143438713087
0.00048051180030678344
0.000515599398690795
0.0005578163859423185
0.0006089647568073861
0.0006715185637210656
0.0007489616104347081
0.0008463607222739737
0.000971393329839077
0.0011362166304406908
0.001360348494130941
0.0016714727282936914
0.002085699251937904
0.002504536604615814
0.0023957969186005484
0.0001387793493429736
-0.0077251834044401195
-0.026285573672611418
-0.05960516809666834
-0.10571607677008527
-0.15304212451724422
-0.18363754970803955
-0.18363754970802232
-0.15304212451725133
-0.10571607677010424
-0.05960516809667293
-0.02628557367262132
-0.00772518340444869
0.0001387793493320017
0.002395796918594486
0.0025045366046108127
0.002085699251929597
0.0016714727282787208
0.001360348494120767
0.00113621663042887
0.0009713933298301559
0.0008463607222627286
0.0007489616104387372
0.0006715185637160503
0.0006089647568114887
0.0005578163859482966
0.0005155993986919495
0.0004805118003156727
0.0004512143438751917
0.00042669547486182526
0.00040618138518790195
0.00038907456325354927
0.0003749109374726894
0.0003633294984904818
0.00035405051490697585
0.00034685981740251897
0.00034159748222978943
0.00033814980066521153
0.00033644379400750673
0.00036101134467799204
0.00036284192625630964
0.00036654136221632905
0.00037218796026415086
0.00037990373231929365
0.00038986027999658734
0.00040228741159718535
0.0004174852849288816
0.0004358412708574563
0.00045785332819751727
0.0004841625998517384
0.0005155993986896566
0.000553249144723285
0.0005985488791395508
0.0006534321817995433
0.0007205537654974294
0.000803651829012096
0.0009081631894578488
0.0010423259029932797
0.001219184910129847
0.0014596832559979002
0.0017935258708684375
0.0022379972335305996
0.0026874076305386397
0.0025706912267451274
0.00014876619802707075
-0.00828964607817654
-0.02820572482582083
-0.06395893108601672
-0.11343760560456687
-0.1642201009146196
-0.19705003189458048
-0.19705003189457665
-0.16422010091461547
-0.11343760560458718
-0.06395893108603298
-0.028205724825829337
-0.008289646078183926
0.00014876619801848973
0.002570691226739827
0.0026874076305340184
0.0022379972335225934
0.001793525870854446
0.0014596832559866687
0.0012191849101160566
0.0010423259029834855
0.0009081631894472502
0.0008036518290150307
0.000720553765490327
0.0006534321818046204
0.0005985488791447012
0.0005532491447241188
0.0005155993986965151
0.0004841625998551058
0.0004578533281992838
0.00043584127085431566
0.0004174852849349415
0.0004022874115910488
0.0003898602799940418
0.0003799037323165212
0.0003721879602651333
0.00036654136221391475
0.00036284192625728255
0.0003610113446760856
0.0003905707308912908
0.00039255119957012084
0.0003965535435070635
0.00040266248220804045
0.00041101001789712016
0.0004217818028822996
0.0004352264620999788
0.00045166873021587465
0.00047152769593307393
0.0004953420908577913
0.0005238055545834085
0.0005578163859457154
0.000598548879141979
0.000647557740422369
0.0007069348715449842
0.0007795523541120803
0.00086945447266764
0.000982523215272131
0.0011276711781662012
0.001319011425879229
0.001579201747967586
0.0019403787855655401
0.002421239856317874
0.0029074330815111347
0.002781111576378903
0.00016075153017379706
-0.008968876158295013
-0.030516183860225546
-0.06919760303081501
-0.12272847790174357
-0.17766986410943691
-0.21318840761565022
-0.21318840761562813
-0.1776698641094352
-0.12272847790175428
-0.06919760303081848
-0.03051618386024013
-0.008968876158302358
0.00016075153016840947
0.0027811115763752992
0.002907433081508358
0.00242123985631121
0.0019403787855542692
0.0015792017479572325
0.0013190114258657655
0.0011276711781579322
0.0009825232152647601
0.0008694544726702386
0.000779552354104778
0.0007069348715500476
0.0006475577404246623
0.0005985488791407713
0.0005578163859484384
0.0005238055545841318
0.0004953420908559974
0.00047152769592841934
0.0004516687302194496
0.00043522646209111037
0.00042178180287597364
0.0004110100178921274
0.00040266248220778035
0.0003965535435020924
0.00039255119957343643
0.0003905707308846188
0.00042638366686905863
0.0004285457326433969
0.0004329150675249959
0.00043958415930155716
0.0004486971140444247
0.0004604566073200465
0.00047513406154463614
0.000493083987719213
0.0005147639026121941
0.0005407619365175068
0.0005718353319357336
0.0006089647568076318
0.0006534321817978349
0.0007069348715446802
0.0007717565444761421
0.0008510326379077459
0.0009491782783340112
0.0010726148064551214
0.0012310720666306473
0.0014399572213929209
0.001724005559765983
0.0021182997611153944
0.002643248304115094
0.0031740025836908318
0.003036032317767204
0.00017522555990444287
-0.009791918283065092
-0.033315678949957885
-0.0755449835455323
-0.13398555804867784
-0.19396589013431506
-0.23274197058570614
-0.23274197058565155
-0.19396589013429583
-0.13398555804868767
-0.07554498354554876
-0.03331567894996723
-0.009791918283072082
0.00017522555990267098
0.003036032317765325
0.0031740025836905533
0.002643248304111184
0.0021182997611082885
0.0017240055597579009
0.0014399572213811486
0.0012310720666250936
0.0010726148064522066
0.0009491782783366191
0.0008510326379017716
0.0007717565444806543
0.0007069348715432566
0.0006534321817938953
0.0006089647568052476
0.000571835331932632
0.000540761936510981
0.0005147639026054326
0.0004930839877194582
0.00047513406153340147
0.0004604566073109869
0.0004486971140381157
0.0004395841592995856
0.00043291506751805644
0.0004285457326500556
0.00042638366685775176
0.00047018242505302325
0.000472566581810565
0.00047738474203937674
0.00048473889404999004
0.0004947879467741814
0.0005077553950262298
0.0005239405422779476
0.0005437343156423856
0.0005676412289784883
0.00059630982661498
0.0006305751367099545
0.0006715185637205072
0.0007205537654952274
0.0007795523541134794
0.0008510326379075847
0.000938452135782842
0.0010466795107780492
0.0011827957277974655
0.0013575301199950692
0.0015878725196250658
0.0019010989483860007
0.0023358948604903316
0.0029147605601503356
0.003500006946194946
0.003347772222814298
0.00019285374162853153
-0.010798667849075027
-0.03673979727446262
-0.08330840591212203
-0.14775382365098272
-0.21389704092011844
-0.25665724134197976
-0.25665724134201495
-0.21389704092011314
-0.14775382365101514
-0.08330840591212077
-0.03673979727447485
-0.010798667849078212
0.0001928537416301691
0.003347772222814634
0.003500006946198742
0.002914760560149759
0.002335894860488427
0.0019010989483805338
0.001587872519616441
0.0013575301199919686
0.0011827957277987739
0.0010466795107794912
0.0009384521357784003
0.0008510326379096393
0.000779552354108088
0.0007205537654873351
0.0006715185637140529
0.0006305751367032242
0.0005963098266048561
0.0005676412289695224
0.0005437343156393178
0.0005239405422645185
0.0005077553950154651
0.0004947879467666522
0.0004847388940455817
0.000477384742030496
0.00047256658182013575
0.00047018242503757586
0.000524406280173244
0.000527065390734781
0.0005324392071824572
0.0005406414797111158
0.0005518494435483467
0.0005663123682446049
0.0005843640747026132
0.0006064405740736382
0.0006331045637797451
0.0006650793822248699
0.0007032963581715232
0.0007489616104424223
0.0008036518290169786
0.0008694544726738221
0.0009491782783343644
0.0010466795107762
0.001167388324224606
0.0013192023180480044
0.0015140882232864156
0.0017709952612619626
0.0021203449052243353
0.002605282630047603
0.003250897066692353
0.003903597428335786
0.0037336748942658543
0.00021456472936680533
-0.012045322647006067
-0.040979502310266286
-0.09292070046393573
-0.1648007674278987
-0.23857425390369807
-0.28626717468147606
-0.286267174681484
-0.23857425390369338
-0.16480076742789257
-0.09292070046394588
-0.04097950231027356
-0.012045322647008078
0.00021456472937119434
0.003733674894266791
0.0039035974283412453
0.0032508970666935795
0.00260528263004925
0.002120344905221136
0.001770995261256729
0.0015140882232852048
0.0013192023180522536
0.001167388324224632
0.0010466795107731373
0.0009491782783344082
0.0008694544726662856
0.0008036518290063408
0.0007489616104341512
0.0007032963581632158
0.0006650793822131132
0.0006331045637695796
0.0006064405740681135
0.0005843640746883803
0.0005663123682337047
0.0005518494435404623
0.0005406414797038421
0.0005324392071727599
0.0005270653907460141
0.0005244062801553875
0.0005926028974933443
0.0005956078140026495
0.0006016804723036923
0.0006109494153863907
0.0006236149272546173
0.0006399586940568427
0.0006603579488955869
0.0006853054046291812
0.0007154369355381466
0.0007515699477609287
0.0007947568863773689
0.0008463607222715813
0.0009081631894575077
0.0009825232152754799
0.0010726148064558758
0.0011827957277997393
0.001319202318055355
0.0014907592550408178
0.0017109895432802515
0.0020013067215840456
0.0023960882372778066
0.002944088563405579
0.0036736500802502653
0.004411177333421438
0.004218979213213226
0.0002417534213854124
-0.013613498572982188
-0.04631226143570087
-0.1050108512311776
-0.1862417665135723
-0.2696120699507444
-0.32350899430474567
-0.3235089943047691
-0.26961206995074677
-0.18624176651359647
-0.1050108512311827
-0.04631226143571126
-0.01361349857298286
0.00024175342138973567
0.004218979213212211
0.0044111773334272976
0.0036736500802507666
0.00294408856340876
0.0023960882372752635
0.0020013067215812
0.0017109895432791825
0.0014907592550460432
0.0013192023180532363
0.0011827957277978935
0.0010726148064544303
0.0009825232152689551
0.0009081631894461314
0.0008463607222650026
0.0007947568863698632
0.0007515699477502796
0.0007154369355272482
0.00068530540462259
0.0006603579488814173
0.0006399586940468386
0.0006236149272466668
0.0006109494153762892
0.0006016804722938136
0.000595607814013678
0.000592602897474486
0.0006801478205651021
0.0006835966532341038
0.0006905664250656104
0.0007012046688076707
0.0007157412565577596
0.0007344994881884411
0.0007579123257740999
0.0007865452711201679
0.0008211281369049231
0.0008625990856787873
0.0009121660417250309
0.0009713933298373823
0.0010423259029960221
0.00112767117817144
0.001231072066633669
0.0013575301200011154
0.001514088223297911
0.0017109895432849617
0.0019637549255443797
0.0022969614734470872
0.0027500652691427128
0.0033790222972122806
0.004216356425299124
0.00506280857643784
0.004842120767689204
0.0002771157919015316
-0.01562535749980224
-0.053155177656383695
-0.12052564436171051
-0.21375678016703722
-0.3094430223600901
-0.3713017845691331
-0.371301784569097
-0.30944302236006715
-0.2137567801670482
-0.12052564436172157
-0.05315517765638708
-0.01562535749980443
0.0002771157919060313
0.004842120767686605
0.005062808576442183
0.004216356425297524
0.003379022297214501
0.002750065269140043
0.00229696147344442
0.00196375492554265
0.0017109895432887916
0.0015140882232944609
0.001357530119999066
0.0012310720666313863
0.0011276711781657927
0.001042325902984677
0.0009713933298325951
0.0009121660417195727
0.0008625990856696098
0.0008211281368940553
0.0007865452711137974
0.0007579123257618428
0.0007344994881805722
0.0007157412565512715
0.0007012046687953343
0.0006905664250567184
0.000683596653243056
0.0006801478205466533
0.0007955532288814661
0.0007995872509201984
0.0008077396363951072
0.0008201829511946097
0.0008371860717598364
0.0008591271550224403
0.0008865126274803014
0.0009200039445939753
0.0009604547528696843
0.0010089624014370522
0.0010669397743617462
0.0011362166304367555
0.0012191849101317028
0.0013190114258811697
0.00143995722139188
0.0015878725196267702
0.001770995261268372
0.002001306721585404
0.0022969614734465503
0.0026867074706584133
0.0032166985303431193
0.003952398300598509
0.004931903818462374
0.005922341780236035
0.005665422671057244
0.00032932553097495855
-0.01826300439555712
-0.062143807901805556
-0.1409175102236026
-0.2499309425098679
-0.36181614103011916
-0.4341474747547896
-0.4341474747548034
-0.36181614103011983
-0.24993094250987438
-0.14091751022362387
-0.06214380790181519
-0.01826300439556211
0.00032932553097862586
0.005665422671051959
0.005922341780238512
0.004931903818456988
0.003952398300598697
0.0032166985303394395
0.0026867074706551876
0.002296961473443757
0.002001306721587039
0.0017709952612636399
0.001587872519623301
0.0014399572213874025
0.0013190114258751049
0.0012191849101200053
0.0011362166304337042
0.0010669397743583663
0.001008962401429395
0.0009604547528583715
0.0009200039445886908
0.0008865126274704775
0.0008591271550177691
0.0008371860717563444
0.0008201829511827628
0.0008077396363887633
0.0007995872509270564
0.0007955532288639459
0.0009524852212503464
0.0009573150012764917
0.0009670755400693889
0.0009819734442303419
0.0010023306293175573
0.0010285998482860094
0.0010613874264027837
0.0011014852992713335
0.0011499155056010825
0.0012079918601324798
0.0012774059557944593
0.0013603484941328771
0.0014596832560057318
0.0015792017479756165
0.001724005559771348
0.0019010989483946405
0.002120344905235018
0.002396088237284598
0.002750065269148445
0.003216698530347239
0.003851268381232409
0.0047322648260934115
0.005905782665887516
0.007094726310897834
0.0067975904882701926
0.0004383880158650001
-0.021751721408867948
-0.07415120188583217
-0.16824192935472554
-0.2984716878010792
-0.43214380354509646
-0.5185639334329532
-0.5185639334329551
-0.43214380354512016
-0.29847168780108535
-0.16824192935474497
-0.074151201885835
-0.02175172140887432
0.0004383880158687754
0.006797590488264874
0.007094726310899084
0.005905782665880811
0.004732264826091251
0.0038512683812290133
0.003216698530341503
0.00275006526914458
0.0023960882372822366
0.0021203449052299983
0.0019010989483889441
0.001724005559764786
0.0015792017479671753
0.0014596832559942065
0.0013603484941298884
0.001277405955792739
0.0012079918601248757
0.0011499155055898706
0.0011014852992670067
0.0010613874263955337
0.001028599848284128
0.001002330629317949
0.000981973444221474
0.000967075540067767
0.000957315001282312
0.000952485221234879
0.0011703283748825204
0.0011762627636454277
0.0011882556141472665
0.0012065607847409686
0.0012315738142725948
0.0012638510018350517
0.001304137341119246
0.0013534058853842492
0.0014129124154909974
0.001484271217032946
0.001569560750422543
0.0016714727282937263
0.001793525870874453
0.0019403787855731955
0.0021182997611214793
0.0023358948604999727
0.0026052826300581
0.0029440885634138122
0.0033790222972215353
0.003952398300605
0.004732264826095592
0.005815714831192905
0.007262189474577588
0.008741170516039459
0.00843661506538584
0.0007931814769585881
-0.026071148979510208
-0.08966924292668542
-0.2040141886168808
-0.36239359170828167
-0.5250298491246401
-0.6301999420071983
-0.6301999420072009
-0.5250298491246583
-0.36239359170829066
-0.20401418861690568
-0.08966924292669334
-0.026071148979518472
0.0007931814769648832
0.008436615065382083
0.008741170516042694
0.0072621894745717435
0.005815714831190392
0.00473226482609272
0.003952398300597346
0.0033790222972161278
0.002944088563408047
0.0026052826300521385
0.002335894860492848
0.0021182997611117215
0.001940378785561755
0.0017935258708628092
0.0016714727282898523
0.0015695607504204352
0.001484271217023866
0.001412912415478658
0.0013534058853801507
0.001304137341113364
0.0012638510018355693
0.0012315738142761735
0.0012065607847368354
0.001188255614150366
0.0011762627636508008
0.0011703283748693664
0.0014603671251046397
0.0014677721402287717
0.0014827369880246644
0.0015055784313598082
0.001536790020692891
0.0015770659010393615
0.0016273356673085848
0.001688813482018874
0.0017630662871424524
0.0018521083541741933
0.0019585331317196896
0.0020856992519398612
0.0022379972335346623
0.0024212398563244007
0.00264324830411904
0.0029147605601585113
0.00325089706669988
0.0036736500802582056
0.004216356425309053
0.004931903818468744
0.005905782665888813
0.007262189474575818
0.009088414468924414
0.01101859266336825
0.01092159670368462
0.0021791673828312
-0.029471146969832954
-0.10516564211960366
-0.24195147832558928
-0.4319663996024538
-0.627424099028101
-0.7539348563554156
-0.7539348563554433
-0.6274240990281352
-0.4319663996024679
-0.24195147832561575
-0.10516564211961059
-0.02947114696984104
0.002179167382839825
0.010921596703684694
0.011018592663374245
0.009088414468922602
0.007262189474573669
0.005905782665888447
0.004931903818459825
0.004216356425303689
0.0036736500802490935
0.0032508970666929194
0.0029147605601499453
0.0026432483041067996
0.002421239856309997
0.0022379972335243702
0.0020856992519347464
0.0019585331317171165
0.001852108354163073
0.0017630662871298223
0.001688813482013508
0.0016273356673027542
0.0015770659010397835
0.0015367900206973914
0.0015055784313593376
0.0014827369880314445
0.001467772140233018
0.0014603671250945803
0.0017536559805215195
0.0017625478528755052
0.0017805174907516942
0.0018079452383192901
0.0018454237107052983
0.0018937863769569233
0.001954149407466184
0.0020279706439398984
0.0021171314921419803
0.002224050432895875
0.0023518413059598216
0.0025045366046209556
0.0026874076305447164
0.002907433081521674
0.0031740025836991302
0.0035000069462081855
0.003903597428347397
0.004411177333433776
0.005062808576452103
0.005922341780247527
0.00709472631090558
0.00874117051604428
0.011018592663374998
0.013672647330184296
0.014680554010794735
0.007341997941195589
-0.02322784840726363
-0.0995626721416688
-0.24039081097935952
-0.43831261143626254
-0.6432917755544987
-0.7764460054000327
-0.7764460054000393
-0.6432917755545291
-0.43831261143626754
-0.24039081097938808
-0.09956267214167788
-0.023227848407271684
0.0073419979412067335
0.014680554010797597
0.013672647330193802
0.011018592663376589
0.008741170516043933
0.007094726310907464
0.005922341780240791
0.005062808576448546
0.004411177333425281
0.003903597428339176
0.00350000694620081
0.003174002583685163
0.0029074330815073964
0.0026874076305364045
0.00250453660461595
0.0023518413059557585
0.002224050432883288
0.0021171314921286824
0.0020279706439320193
0.001954149407458078
0.0018937863769550034
0.0018454237107074006
0.0018079452383205064
0.0017805174907598842
0.0017625478528777152
0.0017536559805145246
0.0016776119766173836
0.001686117182027147
0.001703305366189084
0.00172954025741791
0.0017653885752851775
0.0018116473558443267
0.0018693839561604911
0.0019399924244247468
0.002025271777267996
0.002127534490777132
0.002249757769426806
0.002395796918602355
0.0025706912267441945
0.002781111576382858
0.0030360323177668195
0.0033477722228190767
0.0037336748942673782
0.004218979213215184
0.00484212076769145
0.005665422671057364
0.006797590488267303
0.008436615065378083
0.010921596703676425
0.014680554010778227
0.01972558166299952
0.024176383923445954
0.02194004882781627
0.001811779545088963
-0.04778284215975753
-0.1271751883487171
-0.2151998531707558
-0.27437559611267
-0.27437559611268864
-0.21519985317077964
-0.12717518834870722
-0.047782842159771355
0.001811779545092834
0.02194004882781654
0.024176383923464467
0.01972558166301066
0.014680554010793986
0.010921596703686604
0.0084366150653832
0.006797590488275839
0.005665422671056038
0.004842120767693615
0.004218979213209178
0.003733674894258388
0.00334777222281337
0.003036032317754416
0.002781111576372176
0.0025706912267414476
0.0023957969186001946
0.002249757769423536
0.002127534490764911
0.0020252717772558247
0.00193999242441411
0.0018693839561495134
0.0018116473558380743
0.0017653885752826532
0.0017295402574178747
0.0017033053661964983
0.001686117182026357
0.0016776119766136026
9.754629526304302e-05
9.803660190990166e-05
9.902732251847659e-05
0.0001005391274731085
0.00010260419823091597
0.00010526774494642911
0.0001085902223999255
0.00011265044127699896
0.00011754986909320595
0.00012341855750731058
0.00013042334864854806
0.0001387793493352312
0.00014876619801544236
0.0001607515301668902
0.00017522555989331882
0.00019285374162297396
0.00021456472935773614
0.00024175342137433735
0.00027711579188560725
0.0003293255309536281
0.0004383880158391374
0.0007931814769232062
0.002179167382792531
0.00734199794114436
0.024176383923407964
0.07094288947015175
0.1803397556746958
0.39373581955145753
0.7362295098372088
1.1777684061610418
1.6112281060821607
1.8846117750920457
1.8846117750920466
1.6112281060821882
1.1777684061610993
0.7362295098372476
0.3937358195515115
0.1803397556747389
0.07094288947020326
0.024176383923445663
0.007341997941182865
0.002179167382821933
0.0007931814769467505
0.00043838801586247676
0.00032932553096893754
0.0002771157919014287
0.00024175342138175028
0.00021456472935480232
0.0001928537416272012
0.00017522555988840256
0.00016075153016753316
0.00014876619802185569
0.00013877934934134576
0.00013042334864893742
0.00012341855749966167
0.00011754986908508588
0.00011265044126630345
0.0001085902223877359
0.00010526774493784074
0.00010260419822416559
0.00010053912747131499
9.902732252434844e-05
9.803660190637772e-05
9.754629526191662e-05
-0.005408083397713763
-0.005435516757814023
-0.005490957391295333
-0.005575579571892182
-0.005691213007132651
-0.005840431183436676
-0.006026680725979224
-0.006254463719071618
-0.006529590952574605
-0.006859533038729241
-0.0072539101842318075
-0.007725183404477159
-0.008289646078221
-0.008968876158339948
-0.009791918283117866
-0.010798667849125193
-0.012045322647064921
-0.013613498573047552
-0.01562535749987883
-0.018263004395646022
-0.021751721408968503
-0.02607114897963212
-0.02947114696997087
-0.023227848407430515
0.021940048827642184
0.18033975567454308
0.594436401072596
1.4565456280676266
2.8998413907965723
4.813862335540241
6.727679890402326
7.947361488116984
7.947361488117016
6.7276798904024355
4.813862335540469
2.899841390796773
1.4565456280678286
0.5944364010727647
0.18033975567469038
0.021940048827758938
-0.023227848407328354
-0.02947114696988469
-0.02607114897955923
-0.02175172140890108
-0.018263004395589772
-0.01562535749982611
-0.013613498573007084
-0.0120453226470425
-0.010798667849095944
-0.009791918283099799
-0.008968876158312754
-0.008289646078192936
-0.007725183404451103
-0.007253910184217399
-0.0068595330387236034
-0.00652959095257139
-0.006254463719073915
-0.006026680725986339
-0.005840431183441601
-0.005691213007140879
-0.005575579571891422
-0.005490957391291268
-0.005435516757818053
-0.005408083397714214
-0.01840267693802531
-0.018496013326888616
-0.018684638258052604
-0.018972545966615358
-0.019365960031632882
-0.01987363376051493
-0.020507290009278707
-0.021282241030085365
-0.022218249386474542
-0.023340721468848538
-0.024682372134131714
-0.02628557367270301
-0.028205724825925586
-0.03051618386034164
-0.03331567895008554
-0.03673979727460455
-0.040979502310420184
-0.04631226143588142
-0.053155177656582744
-0.062143807902037496
-0.07415120188608718
-0.08966924292698401
-0.10516564211994045
-0.0995626721420691
0.0018117795446386002
0.3937358195509817
1.4565456280672624
3.711944748237261
7.531810932819827
12.6352862099439
17.762212122619943
21.038169769443275
21.038169769443435
17.762212122620323
12.63528620994446
7.531810932820383
3.7119447482377863
1.4565456280677012
0.3937358195513448
0.001811779544929575
-0.09956267214182352
-0.10516564211973176
-0.08966924292680303
-0.07415120188592739
-0.06214380790189439
-0.053155177656452585
-0.04631226143577203
-0.040979502310336945
-0.03673979727451804
-0.03331567895001579
-0.030516183860265892
-0.02820572482585517
-0.026285573672638476
-0.02468237213408296
-0.023340721468814035
-0.022218249386443907
-0.021282241030068545
-0.02050729000926661
-0.01987363376050589
-0.019365960031630314
-0.018972545966607777
-0.018684638258043992
-0.01849601332688847
-0.018402676938023325
-0.04173086262821993
-0.041942506115150394
-0.042370219300791045
-0.04302305848303007
-0.043915134581697574
-0.04506629412194528
-0.046503116309160306
-0.0482603181980375
-0.050382706302089214
-0.05292788208851475
-0.05597001528145808
-0.05960516809686578
-0.06395893108624112
-0.06919760303104927
-0.07554498354580064
-0.0833084059124137
-0.09292070046426612
-0.10501085123154295
-0.1205256443621161
-0.14091751022406424
-0.16824192935524196
-0.20401418861747153
-0.24195147832627228
-0.24039081098015327
-0.04778284216068317
0.7362295098361588
2.8998413907955145
7.531810932819052
15.417805156591141
25.988652527392148
36.6300915226037
43.437481964911754
43.437481964912095
36.63009152260445
25.9886525273933
15.417805156592312
7.531810932820127
2.8998413907964307
0.7362295098368876
-0.0477828421600842
-0.24039081097966
-0.24195147832584307
-0.20401418861710752
-0.16824192935491364
-0.14091751022377325
-0.120525644361856
-0.10501085123131229
-0.09292070046407089
-0.08330840591223287
-0.07554498354564251
-0.06919760303089399
-0.06395893108610022
-0.05960516809673485
-0.0559700152813573
-0.05292788208842329
-0.05038270630201912
-0.04826031819797576
-0.04650311630911983
-0.045066294121905576
-0.04391513458167636
-0.043023058483003945
-0.04237021930076908
-0.04194250611514777
-0.0417308626282142
-0.07401495011204909
-0.07439031680507134
-0.07514890010904723
-0.07630676141099134
-0.07788892643691775
-0.07993059289846655
-0.08247889867814369
-0.08559541369214356
-0.0893596007412695
-0.09387361317343856
-0.09926898596200281
-0.10571607677041055
-0.1134376056049341
-0.12272847790214478
-0.1339855580491291
-0.14775382365148432
-0.16480076742843586
-0.18624176651419044
-0.21375678016771393
-0.2499309425106393
-0.2984716878019279
-0.3623935917092628
-0.4319663996035713
-0.43831261143757916
-0.12717518835026487
1.1777684061592073
4.813862335538229
12.635286209941935
25.98865252739082
43.91985628732018
61.99068963539274
73.55775868819174
73.5577586881923
61.990689635394084
43.91985628732213
25.988652527392823
12.635286209943771
4.8138623355397705
1.1777684061604583
-0.12717518834926186
-0.43831261143673794
-0.4319663996028612
-0.3623935917086376
-0.29847168780138794
-0.249930942510141
-0.2137567801672775
-0.18624176651379526
-0.16480076742809835
-0.14775382365116546
-0.1339855580488497
-0.1227284779018822
-0.11343760560469043
-0.10571607677020126
-0.09926898596181524
-0.09387361317328864
-0.08935960074113028
-0.08559541369203669
-0.08247889867805205
-0.07993059289838245
-0.0778889264368682
-0.07630676141093373
-0.07514890010901411
-0.07439031680504808
-0.07401495011204912
-0.1071499776245754
-0.10769338093401054
-0.10879155131116924
-0.11046773964710463
-0.11275817380419811
-0.1157138067741407
-0.11940287624704943
-0.12391451173311205
-0.1293637443182411
-0.13589845146147586
-0.14370904247959798
-0.15304212451770483
-0.1642201009151217
-0.17766986410999874
-0.19396589013492976
-0.21389704092081346
-0.23857425390444353
-0.2696120699516023
-0.3094430223610283
-0.3618161410311995
-0.43214380354629833
-0.5250298491260091
-0.6274240990296971
-0.6432917755563539
-0.21519985317297147
1.6112281060795162
6.727679890399219
17.762212122616603
36.63009152260064
61.99068963539075
87.56411358923717
103.93899973453586
103.9389997345366
87.56411358923908
61.990689635393636
36.630091522603465
17.762212122619204
6.727679890401409
1.6112281060812639
-0.21519985317154472
-0.6432917755551711
-0.6274240990286778
-0.5250298491251342
-0.43214380354552706
-0.3618161410305048
-0.30944302236041266
-0.26961206995104625
-0.2385742539039521
-0.21389704092035988
-0.19396589013453092
-0.1776698641096269
-0.1642201009147832
-0.15304212451740423
-0.14370904247932795
-0.13589845146125423
-0.1293637443180432
-0.12391451173294676
-0.11940287624690599
-0.11571380677401763
-0.1127581738041093
-0.11046773964703285
-0.10879155131111495
-0.1076933809339889
-0.10714997762455605
-0.1285712300198297
-0.12922326552969476
-0.1305409719089603
-0.13255224786414382
-0.13530056312445143
-0.13884705601983183
-0.14327360464783565
-0.1486871549638465
-0.15522573183583446
-0.16306677186491078
-0.17243874460499625
-0.18363754970856835
-0.1970500318951879
-0.2131884076163
-0.2327419705864183
-0.2566572413428045
-0.2862671746824089
-0.3235089943057642
-0.37130178457022445
-0.43414747475605564
-0.5185639334343732
-0.6301999420088025
-0.7539348563572648
-0.7764460054021926
-0.27437559611526624
1.8846117750888833
7.947361488113149
21.038169769438888
43.43748196490716
73.55775868818773
103.93899973453338
123.39527715865658
123.39527715865752
103.93899973453571
73.55775868819106
43.43748196491049
21.038169769441957
7.947361488115757
1.8846117750909595
-0.2743755961135691
-0.776446005400787
-0.7539348563560567
-0.630199942007758
-0.5185639334334571
-0.4341474747552284
-0.3713017845694955
-0.32350899430509683
-0.28626717468181817
-0.25665724134226886
-0.23274197058594587
-0.21318840761585384
-0.19705003189479367
-0.1836375497082117
-0.1724387446046793
-0.16306677186463914
-0.15522573183559407
-0.14868715496364254
-0.14327360464766214
-0.13884705601967723
-0.13530056312434485
-0.13255224786403574
-0.13054097190890848
-0.1292232655296397
-0.12857123001983284
-0.12857123001984383
-0.12922326552968844
-0.1305409719089701
-0.13255224786414246
-0.1353005631244525
-0.1388470560198349
-0.14327360464782676
-0.14868715496385684
-0.15522573183582883
-0.1630667718649189
-0.17243874460499387
-0.18363754970856705
-0.1970500318951793
-0.21318840761629776
-0.23274197058641033
-0.2566572413428005
-0.28626717468240026
-0.32350899430575175
-0.3713017845702175
-0.4341474747560403
-0.5185639334343661
-0.6301999420087784
-0.7539348563572594
-0.7764460054021677
-0.27437559611525764
1.8846117750888691
7.947361488113045
21.038169769438618
43.437481964906624
73.55775868818672
103.93899973453206
123.39527715865502
123.3952771586559
103.9389997345343
73.55775868818995
43.43748196490995
21.03816976944171
7.947361488115664
1.8846117750909415
-0.274375596113557
-0.7764460054007692
-0.7539348563560396
-0.6301999420077529
-0.518563933433439
-0.4341474747552243
-0.37130178456948204
-0.3235089943050929
-0.2862671746818102
-0.25665724134225776
-0.23274197058593887
-0.2131884076158495
-0.1970500318947887
-0.18363754970820062
-0.17243874460468378
-0.16306677186462326
-0.15522573183559718
-0.1486871549636357
-0.1432736046476562
-0.13884705601966893
-0.1353005631243463
-0.1325522478640368
-0.13054097190889663
-0.12922326552965555
-0.1285712300198221
-0.10714997762457312
-0.10769338093400795
-0.10879155131116662
-0.1104677396471036
-0.11275817380419798
-0.11571380677414307
-0.119402876247056
-0.12391451173311709
-0.12936374431824224
-0.1358984514614786
-0.1437090424795986
-0.15304212451769836
-0.16422010091511446
-0.17766986410998914
-0.19396589013492313
-0.21389704092080114
-0.2385742539044311
-0.26961206995158427
-0.3094430223610076
-0.3618161410311728
-0.4321438035462692
-0.5250298491259753
-0.6274240990296513
-0.6432917755563069
-0.2151998531729395
1.6112281060794738
6.727679890398958
17.76221212261587
36.630091522598974
61.990689635388
87.56411358923316
103.93899973453105
103.93899973453188
87.56411358923509
61.99068963539085
36.630091522601866
17.762212122618457
6.72767989040114
1.611228106081224
-0.21519985317151713
-0.6432917755551217
-0.6274240990286414
-0.5250298491250986
-0.4321438035455042
-0.3618161410304815
-0.3094430223603985
-0.2696120699510315
-0.23857425390393538
-0.2138970409203421
-0.19396589013451954
-0.17766986410961905
-0.16422010091477557
-0.1530421245173984
-0.14370904247931643
-0.13589845146124896
-0.12936374431802825
-0.12391451173293776
-0.11940287624689108
-0.11571380677400239
-0.11275817380409633
-0.11046773964701992
-0.10879155131111087
-0.10769338093397629
-0.10714997762455486
-0.07401495011204712
-0.07439031680506325
-0.07514890010904204
-0.07630676141098591
-0.07788892643691667
-0.0799305928984679
-0.08247889867815231
-0.08559541369215758
-0.08935960074126295
-0.0938736131734478
-0.09926898596199718
-0.10571607677040981
-0.11343760560491922
-0.12272847790213452
-0.1339855580491126
-0.14775382365147
-0.1648007674284261
-0.18624176651416624
-0.21375678016769273
-0.24993094251059997
-0.29847168780190214
-0.3623935917092134
-0.43196639960352473
-0.4383126114375112
-0.12717518835023658
1.1777684061591644
4.813862335537869
12.635286209940952
25.988652527388695
43.919856287316485
61.990689635387625
73.55775868818549
73.557758688186
61.9906896353889
43.91985628731842
25.988652527390688
12.635286209942755
4.813862335539417
1.1777684061603944
-0.12717518834922342
-0.43831261143668543
-0.43196639960280614
-0.3623935917086043
-0.29847168780135125
-0.2499309425101227
-0.21375678016725957
-0.18624176651378166
-0.16480076742807498
-0.14775382365114773
-0.13398555804883017
-0.12272847790186933
-0.11343760560468662
-0.10571607677018596
-0.0992689859618024
-0.09387361317326853
-0.08935960074111812
-0.08559541369201557
-0.08247889867803337
-0.07993059289836196
-0.0778889264368505
-0.07630676141091478
-0.07514890010900621
-0.07439031680503547
-0.0740149501120386
-0.0417308626282165
-0.04194250611514809
-0.042370219300785335
-0.04302305848302979
-0.043915134581699655
-0.04506629412194777
-0.046503116309177236
-0.048260318198047505
-0.05038270630209283
-0.052927882088519285
-0.055970015281463475
-0.05960516809685654
-0.06395893108623013
-0.0691976030310372
-0.07554498354579131
-0.08330840591239777
-0.09292070046424505
-0.10501085123151786
-0.12052564436208787
-0.14091751022402452
-0.16824192935520182
-0.20401418861742163
-0.24195147832620734
-0.24039081098008225
-0.047782842160642186
0.7362295098360974
2.8998413907951397
7.53181093281796
15.417805156588827
25.988652527388187
36.63009152259799
43.437481964905004
43.437481964905324
36.630091522598754
25.988652527389323
15.417805156589981
7.531810932819029
2.8998413907960296
0.7362295098368277
-0.04778284216004942
-0.24039081097959597
-0.24195147832579303
-0.20401418861706425
-0.1682419293548833
-0.1409175102237455
-0.12052564436183663
-0.10501085123129482
-0.09292070046404349
-0.0833084059122029
-0.07554498354562267
-0.0691976030308849
-0.06395893108608604
-0.059605168096726426
-0.05597001528133719
-0.05292788208841723
-0.05038270630199558
-0.04826031819796194
-0.046503116309092436
-0.0450662941218779
-0.043915134581658875
-0.043023058482983496
-0.04237021930076482
-0.04194250611512923
-0.041730862628214044
-0.018402676938015432
-0.018496013326880827
-0.018684638258045196
-0.01897254596661308
-0.01936596003163489
-0.019873633760526074
-0.020507290009292793
-0.021282241030104645
-0.022218249386472596
-0.023340721468863707
-0.02468237213413322
-0.02628557367270226
-0.02820572482591306
-0.03051618386033331
-0.03331567895007508
-0.03673979727458865
-0.04097950231040062
-0.04631226143585463
-0.05315517765655615
-0.06214380790199833
-0.07415120188604975
-0.08966924292693543
-0.10516564211988244
-0.09956267214200057
0.0018117795446752566
0.39373581955092896
1.4565456280669107
3.711944748236256
7.531810932817695
12.635286209940233
17.762212122614734
21.0381697694371
21.038169769437232
17.762212122615093
12.63528620994077
7.531810932818241
3.711944748236765
1.4565456280673343
0.3937358195512784
0.001811779544959963
-0.09956267214176806
-0.10516564211968574
-0.08966924292676551
-0.07415120188589702
-0.06214380790186919
-0.053155177656433635
-0.0463122614357555
-0.04097950231030712
-0.036739797274491545
-0.03331567894999185
-0.030516183860256355
-0.028205724825846802
-0.026285573672626857
-0.024682372134072626
-0.023340721468795837
-0.022218249386428322
-0.021282241030046563
-0.0205072900092484
-0.019873633760478467
-0.01936596003161815
-0.01897254596658804
-0.018684638258042077
-0.018496013326867254
-0.018402676938017715
-0.00540808339770345
-0.005435516757806992
-0.005490957391289332
-0.005575579571889078
-0.005691213007139409
-0.005840431183448582
-0.006026680726001083
-0.006254463719092094
-0.0065295909525793115
-0.006859533038744986
-0.007253910184237312
-0.007725183404477115
-0.008289646078211952
-0.008968876158334707
-0.009791918283109682
-0.0107986678491128
-0.012045322647044176
-0.01361349857302412
-0.01562535749985678
-0.018263004395613867
-0.021751721408936518
-0.026071148979590515
-0.029471146969918625
-0.023227848407371833
0.021940048827673926
0.18033975567449856
0.5944364010722998
1.4565456280667743
2.8998413907947675
4.813862335537166
6.727679890397909
7.947361488111725
7.9473614881117935
6.727679890398019
4.813862335537365
2.8998413907949567
1.4565456280669653
0.5944364010724457
0.18033975567463376
0.021940048827777676
-0.02322784840728471
-0.029471146969852077
-0.026071148979528065
-0.021751721408880424
-0.01826300439556933
-0.01562535749980974
-0.013613498572992211
-0.012045322647016089
-0.010798667849071675
-0.009791918283076913
-0.008968876158304662
-0.008289646078183766
-0.0077251834044432255
-0.007253910184205452
-0.0068595330387105705
-0.006529590952556038
-0.006254463719059305
-0.006026680725970833
-0.005840431183422543
-0.005691213007133555
-0.005575579571879428
-0.00549095739129344
-0.005435516757801287
-0.005408083397706778
9.75462952743112e-05
9.803660191534487e-05
9.902732252379211e-05
0.00010053912747327169
0.00010260419822353091
0.0001052677449329894
0.00010859022237665277
0.00011265044125330901
0.00011754986908773726
0.00012341855748904633
0.00013042334864292427
0.00013877934933179356
0.00014876619802276376
0.00016075153016709086
0.00017522555989927347
0.0001928537416324476
0.00021456472937832503
0.00024175342139380208
0.000277115791902468
0.0003293255309789466
0.0004383880158656935
0.000793181476958399
0.0021791673828382187
0.007341997941197671
0.024176383923435813
0.07094288947011781
0.18033975567444738
0.39373581955075027
0.7362295098357147
1.177768406158499
1.6112281060785323
1.8846117750877263
1.8846117750877391
1.6112281060785447
1.1777684061585374
0.7362295098357499
0.39373581955079406
0.18033975567447297
0.07094288947015244
0.02417638392345868
0.007341997941217407
0.002179167382847164
0.0007931814769731421
0.0004383880158797246
0.0003293255309863901
0.00027711579191523725
0.0002417534213943774
0.0002145647293753334
0.00019285374164611176
0.00017522555990728247
0.00016075153017713605
0.0001487661980297012
0.00013877934935022044
0.00013042334865679583
0.00012341855751143128
0.00011754986909586439
0.00011265044127859957
0.00010859022239744593
0.00010526774495003827
0.00010260419822321201
0.00010053912747797988
9.90273225164536e-05
9.803660192002204e-05
9.75462952659987e-05
0.0016776119766283072
0.0016861171820328619
0.0017033053661929796
0.0017295402574186223
0.0017653885752788665
0.0018116473558312217
0.0018693839561381436
0.0019399924244005318
0.002025271777260363
0.0021275344907583085
0.0022497577694221586
0.002395796918598532
0.0025706912267496208
0.0027811115763803833
0.0030360323177700066
0.003347772222824603
0.003733674894287691
0.0042189792132306045
0.004842120767704116
0.005665422671075391
0.006797590488289701
0.0084366150654061
0.010921596703715536
0.014680554010823148
0.019725581663023913
0.024176383923420044
0.021940048827611885
0.0018117795445060838
-0.04778284216098438
-0.12717518835079752
-0.2151998531737501
-0.27437559611621243
-0.27437559611621626
-0.21519985317375162
-0.1271751883508139
-0.0477828421610016
0.0018117795445008866
0.021940048827595603
0.024176383923421037
0.019725581663016085
0.014680554010822237
0.010921596703702852
0.008436615065407
0.006797590488289571
0.005665422671074265
0.004842120767706447
0.004218979213222385
0.00373367489427402
0.003347772222827893
0.003036032317768874
0.0027811115763819844
0.0025706912267479116
0.0023957969186082146
0.002249757769428655
0.0021275344907748786
0.0020252717772640838
0.0019399924244216159
0.0018693839561556163
0.0018116473558426598
0.001765388575277577
0.0017295402574190317
0.0017033053661878032
0.0016861171820345224
0.0016776119766178529
0.0017536559805337853
0.0017625478528831748
0.0017805174907556524
0.0018079452383218454
0.001845423710703172
0.0018937863769469057
0.0019541494074481382
0.0020279706439180916
0.0021171314921346494
0.0022240504328790993
0.00235184130595662
0.0025045366046190414
0.0026874076305482423
0.0029074330815185376
0.003174002583699944
0.003500006946210475
0.0039035974283650327
0.004411177333444293
0.005062808576459552
0.005922341780258465
0.0070947263109224
0.008741170516067261
0.01101859266340802
0.013672647330224351
0.01468055401081735
0.0073419979411766334
-0.023227848407431466
-0.0995626721421522
-0.24039081098038548
-0.43831261143800215
-0.6432917755569794
-0.7764460054029801
-0.7764460054029922
-0.6432917755570186
-0.43831261143801653
-0.2403908109804112
-0.09956267214217285
-0.023227848407457324
0.0073419979411700875
0.014680554010802939
0.013672647330221714
0.011018592663392078
0.00874117051606715
0.0070947263109213225
0.005922341780258378
0.005062808576459568
0.004411177333435334
0.0039035974283490155
0.0035000069462089566
0.0031740025836950276
0.002907433081516534
0.002687407630542787
0.002504536604624212
0.002351841305959744
0.0022240504328933626
0.002117131492136797
0.0020279706439380618
0.0019541494074639633
0.001893786376956235
0.0018454237107021153
0.001807945238321197
0.0017805174907541113
0.0017625478528837625
0.0017536559805214863
0.0014603671251112312
0.0014677721402337443
0.001482736988023255
0.0015055784313612324
0.001536790020693229
0.001577065901031933
0.0016273356672949241
0.0016888134820010133
0.001763066287136616
0.0018521083541610138
0.0019585331317187333
0.00208569925194046
0.002237997233536843
0.002421239856321186
0.0026432483041181542
0.002914760560156403
0.0032508970667149252
0.0036736500802645178
0.004216356425316016
0.004931903818476323
0.005905782665903737
0.0072621894745946505
0.009088414468952206
0.011018592663400405
0.010921596703703445
0.002179167382814334
-0.029471146969974445
-0.10516564212001575
-0.24195147832646502
-0.43196639960393624
-0.6274240990302297
-0.7539348563579338
-0.7539348563579367
-0.6274240990302429
-0.43196639960396
-0.24195147832648545
-0.10516564212002871
-0.02947114696999617
0.002179167382809048
0.01092159670368962
0.011018592663401505
0.009088414468936946
0.007262189474596767
0.005905782665903879
0.004931903818479687
0.004216356425315759
0.003673650080259009
0.0032508970667000517
0.002914760560154228
0.0026432483041119725
0.0024212398563165363
0.002237997233528505
0.002085699251941698
0.0019585331317187654
0.0018521083541731594
0.0017630662871380236
0.0016888134820195787
0.0016273356673095543
0.0015770659010398242
0.0015367900206931806
0.0015055784313594972
0.0014827369880267517
0.0014677721402325452
0.001460367125099143
0.001170328374885642
0.001176262763649552
0.001188255614140803
0.0012065607847400396
0.001231573814273004
0.001263851001828348
0.0013041373411075722
0.0013534058853693818
0.001412912415485032
0.00148427121702211
0.0015695607504210875
0.001671472728295373
0.0017935258708741597
0.0019403787855707688
0.0021182997611191483
0.002335894860494293
0.0026052826300688838
0.002944088563415323
0.0033790222972270864
0.003952398300610007
0.004732264826106725
0.005815714831208266
0.007262189474599634
0.008741170516065246
0.008436615065400447
0.0007931814769418381
-0.026071148979633085
-0.08966924292704714
-0.204014188617642
-0.362393591709571
-0.5250298491264829
-0.6301999420093839
-0.6301999420093879
-0.525029849126518
-0.3623935917095844
-0.20401418861766818
-0.08966924292705956
-0.026071148979653118
0.0007931814769388692
0.008436615065390628
0.008741170516070238
0.007262189474588251
0.005815714831211467
0.004732264826108749
0.0039523983006144355
0.0033790222972262356
0.0029440885634127766
0.0026052826300553113
0.002335894860492069
0.002118299761112546
0.0019403787855639134
0.001793525870864713
0.001671472728294554
0.0015695607504202375
0.0014842712170333892
0.001412912415486198
0.0013534058853863892
0.0013041373411198836
0.00126385100183465
0.0012315738142723222
0.001206560784736761
0.0011882556141466912
0.0011762627636462861
0.0011703283748739197
0.0009524852212491755
0.0009573150012803348
0.0009670755400588503
0.0009819734442283986
0.0010023306293183505
0.001028599848281283
0.0010613874263935544
0.0011014852992606156
0.0011499155055969422
0.001207991860124723
0.00127740595579349
0.001360348494135172
0.0014596832560044837
0.0015792017479740138
0.0017240055597695478
0.0019010989483864492
0.002120344905243946
0.0023960882372831634
0.002750065269156516
0.003216698530353031
0.0038512683812426925
0.004732264826106864
0.005905782665906122
0.007094726310917735
0.006797590488280622
0.0004383880158474256
-0.02175172140897411
-0.0741512018861483
-0.16824192935539664
-0.2984716878022158
-0.43214380354670456
-0.5185639334348779
-0.518563933434894
-0.43214380354673354
-0.29847168780223005
-0.16824192935541732
-0.07415120188616003
-0.021751721408989726
0.0004383880158463989
0.0067975904882752024
0.007094726310923557
0.005905782665897227
0.004732264826108636
0.003851268381244761
0.0032166985303557303
0.0027500652691540345
0.0023960882372839
0.0021203449052314286
0.001901098948386199
0.0017240055597630365
0.0015792017479662806
0.0014596832559949883
0.0013603484941338635
0.0012774059557927374
0.001207991860135477
0.0011499155055981788
0.0011014852992758833
0.0010613874264038762
0.001028599848285479
0.001002330629316935
0.000981973444222828
0.0009670755400648875
0.0009573150012740445
0.0009524852212386065
0.0007955532288765149
0.0007995872509241459
0.0008077396363818403
0.0008201829511919334
0.0008371860717598771
0.0008591271550188654
0.000886512627471654
0.0009200039445856894
0.0009604547528660023
0.0010089624014303954
0.0010669397743597118
0.0011362166304381377
0.0012191849101290703
0.0013190114258795288
0.0014399572213900902
0.0015878725196170093
0.001770995261274719
0.002001306721581398
0.002296961473455778
0.0026867074706653452
0.003216698530351809
0.003952398300611883
0.004931903818479057
0.005922341780254943
0.005665422671065337
0.00032932553095978276
-0.018263004395649346
-0.062143807902092604
-0.1409175102241935
-0.24993094251089318
-0.3618161410315678
-0.43414747475651416
-0.4341474747565154
-0.36181614103158566
-0.24993094251089448
-0.1409175102242141
-0.06214380790209725
-0.018263004395660934
0.00032932553095817624
0.00566542267106397
0.0059223417802584145
0.0049319038184729574
0.003952398300610647
0.003216698530353992
0.002686707470663874
0.0022969614734510606
0.0020013067215831383
0.0017709952612623265
0.0015878725196182893
0.0014399572213840387
0.001319011425872215
0.0012191849101217487
0.001136216630438539
0.0010669397743613867
0.0010089624014415228
0.0009604547528682169
0.0009200039445991545
0.0008865126274797779
0.0008591271550199701
0.0008371860717566729
0.0008201829511843609
0.0008077396363850753
0.0007995872509161529
0.0007955532288668201
0.0006801478205582995
0.0006835966532399415
0.0006905664250525319
0.0007012046688058182
0.000715741256557179
0.0007344994881854688
0.0007579123257648918
0.0007865452711124093
0.0008211281369008736
0.0008625990856710396
0.0009121660417213426
0.0009713933298366524
0.001042325902992565
0.0011276711781693929
0.001231072066633222
0.001357530119991919
0.001514088223304704
0.0017109895432809558
0.001963754925556625
0.0022969614734558866
0.002750065269151343
0.0033790222972256085
0.004216356425314699
0.005062808576455646
0.00484212076769419
0.0002771157918882752
-0.01562535749988448
-0.05315517765663408
-0.12052564436224397
-0.21375678016794153
-0.3094430223613668
-0.3713017845706113
-0.3713017845706398
-0.30944302236138477
-0.21375678016796346
-0.12052564436225574
-0.053155177656641156
-0.01562535749989296
0.00027711579188443306
0.004842120767695853
0.005062808576454136
0.004216356425309282
0.0033790222972208046
0.0027500652691523292
0.0022969614734486715
0.0019637549255490053
0.0017109895432821688
0.001514088223292703
0.0013575301199948517
0.0012310720666288324
0.0011276711781638398
0.001042325902989231
0.0009713933298395205
0.000912166041726408
0.0008625990856823127
0.0008211281369051958
0.0007865452711243832
0.0007579123257726989
0.0007344994881838317
0.0007157412565530262
0.0007012046687971459
0.0006905664250520249
0.0006835966532314769
0.0006801478205496989
0.0005926028974838092
0.0005956078140083387
0.0006016804722903714
0.0006109494153834759
0.0006236149272507302
0.0006399586940510195
0.0006603579488826251
0.0006853054046184988
0.0007154369355305269
0.0007515699477492827
0.000794756886369437
0.0008463607222661729
0.0009081631894503039
0.0009825232152706463
0.0010726148064537887
0.0011827957277911825
0.0013192023180616894
0.0014907592550380813
0.0017109895432937988
0.002001306721594329
0.0023960882372862052
0.0029440885634198456
0.0036736500802648023
0.004411177333440747
0.004218979213217331
0.0002417534213763406
-0.013613498573055296
-0.04631226143593392
-0.1050108512316489
-0.18624176651439442
-0.26961206995191356
-0.32350899430614866
-0.32350899430612245
-0.2696120699519165
-0.18624176651440294
-0.10501085123167392
-0.04631226143593761
-0.013613498573061635
0.00024175342137027584
0.004218979213219468
0.004411177333432581
0.0036736500802585477
0.0029440885634110544
0.002396088237285709
0.0020013067215817353
0.0017109895432847915
0.0014907592550371996
0.0013192023180514292
0.001182795727793998
0.0010726148064524493
0.0009825232152671664
0.0009081631894525554
0.000846360722271909
0.0007947568863788553
0.0007515699477608278
0.0007154369355379868
0.0006853054046292437
0.0006603579488908856
0.0006399586940474056
0.0006236149272457754
0.0006109494153749223
0.0006016804722854928
0.000595607814001031
0.0005926028974758929
0.0005244062801640747
0.0005270653907418249
0.0005324392071720965
0.0005406414797100695
0.0005518494435444596
0.0005663123682392098
0.0005843640746893966
0.0006064405740630213
0.0006331045637708142
0.0006650793822122318
0.000703296358162955
0.000748961610436127
0.0008036518290096626
0.000869454472670348
0.0009491782783334014
0.001046679510771332
0.0011673883242325671
0.0013192023180478958
0.0015140882233001885
0.0017709952612721368
0.002120344905232162
0.0026052826300613898
0.0032508970667045004
0.0039035974283547614
0.003733674894268891
0.00021456472935907182
-0.012045322647075338
-0.04097950231046863
-0.0929207004643756
-0.1648007674286322
-0.23857425390471193
-0.2862671746827137
-0.28626717468272966
-0.2385742539047187
-0.164800767428645
-0.09292070046438206
-0.040979502310475466
-0.01204532264707995
0.00021456472935066942
0.00373367489426978
0.0039035974283411854
0.003250897066697442
0.0026052826300506497
0.0021203449052307776
0.0017709952612562142
0.001514088223291518
0.0013192023180442739
0.0011673883242251013
0.0010466795107718539
0.0009491782783346091
0.0008694544726665891
0.0008036518290154803
0.0007489616104416714
0.0007032963581745687
0.0006650793822224181
0.0006331045637812532
0.0006064405740722702
0.0005843640746992689
0.0005663123682357583
0.000551849443540721
0.0005406414797037819
0.0005324392071652539
0.0005270653907368806
0.0005244062801575206
0.0004701824250433848
0.00047256658181612284
0.00047738474203064696
0.00048473889404923587
0.0004947879467692154
0.0005077553950207158
0.0005239405422650759
0.0005437343156331964
0.0005676412289689777
0.0005963098266042567
0.0006305751367027067
0.0006715185637152887
0.0007205537654881605
0.0007795523541124592
0.0008510326379059336
0.0009384521357811476
0.0010466795107855718
0.0011827957277987442
0.0013575301200054977
0.0015878725196325641
0.001901098948391114
0.0023358948605012903
0.002914760560158684
0.0035000069462129265
0.0033477722228174426
0.00019285374162243533
-0.010798667849138917
-0.03673979727465239
-0.08330840591250427
-0.14775382365165984
-0.21389704092106793
-0.2566572413431073
-0.2566572413431125
-0.2138970409210697
-0.14775382365165154
-0.08330840591251644
-0.036739797274652417
-0.010798667849142731
0.0001928537416127307
0.0033477722228152755
0.0035000069461956027
0.0029147605601511136
0.002335894860490363
0.0019010989483893809
0.0015878725196149406
0.0013575301199985053
0.001182795727791934
0.0010466795107812203
0.0009384521357774388
0.0008510326379094499
0.0007795523541075062
0.0007205537654960768
0.0006715185637189394
0.0006305751367145227
0.0005963098266121284
0.0005676412289815471
0.0005437343156410048
0.0005239405422755924
0.0005077553950187743
0.0004947879467670367
0.00048473889404627437
0.0004773847420235001
0.0004725665818142286
0.00047018242503832526
0.00042638366686556484
0.00042854573265232435
0.0004329150675223323
0.00043958415930409436
0.0004486971140413193
0.0004604566073173723
0.0004751340615347211
0.0004930839877132658
0.0005147639026026074
0.0005407619365100511
0.0005718353319307706
0.0006089647568050529
0.0006534321817923726
0.000706934871548229
0.0007717565444746426
0.0008510326379093651
0.0009491782783407069
0.0010726148064567585
0.0012310720666360193
0.001439957221396562
0.001724005559767739
0.0021182997611222812
0.0026432483041188056
0.0031740025837049867
0.003036032317769363
0.00017522555989648363
-0.009791918283127525
-0.0333156789501234
-0.07554498354589445
-0.13398555804929024
-0.19396589013517218
-0.2327419705866846
-0.23274197058670162
-0.19396589013516302
-0.1339855580493048
-0.07554498354589687
-0.033315678950130205
-0.009791918283131733
0.0001752255598858863
0.0030360323177633687
0.0031740025836859
0.0026432483041114994
0.002118299761111622
0.0017240055597662922
0.0014399572213796385
0.0012310720666314837
0.00107261480644699
0.0009491782783387954
0.0008510326379008062
0.0007717565444789617
0.0007069348715411908
0.000653432181800361
0.0006089647568055284
0.0005718353319414098
0.000540761936515034
0.0005147639026160927
0.0004930839877192361
0.00047513406154441827
0.0004604566073173599
0.00044869711404089485
0.00043958415930443436
0.00043291506751622685
0.0004285457326525826
0.00042638366686263755
0.0003905707308906096
0.00039255119957889187
0.00039655354350788855
0.00040266248221112094
0.0004110100178948427
0.00042178180288182985
0.0004352264620936039
0.0004516687302137056
0.00047152769592479225
0.000495342090855367
0.0005238055545819106
0.0005578163859466605
0.0005985488791383816
0.000647557740430088
0.0007069348715434457
0.0007795523541168357
0.0008694544726741263
0.0009825232152753226
0.0011276711781688185
0.0013190114258819726
0.0015792017479685126
0.0019403787855704945
0.002421239856320241
0.002907433081524324
0.0027811115763828696
0.00016075153016755533
-0.008968876158351707
-0.03051618386037877
-0.06919760303112342
-0.1227284779022843
-0.1776698641102254
-0.2131884076165797
-0.2131884076165395
-0.1776698641102157
-0.12272847790229191
-0.0691976030311384
-0.030516183860384263
-0.008968876158357605
0.00016075153015679552
0.0027811115763746383
0.002907433081506206
0.0024212398563143054
0.0019403787855613982
0.0015792017479682738
0.00131901142586741
0.0011276711781669489
0.0009825232152643748
0.0008694544726737883
0.0007795523541043384
0.0007069348715465873
0.000647557740420619
0.00059854887914348
0.0005578163859430046
0.0005238055545888284
0.0004953420908570484
0.0004715276959373452
0.0004516687302189824
0.0004352264621012336
0.0004217818028843342
0.00041101001789593084
0.00040266248221443844
0.000396553543502374
0.0003925511995801603
0.00039057073088961665
0.0003610113446850609
0.0003628419262698715
0.0003665413622244596
0.0003721879602703246
0.0003799037323213351
0.0003898602800010959
0.0004022874115968581
0.0004174852849315163
0.0004358412708521406
0.00045785332820032866
0.00048416259985450017
0.0005155993986955608
0.0005532491447233837
0.0005985488791515733
0.0006534321817989203
0.000720553765502997
0.0008036518290165228
0.0009081631894582941
0.001042325902989927
0.0012191849101281535
0.0014596832559953372
0.0017935258708693944
0.002237997233530683
0.0026874076305495325
0.002570691226748785
0.00014876619802080705
-0.008289646078229278
-0.028205724825955177
-0.06395893108631219
-0.11343760560506483
-0.16422010091531447
-0.19705003189542442
-0.197050031895412
-0.16422010091531136
-0.1134376056050811
-0.0639589310863139
-0.02820572482595997
-0.008289646078237935
0.0001487661980085337
0.002570691226738704
0.002687407630532936
0.0022379972335264935
0.0017935258708620945
0.001459683255997846
0.0012191849101184792
0.001042325902991226
0.0009081631894474807
0.0008036518290151582
0.0007205537654867106
0.0006534321817976307
0.0005985488791388277
0.0005532491447236834
0.0005155993986884732
0.0004841625998575585
0.0004578533282001497
0.000435841270863051
0.0004174852849372016
0.00040228741160153614
0.000389860280004996
0.0003799037323229204
0.0003721879602751452
0.0003665413622185505
0.0003628419262702469
0.000361011344686008
0.00033644379401448835
0.0003381498006791411
0.00034159748224209014
0.0003468598174080161
0.0003540505149136937
0.0003633294984974931
0.00037491093748095257
0.00038907456325061834
0.00040618138518638933
0.00042669547486301777
0.0004512143438757136
0.00048051180031560023
0.0005155993986932136
0.0005578163859563258
0.0006089647568085716
0.0006715185637275955
0.0007489616104404424
0.0008463607222742994
0.0009713933298347396
0.0011362166304386386
0.00136034849412815
0.0016714727282933263
0.0020856992519385506
0.00250453660462613
0.0023957969186049356
0.00013877934933875487
-0.007725183404486503
-0.02628557367273391
-0.05960516809693479
-0.10571607677052236
-0.15304212451789212
-0.18363754970878493
-0.183637549708781
-0.15304212451789548
-0.10571607677053443
-0.059605168096935834
-0.026285573672734434
-0.007725183404496528
0.00013877934932591738
0.002395796918596025
0.002504536604612596
0.0020856992519369287
0.0016714727282889038
0.001360348494133292
0.0011362166304340225
0.0009713933298385681
0.0008463607222658887
0.0007489616104373576
0.0006715185637105323
0.000608964756802838
0.0005578163859415773
0.0005155993986886026
0.0004805118003060742
0.000451214343874284
0.0004266954748614989
0.0004061813851945037
0.00038907456325770295
0.000374910937482426
0.0003633294985022517
0.00035405051491525883
0.00034685981741421307
0.00034159748223566103
0.00033814980067849794
0.00033644379401689517
0.0003159303694521114
0.0003175323585116488
0.0003207698301165294
0.00032571131334926604
0.0003324635839586581
0.00034117681488281303
0.0003520521172190791
0.0003653521666894769
0.00038141596137828706
0.0004006792776724491
0.00042370319592827474
0.0004512143438802748
0.0004841625998574516
0.0005238055545962851
0.0005718353319402463
0.0006305751367180815
0.0007032963581705708
0.0007947568863788225
0.0009121660417206389
0.0010669397743611943
0.0012774059557869684
0.0015695607504193402
0.001958533131716097
0.002351841305962773
0.0022497577694264408
0.00013042334865018363
-0.007253910184244407
-0.02468237213415912
-0.05597001528152507
-0.09926898596210815
-0.14370904247974825
-0.17243874460520986
-0.1724387446051818
-0.14370904247974492
-0.09926898596211181
-0.05597001528152405
-0.024682372134163515
-0.007253910184253922
0.00013042334863807182
0.002249757769420933
0.00235184130595227
0.0019585331317172236
0.0015695607504178307
0.001277405955794673
0.0010669397743615604
0.000912166041726838
0.0007947568863740485
0.0007032963581649642
0.0006305751367018126
0.0005718353319301967
0.000523805554580319
0.00048416259984922997
0.0004512143438695766
0.000423703195923528
0.0004006792776707526
0.0003814159613843049
0.00036535216669837575
0.00035205211721829263
0.00034117681488701
0.00033246358395933853
0.0003257113133548278
0.00032076983010910314
0.0003175323585084967
0.00031593036945510916
0.00029876280395238746
0.00030027774129583564
0.0003033392894384843
0.0003080122536001274
0.0003143976073531635
0.00032263736325235075
0.00033292170404683994
0.00034549903168127054
0.0003606899231223941
0.00037890647469329393
0.00040067927767765537
0.0004266954748709124
0.00045785332820536337
0.0004953420908699981
0.0005407619365209841
0.0005963098266182805
0.0006650793822225018
0.0007515699477597445
0.000862599085674339
0.0010089624014378966
0.0012079918601254262
0.0014842712170293638
0.0018521083541678915
0.0022240504328953515
0.002127534490770901
0.00012341855750571488
-0.006859533038745
-0.023340721468881494
-0.0529278820885794
-0.09387361317353135
-0.1358984514616277
-0.16306677186510238
-0.16306677186508037
-0.1358984514616334
-0.09387361317353451
-0.05292788208857499
-0.023340721468881644
-0.006859533038752282
0.00012341855749438838
0.0021275344907698644
0.002224050432888148
0.0018521083541723563
0.0014842712170320329
0.0012079918601356936
0.001008962401442894
0.000862599085683798
0.0007515699477610815
0.0006650793822156559
0.0005963098266060317
0.0005407619365086244
0.0004953420908544277
0.00045785332819479256
0.00042669547485922285
0.0004006792776695704
0.0003789064746910867
0.00036068992312633376
0.0003454990316912276
0.00033292170404526904
0.00032263736325620145
0.0003143976073535339
0.0003080122536048732
0.000303339289431084
0.0003002777412906184
0.000298762803954847
0.0002843992949086247
0.000285841399095649
0.00028875575817216684
0.0002932040617319439
0.0002992824288645738
0.0003071260446201749
0.00031691594837607724
0.0003288885997099662
0.00034334916327662644
0.0003606899231216045
0.0003814159613843536
0.00040618138519599986
0.0004358412708598368
0.0004715276959405426
0.000514763902613708
0.0005676412289775105
0.0006331045637769434
0.0007154369355321732
0.0008211281368954717
0.000960454752865626
0.0011499155055887992
0.0014129124154838935
0.0017630662871330567
0.0021171314921399212
0.0020252717772593814
0.0001175498690913148
-0.006529590952589496
-0.022218249386500653
-0.05038270630214505
-0.08935960074135593
-0.12936374431837078
-0.15522573183602237
-0.15522573183598798
-0.1293637443183725
-0.08935960074136329
-0.050382706302139584
-0.022218249386499588
-0.006529590952591273
0.00011754986908349597
0.0020252717772633287
0.00211713149213574
0.0017630662871403165
0.001412912415489256
0.0011499155056004478
0.0009604547528733831
0.00082112813690795
0.0007154369355392967
0.0006331045637695282
0.0005676412289701564
0.0005147639026012276
0.0004715276959271321
0.00043584127084964844
0.000406181385184774
0.00038141596137514585
0.00036068992311911487
0.00034334916327941994
0.0003288885997184848
0.0003169159483742677
0.0003071260446222262
0.00029928242886454836
0.0002932040617346
0.00028875575816616214
0.000285841399088932
0.0002843992949099493
0.00027242147838439944
0.0002738028465690364
0.0002765944638116532
0.0002808554215652551
0.00028667779073680453
0.0002941910628837884
0.0003035686526702408
0.0003150370608689612
0.00032888859971436985
0.0003454990316855961
0.0003653521666989037
0.00038907456326038283
0.00041748528493800553
0.0004516687302257334
0.0004930839877214054
0.0005437343156377724
0.0006064405740709174
0.0006853054046222028
0.0007865452711120071
0.0009200039445942172
0.001101485299263167
0.0013534058853813462
0.0016888134820098608
0.002027970643935755
0.0019399924244104159
0.00011265044126837609
-0.006254463719094378
-0.021282241030119824
-0.0482603181980937
-0.08559541369222724
-0.12391451173323145
-0.14868715496399257
-0.14868715496400814
-0.12391451173323892
-0.08559541369223281
-0.04826031819808908
-0.02128224103011201
-0.00625446371908932
0.00011265044126402922
0.001939992424418472
0.0020279706439342558
0.0016888134820188239
0.0013534058853877972
0.0011014852992746683
0.0009200039446026864
0.0007865452711264563
0.0006853054046338156
0.0006064405740639569
0.0005437343156362276
0.0004930839877105786
0.00045166873021602546
0.00041748528492917204
0.00038907456325007624
0.00036535216668940517
0.0003454990316828213
0.0003288885997169703
0.0003150370608750096
0.0003035686526695001
0.00029419106288508013
0.00028667779073736273
0.0002808554215660232
0.00027659446380764324
0.00027380284656256345
0.0002724214783839067
0.00026250442204441764
0.0002638355037421477
0.00026652549665542245
0.00027063134110059744
0.00027624175628296603
0.0002834815198270143
0.00029251773349845767
0.00030356865266452436
0.00031691594837063124
0.0003329217040429574
0.0003520521172210605
0.00037491093748474527
0.000402287411601586
0.00043522646210417576
0.00047513406154272897
0.0005239405422679006
0.0005843640746973518
0.0006603579488844858
0.000757912325761984
0.0008865126274790949
0.0010613874263958848
0.0013041373411209639
0.0016273356673049432
0.001954149407467668
0.001869383956149283
0.00010859022239233335
-0.006026680726001759
-0.020507290009308204
-0.04650311630920862
-0.08247889867821334
-0.1194028762471442
-0.14327360464798133
-0.1432736046479629
-0.11940287624714747
-0.08247889867822444
-0.04650311630920101
-0.020507290009303285
-0.0060266807259933865
0.00010859022239076977
0.0018693839561587466
0.0019541494074667197
0.001627335667313759
0.001304137341126129
0.001061387426406484
0.0008865126274870819
0.0007579123257778046
0.0006603579488979936
0.000584364074691565
0.0005239405422706908
0.0004751340615342727
0.00043522646209852143
0.0004022874115953481
0.0003749109374765085
0.00035205211721315416
0.0003329217040402328
0.00031691594837401644
0.00030356865266677776
0.00029251773349921195
0.000283481519827641
0.00027624175628452577
0.00027063134109914716
0.0002665254966532939
0.0002638355037376221
0.0002625044220422649
0.00025439535533906344
0.0002556853183382182
0.0002582922141743948
0.0002622712242005134
0.00026770832697453834
0.0002747244455921797
0.00028348151983202257
0.00029419106288743123
0.0003071260446222662
0.00032263736325788793
0.0003411768148916819
0.00036332949850417573
0.0003898602800072433
0.0004217818028887711
0.0004604566073197489
0.0005077553950156144
0.0005663123682400278
0.0006399586940464021
0.0007344994881764706
0.0008591271550219097
0.0010285998482803464
0.001263851001838289
0.0015770659010368826
0.0018937863769600172
0.001811647355835323
0.0001052677449425802
-0.005840431183454279
-0.019873633760536507
-0.04506629412198608
-0.07993059289852343
-0.11571380677421989
-0.13884705601993114
-0.13884705601993452
-0.11571380677421028
-0.07993059289852307
-0.045066294121966055
-0.019873633760529932
-0.005840431183442428
0.00010526774494236976
0.0018116473558441263
0.0018937863769585405
0.0015770659010438852
0.0012638510018403366
0.0010285998482887698
0.000859127155027291
0.0007344994881909084
0.0006399586940581796
0.0005663123682348804
0.0005077553950206951
0.00046045660731315846
0.00042178180288703337
0.0003898602800031277
0.0003633294984982905
0.0003411768148853838
0.00032263736325517124
0.00030712604462642
0.00029419106288633347
0.00028348151983424166
0.00027472444559349044
0.0002677083269773432
0.00026227122419801574
0.00025829221417341026
0.0002556853183379652
0.0002543953553355997
0.00024789841667951747
0.0002491554356110864
0.00025169575454027636
0.00025557314554779185
0.00026087139140172085
0.00026770832697243987
0.0002762417562827622
0.00028667779073590427
0.0002992824288591679
0.00031439760735266404
0.000332463583961034
0.000354050514914132
0.00037990373232463145
0.00041101001789935627
0.00044869711404389116
0.0004947879467658258
0.0005518494435485774
0.0006236149272511404
0.0007157412565524049
0.0008371860717659458
0.0010023306293193714
0.0012315738142823357
0.0015367900206966004
0.0018454237107123571
0.0017653885752774985
0.000102604198226152
-0.0056912130071510286
-0.019365960031657498
-0.043915134581741844
-0.07788892643697269
-0.11275817380428893
-0.1353005631245431
-0.13530056312457034
-0.11275817380427856
-0.07788892643697763
-0.04391513458172497
-0.019365960031652682
-0.005691213007139337
0.00010260419822575731
0.0017653885752844537
0.001845423710709305
0.0015367900207003678
0.001231573814280306
0.0010023306293246493
0.0008371860717663093
0.0007157412565627553
0.0006236149272572776
0.0005518494435432264
0.0004947879467704359
0.00044869711403945514
0.0004110100179015516
0.0003799037323239503
0.000354050514911941
0.00033246358395814016
0.00031439760735120666
0.00029928242886504775
0.0002866777907328293
0.0002762417562863143
0.0002677083269746098
0.00026087139140500094
0.00025557314554397817
0.00025169575453842823
0.0002491554356148381
0.00024789841667512515
0.0002428636495610752
0.00024409513866879796
0.00024658386419036167
0.00025038250609723796
0.00025557314554544125
0.00026227122419920256
0.00027063134110191897
0.00028085542156784004
0.0002932040617294945
0.0003080122536025904
0.0003257113133527031
0.00034685981740757054
0.00037218796027248946
0.00040266248221322196
0.00043958415930506656
0.0004847388940443444
0.0005406414797115419
0.0006109494153823221
0.0007012046687988099
0.000820182951194272
0.0009819734442267263
0.0012065607847455725
0.0015055784313623382
0.0018079452383284417
0.001729540257414962
0.00010053912747567969
-0.005575579571899426
-0.01897254596662415
-0.043023058483057444
-0.07630676141101767
-0.11046773964716827
-0.13255224786419678
-0.13255224786420966
-0.11046773964715582
-0.07630676141102297
-0.04302305848303394
-0.01897254596662061
-0.005575579571887527
0.00010053912747531586
0.0017295402574199967
0.0018079452383240855
0.0015055784313624684
0.0012065607847396328
0.0009819734442279573
0.0008201829511888375
0.0007012046688031777
0.000610949415381797
0.0005406414797060416
0.0004847388940472244
0.00043958415930273325
0.00040266248221952324
0.000372187960275345
0.00034685981740965725
0.0003257113133535741
0.0003080122536036782
0.0002932040617370686
0.0002808554215646443
0.0002706313411057953
0.0002622712242024822
0.00025557314554847116
0.00025038250609383595
0.0002465838641874306
0.00024409513867725452
0.00024286364955627556
0.0002391790789839129
0.00024039188471889798
0.00024284285287410695
0.0002465838641882423
0.00025169575453650074
0.00025829221417115447
0.0002665254966520074
0.0002765944638062392
0.0002887557581597165
0.00030333928942964016
0.0003207698301088159
0.0003415974822326653
0.00036654136222050084
0.0003965535435074605
0.0004329150675243985
0.00047738474203029585
0.0005324392071797385
0.0006016804723005074
0.000690566425060311
0.0008077396363981098
0.0009670755400727721
0.0011882556141568864
0.001482736988033449
0.0017805174907662307
0.0017033053661905855
9.902732252494916e-05
-0.005490957391297771
-0.018684638258059036
-0.042370219300813305
-0.07514890010908182
-0.10879155131122033
-0.13054097190901473
-0.13054097190903416
-0.10879155131122527
-0.07514890010909003
-0.042370219300798664
-0.018684638258056527
-0.00549095739129049
9.90273225249289e-05
0.0017033053661942303
0.001780517490761629
0.0014827369880313127
0.0011882556141493744
0.0009670755400704801
0.000807739636388597
0.0006905664250592481
0.0006016804722946576
0.0005324392071747072
0.00047738474203068567
0.00043291506752419443
0.00039655354351710286
0.00036654136222712553
0.0003415974822387945
0.00032076983011366806
0.0003033392894338511
0.0002887557581695619
0.00027659446380469985
0.0002665254966563464
0.0002582922141756381
0.00025169575453919596
0.00024658386418581273
0.00024284285286955664
0.00024039188472992553
0.00023917907897860128
0.00023676508866007136
0.00023796565376091062
0.00024039188472797367
0.0002440951386726118
0.00024915543561242757
0.00025568531833642576
0.0002638355037362629
0.0002738028465571852
0.0002858413990761652
0.0003002777412792342
0.00031753235849629643
0.00033814980066366486
0.00036284192625990756
0.00039255119957477304
0.0004285457326519582
0.00047256658181413084
0.0005270653907454798
0.0005956078140152855
0.000683596653244753
0.0007995872509337001
0.0009573150012903923
0.001176262763660872
0.0014677721402431895
0.0017625478528952377
0.0016861171820341167
9.80366019224252e-05
-0.005435516757807815
-0.01849601332687919
-0.04194250611515752
-0.07439031680507782
-0.10769338093404263
-0.12922326552975763
-0.12922326552973049
-0.10769338093401662
-0.07439031680507224
-0.041942506115143885
-0.018496013326884313
-0.005435516757801732
9.803660192300866e-05
0.0016861171820364272
0.001762547852890524
0.0014677721402392126
0.0011762627636532803
0.0009573150012847757
0.0007995872509226384
0.0006835966532395838
0.0005956078140076808
0.0005270653907425895
0.0004725665818136852
0.0004285457326536119
0.0003925511995878828
0.00036284192626975624
0.00033814980067367693
0.0003175323585050564
0.0003002777412878916
0.0002858413990887252
0.0002738028465587926
0.0002638355037401053
0.00025568531834092346
0.00024915543561329113
0.00024409513867130607
0.00024039188472148326
0.00023796565377292556
0.00023676508865375063
0.0002355705805507811
0.00023676508865282456
0.00023917907898545637
0.00024286364955587866
0.0002478984166744831
0.00025439535533092075
0.00026250442203378226
0.0002724214783687464
0.00028439929488881797
0.000298762803937296
0.0003159303694395104
0.0003364437940028419
0.0003610113446771164
0.0003905707308885568
0.0004263836668666176
0.00047018242504205757
0.0005244062801661121
0.0005926028974888644
0.0006801478205612233
0.0007955532288784309
0.0009524852212511915
0.001170328374884147
0.001460367125108574
0.001753655980532546
0.0016776119766206518
9.754629527442734e-05
-0.005408083397704724
-0.01840267693801342
-0.04173086262823326
-0.0740149501120761
-0.10714997762460216
-0.12857123001982945
-0.128571230019896
-0.10714997762457641
-0.0740149501120639
-0.041730862628210394
-0.018402676938026573
-0.00540808339770301
9.754629527547402e-05
0.0016776119766217553
0.0017536559805288302
0.0014603671251038153
0.0011703283748780223
0.0009524852212435753
0.0007955532288677623
0.0006801478205538977
0.0005926028974818664
0.0005244062801654064
0.00047018242504127776
0.0004263836668689241
0.0003905707309037342
0.0003610113446889429
0.00033644379401513225
0.0003159303694510046
0.000298762803949316
0.00028439929490394465
0.0002724214783740018
0.0002625044220377175
0.00025439535533569027
0.00024789841667430766
0.00024286364955619758
0.0002391790789775579
0.00023676508866378703
0.00023557058054325276
