-2.3161285624915793e-05
-2.327872882288554e-05
-2.35160706271254e-05
-2.3878334910272716e-05
-2.4373349399119384e-05
-2.5012123263313107e-05
-2.5809399927034523e-05
-2.6784436082129086e-05
-2.796208354629703e-05
-2.937428884840267e-05
-3.106218437203718e-05
-3.307903847797942e-05
-3.549448552396131e-05
-3.8400717391865705e-05
-4.192178004946837e-05
-4.62279811811598e-05
-5.155913457975502e-05
-5.826402066196306e-05
-6.687113369986845e-05
-7.821747911755943e-05
-9.364771671795336e-05
-0.00011507357353192433
-0.0001436299674099476
-0.00017262676217240694
-0.00016568021163887862
-1.1783175666853543e-05
0.0005261966580497098
0.0017974702556513792
0.004081119372341149
0.007242666512080037
0.010488284822314071
0.012586785021743282
0.01258678502174412
0.010488284822314297
0.007242666512076415
0.004081119372341844
0.0017974702556505422
0.0005261966580499306
-1.1783175667178006e-05
-0.00016568021163899404
-0.000172626762172613
-0.00014362996740967682
-0.00011507357353192225
-9.364771671759325e-05
-7.821747911796675e-05
-6.687113369954696e-05
-5.8264020662100337e-05
-5.1559134579532027e-05
-4.62279811814814e-05
-4.1921780049239456e-05
-3.8400717392092764e-05
-3.54944855239346e-05
-3.307903847834836e-05
-3.10621843721411e-05
-2.937428884880278e-05
-2.796208354640263e-05
-2.6784436082428594e-05
-2.58093999271805e-05
-2.5012123263585005e-05
-2.437334939898169e-05
-2.3878334910530644e-05
-2.351607062779295e-05
-2.3278728822030067e-05
-2.3161285625680982e-05
-2.3278728822033876e-05
-2.3396767536094568e-05
-2.3635312822876625e-05
-2.399941402963442e-05
-2.4496938574915468e-05
-2.5138951452643643e-05
-2.5940270845796646e-05
-2.69202510910175e-05
-2.8103870021607165e-05
-2.952323615727848e-05
-3.121969045086186e-05
-3.3246771370417464e-05
-3.567446636774982e-05
-3.859543480186975e-05
-4.213435163968343e-05
-4.646238814545648e-05
-5.18205741378235e-05
-5.855945860073288e-05
-6.721021565509822e-05
-7.861409493070874e-05
-9.412257442508727e-05
-0.00011565707377159522
-0.00014435826026911136
-0.0001735020556774732
-0.0001665201737516836
-1.184248930363651e-05
0.0005288658920945473
0.001806586836128328
0.004101817273465989
0.007279397605101101
0.010541475257445136
0.012650617403436478
0.012650617403435484
0.010541475257444253
0.007279397605098472
0.004101817273466748
0.0018065868361279614
0.0005288658920944834
-1.1842489304094456e-05
-0.0001665201737518968
-0.0001735020556777602
-0.0001443582602691849
-0.00011565707377192894
-9.41225744250627e-05
-7.861409493141622e-05
-6.721021565513365e-05
-5.855945860110735e-05
-5.1820574137745317e-05
-4.646238814584611e-05
-4.2134351639656785e-05
-3.859543480222504e-05
-3.5674466367915495e-05
-3.324677137077653e-05
-3.121969045093642e-05
-2.9523236157638524e-05
-2.8103870021691956e-05
-2.6920251091247457e-05
-2.5940270845871324e-05
-2.5138951452808713e-05
-2.4496938574742697e-05
-2.3999414029866576e-05
-2.363531282352533e-05
-2.33967675352442e-05
-2.3278728822951205e-05
-2.351607062722888e-05
-2.3635312823876517e-05
-2.387629023734929e-05
-2.424410369613278e-05
-2.4746700832756717e-05
-2.5395259456240706e-05
-2.6204748830647598e-05
-2.719472062347275e-05
-2.8390407333756437e-05
-2.982424484993002e-05
-3.153799562375843e-05
-3.358574398529991e-05
-3.6038190956795226e-05
-3.898894062482123e-05
-4.256393910581712e-05
-4.693610287847295e-05
-5.2348919237531825e-05
-5.915651127771534e-05
-6.78954688469077e-05
-7.94156187213456e-05
-9.508221783309737e-05
-0.00011683627362840068
-0.00014583007233011762
-0.00017527094132421082
-0.00016821765434968624
-1.1962342194486056e-05
0.0005342602018789428
0.0018250106727796288
0.004143645940977311
0.007353627933603305
0.010648968452115947
0.012779617022969987
0.012779617022969637
0.010648968452111551
0.007353627933602537
0.00414364594097818
0.0018250106727793491
0.0005342602018789512
-1.1962342194888487e-05
-0.00016821765434988303
-0.0001752709413245799
-0.00014583007233041846
-0.00011683627362907501
-9.508221783344553e-05
-7.941561872233979e-05
-6.789546884731376e-05
-5.915651127837514e-05
-5.2348919237665825e-05
-4.693610287895729e-05
-4.256393910591054e-05
-3.898894062524901e-05
-3.6038190957098085e-05
-3.3585743985602046e-05
-3.1537995623916786e-05
-2.9824244850266924e-05
-2.8390407333985848e-05
-2.7194720623655682e-05
-2.6204748830752962e-05
-2.5395259456331057e-05
-2.474670083255997e-05
-2.4244103696374713e-05
-2.3876290237811974e-05
-2.3635312823094034e-05
-2.351607062818444e-05
-2.3878334909960917e-05
-2.3999414030149688e-05
-2.424410369587207e-05
-2.4617583313411575e-05
-2.5127922949135146e-05
-2.5786472606138337e-05
-2.6608432149829085e-05
-2.7613654441559736e-05
-2.882776068694738e-05
-3.0283686450309933e-05
-3.202383753428446e-05
-3.4103131439877085e-05
-3.6593358340743275e-05
-3.958956429870542e-05
-4.321963563721365e-05
-4.765915262562831e-05
-5.3155353503734614e-05
-6.0067816675892297e-05
-6.89413982330756e-05
-8.063901659510926e-05
-9.65469600217875e-05
-0.0001186361335233993
-0.00014807655729130742
-0.00017797085877770355
-0.0001708085741566139
-1.214524103779783e-05
0.0005424938441387251
0.0018531319007081607
0.004207491043414342
0.007466929161401683
0.010813040284551255
0.012976515070100843
0.012976515070102392
0.01081304028455112
0.007466929161400747
0.0042074910434145634
0.0018531319007077404
0.0005424938441385377
-1.2145241038213399e-05
-0.0001708085741567728
-0.0001779708587781811
-0.00014807655729180008
-0.00011863613352442395
-9.654696002249434e-05
-8.063901659634043e-05
-6.89413982336312e-05
-6.0067816676662365e-05
-5.315535350395098e-05
-4.765915262610751e-05
-4.3219635637278456e-05
-3.958956429915448e-05
-3.659335834117185e-05
-3.410313144016807e-05
-3.202383753462755e-05
-3.028368645066702e-05
-2.882776068741456e-05
-2.7613654441717996e-05
-2.6608432150024143e-05
-2.5786472606206144e-05
-2.512792294897314e-05
-2.4617583313703622e-05
-2.4244103696139427e-05
-2.3999414029491286e-05
-2.3878334910889427e-05
-2.4373349398742217e-05
-2.4496938575376538e-05
-2.474670083257482e-05
-2.5127922949046384e-05
-2.5648842290147862e-05
-2.6321044152834865e-05
-2.716004350700573e-05
-2.8186104778877544e-05
-2.942538032084765e-05
-3.0911488477034086e-05
-3.26877141545752e-05
-3.481011333725866e-05
-3.73519644656005e-05
-4.0410283982435957e-05
-4.41156093996528e-05
-4.864716091292135e-05
-5.425730222655398e-05
-6.13130661326211e-05
-7.03706040997424e-05
-8.231072357318691e-05
-9.85484509592245e-05
-0.00012109554447645171
-0.00015114625592067387
-0.00018166014282737367
-0.0001743489006588016
-1.2395088998273417e-05
0.0005537448493685695
0.001891558405209093
0.004294732570316605
0.0076217501442930324
0.011037236863349814
0.013245567084442408
0.013245567084440834
0.011037236863349273
0.007621750144293029
0.004294732570316553
0.0018915584052093884
0.0005537448493685071
-1.2395088998632314e-05
-0.00017434890065893166
-0.00018166014282795762
-0.00015114625592125715
-0.00012109554447770998
-9.854845096014133e-05
-8.231072357455764e-05
-7.037060410031654e-05
-6.131306613347447e-05
-5.425730222684042e-05
-4.8647160913374914e-05
-4.411560939962903e-05
-4.041028398284573e-05
-3.7351964466072086e-05
-3.4810113337561606e-05
-3.268771415510029e-05
-3.0911488477454764e-05
-2.9425380321562892e-05
-2.818610477903986e-05
-2.7160043507281027e-05
-2.6321044152933365e-05
-2.5648842290062857e-05
-2.512792294939196e-05
-2.474670083268769e-05
-2.449693857482219e-05
-2.437334939957112e-05
-2.5012123263414528e-05
-2.5138951453336774e-05
-2.5395259456261136e-05
-2.5786472606077198e-05
-2.63210441528462e-05
-2.7010863020293976e-05
-2.7871850793844936e-05
-2.8924802988909573e-05
-3.0196557357712734e-05
-3.172161331308194e-05
-3.354439017194464e-05
-3.572241303277369e-05
-3.8330880817850576e-05
-4.1469352578668605e-05
-4.527178696019091e-05
-4.9922101173392513e-05
-5.567927289897805e-05
-6.291995418390153e-05
-7.221487222417114e-05
-8.446791873087485e-05
-0.00010113120419302522
-0.00012426920407305927
-0.00015510743743325255
-0.00018642083693299136
-0.00017891734659625306
-1.2717370489916534e-05
0.0005682636179385214
0.0019411451617242035
0.004407311429376167
0.007821535101923106
0.011326545642120298
0.013592758299796613
0.013592758299798821
0.011326545642120565
0.007821535101923004
0.004407311429376032
0.0019411451617241515
0.0005682636179385038
-1.2717370490190305e-05
-0.00017891734659642139
-0.00018642083693368874
-0.00015510743743387
-0.00012426920407446272
-0.00010113120419400675
-8.446791873224839e-05
-7.221487222459016e-05
-6.291995418471567e-05
-5.567927289922879e-05
-4.992210117377628e-05
-4.527178696002333e-05
-4.146935257898578e-05
-3.833088081824799e-05
-3.572241303304864e-05
-3.354439017253518e-05
-3.17216133135296e-05
-3.0196557358558835e-05
-2.892480298907745e-05
-2.787185079415372e-05
-2.7010863020442803e-05
-2.632104415288679e-05
-2.5786472606479322e-05
-2.53952594563533e-05
-2.513895145287587e-05
-2.5012123264089288e-05
-2.5809399927280667e-05
-2.5940270846498914e-05
-2.6204748830809395e-05
-2.660843214992007e-05
-2.716004350721884e-05
-2.787185079403948e-05
-2.876028310750604e-05
-2.9846798834538515e-05
-3.115909119995377e-05
-3.2732759310039416e-05
-3.461363838008285e-05
-3.686108716373868e-05
-3.955270160654497e-05
-4.279121428245616e-05
-4.6714853877359024e-05
-5.151340011912691e-05
-5.74540858348771e-05
-6.492556921802077e-05
-7.451676996833913e-05
-8.716039211366757e-05
-0.0001043548320619878
-0.00012823036304446727
-0.0001600515274616008
-0.0001923628124442362
-0.00018461932058055073
-1.3119421104891574e-05
0.0005863855070454887
0.0020030371951589325
0.004547826955901932
0.008070896639952103
0.011687645957184013
0.014026104298718062
0.014026104298718221
0.011687645957183683
0.00807089663995201
0.004547826955902497
0.00200303719515946
0.0005863855070456672
-1.3119421104959785e-05
-0.00018461932058077497
-0.0001923628124449311
-0.00016005152746213024
-0.0001282303630458395
-0.00010435483206293252
-8.71603921149556e-05
-7.451676996865242e-05
-6.4925569218871e-05
-5.74540858351379e-05
-5.1513400119496244e-05
-4.671485387709964e-05
-4.279121428262379e-05
-3.955270160673156e-05
-3.686108716392581e-05
-3.461363838059757e-05
-3.273275931049051e-05
-3.1159091200792745e-05
-2.9846798834704865e-05
-2.8760283107721357e-05
-2.787185079416972e-05
-2.7160043507290494e-05
-2.660843215029452e-05
-2.6204748830898187e-05
-2.5940270846105268e-05
-2.580939992772038e-05
-2.6784436082643926e-05
-2.6920251091781447e-05
-2.7194720623783852e-05
-2.761365444175413e-05
-2.8186104779213915e-05
-2.892480298921631e-05
-2.9846798834707908e-05
-3.0974361367059654e-05
-3.233623001876186e-05
-3.396934877559135e-05
-3.592128443821149e-05
-3.825363824489552e-05
-4.10469376017855e-05
-4.440779617032337e-05
-4.847966472088514e-05
-5.34594925996278e-05
-5.962460834059044e-05
-6.737835316642887e-05
-7.733189547209283e-05
-9.045317556895646e-05
-0.00010829719552477261
-0.00013307469570681503
-0.00016609793868157266
-0.00019962957324062733
-0.00019159249386230793
-1.3610806854265577e-05
0.000608548570854859
0.002078730123323323
0.004719674331984807
0.008375859585984835
0.012129262102198324
0.014556074714111841
0.014556074714112119
0.012129262102198404
0.008375859585985277
0.0047196743319849015
0.0020787301233236985
0.0006085485708550103
-1.3610806854151885e-05
-0.00019159249386264845
-0.0001996295732412857
-0.00016609793868203066
-0.00013307469570806492
-0.000108297195525613
-9.045317557005602e-05
-7.733189547231274e-05
-6.737835316725495e-05
-5.962460834075554e-05
-5.345949259993471e-05
-4.847966472054901e-05
-4.440779617030738e-05
-4.104693760169974e-05
-3.8253638244937005e-05
-3.592128443852056e-05
-3.396934877596876e-05
-3.2336230019455235e-05
-3.09743613672136e-05
-2.984679883478111e-05
-2.892480298928952e-05
-2.8186104779248386e-05
-2.761365444203799e-05
-2.7194720623840616e-05
-2.6920251091426964e-05
-2.6784436082796257e-05
-2.7962083546785068e-05
-2.8103870022117255e-05
-2.839040733412764e-05
-2.8827760687377417e-05
-2.9425380321634473e-05
-3.0196557358524588e-05
-3.11590912006502e-05
-3.233623001918231e-05
-3.3757976855281366e-05
-3.546290003897727e-05
-3.7500657778349526e-05
-3.9935559782944366e-05
-4.285167407484694e-05
-4.636030189066796e-05
-5.0611201231560956e-05
-5.5809980905963016e-05
-6.224616304030485e-05
-7.03408230199436e-05
-8.073200121692822e-05
-9.44301963119972e-05
-0.0001130587784832564
-0.00013892567502629352
-0.00017340077929932075
-0.00020840631672721876
-0.00020001453048537035
-1.4203848834441248e-05
0.0006353182019796232
0.0021701542466222466
0.004927235444960758
0.00874419964344148
0.012662653695741578
0.015196181685164296
0.015196181685162836
0.012662653695741453
0.008744199643441433
0.004927235444960713
0.002170154246622929
0.0006353182019798263
-1.4203848834100417e-05
-0.00020001453048578788
-0.00020840631672768348
-0.00017340077929965805
-0.00013892567502726258
-0.00011305877848393682
-9.443019631285213e-05
-8.073200121716737e-05
-7.034082302075878e-05
-6.224616304037164e-05
-5.580998090621595e-05
-5.061120123113796e-05
-4.636030189042055e-05
-4.2851674074400796e-05
-3.993555978274329e-05
-3.7500657778328974e-05
-3.5462900039187514e-05
-3.3757976855685245e-05
-3.233623001925471e-05
-3.1159091200500213e-05
-3.0196557358482972e-05
-2.9425380321536373e-05
-2.8827760687557066e-05
-2.8390407334129687e-05
-2.810387002188112e-05
-2.7962083546636786e-05
-2.9374288849311125e-05
-2.9523236157903415e-05
-2.982424485047375e-05
-3.0283686450744224e-05
-3.091148847771359e-05
-3.1721613313686475e-05
-3.2732759310569774e-05
-3.396934877592475e-05
-3.5462900039137214e-05
-3.725392930394275e-05
-3.9394602742733826e-05
-4.195247799759049e-05
-4.5015868910575085e-05
-4.870169794448221e-05
-5.316728657868622e-05
-5.8628627840393615e-05
-6.538986612090306e-05
-7.389334319522633e-05
-8.480932368107463e-05
-9.919934123134947e-05
-0.00011876875114928023
-0.00014594202313182288
-0.0001821581517951567
-0.00021893110706762428
-0.00021011380107774697
-1.4914347025798266e-05
0.0006674212961217817
0.002279791124439949
0.005176143472185486
0.009185912855513758
0.01330229545455859
0.01596379560251346
0.015963795602512952
0.013302295454559349
0.00918591285551348
0.005176143472185093
0.002279791124440291
0.000667421296121783
-1.4914347025307932e-05
-0.00021011380107822236
-0.00021893110706791303
-0.00018215815179542088
-0.0001459420231324761
-0.00011876875114973768
-9.919934123186077e-05
-8.480932368123243e-05
-7.38933431958213e-05
-6.538986612071587e-05
-5.8628627840517824e-05
-5.316728657813389e-05
-4.870169794402334e-05
-4.501586890980575e-05
-4.1952477997118836e-05
-3.939460274235231e-05
-3.725392930392623e-05
-3.5462900039221416e-05
-3.3969348775916486e-05
-3.273275931026384e-05
-3.172161331351591e-05
-3.09114884774306e-05
-3.0283686450763414e-05
-2.982424485037458e-05
-2.9523236157810712e-05
-2.937428884889138e-05
-3.106218437258608e-05
-3.121969045088443e-05
-3.1537995624036685e-05
-3.2023837534544784e-05
-3.268771415518525e-05
-3.3544390172435027e-05
-3.461363838051185e-05
-3.592128443840643e-05
-3.750065777850071e-05
-3.9394602742608357e-05
-4.1658283072843445e-05
-4.436313840639096e-05
-4.7602557276014705e-05
-5.15001807495936e-05
-5.622237033211134e-05
-6.19975304857493e-05
-6.914728244164102e-05
-7.813938602005771e-05
-8.968262095531372e-05
-0.00010489951896399833
-0.00012559342529315195
-0.00015432810089595982
-0.0001926251197201236
-0.0002315104554694818
-0.00022218432098202015
-1.5762583666594944e-05
0.0007057939084871769
0.0024108361685348636
0.005473651892138869
0.009713870343805836
0.014066825229923207
0.016881282770304522
0.016881282770304182
0.014066825229923773
0.009713870343805695
0.005473651892138807
0.002410836168535211
0.0007057939084870986
-1.5762583665976454e-05
-0.00022218432098246738
-0.0002315104554695324
-0.00019262511972034072
-0.00015432810089629356
-0.00012559342529342942
-0.0001048995189642482
-8.96826209554856e-05
-7.813938602042485e-05
-6.914728244121398e-05
-6.199753048577051e-05
-5.622237033139191e-05
-5.1500180748975233e-05
-4.7602557274995785e-05
-4.4363138405710485e-05
-4.1658283072172744e-05
-3.9394602742382416e-05
-3.750065777828356e-05
-3.5921284438328126e-05
-3.461363838011217e-05
-3.3544390172178016e-05
-3.268771415473816e-05
-3.202383753445433e-05
-3.153799562387033e-05
-3.121969045103381e-05
-3.1062184371927185e-05
-3.3079038478601456e-05
-3.324677137029822e-05
-3.358574398561317e-05
-3.410313144010253e-05
-3.481011333780294e-05
-3.5722413033123824e-05
-3.6861087164111444e-05
-3.8253638245062156e-05
-3.993555978326409e-05
-4.19524779975336e-05
-4.436313840645333e-05
-4.7243619218289675e-05
-5.0693372681689665e-05
-5.484406788436683e-05
-5.9872868203599886e-05
-6.602300845360347e-05
-7.363699284603149e-05
-8.321295309483822e-05
-9.550569046255924e-05
-0.0001117106228995495
-0.00013374818270396933
-0.00016434856527617405
-0.00020513200072603838
-0.0002465412994778148
-0.00023660682104424105
-1.6774728400278054e-05
0.0007516485116119847
0.0025674280781302957
0.005829155168640191
0.010344742138125553
0.014980381659379313
0.017977610604431787
0.01797761060443198
0.014980381659379781
0.010344742138125071
0.00582915516863957
0.0025674280781304718
0.0007516485116118557
-1.6774728399703373e-05
-0.00023660682104463017
-0.00024654129947768036
-0.00020513200072619717
-0.00016434856527617651
-0.00013374818270403833
-0.00011171062289949288
-9.550569046266709e-05
-8.321295309488579e-05
-7.363699284536613e-05
-6.602300845355799e-05
-5.9872868202775256e-05
-5.484406788371944e-05
-5.069337268061122e-05
-4.724361921758108e-05
-4.436313840566823e-05
-4.195247799718203e-05
-3.99355597828573e-05
-3.825363824497583e-05
-3.686108716374543e-05
-3.572241303284314e-05
-3.481011333730349e-05
-3.4103131439950756e-05
-3.3585743985470945e-05
-3.324677137071593e-05
-3.3079038477775964e-05
-3.549448552452468e-05
-3.567446636757071e-05
-3.60381909574033e-05
-3.6593358341311885e-05
-3.73519644664662e-05
-3.833088081833244e-05
-3.955270160700004e-05
-4.104693760183534e-05
-4.285167407509891e-05
-4.501586891024448e-05
-4.760255727573341e-05
-5.0693372681267287e-05
-5.439502947692131e-05
-5.884881136678908e-05
-6.424481840225679e-05
-7.084404671427663e-05
-7.90140106661745e-05
-8.92892163760533e-05
-0.00010247958205606159
-0.00011986781660359083
-0.00014351457878088682
-0.0001763493856549937
-0.0002201105955950215
-0.00026454251613632095
-0.0002538789535102812
-1.798483440674618e-05
0.0008065704782091493
0.0027549779085169015
0.006254935498026152
0.011100322059155746
0.01607452248699969
0.01929064962231425
0.01929064962231268
0.016074522486999913
0.011100322059155563
0.006254935498025768
0.0027549779085167814
0.0008065704782089585
-1.7984834406265205e-05
-0.0002538789535105659
-0.0002645425161360238
-0.00022011059559508695
-0.00017634938565468496
-0.0001435145787808005
-0.00011986781660330762
-0.00010247958205616568
-8.928921637589807e-05
-7.901401066545121e-05
-7.084404671430174e-05
-6.424481840149165e-05
-5.884881136628219e-05
-5.439502947593615e-05
-5.0693372680719764e-05
-4.760255727501717e-05
-4.501586890993302e-05
-4.2851674074658484e-05
-4.1046937601865396e-05
-3.9552701606716515e-05
-3.8330880818073414e-05
-3.7351964465958874e-05
-3.659335834113701e-05
-3.6038190957312255e-05
-3.567446636824144e-05
-3.549448552359842e-05
-3.8400717392561044e-05
-3.859543480169792e-05
-3.8988940625474185e-05
-3.958956429932014e-05
-4.041028398334844e-05
-4.146935257925382e-05
-4.27912142831619e-05
-4.440779617062901e-05
-4.636030189134665e-05
-4.870169794455303e-05
-5.150018074977415e-05
-5.4844067884387746e-05
-5.884881136724515e-05
-6.366726308953426e-05
-6.950508835165139e-05
-7.664465349112061e-05
-8.548356480266378e-05
-9.660009369746212e-05
-0.00011087047453338203
-0.0001296824436428263
-0.00015526537736569595
-0.00019078860573857684
-0.00023813257942407678
-0.0002862010450284758
-0.0002746594930173135
-1.9437725461079305e-05
0.0008726593893851996
0.002980650909211558
0.006767256144610531
0.01200946744187079
0.017391033061147712
0.02087054361531656
0.02087054361531833
0.017391033061148416
0.012009467441870182
0.0067672561446100125
0.0029806509092116197
0.0008726593893849539
-1.9437725460776925e-05
-0.00027465949301750395
-0.00028620104502811246
-0.00023813257942407312
-0.00019078860573809489
-0.00015526537736555712
-0.00012968244364234256
-0.00011087047453343672
-9.660009369710214e-05
-8.548356480193213e-05
-7.664465349120511e-05
-6.950508835106711e-05
-6.366726308928824e-05
-5.884881136651797e-05
-5.4844067884179207e-05
-5.150018074927803e-05
-4.870169794436285e-05
-4.636030189093598e-05
-4.4407796170748304e-05
-4.2791214282950566e-05
-4.146935257903188e-05
-4.041028398297639e-05
-3.958956429923996e-05
-3.898894062557038e-05
-3.859543480258386e-05
-3.8400717391687604e-05
-4.1921780050030036e-05
-4.21343516395375e-05
-4.256393910651875e-05
-4.32196356378408e-05
-4.41156094004017e-05
-4.527178696050187e-05
-4.671485387772721e-05
-4.8479664720754224e-05
-5.061120123185168e-05
-5.3167286578329183e-05
-5.6222370331856264e-05
-5.9872868203093605e-05
-6.424481840216601e-05
-6.950508835113134e-05
-7.587820155934157e-05
-8.367241562787574e-05
-9.332179501669467e-05
-0.00010545763542683276
-0.00012103651725732856
-0.0001415734237589019
-0.0001695021406438085
-0.00020828253249401997
-0.0002599671447892912
-0.00031244113587963393
-0.00029983468196237873
-2.1193265184986795e-05
0.0009527413690078254
0.0032540903341300395
0.0073880036659984575
0.013111012514257604
0.01898614445736639
0.022784771295821127
0.02278477129582065
0.0189861444573656
0.013111012514258316
0.00738800366599778
0.0032540903341300447
0.0009527413690075948
-2.1193265184860377e-05
-0.00029983468196250656
-0.00031244113587925023
-0.0002599671447892231
-0.00020828253249343754
-0.00016950214064366916
-0.0001415734237582952
-0.00012103651725743583
-0.00010545763542651291
-9.332179501626187e-05
-8.367241562817547e-05
-7.5878201559139e-05
-6.950508835125058e-05
-6.424481840171112e-05
-5.987286820322557e-05
-5.622237033156197e-05
-5.316728657830907e-05
-5.061120123154436e-05
-4.847966472104243e-05
-4.6714853877598064e-05
-4.527178696036538e-05
-4.411560940015217e-05
-4.321963563787774e-05
-4.256393910672108e-05
-4.21343516405053e-05
-4.192178004928424e-05
-4.622798118190436e-05
-4.646238814562532e-05
-4.693610287937557e-05
-4.765915262664277e-05
-4.8647160914055217e-05
-4.9922101174319134e-05
-5.151340012008913e-05
-5.345949260010867e-05
-5.580998090675516e-05
-5.862862784047158e-05
-6.19975304857713e-05
-6.602300845313995e-05
-7.084404671404962e-05
-7.664465349038848e-05
-8.367241562760196e-05
-9.226725540899398e-05
-0.0001029078251901502
-0.00011629026879107136
-0.00013346942898273767
-0.0001561159103562374
-0.0001869134856712087
-0.00022967731918261907
-0.0002866703347343425
-0.00034453165856787246
-0.0003306210185643776
-2.3332877971880713e-05
0.0010506983832361202
0.0035885396444906444
0.00814723377896526
0.014458284636951516
0.02093707210721934
0.0251259923924632
0.02512599239246436
0.02093707210721872
0.01445828463695089
0.00814723377896543
0.003588539644490939
0.001050698383235907
-2.3332877972040447e-05
-0.0003306210185645598
-0.00034453165856755506
-0.00028667033473433855
-0.0002296773191821664
-0.0001869134856712544
-0.00015611591035563307
-0.00013346942898290003
-0.00011629026879078451
-0.00010290782518998436
-9.226725540928415e-05
-8.36724156276401e-05
-7.664465349070184e-05
-7.084404671379241e-05
-6.602300845356715e-05
-6.199753048571828e-05
-5.862862784060498e-05
-5.580998090656484e-05
-5.345949260044765e-05
-5.1513400119982034e-05
-4.992210117421365e-05
-4.864716091395048e-05
-4.765915262687492e-05
-4.6936102879729786e-05
-4.646238814659054e-05
-4.622798118140996e-05
-5.155913458027611e-05
-5.182057413793906e-05
-5.2348919238133916e-05
-5.315535350449994e-05
-5.4257302227344245e-05
-5.5679272899717845e-05
-5.7454085835564184e-05
-5.962460834086122e-05
-6.224616304076489e-05
-6.53898661207072e-05
-6.91472824413752e-05
-7.363699284521278e-05
-7.901401066556729e-05
-8.548356480158383e-05
-9.332179501605868e-05
-0.00010290782518981911
-0.00011477550855508595
-0.0001297012725355046
-0.00014886161128673078
-0.000174119792212733
-0.0002084690731814035
-0.00025616445596938326
-0.00031972917545497644
-0.00038425925783569547
-0.0003687311800994523
-2.5970351363108812e-05
0.0011719987472209642
0.004002651221255633
0.009087275183619622
0.01612638464914461
0.023352556541945513
0.028024696232227003
0.028024696232227236
0.02335255654194522
0.016126384649144284
0.009087275183619013
0.0040026512212550025
0.0011719987472207012
-2.5970351363397728e-05
-0.00036873118009969353
-0.0003842592578353689
-0.00031972917545505927
-0.00025616445596912153
-0.00020846907318169272
-0.00017411979221219713
-0.00014886161128695776
-0.00012970127253531124
-0.00011477550855523752
-0.00010290782519003908
-9.332179501623235e-05
-8.548356480192975e-05
-7.901401066535693e-05
-7.36369928457497e-05
-6.914728244143657e-05
-6.538986612095239e-05
-6.224616304072118e-05
-5.962460834131816e-05
-5.7454085835549574e-05
-5.5679272899726464e-05
-5.425730222734155e-05
-5.315535350497886e-05
-5.23489192385388e-05
-5.182057413881211e-05
-5.1559134580018345e-05
-5.8264020662551656e-05
-5.855945860119021e-05
-5.915651127845672e-05
-6.006781667696826e-05
-6.131306613363977e-05
-6.291995418504704e-05
-6.492556921898634e-05
-6.737835316711769e-05
-7.034082302071203e-05
-7.389334319544237e-05
-7.813938602011827e-05
-8.321295309424588e-05
-8.928921637554494e-05
-9.660009369653739e-05
-0.00010545763542625568
-0.00011629026879075003
-0.00012970127253522981
-0.00014656804601467907
-0.0001682200834158228
-0.0001967629623800684
-0.0002355791721707945
-0.0002894768577151461
-0.0003613064824510634
-0.00043422279816788525
-0.0004166574264800572
-2.927539031588292e-05
0.0013245842368178155
0.004523527050936104
0.010269639985226075
0.018224455374546516
0.026390632792132197
0.03167052790944472
0.03167052790944444
0.02639063279213107
0.01822445537454576
0.01026963998522654
0.004523527050936491
0.0013245842368174994
-2.9275390316302638e-05
-0.0004166574264803897
-0.00043422279816750253
-0.00036130648245121666
-0.0002894768577150498
-0.00023557917217128176
-0.00019676296237961812
-0.00016822008341610005
-0.0001465680460146144
-0.0001297012725357409
-0.00011629026879093454
-0.00010545763542656956
-9.660009369681797e-05
-8.928921637535216e-05
-8.32129530947484e-05
-7.813938602023351e-05
-7.389334319570173e-05
-7.034082302080509e-05
-6.737835316759354e-05
-6.492556921899974e-05
-6.291995418500232e-05
-6.131306613360219e-05
-6.0067816677546816e-05
-5.915651127883406e-05
-5.8559458601830535e-05
-5.826402066252811e-05
-6.687113370028656e-05
-6.721021565563299e-05
-6.78954688475017e-05
-6.894139823396489e-05
-7.037060410039076e-05
-7.221487222487316e-05
-7.451676996870035e-05
-7.733189547219638e-05
-8.073200121712932e-05
-8.480932368098147e-05
-8.968262095532159e-05
-9.550569046212663e-05
-0.0001024795820557433
-0.00011087047453277733
-0.00012103651725683835
-0.0001334694289823902
-0.00014886161128611322
-0.00016822008341560934
-0.00019307075004515515
-0.00022583025289189552
-0.0002703807692756851
-0.00033224062893172064
-0.00041468079586492524
-0.0004983655642286501
-0.00047819491995636736
-3.356172518265919e-05
0.001520342478923037
0.0051919107013750805
0.011786925753552915
0.020916895563877054
0.03028941714484331
0.036349269048442115
0.03634926904844306
0.030289417144842467
0.020916895563877942
0.011786925753552408
0.005191910701375094
0.0015203424789225696
-3.3561725183072676e-05
-0.0004781949199568072
-0.0004983655642282735
-0.00041468079586528433
-0.00033224062893190013
-0.00027038076927645685
-0.00022583025289162875
-0.00019307075004546448
-0.000168220083415629
-0.0001488616112868104
-0.0001334694289824098
-0.0001210365172570908
-0.00011087047453283508
-0.00010247958205552072
-9.550569046257355e-05
-8.968262095551068e-05
-8.480932368134074e-05
-8.073200121739187e-05
-7.733189547278693e-05
-7.451676996878765e-05
-7.221487222489928e-05
-7.037060410040974e-05
-6.894139823475923e-05
-6.789546884791424e-05
-6.721021565610163e-05
-6.687113370044422e-05
-7.821747911820877e-05
-7.861409493162627e-05
-7.941561872211422e-05
-8.063901659631094e-05
-8.231072357427076e-05
-8.446791873216992e-05
-8.716039211460293e-05
-9.045317556949247e-05
-9.443019631239741e-05
-9.91993412313248e-05
-0.00010489951896396741
-0.0001117106228990706
-0.00011986781660309226
-0.00012968244364224105
-0.0001415734237582852
-0.000156115910355851
-0.00017411979221187865
-0.00019676296237978053
-0.0002258302528917311
-0.00026414841587692737
-0.0003162586223985565
-0.0003886167972038627
-0.00048505414959022026
-0.0005829729562401606
-0.0005594965716048539
-3.975539787815457e-05
0.001776995903787831
0.00606990180608626
0.013781225046325979
0.024456759363053717
0.035416006350859494
0.04250179708803747
0.042501797088038286
0.03541600635085974
0.024456759363053755
0.013781225046325785
0.006069901806086115
0.0017769959037872013
-3.97553978786736e-05
-0.0005594965716054054
-0.0005829729562398854
-0.0004850541495907448
-0.00038861679720424814
-0.0003162586223995093
-0.0002641484158768504
-0.0002258302528920626
-0.00019676296237994137
-0.00017411979221282613
-0.00015611591035591372
-0.00014157342375869608
-0.0001296824436422319
-0.00011986781660301704
-0.00011171062289949236
-0.00010489951896424578
-9.919934123173465e-05
-9.443019631279778e-05
-9.04531755701474e-05
-8.716039211473424e-05
-8.446791873217376e-05
-8.231072357431928e-05
-8.063901659709554e-05
-7.941561872248156e-05
-7.861409493178074e-05
-7.821747911850523e-05
-9.364771671811908e-05
-9.412257442555446e-05
-9.50822178333074e-05
-9.654696002233667e-05
-9.854845095976232e-05
-0.00010113120419375628
-0.00010435483206250182
-0.00010829719552481002
-0.00011305877848336452
-0.00011876875114901048
-0.0001255934252930206
-0.0001337481827035322
-0.00014351457878035342
-0.00015526537736528754
-0.00016950214064324242
-0.00018691348567101746
-0.00020846907318065189
-0.0002355791721707924
-0.00027038076927582774
-0.00031625862239899083
-0.00037865191496891495
-0.00046530113991303016
-0.0005808402471724633
-0.0006983803096113621
-0.0006712901748121359
-5.188648245974766e-05
0.0021164772562636738
0.0072429068958742085
0.0164538818659119
0.029207424857934552
0.042301047390108065
0.05076722986080484
0.05076722986080541
0.04230104739010646
0.029207424857933935
0.016453881865911832
0.007242906895873866
0.002116477256262888
-5.1886482460288636e-05
-0.0006712901748127633
-0.0006983803096112564
-0.000580840247173186
-0.0004653011399136332
-0.00037865191497001303
-0.00031625862239913725
-0.00027038076927619534
-0.00023557917217109788
-0.00020846907318171739
-0.00018691348567111777
-0.00016950214064375581
-0.00015526537736525864
-0.00014351457878044119
-0.0001337481827039853
-0.00012559342529337226
-0.00011876875114954004
-0.00011305877848385087
-0.00010829719552559461
-0.00010435483206261848
-0.00010113120419377627
-9.854845095981653e-05
-9.654696002305599e-05
-9.508221783357062e-05
-9.412257442544373e-05
-9.364771671845397e-05
-0.00011507357353223914
-0.00011565707377226195
-0.00011683627362870747
-0.00011863613352393169
-0.0001210955444770519
-0.00012426920407380428
-0.00012823036304508294
-0.00013307469570675878
-0.00013892567502643267
-0.00014594202313147848
-0.00015432810089577426
-0.00016434856527575335
-0.00017634938565432837
-0.00019078860573817815
-0.00020828253249330803
-0.0002296773191823334
-0.0002561644559684026
-0.00028947685771486397
-0.0003322406289314679
-0.0003886167972038675
-0.0004653011399125687
-0.0005718686129228114
-0.0007142866677964387
-0.0008604842182956987
-0.0008330951057792428
-8.85576549441944e-05
0.002536857967797706
0.008759645447327769
0.019954787211270995
0.035466992407695574
0.051399742702417595
0.06170406463320856
0.061704064633208086
0.05139974270241715
0.035466992407695165
0.01995478721127046
0.008759645447327151
0.0025368579677967893
-8.855765494487921e-05
-0.0008330951057799298
-0.0008604842182958583
-0.0007142866677972798
-0.0005718686129235574
-0.0004653011399137296
-0.00038861679720426933
-0.0003322406289319307
-0.00028947685771540303
-0.0002561644559696248
-0.00022967731918265092
-0.0002082825324940894
-0.0001907886057383237
-0.00017634938565469634
-0.00016434856527628987
-0.00015432810089618896
-0.00014594202313202953
-0.00013892567502686622
-0.00013307469570749233
-0.0001282303630450645
-0.00012426920407371017
-0.0001210955444770841
-0.00011863613352446867
-0.00011683627362889664
-0.0001156570737719372
-0.00011507357353259938
-0.00014362996741027216
-0.0001443582602697177
-0.00014583007233034994
-0.0001480765572915015
-0.00015114625592100724
-0.00015510743743350243
-0.00016005152746179362
-0.0001660979386807963
-0.0001734007792989721
-0.00018215815179420316
-0.00019262511971951905
-0.0002051320007253907
-0.00022011059559428323
-0.0002381325794238004
-0.0002599671447887581
-0.0002866703347343128
-0.0003197291754542539
-0.0003613064824509746
-0.0004146807958648273
-0.0004850541495903083
-0.0005808402471721004
-0.000714286667796546
-0.0008941207988303673
-0.001084852533852117
-0.0010782574856469662
-0.00022646775623141676
0.002868066948707039
0.010278002985806351
0.023676841475901447
0.0422967522381616
0.061454391382264696
0.07385579406741438
0.07385579406741416
0.061454391382264405
0.04229675223816065
0.02367684147590078
0.01027800298580561
0.0028680669487059903
-0.00022646775623215226
-0.0010782574856477412
-0.0010848525338525434
-0.0008941207988313687
-0.0007142866677974523
-0.0005808402471733625
-0.0004850541495909866
-0.00041468079586540977
-0.0003613064824517269
-0.0003197291754554585
-0.00028667033473480486
-0.00025996714478962837
-0.0002381325794241396
-0.0002201105955948045
-0.000205132000726063
-0.00019262511971994802
-0.00018215815179483167
-0.00017340077929931552
-0.00016609793868154092
-0.00016005152746160903
-0.00015510743743332714
-0.00015114625592085076
-0.00014807655729175416
-0.00014583007233024206
-0.00014435826026922016
-0.0001436299674104947
-0.00017262676217257787
-0.0001735020556777805
-0.00017527094132426815
-0.00017797085877768596
-0.0001816601428276857
-0.00018642083693323194
-0.00019236281244466613
-0.00019962957324004896
-0.00020840631672726983
-0.00021893110706695622
-0.0002315104554690701
-0.0002465412994772179
-0.0002645425161355066
-0.0002862010450280319
-0.0003124411358788676
-0.00034453165856756227
-0.000384259257834721
-0.0004342227981673728
-0.0004983655642280956
-0.0005829729562397133
-0.0006983803096105702
-0.0008604842182953726
-0.0010848525338516628
-0.00134686175816991
-0.0014485157074220062
-0.0007326461833913552
0.0022620900656652003
0.009749568755853031
0.023571650244543767
0.043004485759938725
0.06313467060503306
0.0762127797686391
0.07621277976863966
0.0631346706050323
0.04300448575993772
0.0235716502445429
0.009749568755852209
0.002262090065664197
-0.0007326461833920797
-0.0014485157074227493
-0.0013468617581705235
-0.001084852533852656
-0.0008604842182962551
-0.0006983803096117847
-0.0005829729562405557
-0.0004983655642287815
-0.00043422279816832967
-0.00038425925783590277
-0.0003445316585683427
-0.0003124411358798789
-0.00028620104502867695
-0.0002645425161361892
-0.0002465412994780026
-0.00023151045546940588
-0.000218931107067408
-0.00020840631672733241
-0.00019962957324053742
-0.00019236281244426747
-0.00018642083693291085
-0.00018166014282740715
-0.00017797085877771827
-0.00017527094132401813
-0.0001735020556772307
-0.00017262676217272218
-0.00016568021163919488
-0.00016652017375196323
-0.00016821765434974102
-0.00017080857415639313
-0.00017434890065891947
-0.00017891734659615413
-0.00018461932058088976
-0.00019159249386170948
-0.00020001453048564113
-0.00021011380107733657
-0.00022218432098186657
-0.00023660682104381954
-0.00025387895350968784
-0.0002746594930170079
-0.00029983468196180605
-0.0003306210185642389
-0.0003687311800988404
-0.00041665742647992236
-0.0004781949199563335
-0.0005594965716047934
-0.0006712901748118219
-0.0008330951057791758
-0.0010782574856466856
-0.001448515707422065
-0.0019434040928422447
-0.0023730432002713586
-0.0021275394864714615
-8.896237483867149e-05
0.004894109256556386
0.012848526420559728
0.021656219950268868
0.027573644650413363
0.027573644650415518
0.021656219950268438
0.012848526420559286
0.004894109256556627
-8.896237483890465e-05
-0.00212753948647184
-0.00237304320027151
-0.0019434040928426066
-0.0014485157074224317
-0.0010782574856474142
-0.0008330951057798016
-0.0006712901748127965
-0.0005594965716055833
-0.0004781949199569288
-0.0004166574264808722
-0.0003687311800997949
-0.0003306210185651981
-0.00029983468196269553
-0.00027465949301777636
-0.0002538789535102881
-0.00023660682104456978
-0.00022218432098199071
-0.0002101138010775416
-0.0002000145304853985
-0.00019159249386188653
-0.00018461932058022674
-0.0001789173465956497
-0.0001743489006583128
-0.000170808574156171
-0.0001682176543491968
-0.00016652017375137624
-0.00016568021163915265
-1.1783175666891703e-05
-1.184248930378504e-05
-1.1962342194476956e-05
-1.2145241037804858e-05
-1.2395088998557638e-05
-1.2717370489926629e-05
-1.3119421105306708e-05
-1.3610806853732495e-05
-1.4203848834651791e-05
-1.4914347025354152e-05
-1.576258366628041e-05
-1.6774728399594505e-05
-1.798483440591963e-05
-1.9437725460516733e-05
-2.119326518417431e-05
-2.3332877971463204e-05
-2.5970351362226414e-05
-2.9275390315399386e-05
-3.356172518222972e-05
-3.975539787771516e-05
-5.188648245929461e-05
-8.855765494408747e-05
-0.0002264677562310982
-0.0007326461833914721
-0.0023730432002715095
-0.0069161964073221035
-0.017524205124358344
-0.03819134371410123
-0.07133222277187704
-0.11403005984384125
-0.15592857739264265
-0.1823473896660538
-0.1823473896660519
-0.15592857739264188
-0.11403005984383888
-0.07133222277187451
-0.038191343714099046
-0.01752420512435659
-0.0069161964073204876
-0.0023730432002703958
-0.0007326461833907548
-0.00022646775623085143
-8.855765494364601e-05
-5.188648245936679e-05
-3.9755397877740494e-05
-3.356172518219466e-05
-2.9275390315723095e-05
-2.597035136259883e-05
-2.3332877972193702e-05
-2.119326518465922e-05
-1.9437725461057882e-05
-1.7984834406189402e-05
-1.677472840008659e-05
-1.576258366598009e-05
-1.4914347025057204e-05
-1.4203848833902021e-05
-1.3610806853370355e-05
-1.3119421104338834e-05
-1.2717370489134765e-05
-1.2395088997763126e-05
-1.21452410373056e-05
-1.1962342193950213e-05
-1.184248930311438e-05
-1.1783175666894443e-05
0.000526196658049918
0.0005288658920946072
0.0005342602018791402
0.0005424938441387475
0.0005537448493682559
0.0005682636179385843
0.0005863855070450436
0.0006085485708552699
0.0006353182019792865
0.0006674212961217809
0.0007057939084870379
0.0007516485116120326
0.0008065704782092879
0.0008726593893849742
0.0009527413690078604
0.0010506983832357833
0.001171998747220947
0.0013245842368175514
0.001520342478922531
0.0017769959037876384
0.002116477256263292
0.0025368579677975305
0.0028680669487069384
0.0022620900656649054
-0.0021275394864718887
-0.017524205124358684
-0.057776388853737315
-0.14157738088913108
-0.2818704860522234
-0.4679167735141508
-0.6539408946664452
-0.7724936279144942
-0.7724936279144912
-0.653940894666438
-0.46791677351414296
-0.2818704860522138
-0.1415773808891221
-0.05777638885372991
-0.017524205124352238
-0.002127539486466796
0.002262090065668995
0.0028680669487102213
0.00253685796780048
0.0021164772562656357
0.001776995903789539
0.001520342478924509
0.0013245842368188685
0.0011719987472221948
0.001050698383236225
0.0009527413690087328
0.000872659389385509
0.0008065704782099694
0.0007516485116124903
0.0007057939084880976
0.0006674212961228791
0.0006353182019806921
0.0006085485708562577
0.0005863855070465002
0.0005682636179398105
0.0005537448493696739
0.0005424938441394821
0.0005342602018799729
0.0005288658920953747
0.0005261966580501409
0.0017974702556508783
0.0018065868361282046
0.0018250106727795677
0.0018531319007075277
0.0018915584052086839
0.0019411451617238873
0.002003037195158502
0.002078730123323139
0.00217015424662216
0.002279791124439649
0.002410836168534732
0.0025674280781301717
0.00275497790851685
0.0029806509092112814
0.0032540903341299813
0.0035885396444902485
0.00400265122125488
0.004523527050935844
0.005191910701374468
0.006069901806085822
0.007242906895873261
0.008759645447327146
0.010278002985805597
0.009749568755852178
-8.89623748401498e-05
-0.03819134371410233
-0.14157738088913202
-0.3610375787506641
-0.7327896055743061
-1.2295148486491105
-1.7285543494596807
-2.0474373045360883
-2.0474373045360847
-1.728554349459663
-1.2295148486490899
-0.7327896055742809
-0.36103757875064063
-0.14157738088911256
-0.03819134371408553
-8.896237482633468e-05
0.009749568755863188
0.010278002985814848
0.00875964544733553
0.007242906895880467
0.006069901806092045
0.005191910701380339
0.0045235270509408395
0.004002651221259378
0.003588539644493493
0.0032540903341334885
0.002980650909214191
0.0027549779085197105
0.0025674280781324455
0.002410836168537161
0.002279791124442347
0.002170154246624403
0.002078730123325799
0.0020030371951605987
0.0019411451617259527
0.0018915584052105591
0.0018531319007088743
0.0018250106727806976
0.0018065868361289699
0.0017974702556513718
0.004081119372341254
0.004101817273466052
0.004143645940977835
0.004207491043413862
0.0042947325703162325
0.004407311429375898
0.0045478269559015815
0.004719674331984747
0.004927235444959761
0.005176143472184327
0.0054736518921377625
0.005829155168638767
0.006254935498024796
0.006767256144608529
0.007388003665996913
0.008147233778963819
0.009087275183617882
0.010269639985224613
0.011786925753550597
0.013781225046324619
0.016453881865909802
0.019954787211269285
0.02367684147589942
0.023571650244541425
0.004894109256553047
-0.07133222277188009
-0.2818704860522264
-0.7327896055743077
-1.500672804893398
-2.530145089214165
-3.566590157960783
-4.229644684938712
-4.229644684938696
-3.5665901579607437
-2.530145089214121
-1.5006728048933469
-0.7327896055742605
-0.2818704860521865
-0.07133222277184569
0.004894109256581716
0.023571650244564146
0.02367684147591925
0.019954787211286407
0.016453881865925415
0.013781225046337907
0.011786925753563493
0.010269639985235121
0.009087275183627695
0.008147233778972153
0.007388003666005009
0.006767256144615312
0.006254935498030701
0.005829155168644563
0.005473651892142913
0.005176143472189562
0.004927235444964285
0.004719674331988738
0.004547826955904957
0.004407311429379434
0.004294732570319197
0.004207491043415986
0.004143645940979369
0.004101817273467451
0.00408111937234181
0.007242666512077432
0.007279397605098948
0.007353627933603091
0.007466929161400376
0.0076217501442920705
0.00782153510192283
0.008070896639950906
0.008375859585984496
0.008744199643440103
0.00918591285551296
0.009713870343804304
0.010344742138124013
0.011100322059154144
0.012009467441868215
0.013111012514256878
0.014458284636948822
0.016126384649142254
0.018224455374543848
0.020916895563875496
0.02445675936305087
0.02920742485793089
0.035466992407691786
0.042296752238158014
0.04300448575993344
0.012848526420554111
-0.11403005984384759
-0.46791677351415717
-1.2295148486491168
-2.5301450892141677
-4.276971230609414
-6.037594506782648
-7.1646313663489
-7.164631366348891
-6.037594506782588
-4.27697123060934
-2.5301450892140815
-1.2295148486490355
-0.46791677351408967
-0.1140300598437897
0.012848526420601754
0.04300448575997347
0.042296752238190655
0.03546699240772218
0.02920742485795634
0.024456759363074496
0.02091689556389617
0.018224455374563457
0.016126384649158776
0.014458284636963688
0.013111012514270774
0.012009467441880098
0.011100322059165155
0.010344742138133394
0.009713870343813831
0.009185912855520497
0.008744199643447553
0.008375859585991121
0.008070896639956991
0.007821535101927396
0.007621750144296456
0.007466929161403514
0.007353627933605014
0.007279397605100596
0.007242666512078783
0.010488284822311678
0.010541475257445459
0.010648968452114476
0.010813040284551266
0.011037236863348485
0.01132654564212053
0.011687645957183926
0.012129262102199067
0.012662653695741363
0.013302295454558043
0.014066825229922456
0.014980381659377557
0.01607452248699837
0.01739103306114447
0.018986144457362488
0.02093707210721517
0.02335255654194209
0.026390632792126764
0.030289417144838793
0.03541600635085461
0.04230104739010304
0.051399742702412654
0.0614543913822599
0.06313467060502695
0.021656219950262172
-0.15592857739265073
-0.653940894666454
-1.7285543494596898
-3.566590157960789
-6.0375945067826535
-8.529632675637949
-10.12541164480491
-10.125411644804878
-8.529632675637853
-6.037594506782555
-3.566590157960667
-1.7285543494595785
-0.6539408946663575
-0.15592857739256943
0.021656219950330003
0.06313467060508274
0.061454391382307606
0.05139974270245459
0.04230104739013971
0.03541600635088765
0.030289417144868717
0.026390632792153236
0.023352556541965816
0.0209370721072363
0.018986144457382212
0.017391033061161822
0.01607452248701309
0.014980381659392519
0.014066825229933917
0.013302295454570012
0.012662653695751112
0.012129262102208237
0.011687645957190605
0.01132654564212798
0.011037236863354682
0.010813040284554824
0.010648968452117439
0.010541475257446711
0.010488284822314148
0.012586785021743558
0.01265061740343646
0.012779617022967494
0.012976515070100905
0.013245567084440399
0.013592758299797357
0.014026104298716785
0.014556074714110204
0.01519618168516287
0.015963795602511707
0.016881282770302018
0.01797761060442981
0.019290649622311352
0.02087054361531415
0.022784771295817248
0.025125992392461223
0.028024696232222972
0.031670527909440596
0.0363492690484383
0.04250179708803259
0.05076722986079957
0.061704064633202625
0.07385579406740858
0.07621277976863258
0.027573644650406515
-0.1823473896660633
-0.7724936279145053
-2.0474373045361016
-4.2296446849387195
-7.164631366348915
-10.12541164480491
-12.02163723036318
-12.021637230363147
-10.12541164480481
-7.1646313663487895
-4.229644684938575
-2.0474373045359644
-0.7724936279143932
-0.1823473896659651
0.027573644650487172
0.07621277976869895
0.07385579406746388
0.06170406463325356
0.05076722986084284
0.042501797088072266
0.03634926904847334
0.031670527909472175
0.02802469623225124
0.025125992392486286
0.022784771295841076
0.020870543615334504
0.01929064962233059
0.017977610604446147
0.016881282770317065
0.015963795602524693
0.015196181685173771
0.014556074714121639
0.014026104298725094
0.013592758299804426
0.013245567084446776
0.01297651507010528
0.012779617022971349
0.012650617403437705
0.01258678502174585
0.012586785021743752
0.012650617403436516
0.012779617022968839
0.01297651507010045
0.013245567084441266
0.01359275829979776
0.014026104298717527
0.014556074714110315
0.015196181685163197
0.015963795602511814
0.01688128277030287
0.01797761060442938
0.019290649622311747
0.020870543615314083
0.02278477129581806
0.025125992392460907
0.02802469623222326
0.031670527909440346
0.036349269048438035
0.04250179708803274
0.05076722986079934
0.06170406463320299
0.07385579406740819
0.07621277976863257
0.027573644650405828
-0.18234738966606223
-0.7724936279145047
-2.0474373045360963
-4.229644684938714
-7.1646313663489005
-10.125411644804903
-12.021637230363153
-12.021637230363122
-10.125411644804782
-7.164631366348776
-4.229644684938568
-2.047437304535963
-0.7724936279143915
-0.1823473896659652
0.02757364465048717
0.07621277976869828
0.07385579406746459
0.06170406463325299
0.05076722986084304
0.042501797088072286
0.03634926904847343
0.03167052790947223
0.02802469623225124
0.025125992392486585
0.02278477129584098
0.020870543615334976
0.01929064962232982
0.01797761060444647
0.016881282770317627
0.015963795602525352
0.015196181685173775
0.014556074714121583
0.014026104298725407
0.0135927582998049
0.013245567084446701
0.012976515070105527
0.012779617022971439
0.01265061740343867
0.012586785021744816
0.01048828482231131
0.010541475257445468
0.010648968452114289
0.010813040284551977
0.01103723686334853
0.011326545642121114
0.011687645957184049
0.012129262102199386
0.012662653695741686
0.013302295454558296
0.014066825229922341
0.014980381659377685
0.01607452248699816
0.01739103306114465
0.018986144457362325
0.02093707210721534
0.023352556541941807
0.026390632792126646
0.030289417144838817
0.03541600635085376
0.042301047390102556
0.05139974270241126
0.0614543913822588
0.06313467060502542
0.021656219950261464
-0.15592857739265073
-0.6539408946664492
-1.7285543494596767
-3.5665901579607606
-6.037594506782601
-8.529632675637874
-10.12541164480482
-10.125411644804792
-8.529632675637773
-6.037594506782501
-3.566590157960637
-1.7285543494595639
-0.6539408946663536
-0.1559285773925692
0.021656219950329264
0.06313467060508182
0.06145439138230663
0.051399742702454086
0.042301047390139124
0.03541600635088718
0.030289417144868314
0.026390632792153167
0.023352556541965688
0.020937072107236672
0.01898614445738242
0.01739103306116213
0.01607452248701339
0.01498038165939289
0.01406682522993409
0.01330229545456968
0.01266265369575123
0.01212926210220774
0.011687645957190716
0.01132654564212729
0.011037236863354548
0.0108130402845541
0.010648968452117068
0.010541475257445903
0.010488284822313993
0.007242666512077273
0.007279397605098969
0.0073536279336032925
0.007466929161400887
0.007621750144293405
0.007821535101923497
0.008070896639952425
0.008375859585984753
0.008744199643441143
0.009185912855512582
0.009713870343804682
0.01034474213812332
0.011100322059153792
0.012009467441867523
0.013111012514257269
0.014458284636948902
0.016126384649141588
0.018224455374543487
0.020916895563875326
0.024456759363050293
0.029207424857930035
0.03546699240769057
0.04229675223815678
0.04300448575993258
0.01284852642055285
-0.11403005984384679
-0.4679167735141525
-1.2295148486491025
-2.530145089214136
-4.276971230609355
-6.037594506782572
-7.164631366348811
-7.1646313663487895
-6.037594506782509
-4.276971230609286
-2.53014508921405
-1.229514848649022
-0.4679167735140854
-0.1140300598437893
0.01284852642060116
0.043004485759972025
0.042296752238190655
0.03546699240772139
0.029207424857956715
0.024456759363073788
0.020916895563896122
0.018224455374563325
0.016126384649159043
0.014458284636964016
0.013111012514270878
0.012009467441880733
0.011100322059164927
0.010344742138133746
0.009713870343812957
0.009185912855520905
0.008744199643446731
0.008375859585990995
0.008070896639956058
0.007821535101927572
0.007621750144296084
0.0074669291614034025
0.0073536279336045545
0.007279397605099868
0.007242666512077569
0.004081119372340787
0.004101817273465957
0.004143645940978175
0.004207491043414415
0.0042947325703168605
0.004407311429376556
0.004547826955902555
0.0047196743319852085
0.004927235444960404
0.005176143472184825
0.005473651892137601
0.005829155168638673
0.0062549354980238865
0.006767256144608153
0.00738800366599623
0.008147233778963484
0.009087275183617027
0.010269639985223806
0.011786925753550725
0.013781225046323195
0.016453881865909178
0.01995478721126732
0.02367684147589814
0.02357165024453961
0.004894109256552228
-0.07133222277187964
-0.28187048605222037
-0.7327896055742898
-1.5006728048933584
-2.5301450892140958
-3.5665901579606807
-4.229644684938594
-4.22964468493858
-3.5665901579606447
-2.5301450892140522
-1.500672804893306
-0.7327896055742427
-0.2818704860521808
-0.07133222277184523
0.004894109256581029
0.02357165024456303
0.02367684147591851
0.01995478721128601
0.016453881865924933
0.013781225046337643
0.011786925753563375
0.010269639985235314
0.0090872751836274
0.008147233778972989
0.00738800366600493
0.0067672561446156885
0.006254935498030799
0.005829155168644629
0.0054736518921424575
0.005176143472188812
0.004927235444964076
0.004719674331987563
0.004547826955904809
0.004407311429378299
0.0042947325703185085
0.004207491043414919
0.004143645940978296
0.0041018172734664255
0.004081119372341138
0.0017974702556506658
0.0018065868361281517
0.0018250106727802954
0.0018531319007085026
0.0018915584052097683
0.0019411451617249316
0.002003037195160015
0.0020787301233239344
0.002170154246623435
0.0022797911244398688
0.002410836168535084
0.002567428078129601
0.002754977908516433
0.0029806509092105164
0.0032540903341296344
0.0035885396444899254
0.004002651221254005
0.00452352705093512
0.005191910701374211
0.006069901806084568
0.007242906895872325
0.008759645447325524
0.010278002985804217
0.009749568755850459
-8.896237484114629e-05
-0.03819134371410168
-0.1415773808891264
-0.36103757875064696
-0.7327896055742693
-1.2295148486490466
-1.7285543494595912
-2.0474373045359817
-2.047437304535975
-1.7285543494595725
-1.2295148486490262
-0.7327896055742443
-0.3610375787506242
-0.1415773808891071
-0.038191343714085293
-8.896237482731875e-05
0.009749568755862057
0.010278002985814147
0.008759645447334999
0.007242906895880424
0.006069901806091852
0.005191910701380383
0.004523527050941273
0.004002651221259737
0.0035885396444948264
0.003254090334133966
0.002980650909214967
0.002754977908519623
0.0025674280781329707
0.0024108361685369556
0.0022797911244417214
0.002170154246624086
0.0020787301233248295
0.0020030371951601845
0.0019411451617251882
0.001891558405209997
0.0018531319007079367
0.001825010672779814
0.0018065868361283111
0.0017974702556506207
0.0005261966580499126
0.0005288658920946011
0.0005342602018801396
0.0005424938441394608
0.0005537448493692587
0.0005682636179393254
0.0005863855070465098
0.0006085485708555299
0.0006353182019804404
0.0006674212961218459
0.0007057939084873996
0.0007516485116114677
0.00080657047820859
0.0008726593893842637
0.000952741369007019
0.0010506983832353103
0.001171998747219721
0.0013245842368167801
0.0015203424789219937
0.0017769959037862906
0.0021164772562622834
0.0025368579677958127
0.0028680669487057544
0.0022620900656634057
-0.002127539486472866
-0.017524205124358302
-0.057776388853732444
-0.14157738088911706
-0.2818704860521932
-0.46791677351409866
-0.6539408946663685
-0.7724936279144041
-0.772493627914403
-0.6539408946663617
-0.4679167735140914
-0.2818704860521837
-0.14157738088910843
-0.0577763888537257
-0.01752420512435203
-0.0021275394864676343
0.0022620900656678293
0.002868066948709655
0.0025368579678001183
0.0021164772562657285
0.0017769959037896446
0.0015203424789248328
0.001324584236819439
0.001171998747222592
0.0010506983832376225
0.0009527413690092381
0.0008726593893861991
0.0008065704782098841
0.0007516485116128588
0.0007057939084876703
0.0006674212961221943
0.0006353182019800916
0.0006085485708551473
0.0005863855070459594
0.0005682636179386515
0.0005537448493688544
0.0005424938441382209
0.0005342602018789073
0.0005288658920947205
0.0005261966580495468
-1.1783175667114283e-05
-1.184248930392013e-05
-1.1962342193780187e-05
-1.2145241037273398e-05
-1.2395088997812118e-05
-1.271737048926789e-05
-1.3119421104009306e-05
-1.3610806853560617e-05
-1.4203848833737932e-05
-1.4914347025584985e-05
-1.5762583666054435e-05
-1.677472840040247e-05
-1.7984834406769444e-05
-1.9437725461408374e-05
-2.119326518524501e-05
-2.333287797190768e-05
-2.5970351363604272e-05
-2.9275390315996836e-05
-3.3561725182961017e-05
-3.975539787881939e-05
-5.18864824603449e-05
-8.855765494540439e-05
-0.00022646775623219137
-0.0007326461833926559
-0.002373043200272166
-0.006916196407321699
-0.017524205124354052
-0.03819134371408881
-0.07133222277185089
-0.1140300598437961
-0.15592857739257965
-0.1823473896659747
-0.18234738966597416
-0.15592857739257704
-0.11403005984379494
-0.07133222277184842
-0.038191343714086744
-0.01752420512435279
-0.006916196407320311
-0.002373043200271068
-0.0007326461833914407
-0.0002264677562310405
-8.855765494358733e-05
-5.188648245892945e-05
-3.975539787728967e-05
-3.3561725181552706e-05
-2.9275390314899033e-05
-2.5970351361992565e-05
-2.3332877970933815e-05
-2.1193265184078247e-05
-1.943772546054137e-05
-1.7984834406405755e-05
-1.677472839989019e-05
-1.5762583666473686e-05
-1.4914347025938743e-05
-1.4203848834239796e-05
-1.3610806854490027e-05
-1.3119421104675569e-05
-1.2717370490270386e-05
-1.239508899842971e-05
-1.2145241038617634e-05
-1.1962342194913649e-05
-1.1842489303839284e-05
-1.1783175667541108e-05
-0.00016568021163893785
-0.00016652017375178686
-0.00016821765434885545
-0.00017080857415592148
-0.0001743489006582657
-0.00017891734659573172
-0.00018461932057987047
-0.00019159249386193649
-0.0002000145304851272
-0.00021011380107786482
-0.00022218432098168817
-0.0002366068210445528
-0.00025387895351052707
-0.0002746594930177835
-0.00029983468196295997
-0.00033062101856460403
-0.00036873118010025173
-0.0004166574264804814
-0.00047819491995716094
-0.000559496571605768
-0.0006712901748128326
-0.00083309510578036
-0.0010782574856476835
-0.0014485157074231203
-0.0019434040928428984
-0.002373043200271224
-0.002127539486468085
-8.896237482889968e-05
0.004894109256577843
0.012848526420596416
0.02165621995032347
0.027573644650477805
0.027573644650478443
0.02165621995032242
0.012848526420596352
0.00489410925657763
-8.896237482900648e-05
-0.002127539486468663
-0.0023730432002714618
-0.001943404092843186
-0.0014485157074229514
-0.0010782574856473845
-0.000833095105779405
-0.0006712901748121508
-0.000559496571604788
-0.00047819491995623373
-0.0004166574264799863
-0.0003687311800993472
-0.0003306210185641206
-0.0002998346819623641
-0.0002746594930174068
-0.0002538789535105653
-0.0002366068210443151
-0.00022218432098232308
-0.00021011380107823055
-0.00020001453048534805
-0.00019159249386272765
-0.0001846193205802856
-0.00017891734659663568
-0.00017434890065881901
-0.00017080857415718512
-0.0001682176543498311
-0.00016652017375163097
-0.00016568021163939668
-0.00017262676217254382
-0.00017350205567774962
-0.0001752709413238452
-0.0001779708587774697
-0.0001816601428274571
-0.00018642083693306262
-0.00019236281244404708
-0.00019962957324059073
-0.00020840631672723419
-0.0002189311070677528
-0.0002315104554689898
-0.00024654129947784684
-0.0002645425161361836
-0.00028620104502841777
-0.00031244113587969964
-0.0003445316585674955
-0.00038425925783582807
-0.00043422279816759317
-0.0004983655642287917
-0.0005829729562403989
-0.0006983803096115656
-0.0008604842182964277
-0.0010848525338527375
-0.0013468617581709184
-0.0014485157074226064
-0.0007326461833913903
0.002262090065667852
0.009749568755861467
0.023571650244561503
0.04300448575997004
0.0631346706050766
0.07621277976869184
0.07621277976869359
0.06313467060507595
0.0430044857599689
0.023571650244561614
0.009749568755860933
0.0022620900656671215
-0.00073264618339189
-0.001448515707423057
-0.0013468617581707865
-0.0010848525338524161
-0.0008604842182956664
-0.0006983803096110232
-0.0005829729562395387
-0.0004983655642279538
-0.0004342227981672823
-0.00038425925783535243
-0.0003445316585671423
-0.0003124411358794282
-0.00028620104502822955
-0.0002645425161362862
-0.00024654129947760306
-0.00023151045546953103
-0.00021893110706795884
-0.00020840631672700135
-0.00019962957324110936
-0.0001923628124440414
-0.00018642083693369625
-0.00018166014282765115
-0.00017797085877841934
-0.00017527094132435198
-0.00017350205567744523
-0.0001726267621729199
-0.00014362996741000886
-0.00014435826026952192
-0.00014583007233005628
-0.00014807655729136504
-0.00015114625592108302
-0.0001551074374336024
-0.0001600515274615797
-0.00016609793868163332
-0.00017340077929937193
-0.00018215815179518105
-0.00019262511971951128
-0.0002051320007259612
-0.0002201105955948693
-0.00023813257942406093
-0.0002599671447894838
-0.00028667033473424894
-0.00031972917545538887
-0.00036130648245120663
-0.00041468079586547547
-0.0004850541495908065
-0.0005808402471730665
-0.000714286667797431
-0.0008941207988314345
-0.001084852533852966
-0.0010782574856475415
-0.00022646775623155145
0.0028680669487089402
0.010278002985812756
0.02367684147591661
0.04229675223818749
0.06145439138230339
0.07385579406745833
0.0738557940674587
0.06145439138230237
0.04229675223818718
0.023676841475916185
0.010278002985812532
0.002868066948708479
-0.00022646775623193991
-0.0010782574856478416
-0.0010848525338526356
-0.0008941207988308841
-0.0007142866677966344
-0.000580840247172435
-0.0004850541495899
-0.0004146807958646685
-0.000361306482450925
-0.0003197291754553119
-0.00028667033473392037
-0.0002599671447896175
-0.00023813257942401436
-0.00022011059559505088
-0.00020513200072562641
-0.0001926251197199026
-0.0001821581517950809
-0.0001734007792987363
-0.0001660979386817258
-0.00016005152746120438
-0.00015510743743390502
-0.00015114625592096279
-0.00014807655729199673
-0.00014583007233022222
-0.00014435826026909878
-0.0001436299674103629
-0.00011507357353222777
-0.00011565707377227622
-0.00011683627362878168
-0.00011863613352379012
-0.00012109554447726245
-0.0001242692040737253
-0.00012823036304488526
-0.00013307469570739247
-0.0001389256750269672
-0.00014594202313243638
-0.0001543281008959199
-0.00016434856527642653
-0.00017634938565497292
-0.0001907886057384846
-0.0002082825324938505
-0.00022967731918219222
-0.0002561644559693295
-0.0002894768577149162
-0.0003322406289317854
-0.0003886167972040367
-0.0004653011399133408
-0.0005718686129234483
-0.0007142866677973495
-0.0008604842182963122
-0.0008330951057796325
-8.855765494418519e-05
0.002536857967799274
0.008759645447333826
0.01995478721128425
0.03546699240771836
0.05139974270244986
0.06170406463324821
0.06170406463324739
0.05139974270244929
0.035466992407718285
0.019954787211284058
0.008759645447333741
0.0025368579677991655
-8.8557654944374e-05
-0.0008330951057797524
-0.0008604842182956748
-0.0007142866677966011
-0.000571868612922578
-0.0004653011399126444
-0.0003886167972031102
-0.0003322406289310606
-0.0002894768577146084
-0.00025616445596950436
-0.00022967731918177326
-0.000208282532494245
-0.00019078860573845343
-0.00017634938565509582
-0.0001643485652760534
-0.00015432810089621978
-0.0001459420231322674
-0.00013892567502624733
-0.0001330746957073163
-0.00012823036304432102
-0.00012426920407378132
-0.00012109554447675127
-0.00011863613352403141
-0.00011683627362853803
-0.00011565707377173207
-0.00011507357353250332
-9.364771671800301e-05
-9.412257442562175e-05
-9.508221783356385e-05
-9.654696002229898e-05
-9.85484509602549e-05
-0.00010113120419380284
-0.0001043548320624989
-0.00010829719552536864
-0.00011305877848387434
-0.00011876875114974628
-0.00012559342529301434
-0.00013374818270405712
-0.00014351457878079274
-0.00015526537736563898
-0.0001695021406436414
-0.0001869134856710988
-0.00020846907318170402
-0.00023557917217112293
-0.00027038076927620564
-0.0003162586223992358
-0.0003786519149697154
-0.00046530113991361433
-0.0005808402471733623
-0.0006983803096117984
-0.0006712901748124832
-5.188648245957946e-05
0.0021164772562647567
0.007242906895879147
0.01645388186592372
0.029207424857953773
0.04230104739013744
0.0507672298608387
0.05076722986083918
0.042301047390137105
0.029207424857953624
0.01645388186592328
0.007242906895879102
0.002116477256264822
-5.188648245968018e-05
-0.000671290174812579
-0.0006983803096110403
-0.0005808402471725775
-0.0004653011399127205
-0.00037865191496905693
-0.0003162586223983576
-0.0002703807692756414
-0.000235579172170833
-0.00020846907318205278
-0.00018691348567063693
-0.00016950214064426173
-0.00015526537736564614
-0.00014351457878087037
-0.0001337481827036999
-0.0001255934252932347
-0.00011876875114947655
-0.00011305877848316457
-0.00010829719552512614
-0.00010435483206192737
-0.00010113120419371312
-9.854845095959487e-05
-9.65469600222581e-05
-9.508221783316907e-05
-9.412257442503563e-05
-9.364771671826551e-05
-7.821747911832775e-05
-7.86140949319265e-05
-7.941561872264487e-05
-8.063901659627839e-05
-8.23107235748837e-05
-8.446791873210082e-05
-8.716039211466237e-05
-9.045317556995251e-05
-9.443019631300864e-05
-9.91993412321217e-05
-0.00010489951896422413
-0.00011171062289981276
-0.0001198678166036362
-0.00012968244364279185
-0.00014157342375850955
-0.00015611591035591713
-0.0001741197922125939
-0.00019676296237987302
-0.0002258302528916972
-0.00026414841587690216
-0.00031625862239905036
-0.00038861679720426576
-0.00048505414959104057
-0.0005829729562404639
-0.0005594965716051053
-3.975539787777615e-05
0.0017769959037889187
0.006069901806091383
0.013781225046336755
0.02445675936307274
0.03541600635088518
0.04250179708806853
0.04250179708806945
0.035416006350883704
0.0244567593630722
0.013781225046336835
0.006069901806091122
0.001776995903789096
-3.9755397877741186e-05
-0.0005594965716052571
-0.0005829729562396813
-0.00048505414959042247
-0.00038861679720349933
-0.00031625862239862947
-0.00026414841587618
-0.00022583025289134366
-0.00019676296237964794
-0.0001741197922129479
-0.00015611591035538173
-0.0001415734237591179
-0.00012968244364275794
-0.0001198678166035353
-0.00011171062289950186
-0.00010489951896437644
-9.919934123188862e-05
-9.443019631244098e-05
-9.04531755697195e-05
-8.71603921141832e-05
-8.446791873198176e-05
-8.23107235741295e-05
-8.063901659605055e-05
-7.941561872215494e-05
-7.86140949314265e-05
-7.82174791184777e-05
-6.687113370010886e-05
-6.721021565575375e-05
-6.789546884795498e-05
-6.894139823392471e-05
-7.037060410109158e-05
-7.221487222487628e-05
-7.451676996884609e-05
-7.733189547263701e-05
-8.07320012176264e-05
-8.480932368164477e-05
-8.968262095553246e-05
-9.550569046281923e-05
-0.00010247958205621347
-0.00011087047453350659
-0.00012103651725711367
-0.00013346942898275773
-0.00014886161128692006
-0.00016822008341596726
-0.00019307075004524268
-0.00022583025289199676
-0.0002703807692760323
-0.0003322406289320036
-0.0004146807958655894
-0.0004983655642286993
-0.0004781949199564228
-3.356172518204503e-05
0.0015203424789239752
0.005191910701379708
0.011786925753562414
0.02091689556389434
0.0302894171448671
0.036349269048470724
0.03634926904847097
0.030289417144867797
0.020916895563894547
0.011786925753562029
0.005191910701379531
0.0015203424789240571
-3.3561725182112425e-05
-0.00047819491995676006
-0.0004983655642280885
-0.0004146807958651502
-0.0003322406289313391
-0.0002703807692758438
-0.0002258302528914409
-0.00019307075004506983
-0.0001682200834158781
-0.00014886161128725483
-0.0001334694289822864
-0.00012103651725768595
-0.00011087047453348518
-0.00010247958205594006
-9.550569046250991e-05
-8.968262095557147e-05
-8.480932368135114e-05
-8.073200121716021e-05
-7.733189547235795e-05
-7.451676996848828e-05
-7.221487222472129e-05
-7.037060410040093e-05
-6.894139823361537e-05
-6.789546884758405e-05
-6.721021565546064e-05
-6.687113370015848e-05
-5.826402066235648e-05
-5.855945860123784e-05
-5.9156511278827124e-05
-6.0067816676792035e-05
-6.131306613412904e-05
-6.291995418482576e-05
-6.492556921893074e-05
-6.737835316738107e-05
-7.034082302101627e-05
-7.389334319600534e-05
-7.813938602037646e-05
-8.321295309494155e-05
-8.928921637600173e-05
-9.660009369732192e-05
-0.00010545763542645524
-0.00011629026879101026
-0.00012970127253561357
-0.00014656804601469493
-0.0001682200834155612
-0.0001967629623799371
-0.00023557917217078243
-0.0002894768577152952
-0.0003613064824516466
-0.00043422279816792103
-0.00041665742648008136
-2.9275390315338813e-05
0.0013245842368186068
0.004523527050940251
0.010269639985234537
0.018224455374560633
0.026390632792151324
0.03167052790946846
0.031670527909468574
0.026390632792150003
0.01822445537456091
0.010269639985233921
0.004523527050940448
0.0013245842368186042
-2.9275390315441907e-05
-0.00041665742648056795
-0.0004342227981675386
-0.0003613064824515063
-0.00028947685771489796
-0.00023557917217096518
-0.00019676296237967824
-0.0001682200834156502
-0.00014656804601487057
-0.0001297012725359058
-0.00011629026879063074
-0.00010545763542683123
-9.660009369724976e-05
-8.928921637546807e-05
-8.321295309456859e-05
-7.81393860202486e-05
-7.389334319567989e-05
-7.034082302065626e-05
-6.737835316717849e-05
-6.492556921870263e-05
-6.291995418469831e-05
-6.131306613347524e-05
-6.00678166764168e-05
-5.915651127848907e-05
-5.855945860114857e-05
-5.826402066220174e-05
-5.1559134579857504e-05
-5.1820574137881065e-05
-5.2348919238407806e-05
-5.315535350447408e-05
-5.425730222783013e-05
-5.5679272899742646e-05
-5.745408583561854e-05
-5.9624608341303056e-05
-6.22461630410044e-05
-6.538986612132836e-05
-6.914728244169718e-05
-7.363699284591725e-05
-7.901401066600695e-05
-8.548356480245785e-05
-9.332179501641766e-05
-0.00010290782519022356
-0.0001147755085554321
-0.00012970127253552174
-0.00014886161128646122
-0.00017411979221255966
-0.0002084690731811076
-0.0002561644559693692
-0.00031972917545527915
-0.00038425925783552536
-0.0003687311800992265
-2.597035136241273e-05
0.0011719987472217027
0.004002651221258898
0.00908727518362611
0.016126384649158214
0.02335255654196544
0.02802469623224879
0.02802469623224887
0.02335255654196531
0.016126384649157888
0.009087275183626651
0.004002651221258998
0.0011719987472216613
-2.5970351362696517e-05
-0.00036873118009988213
-0.0003842592578354513
-0.0003197291754554691
-0.0002561644559692574
-0.0002084690731816305
-0.00017411979221256058
-0.0001488616112866866
-0.0001297012725358705
-0.0001147755085555712
-0.00010290782518991226
-9.3321795016556e-05
-8.548356480235425e-05
-7.901401066532602e-05
-7.363699284549817e-05
-6.914728244146378e-05
-6.538986612094223e-05
-6.224616304072846e-05
-5.962460834112347e-05
-5.7454085835484115e-05
-5.56792728996342e-05
-5.4257302227353826e-05
-5.3155353504176935e-05
-5.234891923827836e-05
-5.1820574138034175e-05
-5.1559134579586996e-05
-4.622798118141727e-05
-4.6462388145507485e-05
-4.6936102879488185e-05
-4.7659152626532546e-05
-4.864716091417639e-05
-4.992210117422777e-05
-5.151340011993539e-05
-5.345949260046677e-05
-5.580998090675583e-05
-5.862862784105728e-05
-6.199753048610233e-05
-6.602300845377078e-05
-7.084404671437158e-05
-7.664465349115952e-05
-8.367241562792976e-05
-9.226725540925913e-05
-0.0001029078251902288
-0.00011629026879082103
-0.00013346942898228415
-0.00015611591035591003
-0.00018691348567066973
-0.00022967731918254437
-0.00028667033473456325
-0.0003445316585678028
-0.000330621018564287
-2.3332877971455316e-05
0.001050698383236728
0.003588539644494536
0.00814723377897249
0.01445828463696362
0.02093707210723567
0.02512599239248393
0.02512599239248391
0.020937072107235465
0.01445828463696279
0.008147233778971894
0.0035885396444938194
0.0010506983832365678
-2.3332877971771395e-05
-0.00033062101856497065
-0.000344531658567881
-0.00028667033473504246
-0.00022967731918266293
-0.00018691348567148605
-0.00015611591035614704
-0.0001334694289826382
-0.00011629026879135784
-0.00010290782519026224
-9.226725540908017e-05
-8.36724156278721e-05
-7.664465349104081e-05
-7.08440467136159e-05
-6.602300845332597e-05
-6.199753048581369e-05
-5.86286278406946e-05
-5.5809980906624664e-05
-5.345949260042413e-05
-5.151340011989721e-05
-4.992210117419076e-05
-4.8647160913838505e-05
-4.765915262633194e-05
-4.6936102879467246e-05
-4.646238814583451e-05
-4.62279811810366e-05
-4.1921780049563815e-05
-4.213435163951729e-05
-4.256393910662717e-05
-4.321963563786925e-05
-4.411560940032708e-05
-4.527178696049599e-05
-4.671485387747869e-05
-4.8479664721012454e-05
-5.0611201231491364e-05
-5.3167286578690914e-05
-5.622237033192549e-05
-5.987286820340482e-05
-6.424481840211534e-05
-6.950508835162038e-05
-7.587820155947825e-05
-8.367241562795528e-05
-9.332179501660714e-05
-0.00010545763542641726
-0.00012103651725681202
-0.0001415734237585084
-0.00016950214064311096
-0.0002082825324938222
-0.00025996714478923437
-0.0003124411358794521
-0.0002998346819621698
-2.119326518450996e-05
0.0009527413690085182
0.003254090334133146
0.007388003666003734
0.013111012514270621
0.018986144457382486
0.022784771295838863
0.022784771295839737
0.018986144457382656
0.013111012514270033
0.007388003666004588
0.0032540903341335935
0.0009527413690084512
-2.119326518482782e-05
-0.0002998346819628537
-0.00031244113587957896
-0.0002599671447898888
-0.0002082825324940467
-0.00016950214064404166
-0.00014157342375885367
-0.00012103651725723711
-0.00010545763542707778
-9.33217950166151e-05
-8.367241562803327e-05
-7.58782015594349e-05
-6.950508835161063e-05
-6.424481840151465e-05
-5.9872868203043745e-05
-5.6222370331689906e-05
-5.316728657837765e-05
-5.061120123151611e-05
-4.847966472105325e-05
-4.671485387747319e-05
-4.5271786960422115e-05
-4.41156094000683e-05
-4.3219635637672794e-05
-4.256393910667016e-05
-4.2134351639905006e-05
-4.1921780049150795e-05
-3.840071739202664e-05
-3.8595434801530195e-05
-3.89889406253955e-05
-3.958956429918681e-05
-4.04102839828822e-05
-4.146935257904992e-05
-4.279121428269338e-05
-4.440779617060288e-05
-4.636030189064204e-05
-4.870169794461754e-05
-5.150018074954577e-05
-5.484406788430742e-05
-5.8848811366763384e-05
-6.366726308965793e-05
-6.95050883514745e-05
-7.664465349098246e-05
-8.548356480247682e-05
-9.660009369698842e-05
-0.00011087047453297311
-0.00012968244364256886
-0.000155265377365153
-0.00019078860573854947
-0.00023813257942408416
-0.0002862010450285359
-0.0002746594930173277
-1.9437725460906453e-05
0.0008726593893858503
0.002980650909213867
0.006767256144615112
0.012009467441879227
0.0173910330611617
0.020870543615332835
0.02087054361533215
0.017391033061160778
0.012009467441879855
0.006767256144615421
0.002980650909214541
0.0008726593893855837
-1.9437725461058573e-05
-0.00027465949301796924
-0.0002862010450285988
-0.0002381325794248661
-0.00019078860573887456
-0.00015526537736617203
-0.00012968244364300235
-0.0001108704745334475
-9.660009369767675e-05
-8.548356480241969e-05
-7.664465349124412e-05
-6.950508835144161e-05
-6.366726308971807e-05
-5.8848811366398814e-05
-5.484406788416303e-05
-5.150018074947415e-05
-4.870169794447478e-05
-4.636030189085567e-05
-4.4407796170808044e-05
-4.2791214282810216e-05
-4.146935257913195e-05
-4.041028398285996e-05
-3.958956429916817e-05
-3.898894062558302e-05
-3.8595434802032194e-05
-3.8400717391617666e-05
-3.5494485524195334e-05
-3.5674466367486944e-05
-3.6038190957364677e-05
-3.659335834123077e-05
-3.7351964465875045e-05
-3.833088081811262e-05
-3.95527016065287e-05
-4.10469376017314e-05
-4.285167407439469e-05
-4.5015868910264095e-05
-4.7602557275462046e-05
-5.069337268103765e-05
-5.439502947620293e-05
-5.884881136666497e-05
-6.424481840174243e-05
-7.084404671389355e-05
-7.901401066582028e-05
-8.928921637546311e-05
-0.00010247958205564139
-0.00011986781660331285
-0.00014351457878034117
-0.00017634938565489633
-0.0002201105955948198
-0.00026454251613633315
-0.0002538789535101874
-1.7984834406458762e-05
0.0008065704782100529
0.0027549779085194407
0.006254935498030443
0.011100322059164868
0.01607452248701367
0.01929064962232833
0.019290649622329625
0.016074522487013593
0.011100322059163954
0.006254935498030696
0.002754977908519864
0.0008065704782097569
-1.7984834406528287e-05
-0.0002538789535108285
-0.0002645425161363061
-0.0002201105955956154
-0.00017634938565522495
-0.00014351457878127163
-0.00011986781660372275
-0.00010247958205608784
-8.928921637619806e-05
-7.90140106658357e-05
-7.084404671447046e-05
-6.424481840190693e-05
-5.884881136686255e-05
-5.439502947613783e-05
-5.069337268113218e-05
-4.7602557275548294e-05
-4.501586891027687e-05
-4.285167407475485e-05
-4.10469376020677e-05
-3.9552701606800235e-05
-3.8330880818348015e-05
-3.73519644660851e-05
-3.659335834129918e-05
-3.603819095765038e-05
-3.56744663679874e-05
-3.5494485523826475e-05
-3.307903847844182e-05
-3.3246771370201464e-05
-3.3585743985556346e-05
-3.4103131439961734e-05
-3.481011333709779e-05
-3.572241303273805e-05
-3.686108716354896e-05
-3.825363824474525e-05
-3.993555978260573e-05
-4.195247799741053e-05
-4.436313840608442e-05
-4.7243619217871614e-05
-5.0693372680800856e-05
-5.484406788407647e-05
-5.9872868202921406e-05
-6.602300845327606e-05
-7.363699284585803e-05
-8.32129530945559e-05
-9.550569046251762e-05
-0.00011171062289964262
-0.00013374818270382694
-0.0001643485652763587
-0.00020513200072596894
-0.00024654129947811393
-0.0002366068210443562
-1.677472840028972e-05
0.0007516485116128704
0.0025674280781324433
0.005829155168644276
0.010344742138133533
0.014980381659391532
0.017977610604445173
0.0179776106044449
0.01498038165939147
0.010344742138132884
0.005829155168644894
0.002567428078132797
0.0007516485116124407
-1.6774728400231125e-05
-0.0002366068210450061
-0.00024654129947797375
-0.00020513200072664586
-0.00016434856527664378
-0.00013374818270452376
-0.00011171062289994286
-9.550569046284056e-05
-8.321295309528785e-05
-7.36369928459082e-05
-6.602300845412332e-05
-5.9872868203307734e-05
-5.484406788446603e-05
-5.06933726810421e-05
-4.724361921823608e-05
-4.4363138406308626e-05
-4.195247799758766e-05
-3.993555978303324e-05
-3.82536382452107e-05
-3.686108716400266e-05
-3.572241303321186e-05
-3.481011333756366e-05
-3.410313144016323e-05
-3.358574398593276e-05
-3.324677137066458e-05
-3.30790384781278e-05
-3.106218437269127e-05
-3.1219690450938855e-05
-3.153799562405652e-05
-3.2023837534479055e-05
-3.2687714154574074e-05
-3.354439017205433e-05
-3.461363838001416e-05
-3.592128443812832e-05
-3.750065777819826e-05
-3.9394602742638125e-05
-4.1658283072675624e-05
-4.436313840612575e-05
-4.7602557275270834e-05
-5.150018074935886e-05
-5.622237033140015e-05
-6.199753048548732e-05
-6.914728244154195e-05
-7.813938601992484e-05
-8.968262095536956e-05
-0.00010489951896422608
-0.00012559342529320513
-0.00015432810089622986
-0.00019262511972003592
-0.00023151045546982102
-0.00022218432098207648
-1.5762583666490003e-05
0.000705793908488391
0.0024108361685370523
0.005473651892142846
0.009713870343813148
0.01406682522993401
0.016881282770315614
0.016881282770316686
0.014066825229933862
0.009713870343813118
0.00547365189214295
0.0024108361685375615
0.0007057939084878233
-1.5762583666330622e-05
-0.00022218432098262557
-0.00023151045546953685
-0.00019262511972045895
-0.00015432810089644895
-0.00012559342529362352
-0.00010489951896444456
-8.968262095554092e-05
-7.813938602065601e-05
-6.914728244152677e-05
-6.199753048641548e-05
-5.622237033181473e-05
-5.150018074979364e-05
-4.760255727562453e-05
-4.4363138406565575e-05
-4.165828307293299e-05
-3.939460274288098e-05
-3.7500657778601434e-05
-3.592128443860304e-05
-3.461363838061777e-05
-3.3544390172701774e-05
-3.268771415524054e-05
-3.202383753478567e-05
-3.1537995624517434e-05
-3.121969045129021e-05
-3.1062184372489656e-05
-2.9374288849158757e-05
-2.952323615760532e-05
-2.9824244850133042e-05
-3.028368645036507e-05
-3.091148847699777e-05
-3.172161331316933e-05
-3.273275931010126e-05
-3.396934877575179e-05
-3.546290003926239e-05
-3.72539293042013e-05
-3.939460274280301e-05
-4.195247799754742e-05
-4.501586891007034e-05
-4.870169794439324e-05
-5.31672865781436e-05
-5.862862784040656e-05
-6.538986612112547e-05
-7.389334319551325e-05
-8.480932368146593e-05
-9.919934123197994e-05
-0.00011876875114980858
-0.00014594202313248327
-0.00018215815179540242
-0.00021893110706827033
-0.00021011380107802393
-1.4914347025886058e-05
0.0006674212961230232
0.002279791124441752
0.005176143472189148
0.00918591285552026
0.013302295454569428
0.015963795602523465
0.01596379560252338
0.013302295454569197
0.009185912855520792
0.0051761434721897745
0.0022797911244420263
0.000667421296122381
-1.491434702568954e-05
-0.00021011380107845617
-0.0002189311070679191
-0.00018215815179553082
-0.00014594202313259006
-0.000118768751149898
-9.919934123208391e-05
-8.480932368142774e-05
-7.389334319623842e-05
-6.53898661210234e-05
-5.8628627841315424e-05
-5.316728657847889e-05
-4.870169794484822e-05
-4.50158689104057e-05
-4.19524779979032e-05
-3.939460274301952e-05
-3.7253929304424073e-05
-3.546290003959143e-05
-3.3969348776165703e-05
-3.273275931083307e-05
-3.172161331398849e-05
-3.091148847784037e-05
-3.0283686450841853e-05
-2.982424485067331e-05
-2.9523236157875958e-05
-2.9374288849080024e-05
-2.796208354695187e-05
-2.8103870022068595e-05
-2.839040733400716e-05
-2.8827760687229705e-05
-2.9425380321253257e-05
-3.0196557358222604e-05
-3.1159091200392254e-05
-3.2336230019256074e-05
-3.3757976855786184e-05
-3.546290003947251e-05
-3.7500657778610914e-05
-3.993555978314359e-05
-4.285167407463206e-05
-4.636030189079436e-05
-5.061120123128494e-05
-5.580998090623442e-05
-6.224616304076913e-05
-7.034082302045404e-05
-8.073200121741113e-05
-9.443019631274509e-05
-0.00011305877848387343
-0.00013892567502694328
-0.00017340077929958598
-0.00020840631672778117
-0.0002000145304855786
-1.4203848834390172e-05
0.0006353182019809068
0.0021701542466242593
0.004927235444964211
0.008744199643446868
0.012662653695749381
0.015196181685173511
0.015196181685173615
0.012662653695749159
0.008744199643446866
0.00492723544496411
0.002170154246624455
0.0006353182019802424
-1.4203848834266786e-05
-0.00020001453048584138
-0.00020840631672744512
-0.00017340077929939293
-0.0001389256750269237
-0.00011305877848366666
-9.443019631275452e-05
-8.073200121715363e-05
-7.034082302115498e-05
-6.224616304055773e-05
-5.5809980906989735e-05
-5.061120123138677e-05
-4.636030189117648e-05
-4.2851674074811736e-05
-3.9935559783246154e-05
-3.750065777872088e-05
-3.546290003953433e-05
-3.3757976855988497e-05
-3.233623001944329e-05
-3.115909120114383e-05
-3.0196557359037897e-05
-2.942538032211615e-05
-2.88277606877548e-05
-2.839040733451262e-05
-2.8103870022235433e-05
-2.7962083546965544e-05
-2.6784436082827502e-05
-2.692025109160999e-05
-2.7194720623659917e-05
-2.7613654441634912e-05
-2.818610477903581e-05
-2.8924802989082968e-05
-2.9846798834660955e-05
-3.097436136741956e-05
-3.233623001958999e-05
-3.396934877638456e-05
-3.592128443873752e-05
-3.8253638245437676e-05
-4.1046937601969344e-05
-4.440779617067351e-05
-4.847966472084691e-05
-5.3459492599934426e-05
-5.962460834103886e-05
-6.737835316692163e-05
-7.733189547259593e-05
-9.045317556986797e-05
-0.00010829719552561589
-0.00013307469570769513
-0.00016609793868212983
-0.00019962957324124228
-0.00019159249386251737
-1.3610806854165973e-05
0.000608548570855986
0.0020787301233246803
0.00471967433198863
0.008375859585991047
0.012129262102207012
0.014556074714120962
0.014556074714120707
0.012129262102205763
0.008375859585990637
0.004719674331988145
0.0020787301233248876
0.0006085485708555165
-1.3610806854094681e-05
-0.00019159249386250865
-0.00019962957324088602
-0.00016609793868153198
-0.0001330746957074482
-0.00010829719552512986
-9.045317556978665e-05
-7.73318954721477e-05
-6.73783531675874e-05
-5.9624608340791306e-05
-5.345949260052978e-05
-4.8479664720660474e-05
-4.4407796170952094e-05
-4.104693760193388e-05
-3.825363824525523e-05
-3.5921284438776356e-05
-3.396934877628179e-05
-3.2336230019727085e-05
-3.09743613673434e-05
-2.984679883535202e-05
-2.8924802989778135e-05
-2.8186104779808068e-05
-2.761365444217321e-05
-2.719472062405089e-05
-2.6920251091757385e-05
-2.678443608285786e-05
-2.5809399927776327e-05
-2.5940270846466232e-05
-2.6204748830949975e-05
-2.660843215002153e-05
-2.716004350731745e-05
-2.787185079412664e-05
-2.8760283107636393e-05
-2.9846798835099274e-05
-3.11590912008525e-05
-3.273275931091377e-05
-3.461363838061476e-05
-3.686108716437324e-05
-3.955270160698448e-05
-4.279121428300675e-05
-4.671485387771177e-05
-5.1513400119645525e-05
-5.74540858355052e-05
-6.492556921863049e-05
-7.451676996900792e-05
-8.71603921146605e-05
-0.00010435483206284451
-0.00012823036304534927
-0.00016005152746230834
-0.0001923628124447835
-0.00018461932058074542
-1.311942110476657e-05
0.0005863855070463156
0.002003037195160277
0.004547826955904891
0.008070896639955843
0.011687645957189546
0.014026104298724602
0.014026104298724841
0.011687645957188304
0.008070896639955848
0.004547826955904675
0.002003037195160077
0.0005863855070458832
-1.3119421104822471e-05
-0.00018461932058052118
-0.00019236281244449768
-0.00016005152746135818
-0.0001282303630448703
-0.00010435483206209362
-8.716039211440048e-05
-7.451676996825006e-05
-6.492556921911828e-05
-5.745408583520117e-05
-5.151340012009626e-05
-4.6714853877269916e-05
-4.2791214283191876e-05
-3.955270160676751e-05
-3.68610871639803e-05
-3.461363838064172e-05
-3.2732759310670246e-05
-3.115909120101112e-05
-2.984679883481036e-05
-2.8760283108263513e-05
-2.7871850794636753e-05
-2.7160043507919294e-05
-2.660843215048129e-05
-2.6204748831109214e-05
-2.5940270846579437e-05
-2.5809399927747023e-05
-2.5012123264016694e-05
-2.5138951453207306e-05
-2.5395259456497418e-05
-2.5786472606195532e-05
-2.6321044153070984e-05
-2.7010863020501648e-05
-2.7871850794145565e-05
-2.8924802989686696e-05
-3.0196557358671948e-05
-3.172161331407577e-05
-3.354439017252259e-05
-3.572241303345181e-05
-3.8330880818441995e-05
-4.1469352579179576e-05
-4.527178696062424e-05
-4.992210117372402e-05
-5.567927289939771e-05
-6.291995418435933e-05
-7.221487222494045e-05
-8.446791873195517e-05
-0.00010113120419399105
-0.0001242692040741169
-0.00015510743743427346
-0.00018642083693358772
-0.00017891734659652162
-1.2717370489889868e-05
0.0005682636179390402
0.001941145161725099
0.004407311429378464
0.007821535101926874
0.011326545642127057
0.013592758299803363
0.013592758299803729
0.011326545642125338
0.007821535101926905
0.00440731142937883
0.0019411451617248406
0.0005682636179388745
-1.2717370490016345e-05
-0.00017891734659613917
-0.00018642083693341593
-0.00015510743743308848
-0.00012426920407347571
-0.00010113120419310737
-8.446791873159132e-05
-7.221487222399032e-05
-6.291995418468759e-05
-5.567927289910305e-05
-4.992210117412038e-05
-4.527178695999148e-05
-4.1469352579258635e-05
-3.833088081806414e-05
-3.5722413032966696e-05
-3.3544390172585805e-05
-3.1721613313744595e-05
-3.0196557358866854e-05
-2.8924802989244727e-05
-2.787185079466595e-05
-2.7010863020843727e-05
-2.6321044153508026e-05
-2.5786472606648034e-05
-2.539525945647745e-05
-2.5138951453345434e-05
-2.5012123263894324e-05
-2.4373349399585455e-05
-2.449693857535065e-05
-2.474670083303967e-05
-2.512792294922524e-05
-2.5648842290489006e-05
-2.6321044153074447e-05
-2.716004350731782e-05
-2.8186104779636394e-05
-2.9425380321565084e-05
-3.091148847782204e-05
-3.268771415488767e-05
-3.481011333770737e-05
-3.735196446618932e-05
-4.041028398291413e-05
-4.411560940032069e-05
-4.8647160913315947e-05
-5.425730222703019e-05
-6.1313066133103e-05
-7.037060410068098e-05
-8.231072357422752e-05
-9.854845096007713e-05
-0.00012109554447742004
-0.0001511462559216732
-0.0001816601428278374
-0.0001743489006590203
-1.2395088998250104e-05
0.0005537448493689205
0.0018915584052100428
0.004294732570318887
0.007621750144295885
0.01103723686335329
0.013245567084445978
0.013245567084447931
0.01103723686335275
0.00762175014429575
0.004294732570318719
0.001891558405209577
0.0005537448493688386
-1.2395088998479555e-05
-0.0001743489006585756
-0.00018166014282778773
-0.00015114625592040656
-0.00012109554447669425
-9.854845095910742e-05
-8.231072357375358e-05
-7.037060409951784e-05
-6.131306613316717e-05
-5.4257302226665344e-05
-4.864716091368958e-05
-4.4115609399623944e-05
-4.041028398298422e-05
-3.7351964465825945e-05
-3.4810113337360554e-05
-3.268771415509065e-05
-3.09114884775255e-05
-2.9425380321834766e-05
-2.8186104779190018e-05
-2.7160043507766377e-05
-2.6321044153304992e-05
-2.5648842290745298e-05
-2.5127922949648536e-05
-2.4746700832873583e-05
-2.4496938575423925e-05
-2.4373349399388184e-05
-2.3878334910722104e-05
-2.3999414030032425e-05
-2.4244103696350816e-05
-2.4617583313438345e-05
-2.5127922949399668e-05
-2.578647260616615e-05
-2.660843214992548e-05
-2.7613654442030402e-05
-2.8827760687230572e-05
-3.0283686450733527e-05
-3.2023837534273354e-05
-3.410313144003935e-05
-3.659335834120341e-05
-3.958956429901567e-05
-4.3219635637839734e-05
-4.765915262585976e-05
-5.3155353504039424e-05
-6.006781667623759e-05
-6.894139823407225e-05
-8.06390165961317e-05
-9.654696002262033e-05
-0.0001186361335243735
-0.00014807655729227266
-0.00017797085877804884
-0.00017080857415677092
-1.21452410378204e-05
0.000542493844138788
0.0018531319007079737
0.0042074910434156
0.007466929161403301
0.010813040284554824
0.012976515070105596
0.012976515070104833
0.010813040284554199
0.007466929161403374
0.004207491043415448
0.0018531319007079614
0.0005424938441388654
-1.214524103813442e-05
-0.00017080857415639213
-0.00017797085877809354
-0.00014807655729104927
-0.00011863613352360861
-9.654696002162815e-05
-8.063901659566066e-05
-6.894139823286109e-05
-6.006781667612989e-05
-5.315535350362052e-05
-4.7659152626183446e-05
-4.321963563707297e-05
-3.9589564298975335e-05
-3.659335834079751e-05
-3.410313143986181e-05
-3.2023837534606496e-05
-3.0283686450625846e-05
-2.8827760687632367e-05
-2.7613654441799887e-05
-2.660843215039005e-05
-2.5786472606443096e-05
-2.512792294955229e-05
-2.4617583313900845e-05
-2.424410369621036e-05
-2.39994140299865e-05
-2.387833491053949e-05
-2.3516070627961375e-05
-2.363531282380672e-05
-2.387629023780364e-05
-2.424410369602004e-05
-2.4746700832880414e-05
-2.5395259456055236e-05
-2.620474883053484e-05
-2.719472062371032e-05
-2.8390407333810664e-05
-2.9824244850174245e-05
-3.15379956236603e-05
-3.358574398539514e-05
-3.6038190957264e-05
-3.89889406251498e-05
-4.2563939106548506e-05
-4.693610287879339e-05
-5.2348919237907345e-05
-5.915651127807753e-05
-6.789546884784442e-05
-7.94156187221322e-05
-9.508221783368102e-05
-0.00011683627362910626
-0.0001458300723308118
-0.0001752709413243916
-0.00016821765434975447
-1.1962342194448336e-05
0.0005342602018790492
0.0018250106727799374
0.004143645940978582
0.00735362793360517
0.010648968452116075
0.012779617022970459
0.012779617022972416
0.010648968452115451
0.007353627933603713
0.004143645940979199
0.0018250106727793294
0.0005342602018791114
-1.1962342194824145e-05
-0.00016821765434950692
-0.00017527094132454532
-0.0001458300723297733
-0.00011683627362843646
-9.508221783273454e-05
-7.941561872173805e-05
-6.789546884663088e-05
-5.9156511277784427e-05
-5.2348919237407155e-05
-4.6936102879076215e-05
-4.256393910583543e-05
-3.8988940625136415e-05
-3.6038190956936105e-05
-3.358574398544892e-05
-3.1537995624043536e-05
-2.9824244850251352e-05
-2.8390407334206354e-05
-2.7194720623702218e-05
-2.6204748830989294e-05
-2.53952594564184e-05
-2.4746700832980584e-05
-2.4244103696530434e-05
-2.3876290237884524e-05
-2.3635312823589413e-05
-2.3516070627940128e-05
-2.3278728822722354e-05
-2.3396767536227918e-05
-2.3635312823386295e-05
-2.3999414029667923e-05
-2.4496938575156594e-05
-2.5138951452609362e-05
-2.5940270845825428e-05
-2.6920251091243114e-05
-2.8103870021631387e-05
-2.952323615739142e-05
-3.121969045068134e-05
-3.324677137033059e-05
-3.567446636791568e-05
-3.859543480191308e-05
-4.213435164005224e-05
-4.6462388145546964e-05
-5.18205741379942e-05
-5.855945860094284e-05
-6.721021565576934e-05
-7.861409493128256e-05
-9.4122574425478e-05
-0.00011565707377205511
-0.00014435826026953984
-0.0001735020556775319
-0.0001665201737517168
-1.1842489303689162e-05
0.0005288658920944168
0.0018065868361280112
0.004101817273466226
0.00727939760510018
0.010541475257447702
0.01265061740343968
0.012650617403438157
0.010541475257442584
0.007279397605100272
0.004101817273467428
0.001806586836127827
0.0005288658920947584
-1.1842489304001599e-05
-0.000166520173751623
-0.0001735020556777639
-0.00014435826026881966
-0.00011565707377157978
-9.412257442464135e-05
-7.861409493108848e-05
-6.721021565472584e-05
-5.855945860064995e-05
-5.1820574137517546e-05
-4.646238814581038e-05
-4.213435163946482e-05
-3.8595434801939765e-05
-3.56744663676515e-05
-3.324677137053498e-05
-3.121969045098069e-05
-2.9523236157615986e-05
-2.8103870021926605e-05
-2.6920251091418423e-05
-2.5940270846201335e-05
-2.513895145301928e-05
-2.4496938575177895e-05
-2.399941403012972e-05
-2.3635312823712768e-05
-2.3396767535748924e-05
-2.327872882295044e-05
-2.316128562512295e-05
-2.3278728822872045e-05
-2.351607062722446e-05
-2.387833491017113e-05
-2.4373349399086177e-05
-2.501212326318749e-05
-2.5809399926967332e-05
-2.678443608219212e-05
-2.7962083546362155e-05
-2.9374288848564147e-05
-3.106218437214314e-05
-3.307903847813644e-05
-3.5494485524197394e-05
-3.840071739203618e-05
-4.1921780049721384e-05
-4.622798118127382e-05
-5.1559134579868705e-05
-5.8264020662060316e-05
-6.687113370010061e-05
-7.821747911768776e-05
-9.364771671801929e-05
-0.00011507357353201438
-0.00014362996741001482
-0.00017262676217243297
-0.0001656802116388965
-1.1783175666801784e-05
0.0005261966580499127
0.0017974702556511567
0.004081119372341556
0.0072426665120801405
0.010488284822313444
0.012586785021746134
0.012586785021744346
0.01048828482231289
0.007242666512077689
0.004081119372342821
0.0017974702556509698
0.0005261966580501454
-1.1783175667141936e-05
-0.00016568021163890334
-0.0001726267621726425
-0.00014362996740957702
-0.00011507357353178626
-9.364771671739971e-05
-7.821747911778196e-05
-6.687113369932451e-05
-5.8264020661873156e-05
-5.1559134579437464e-05
-4.6227981181513516e-05
-4.192178004927472e-05
-3.840071739212365e-05
-3.549448552402753e-05
-3.307903847845152e-05
-3.106218437234021e-05
-2.9374288848928907e-05
-2.7962083546568217e-05
-2.6784436082508005e-05
-2.5809399927259762e-05
-2.501212326359209e-05
-2.4373349399050367e-05
-2.3878334910545576e-05
-2.3516070627796122e-05
-2.3278728822171007e-05
-2.3161285625647294e-05
