7.40976979652321e-05
7.4473425504192e-05
7.523273609310444e-05
7.639170241769737e-05
7.797536748024721e-05
8.001895258597424e-05
8.256962598779101e-05
8.568899521102416e-05
8.94565682992896e-05
9.397455153765092e-05
9.937453980808815e-05
0.00010582695524514838
0.0001135545808644245
0.00012285237016087033
0.0001341171915179423
0.0001478939264079075
0.0001649498426438082
0.00018640085049434463
0.00021393781222907537
0.0002502381705493675
0.0002996002382688349
0.00036811962207473073
0.0004593382646745026
0.0005515434460075137
0.0005274672452506019
3.0033857823965177e-05
-0.0017027245510192641
-0.005791997992456486
-0.013132730107130796
-0.023291285271977505
-0.03371737956483167
-0.04045760142907477
-0.04045760142908089
-0.033717379564843136
-0.023291285271993548
-0.013132730107130647
-0.005791997992456012
-0.0017027245510226109
3.0033857823823133e-05
0.0005274672452476883
0.0005515434460047468
0.00045933826467147115
0.00036811962207104526
0.00029960023826624535
0.0002502381705483455
0.00021393781222796808
0.0001864008504932459
0.00016494984264795045
0.00014789392640788635
0.0001341171915213938
0.0001228523701614017
0.00011355458086721373
0.00010582695524636455
9.93745398122414e-05
9.397455153926756e-05
8.945656830359607e-05
8.568899521487817e-05
8.25696259896998e-05
8.001895258740528e-05
7.797536748012208e-05
7.639170241751617e-05
7.523273609007507e-05
7.447342550434479e-05
7.409769796277058e-05
7.44734255050934e-05
7.485105824900134e-05
7.561421908042374e-05
7.677906218677596e-05
7.837075755336564e-05
8.042470508539076e-05
8.298831221083707e-05
8.612349884953545e-05
8.991017620985687e-05
9.445106883312448e-05
9.987843888561838e-05
0.00010636357266318792
0.00011413038285342113
0.00012347531858034963
0.00013479726064112314
0.0001486438534582893
0.0001657862554640883
0.00018734603543276237
0.0002150226295879534
0.00025150705723887053
0.00030111942626552426
0.0003699862488357764
0.00046166741112769593
0.0005543400363082678
0.0005301414162692676
3.0184794328925065e-05
-0.0017113618857945503
-0.0058213743787468184
-0.013199334460187319
-0.023409407008437265
-0.03388837484085378
-0.04066277796471848
-0.0406627779647266
-0.03388837484086009
-0.02340940700843764
-0.013199334460188415
-0.0058213743787493034
-0.0017113618857976993
3.0184794328967606e-05
0.0005301414162665261
0.0005543400363064872
0.0004616674111255673
0.0003699862488335519
0.000301119426264001
0.0002515070572390802
0.00021502262958746017
0.00018734603543208545
0.00016578625546821208
0.00014864385345795056
0.00013479726064352226
0.00012347531857952694
0.00011413038285457779
0.00010636357266285833
9.98784388884676e-05
9.445106883416708e-05
8.991017621326232e-05
8.612349885350778e-05
8.298831221268334e-05
8.04247050866552e-05
7.837075755400764e-05
7.677906218650301e-05
7.561421907843261e-05
7.485105824908818e-05
7.447342550278092e-05
7.523273609317079e-05
7.561421907990325e-05
7.638516089513379e-05
7.756188043213948e-05
7.916980430094602e-05
8.124469333698038e-05
8.383443832157783e-05
8.700159049454432e-05
9.082687582038281e-05
9.541406619227294e-05
0.00010089677229230479
0.00010744802680918397
0.00011529402539296278
0.00012473423969584866
0.00013617161741722247
0.00015015938664686803
0.00016747656839938077
0.00018925616676527813
0.0002172149451410032
0.0002540713599057355
0.00030418956473762316
0.0003737585288047906
0.0004663743998219188
0.0005599916823866735
0.0005355456531324902
3.0489777922607352e-05
-0.0017288172505391312
-0.005880741565597652
-0.013333936098487719
-0.023648120722439103
-0.034233941281539684
-0.04107742168733226
-0.041077421687317095
-0.034233941281555255
-0.0236481207224459
-0.013333936098486397
-0.0058807415655983295
-0.001728817250543108
3.0489777922558428e-05
0.0005355456531300244
0.000559991682386103
0.0004663743998209399
0.0003737585288039471
0.0003041895647372965
0.00025407135990693105
0.0002172149451407766
0.00018925616676487074
0.00016747656840311476
0.00015015938664669401
0.00013617161741893977
0.00012473423969434482
0.00011529402539290316
0.0001074480268075937
0.00010089677229365476
9.541406619254246e-05
9.082687582264921e-05
8.700159049824908e-05
8.383443832309938e-05
8.124469333789562e-05
7.916980430182149e-05
7.756188043156004e-05
7.638516089372553e-05
7.561421907953858e-05
7.523273609096486e-05
7.639170241942215e-05
7.677906218714662e-05
7.756188043267293e-05
7.875672744423972e-05
8.038942153081404e-05
8.249627442832462e-05
8.51259146807828e-05
8.834185713736357e-05
9.222607135642025e-05
9.688392784937031e-05
0.00010245109558982022
0.0001091032728580607
0.0001170701398815881
0.00012665578171958163
0.00013826935354867626
0.00015247260603664818
0.00017005656117691302
0.0001921716772480506
0.00022056116481613186
0.0002579853585727129
0.0003088756410351013
0.0003795163117026153
0.00047355886429849807
0.0005686180067463901
0.0005437943179420343
3.0955169977474205e-05
-0.0017554603624528283
-0.005971356685230224
-0.01353938504582655
-0.02401248067042687
-0.034761395357054775
-0.041710311508846645
-0.04171031150885607
-0.03476139535705512
-0.024012480670424205
-0.0135393850458351
-0.0059713566852318154
-0.0017554603624559653
3.095516997741469e-05
0.0005437943179404013
0.0005686180067471123
0.0004735588642985275
0.00037951631170284083
0.00030887564103606463
0.0002579853585741036
0.00022056116481580898
0.00019217167724709156
0.00017005656117936548
0.00015247260603644332
0.00013826935354947488
0.00012665578171773784
0.00011707013988096352
0.00010910327285595275
0.00010245109559003753
9.688392784889787e-05
9.222607135735344e-05
8.834185714006785e-05
8.512591468132181e-05
8.249627442850475e-05
8.038942153158247e-05
7.87567274434787e-05
7.756188043171695e-05
7.677906218677222e-05
7.639170241737118e-05
7.797536748204094e-05
7.837075755424475e-05
7.916980430298242e-05
8.038942153194836e-05
8.205596278794124e-05
8.42064925818574e-05
8.689064757099035e-05
9.017325932516902e-05
9.413799670583735e-05
9.889241465214255e-05
0.0001045749946807874
0.00011136507746084553
0.00011949710470804985
0.0001292814654545112
0.00014113579706249914
0.00015563349584632116
0.0001735819824960373
0.00019615556550663202
0.0002251335940928225
0.00026333362741815463
0.0003152789125188271
0.00038738401205949365
0.00048337604428949263
0.0005804053934977279
0.0005550655965688439
3.159087427926576e-05
-0.0017918673004236906
-0.0060951785261491535
-0.013820122019413347
-0.02451036204023361
-0.03548213706395838
-0.0425751260898762
-0.04257512608988317
-0.03548213706396189
-0.024510362040237613
-0.013820122019413003
-0.006095178526151381
-0.0017918673004280574
3.159087427870698e-05
0.0005550655965677013
0.00058040539349902
0.0004833760442898396
0.00038738401206004025
0.0003152789125206808
0.00026333362741929266
0.00022513359409209862
0.00019615556550518196
0.00017358198249739178
0.00015563349584686478
0.00014113579706291233
0.0001292814654532657
0.00011949710470748361
0.00011136507745899797
0.00010457499468010444
9.88924146510148e-05
9.41379967053522e-05
9.01732593264212e-05
8.689064757006353e-05
8.420649258107292e-05
8.205596278812032e-05
8.038942153094344e-05
7.916980430173726e-05
7.837075755436888e-05
7.797536747989489e-05
8.00189525880874e-05
8.042470508604786e-05
8.124469333964114e-05
8.249627442944406e-05
8.420649258164317e-05
8.641338369935353e-05
8.916788532413191e-05
9.253652814274615e-05
9.660517382218997e-05
0.0001014841961217126
0.00010731570590513643
0.0001142837440362078
0.00012262889652752765
0.00013266968715386644
0.00014483469882003926
0.00015971235556254371
0.00017813123920346977
0.00020129643493022354
0.00023103392583659826
0.00027023511442646984
0.00032354179096772155
0.00039753661063820123
0.0004960442738800202
0.0005956159780267304
0.0005696100901648399
3.2410803862686577e-05
-0.001838848320220422
-0.006254962075085744
-0.014182392735860016
-0.025152840977911435
-0.03641220002695324
-0.0436911038867574
-0.043691103886763186
-0.03641220002695318
-0.025152840977917187
-0.014182392735867126
-0.006254962075086563
-0.0018388483202232562
3.241080386204661e-05
0.0005696100901643252
0.0005956159780283349
0.0004960442738802294
0.00039753661063852627
0.000323541790970205
0.0002702351144268359
0.00023103392583514928
0.00020129643492772177
0.00017813123920335484
0.00015971235556356514
0.0001448346988198454
0.00013266968715352353
0.0001226288965273859
0.00011428374403539118
0.0001073157059040991
0.00010148419612021507
9.660517382058937e-05
9.253652814249879e-05
8.916788532183626e-05
8.641338369771293e-05
8.420649258130699e-05
8.249627442825192e-05
8.124469333787318e-05
8.042470508710434e-05
8.001895258600265e-05
8.256962598943003e-05
8.298831221125237e-05
8.383443832475999e-05
8.512591468142917e-05
8.689064756974433e-05
8.9167885323248e-05
9.201018916514693e-05
9.548621051289248e-05
9.968454795447138e-05
0.00010471909352259143
0.00011073648800268127
0.00011792663874551904
0.00012653780068747777
0.00013689865087678779
0.00014945143375531242
0.00016480333001911866
0.00018380933348709303
0.00020771294288884047
0.00023839834681145473
0.0002788491143754213
0.0003338549938077049
0.00041020844107266755
0.0005118559448341663
0.0006146008085198518
0.0005877633932751794
3.343356260878735e-05
-0.0018974885830604152
-0.006454396944561439
-0.014634561691596637
-0.02595475100714885
-0.037573056931367234
-0.045084009559395115
-0.045084009559399424
-0.03757305693136701
-0.025954751007151704
-0.014634561691598272
-0.006454396944562374
-0.0018974885830630199
3.343356260773038e-05
0.0005877633932747523
0.000614600808520953
0.0005118559448337317
0.00041020844107235183
0.00033385499381031005
0.0002788491143750324
0.00023839834680956177
0.00020771294288578904
0.00018380933348610077
0.00016480333002105068
0.00014945143375488747
0.00013689865087755288
0.0001265378006878386
0.00011792663874604329
0.00011073648800158701
0.00010471909352092082
9.968454795210234e-05
9.548621051145274e-05
9.201018916179754e-05
8.916788532075569e-05
8.689064756851073e-05
8.512591467955577e-05
8.383443832173065e-05
8.298831221283223e-05
8.256962598761671e-05
8.568899521295722e-05
8.612349885142663e-05
8.700159049986476e-05
8.834185713969281e-05
9.017325932520026e-05
9.253652814287112e-05
9.548621051284714e-05
9.909355142005447e-05
0.00010345049659582706
0.00010867524077817387
0.00011491996466292902
0.00012238175007723648
0.00013131823073986117
0.00014207050074280752
0.0001550975120350407
0.00017102938395449177
0.00019075341113117798
0.0002155600705243345
0.0002474047337208703
0.00028938368590437674
0.00034646762154328086
0.00042570557189377877
0.0005311929559241398
0.000637818392706229
0.0006099638175660509
3.468340218339264e-05
-0.001969205558611967
-0.006698302461581087
-0.01518755437073085
-0.026935467178289048
-0.03899275459440625
-0.04678749589644636
-0.04678749589644898
-0.038992754594411344
-0.026935467178293336
-0.015187554370735585
-0.006698302461579436
-0.0019692055586142043
3.4683402182071026e-05
0.0006099638175655275
0.0006378183927063944
0.0005311929559227511
0.0004257055718926579
0.00034646762154566817
0.0002893836859031931
0.0002474047337188919
0.00021556007052090097
0.00019075341112961787
0.000171029383957026
0.00015509751203447345
0.00014207050074418356
0.00013131823074056783
0.00012238175007893556
0.00011491996466218675
0.00010867524077647954
0.0001034504965931424
9.909355141786555e-05
9.548621050910734e-05
9.253652814001293e-05
9.01732593234694e-05
8.834185713749046e-05
8.700159049605214e-05
8.612349885327942e-05
8.568899521205607e-05
8.945656830186151e-05
8.991017621242384e-05
9.082687582566277e-05
9.222607135802918e-05
9.413799670522398e-05
9.660517382191171e-05
9.968454795416044e-05
0.00010345049659673134
0.00010799900816182089
0.00011345347419392188
0.0001199727664935611
0.00012776263222159746
0.00013709203279058124
0.00014831705960251728
0.00016191684393720225
0.0001785492104372141
0.00019914046667085853
0.00022503782994452818
0.00025828264674123227
0.0003021073407577183
0.0003617011528417647
0.00044442300210908005
0.0005545481681279876
0.0006658604541257423
0.0006367770035795874
3.6191544744495924e-05
-0.002055828758822366
-0.006992898629164135
-0.01585547141835452
-0.028119995142490466
-0.0407074904105873
-0.04884499532145631
-0.04884499532145793
-0.040707490410581706
-0.028119995142493283
-0.01585547141835339
-0.006992898629163618
-0.0020558287588244043
3.619154474300695e-05
0.0006367770035787541
0.00066586045412488
0.0005545481681257837
0.0004444230021074133
0.00036170115284376756
0.00030210734075601404
0.00025828264673969883
0.0002250378299412541
0.00019914046666941968
0.000178549210440178
0.00016191684393696
0.0001483170596039183
0.00013709203279145505
0.00012776263222375722
0.00011997276649325809
0.00011345347419211667
0.00010799900815904251
0.00010345049659419718
9.968454795040872e-05
9.660517381901416e-05
9.413799670277245e-05
9.22260713553621e-05
9.0826875821058e-05
8.991017621399409e-05
8.94565683021121e-05
9.397455153905803e-05
9.445106883618101e-05
9.541406619836097e-05
9.688392785205443e-05
9.889241465302637e-05
0.00010148419612242642
0.00010471909352269405
0.00010867524077954845
0.0001134534741937479
0.00011918341719657189
0.00012603196540477194
0.0001342152572441953
0.00014401583803235564
0.00015580778359747577
0.00017009442380386296
0.00018756680685912195
0.00020919802375539507
0.00023640333354464925
0.0002713271818788989
0.00031736524662440797
0.00037996884357405957
0.000466868496529074
0.000582555144159699
0.0006994876327018604
0.0006689300321930155
3.799800559986561e-05
-0.002159710285905752
-0.0073461817693681476
-0.016656440062227818
-0.0295404808991346
-0.04276379770691428
-0.05131234199219023
-0.05131234199218712
-0.04276379770691528
-0.029540480899138404
-0.01665644006223096
-0.007346181769365349
-0.0021597102859070858
3.7998005598548546e-05
0.0006689300321916353
0.0006994876326998189
0.00058255514415647
0.0004668684965269313
0.00037996884357571677
0.00031736524662245
0.00027132718187824367
0.0002364033335416389
0.0002091980237544979
0.00018756680686193988
0.00017009442380415394
0.0001558077835980651
0.00014401583803300475
0.0001342152572457205
0.0001260319654048135
0.00011918341719457668
0.00011345347419131597
0.00010867524077729944
0.00010471909351974235
0.00010148419612026721
9.889241465021725e-05
9.688392784915395e-05
9.541406619333366e-05
9.445106883712698e-05
9.39745515403617e-05
9.93745398098399e-05
9.987843888871757e-05
0.00010089677229764939
0.00010245109559165928
0.00010457499468127611
0.00010731570590522576
0.00011073648800257626
0.00011491996466491189
0.00011997276649476
0.00012603196540739086
0.0001332740472585411
0.0001419275703381609
0.00015229131574205987
0.00016476085467750841
0.00017986843968816673
0.0001983448285222034
0.00022121902876730758
0.00024998762451516963
0.0002869182879061067
0.0003356018218010137
0.0004018027785465605
0.0004936958237941771
0.0006160296195071706
0.000739679266980671
0.0007073589862691908
4.0154116324257046e-05
-0.002283879035368564
-0.007768448446232158
-0.01761380157488031
-0.031238316371090653
-0.04522159352485081
-0.0542614286655089
-0.05426142866551106
-0.04522159352484621
-0.03123831637109383
-0.017613801574882938
-0.00776844844623018
-0.0022838790353694833
4.015411632327942e-05
0.0007073589862673249
0.000739679266978015
0.0006160296195033519
0.0004936958237919105
0.00040180277854789075
0.0003356018217988737
0.00028691828790622213
0.00024998762451248607
0.0002212190287672827
0.0001983448285244973
0.0001798684396891516
0.00016476085467693216
0.0001522913157423578
0.00014192757033833184
0.0001332740472587163
0.00012603196540489082
0.00011997276649253029
0.00011491996466280702
0.00011073648800036954
0.00010731570590397056
0.00010457499467817647
0.00010245109558865651
0.00010089677229261181
9.987843888922975e-05
9.937453981180496e-05
0.00010582695524481172
0.00010636357266413135
0.00010744802681198425
0.00010910327285776889
0.00011136507745981736
0.00011428374403488354
0.00011792663874457439
0.00012238175007852912
0.00012776263222195574
0.00013421525724572779
0.00014192757033586369
0.00015114297021640255
0.00016217963803906286
0.00017545882973964594
0.00019154735744414473
0.00021122342766179955
0.00023558286250219068
0.00026621942105918973
0.00030554801840005513
0.00035739261141135004
0.000427892035692105
0.0005257516480128311
0.0006560280084988196
0.0007877036230665576
0.000753276038800416
4.272605191736584e-05
-0.0024322583223330683
-0.008273034771604008
-0.018757786815523494
-0.03326711035731031
-0.04815847896344614
-0.05778536641060986
-0.05778536641060877
-0.04815847896343787
-0.03326711035731525
-0.018757786815526648
-0.008273034771601361
-0.0024322583223337427
4.2726051916931987e-05
0.0007532760387985015
0.0007877036230641316
0.0006560280084949288
0.0005257516480109312
0.00042789203569349463
0.0003573926114091503
0.00030554801840063496
0.0002662194210566167
0.00023558286250274432
0.00021122342766303207
0.00019154735744549071
0.00017545882973765779
0.0001621796380387975
0.0001511429702149012
0.00014192757033608546
0.00013421525724285676
0.00012776263222024302
0.00012238175007663884
0.00011792663874322647
0.0001142837440344963
0.0001113650774566043
0.00010910327285462888
0.00010744802680715366
0.0001063635726641773
0.00010582695524698511
0.00011355458086487281
0.00011413038285499657
0.00011529402539600954
0.00011707013988212822
0.00011949710470816855
0.0001226288965272662
0.000126537800687728
0.0001313182307419224
0.00013709203279179392
0.00014401583803506967
0.00015229131574118183
0.00016217963804086784
0.00017402222025691548
0.00018827107923511397
0.00020553441685105677
0.00022664726589758036
0.0002527854679047082
0.00028565916220773234
0.00032785960729267915
0.0003834899933997101
0.00045913740813622954
0.0005641427645962862
0.0007039312925501126
0.0008452185874172421
0.0008082656278708253
4.579983007940353e-05
-0.0026099780686899537
-0.008877376758041738
-0.02012791923787004
-0.035696949246667414
-0.05167590630245405
-0.06200588409991745
-0.06200588409991369
-0.051675906302448116
-0.03569694924666972
-0.02012791923787073
-0.008877376758039868
-0.002609978068690763
4.579983007980582e-05
0.0008082656278692896
0.000845218587415495
0.0007039312925466311
0.0005641427645946993
0.00045913740813772173
0.0003834899933974896
0.0003278596072933354
0.00028565916220530746
0.0002527854679054902
0.00022664726589763525
0.00020553441685237047
0.00018827107923192533
0.0001740222202561426
0.00016217963803787092
0.00015229131574120817
0.0001440158380317012
0.00013709203279030547
0.00013131823073981707
0.0001265378006868745
0.00012262889652754763
0.00011949710470528344
0.00011707013987938774
0.00011529402539200276
0.00011413038285501827
0.00011355458086702625
0.0001228523701610005
0.0001234753185814633
0.00012473423969787991
0.00012665578171949077
0.00012928146545428736
0.00013266968715378068
0.00013689865087797146
0.00014207050074582496
0.00014831705960474488
0.00015580778360076223
0.00016476085467685366
0.00017545882974076836
0.00018827107923420373
0.0002036866312202762
0.00022236348731899955
0.00024520505317019467
0.00027348344895474695
0.0003090488417380047
0.0003547046649996161
0.00041489007989852866
0.0004967315027069538
0.0006103345152940044
0.0007615678079481186
0.0009144190438183522
0.000874425193943031
4.948852048893895e-05
-0.0028238320256657127
-0.009604562937449518
-0.0217765332149152
-0.038620635030878224
-0.05590820795595837
-0.06708416150422936
-0.067084161504229
-0.05590820795595539
-0.03862063503088607
-0.021776533214919153
-0.009604562937447225
-0.002823832025666424
4.9488520489763104e-05
0.0008744251939422172
0.0009144190438174717
0.0007615678079453746
0.0006103345152927128
0.0004967315027086067
0.0004148900798962796
0.0003547046650000716
0.0003090488417358087
0.00027348344895516144
0.00024520505316905116
0.00022236348731961147
0.00020368663121591324
0.00018827107923275252
0.00017545882973655263
0.00016476085467669488
0.00015580778359727663
0.0001483170596036931
0.00014207050074349154
0.0001368986508773477
0.00013266968715427757
0.00012928146545165036
0.00012665578171704655
0.00012473423969451618
0.0001234753185812368
0.00012285237016280032
0.00013411719151926608
0.00013479726064297316
0.000136171617419066
0.00013826935354831744
0.00014113579706148886
0.00014483469881868498
0.00014945143375483147
0.00015509751203617288
0.00016191684393832026
0.0001700944238070851
0.0001798684396894066
0.00019154735744776358
0.00020553441685363283
0.0002223634873227344
0.00024275290592766112
0.0002676889162438281
0.0002985602860546173
0.00033738683487322303
0.000387229059704202
0.0004529331712398965
0.0005422790098137726
0.0006662985602307569
0.000831397610493699
0.0009982581437800696
0.0009545764299035628
5.394286504535138e-05
-0.0030829648017104594
-0.010485666678783806
-0.023774058690331137
-0.042163054565086525
-0.061036157259808224
-0.07323709956509236
-0.07323709956508737
-0.061036157259807496
-0.04216305456508755
-0.023774058690332694
-0.010485666678781065
-0.0030829648017111078
5.3942865045845834e-05
0.0009545764299031321
0.0009982581437796487
0.0008313976104916019
0.0006662985602295596
0.0005422790098154884
0.00045293317123775654
0.0003872290597043604
0.0003373868348713237
0.0002985602860541545
0.00026768891624173166
0.00024275290592728035
0.0002223634873176053
0.0002055344168518621
0.00019154735744291595
0.0001798684396891571
0.00017009442380366867
0.00016191684393747685
0.00015509751203344796
0.00014945143375419157
0.00014483469881930883
0.0001411357970594245
0.000138269353546727
0.00013617161741675868
0.00013479726064285209
0.00013411719152049684
0.0001478939264083617
0.0001486438534589184
0.0001501593866469062
0.00015247260603486957
0.00015563349584414777
0.00015971235556058814
0.00016480333001818274
0.0001710293839553359
0.00017854921043799566
0.00018756680686145313
0.00019834482852271242
0.00021122342766374222
0.00022664726589851763
0.00024520505317223676
0.0002676889162425166
0.0002951864087384279
0.00032922895750520765
0.00037204386577255886
0.00042700601754107066
0.0004994594413969421
0.0005979831000634483
0.0007347418972533679
0.0009167982015106861
0.0011007902069492732
0.0010525925778763663
5.936744478096719e-05
-0.0033999373208238055
-0.011563362225257612
-0.02621721374230039
-0.04649570359834436
-0.06730798953814378
-0.08076254121358822
-0.08076254121358101
-0.06730798953813483
-0.046495703598347815
-0.026217213742304263
-0.01156336222525724
-0.0033999373208248814
5.936744478139566e-05
0.0010525925778765775
0.0011007902069491685
0.0009167982015091827
0.0007347418972520811
0.0005979831000648202
0.000499459441394559
0.00042700601754059697
0.0003720438657708765
0.00032922895750349336
0.00029518640873574936
0.00026768891624104796
0.0002452050531664774
0.00022664726589639362
0.0002112234276583539
0.00019834482852226862
0.00018756680685817106
0.0001785492104371942
0.00017102938395218548
0.00016480333001743296
0.0001597123555612097
0.00015563349584269844
0.00015247260603414598
0.00015015938664556
0.0001486438534587626
0.0001478939264088115
0.00016494984264815764
0.00016578625546826638
0.00016747656840215527
0.00017005656117805067
0.00017358198249606288
0.00017813123920328613
0.00018380933348671486
0.00019075341113223418
0.0001991404666716642
0.00020919802375777644
0.0002212190287687566
0.00023558286250509807
0.0002527854679068707
0.0002734834489578774
0.0002985602860540333
0.00032922895750502317
0.00036719750620865354
0.00041495010652149093
0.00047625086335551436
0.0005570601178899443
0.0006669461544460131
0.0008194763635453358
0.0010225255360568214
0.0012277240365692786
0.0011739267857810575
6.604770947157509e-05
-0.0037924432380477668
-0.012897752751814191
-0.029242210498564444
-0.05186009987863185
-0.07507328939786855
-0.0900799293110594
-0.09007992931104666
-0.07507328939786442
-0.05186009987863856
-0.02924221049856348
-0.012897752751814167
-0.0037924432380493367
6.604770947111817e-05
0.0011739267857812038
0.0012277240365685936
0.001022525536055249
0.0008194763635436375
0.0006669461544467327
0.0005570601178873468
0.00047625086335478643
0.00041495010652017455
0.00036719750620606273
0.00032922895750209225
0.0002985602860516791
0.00027348344895175537
0.0002527854679046371
0.00023558286249952907
0.00022121902876841618
0.00020919802375486002
0.00019914046667100408
0.00019075341112897816
0.00018380933348597503
0.00017813123920385363
0.00017358198249513626
0.00017005656117802817
0.000167476568401719
0.00016578625546787582
0.00016494984264782262
0.00018640085049533727
0.00018734603543328745
0.00018925616676384834
0.0001921716772462789
0.0001961555655041175
0.0002012964349283984
0.00020771294288661019
0.00021556007052420687
0.00022503782994441414
0.00023640333354592563
0.0002499876245155528
0.00026621942106050145
0.00028565916220816656
0.0003090488417395122
0.0003373868348716814
0.00037204386577190216
0.00041495010652172555
0.00046891279758441435
0.0005381855666512247
0.0006295038896669488
0.0007536803023640666
0.0009260459878238625
0.0011554970230653158
0.0013873638200238114
0.0013265146443988017
7.441278159668423e-05
-0.004286178953264461
-0.014576167271425529
-0.03304699068978504
-0.05860723462659033
-0.08484011275486175
-0.10179885261579075
-0.10179885261578643
-0.08484011275485656
-0.058607234626594396
-0.033046990689788
-0.01457616727142775
-0.004286178953266729
7.441278159494181e-05
0.0013265146443981126
0.0013873638200219826
0.0011554970230630967
0.0009260459878219654
0.0007536803023642276
0.0006295038896643077
0.0005381855666505574
0.0004689127975837637
0.00041495010651894425
0.0003720438657692881
0.0003373868348690139
0.0003090488417337525
0.0002856591622060431
0.00026621942105511834
0.00024998762451538083
0.00023640333354334886
0.000225037829943841
0.00021556007052104457
0.00020771294288597793
0.00020129643492866758
0.0001961555655034952
0.00019217167724649048
0.00018925616676409353
0.0001873460354321692
0.00018640085049459205
0.0002139378122316807
0.0002150226295902947
0.00021721494514029271
0.0002205611648158779
0.00022513359409112772
0.00023103392583534438
0.00023839834680847247
0.0002474047337196703
0.00025828264674016466
0.0002713271818794824
0.00028691828790695115
0.0003055480184026048
0.0003278596072950544
0.00035470466500319483
0.0003872290597046592
0.0004270060175416347
0.00047625086335607744
0.0005381855666512725
0.0006176921723629909
0.0007225012351556097
0.0008650226474956207
0.00106285216527221
0.0013261983588435827
0.0015923095554916545
0.0015224411119147496
8.529626512821404e-05
-0.004919606450873599
-0.016729882438205675
-0.03792950691568031
-0.06726576101354911
-0.09737391320913144
-0.1168378582520878
-0.11683785825208891
-0.09737391320913585
-0.06726576101355
-0.03792950691567987
-0.01672988243820754
-0.004919606450876459
8.529626512523156e-05
0.0015224411119132216
0.0015923095554885966
0.0013261983588405872
0.0010628521652700105
0.0008650226474951086
0.0007225012351529633
0.0006176921723626823
0.0005381855666515157
0.0004762508633540593
0.00042700601753957153
0.000387229059702302
0.0003547046649983809
0.00032785960729331287
0.00030554801839793833
0.0002869182879072997
0.0002713271818774982
0.00025828264674005255
0.0002474047337171686
0.0002383983468083003
0.00023103392583547074
0.0002251335940909414
0.00022056116481630414
0.00021721494514106033
0.00021502262958814604
0.0002139378122309162
0.00025023817055197463
0.00025150705724168106
0.00025407135990491926
0.0002579853585730738
0.0002633336274170573
0.00027023511442611145
0.0002788491143732523
0.00028938368590376157
0.0003021073407572462
0.00031736524662425765
0.00033560182180042886
0.0003573926114111012
0.00038348999339891417
0.000414890079898538
0.0004529331712374323
0.0004994594413948508
0.0005570601178878918
0.0006295038896650271
0.0007225012351538469
0.0008450946221338773
0.0010118005463892424
0.0012432045285033911
0.0015512645170611718
0.0018626429248938992
0.0017813021616784053
0.00010140475349447628
-0.005750059954592198
-0.019558924830646404
-0.04434682504168028
-0.07864915203101076
-0.11385437798650128
-0.1366135269816764
-0.1366135269816754
-0.11385437798650856
-0.0786491520310165
-0.044346825041682206
-0.019558924830652673
-0.005750059954595927
0.00010140475349074023
0.0017813021616762056
0.0018626429248901795
0.0015512645170579166
0.0012432045285014012
0.0010118005463882174
0.0008450946221314614
0.0007225012351536927
0.0006295038896662606
0.0005570601178870308
0.0004994594413937014
0.0004529331712360015
0.00041489007989553166
0.000383489993397796
0.0003573926114077074
0.0003356018218012859
0.00031736524662296457
0.0003021073407575772
0.00028938368590213033
0.0002788491143735011
0.0002702351144260193
0.0002633336274170804
0.00025798535857360144
0.0002540713599057787
0.00025150705723853313
0.00025023817055143264
0.0002996002382715696
0.00030111942626828513
0.0003041895647364275
0.0003088756410357993
0.00031527891251871706
0.0003235417909688541
0.0003338549938072874
0.0003464676215441372
0.0003617011528434009
0.0003799688435755762
0.0004018027785484987
0.0004278920356944508
0.0004591374081387952
0.0004967315027102616
0.0005422790098150198
0.0005979831000645241
0.0006669461544460643
0.0007536803023640358
0.0008650226474950541
0.00101180054638982
0.0012114010045519703
0.0014885057961260355
0.0018575836774198137
0.0022313703448996218
0.002137278856941686
0.00013529313661890375
-0.006848465182249791
-0.02333803614644282
-0.05294570962309819
-0.09392390125198183
-0.13598438996769233
-0.1631765344296089
-0.1631765344296052
-0.13598438996769735
-0.09392390125199146
-0.052945709623101384
-0.023338036146448776
-0.006848465182253552
0.0001352931366146262
0.0021372788569391453
0.0022313703448955157
0.0018575836774166648
0.0014885057961243216
0.0012114010045506459
0.0010118005463877972
0.0008650226474949737
0.0007536803023658742
0.0006669461544463954
0.0005979831000640227
0.0005422790098147449
0.0004967315027091515
0.00045913740813834466
0.0004278920356925059
0.0004018027785498935
0.0003799688435750961
0.0003617011528442289
0.00034646762154328953
0.0003338549938077328
0.0003235417909684135
0.0003152789125187078
0.0003088756410365394
0.00030418956473715945
0.0003011194262646333
0.0002996002382711436
0.00036811962207690364
0.0003699862488378928
0.0003737585288031488
0.00037951631170245095
0.00038738401205843634
0.0003975366106374913
0.00041020844107039203
0.00042570557189189687
0.0004444230021086412
0.0004668684965278722
0.000493695823794111
0.0005257516480126332
0.0005641427645964902
0.0006103345152943132
0.0006662985602292938
0.0007347418972514522
0.000819476363542251
0.0009260459878211624
0.0010628521652691065
0.0012432045285017252
0.0014885057961247106
0.0018292876154590329
0.0022842104814534718
0.002749185409780126
0.0026526327042812377
0.00024636275945205774
-0.008208396346454282
-0.028221830065548438
-0.06420251830498344
-0.11403772422117386
-0.1652113100357317
-0.19830275871668562
-0.1983027587166861
-0.16521131003573844
-0.11403772422117864
-0.06420251830498715
-0.02822183006555478
-0.008208396346458546
0.0002463627594477591
0.0026526327042786595
0.002749185409776329
0.002284210481450731
0.001829287615457732
0.001488505796123161
0.001243204528500452
0.001062852165269037
0.0009260459878235843
0.0008194763635434568
0.000734741897251641
0.0006662985602300082
0.0006103345152949189
0.0005641427645965011
0.0005257516480120783
0.0004936958237957477
0.0004668684965281793
0.0004444230021096199
0.0004257055718915616
0.0004102084410706946
0.0003975366106367822
0.0003873840120582549
0.00037951631170374457
0.00037375852880373915
0.0003699862488345956
0.000368119622076312
0.00045933826467751536
0.00046166741112972805
0.0004663743998208424
0.00047355886429865235
0.00048337604428897314
0.0004960442738793441
0.0005118559448316818
0.0005311929559209958
0.0005545481681259545
0.0005825551441561407
0.0006160296195050358
0.0006560280084964374
0.0007039312925485845
0.0007615678079471442
0.0008313976104918905
0.0009167982015087543
0.0010225255360539797
0.0011554970230628434
0.001326198358840331
0.0015512645170587844
0.0018575836774179359
0.0022842104814525845
0.0028585587727243573
0.0034654047619273693
0.0034340245771780397
0.0006818334862412711
-0.009278761269736164
-0.033097706264454095
-0.07613787364471554
-0.13592469033996338
-0.197422741558176
-0.23722713729906375
-0.23722713729906286
-0.197422741558186
-0.13592469033996746
-0.07613787364472051
-0.03309770626445996
-0.009278761269740426
0.0006818334862373251
0.0034340245771756856
0.0034654047619239394
0.002858558772722397
0.002284210481451634
0.0018575836774164987
0.0015512645170581967
0.001326198358840213
0.0011554970230652
0.0010225255360555713
0.0009167982015091561
0.0008313976104933457
0.0007615678079486395
0.0007039312925490428
0.0006560280084967543
0.0006160296195067776
0.0005825551441569071
0.0005545481681268883
0.0005311929559206506
0.0005118559448316965
0.0004960442738784086
0.00048337604428888966
0.000473558864300832
0.0004663743998218456
0.00046166741112760697
0.0004593382646766267
0.0005515434460107843
0.0005543400363098482
0.000559991682385855
0.0005686180067468463
0.0005804053934977522
0.0005956159780267909
0.0006146008085186844
0.000637818392704301
0.0006658604541248045
0.0006994876326990073
0.0007396792669790509
0.0007877036230643345
0.0008452185874156574
0.0009144190438173312
0.000998258143778526
0.0011007902069472644
0.0012277240365663072
0.0013873638200207756
0.0015923095554876213
0.0018626429248899618
0.0022313703448964446
0.0027491854097776696
0.0034654047619258415
0.004299911659081371
0.004616188035447366
0.002306204098625649
-0.007312628109291303
-0.031328664846929644
-0.07563267748251018
-0.13789604758968577
-0.2023782543235441
-0.244265359212531
-0.244265359212523
-0.20237825432355688
-0.13789604758969304
-0.07563267748251692
-0.03132866484693548
-0.007312628109296624
0.002306204098622084
0.004616188035445142
0.0042999116590786025
0.0034654047619244854
0.0027491854097771084
0.002231370344895088
0.0018626429248900563
0.0015923095554873723
0.0013873638200230074
0.00122772403656792
0.001100790206947932
0.0009982581437804013
0.0009144190438193178
0.0008452185874165022
0.0007877036230652399
0.000739679266980643
0.0006994876326999548
0.0006658604541255058
0.0006378183927038998
0.0006146008085185941
0.0005956159780258444
0.0005804053934979159
0.0005686180067496954
0.0005599916823874127
0.0005543400363090019
0.0005515434460095312
0.0005274672452539612
0.0005301414162702154
0.000535545653131161
0.0005437943179423731
0.0005550655965687048
0.0005696100901653616
0.0005877633932745626
0.0006099638175649966
0.0006367770035787266
0.0006689300321905049
0.0007073589862672542
0.0007532760387980548
0.000808265627868429
0.0008744251939418275
0.0009545764299019272
0.0010525925778748803
0.0011739267857790545
0.0013265146443969815
0.0015224411119118893
0.001781302161675333
0.0021372788569392117
0.0026526327042788993
0.003434024577175854
0.004616188035445794
0.0062034179000188434
0.007605759433961573
0.006909924481819093
0.0005963134747243915
-0.014971781235174947
-0.03990028988498448
-0.06754271204682823
-0.08612678122838366
-0.0861267812283893
-0.06754271204683437
-0.039900289884992446
-0.014971781235181576
0.0005963134747177629
0.006909924481814135
0.007605759433958246
0.00620341790001664
0.004616188035443012
0.00343402457717502
0.0026526327042783347
0.002137278856938412
0.001781302161675879
0.0015224411119119903
0.0013265146443989558
0.0011739267857809022
0.0010525925778756154
0.000954576429904356
0.0008744251939438892
0.0008082656278701245
0.000753276038799283
0.0007073589862691788
0.0006689300321913206
0.0006367770035795922
0.0006099638175642926
0.000587763393274681
0.000569610090164138
0.0005550655965695114
0.0005437943179455299
0.0005355456531338499
0.000530141416270458
0.0005274672452527041
3.0033857827509237e-05
3.0184794330220687e-05
3.048977792149542e-05
3.095516997810728e-05
3.1590874278123903e-05
3.2410803862102585e-05
3.343356260655321e-05
3.4683402180654285e-05
3.619154474101482e-05
3.7998005594987945e-05
4.015411631942364e-05
4.272605191209269e-05
4.579983007355868e-05
4.948852048441164e-05
5.394286504011952e-05
5.936744477549172e-05
6.604770946520993e-05
7.441278159015088e-05
8.529626512020744e-05
0.00010140475348610387
0.00013529313661119909
0.0002463627594442552
0.0006818334862337832
0.0023062040986182386
0.007605759433956009
0.022332229136606388
0.056786335445969977
0.12400211433296329
0.23188987946287748
0.3709855268040381
0.507541367627037
0.5936693032434321
0.5936693032434405
0.5075413676270274
0.3709855268040344
0.23188987946287032
0.12400211433295813
0.05678633544596441
0.022332229136603977
0.007605759433954036
0.0023062040986160633
0.0006818334862332199
0.00024636275944384296
0.00013529313661091137
0.00010140475348703216
8.529626512104279e-05
7.441278159223637e-05
6.604770946749952e-05
5.936744477672289e-05
5.39428650431508e-05
4.948852048696632e-05
4.579983007594736e-05
4.2726051913875654e-05
4.015411632148682e-05
3.799800559595064e-05
3.619154474219143e-05
3.4683402180254106e-05
3.343356260713991e-05
3.241080386097099e-05
3.1590874279796265e-05
3.095516998116935e-05
3.0489777925147936e-05
3.0184794330981546e-05
3.0033857826511825e-05
-0.0017027245510187424
-0.0017113618857967665
-0.0017288172505441355
-0.0017554603624542896
-0.0017918673004286942
-0.0018388483202229542
-0.0018974885830650532
-0.0019692055586155886
-0.002055828758828135
-0.0021597102859112448
-0.0022838790353756884
-0.0024322583223400857
-0.002609978068699884
-0.0028238320256738056
-0.003082964801721403
-0.0033999373208351297
-0.003792443238061112
-0.004286178953278079
-0.004919606450889319
-0.00575005995460871
-0.006848465182266421
-0.00820839634647216
-0.009278761269755688
-0.007312628109313423
0.00690992448179613
0.056786335445948855
0.18717537836676673
0.4586328150165987
0.9130924499697645
1.515773128103618
2.1183904678340584
2.5024405751303282
2.5024405751303362
2.1183904678340575
1.5157731281036226
0.9130924499697654
0.4586328150165982
0.18717537836676623
0.05678633544594947
0.006909924481796169
-0.007312628109314435
-0.009278761269754838
-0.008208396346471832
-0.006848465182264972
-0.005750059954607171
-0.004919606450887173
-0.004286178953275639
-0.003792443238057662
-0.003399937320833381
-0.0030829648017171073
-0.002823832025670806
-0.00260997806869583
-0.0024322583223378405
-0.0022838790353720633
-0.0021597102859104516
-0.002055828758825439
-0.001969205558615838
-0.0018974885830633707
-0.0018388483202246343
-0.0017918673004258942
-0.0017554603624519308
-0.001728817250539532
-0.0017113618857957187
-0.0017027245510193253
-0.005791997992453043
-0.005821374378747673
-0.005880741565601288
-0.005971356685232584
-0.006095178526155494
-0.006254962075091066
-0.0064543969445706615
-0.006698302461589104
-0.0069928986291763655
-0.007346181769380001
-0.007768448446246908
-0.0082730347716194
-0.008877376758060192
-0.009604562937467078
-0.010485666678804104
-0.01156336222528016
-0.01289775275183803
-0.014576167271452872
-0.01672988243823479
-0.0195589248306798
-0.023338036146477618
-0.028221830065588517
-0.03309770626449822
-0.03132866484698048
0.0005963134746667185
0.12400211433290172
0.45863281501655045
1.168737037570902
2.371389558985517
3.978160274667102
5.592304733475405
6.623693147472505
6.623693147472515
5.592304733475416
3.978160274667128
2.371389558985535
1.168737037570919
0.4586328150165627
0.12400211433290986
0.0005963134746730537
-0.03132866484697713
-0.03309770626449254
-0.028221830065584912
-0.02333803614647275
-0.019558924830675957
-0.016729882438230335
-0.014576167271447362
-0.012897752751832522
-0.011563362225275814
-0.010485666678798286
-0.009604562937461023
-0.008877376758055186
-0.00827303477161502
-0.007768448446243513
-0.0073461817693774335
-0.006992898629172399
-0.006698302461588144
-0.006454396944568034
-0.006254962075092223
-0.006095178526151554
-0.005971356685230325
-0.005880741565595827
-0.005821374378747421
-0.005791997992453071
-0.013132730107132515
-0.013199334460190337
-0.013333936098493596
-0.01353938504583738
-0.013820122019425986
-0.014182392735873819
-0.014634561691614013
-0.015187554370749451
-0.015855471418375216
-0.016656440062250408
-0.01761380157490754
-0.01875778681555236
-0.020127919237902026
-0.021776533214950815
-0.02377405869036822
-0.026217213742343114
-0.029242210498608017
-0.03304699068983648
-0.03792950691573313
-0.04434682504174012
-0.05294570962316529
-0.06420251830505994
-0.07613787364480476
-0.07563267748261362
-0.014971781235298078
0.23188987946273643
0.9130924499696235
2.3713895589854133
4.854105807776658
8.182037271189309
11.532163472159759
13.675248451149841
13.675248451149859
11.532163472159795
8.182037271189378
4.85410580777671
2.3713895589854594
0.9130924499696625
0.23188987946276218
-0.014971781235277813
-0.07563267748260077
-0.07613787364478913
-0.06420251830504997
-0.05294570962315388
-0.04434682504173064
-0.0379295069157229
-0.03304699068982682
-0.029242210498597994
-0.02621721374233471
-0.023774058690359635
-0.021776533214940767
-0.02012791923789304
-0.01875778681554611
-0.01761380157490088
-0.016656440062246335
-0.015855471418369436
-0.015187554370745832
-0.01463456169160959
-0.014182392735875068
-0.013820122019421748
-0.013539385045835099
-0.013333936098489419
-0.013199334460188894
-0.013132730107132607
-0.02329128527198876
-0.023409407008446723
-0.023648120722449963
-0.0240124806704377
-0.024510362040252753
-0.025152840977932193
-0.02595475100717321
-0.026935467178316325
-0.028119995142523724
-0.029540480899170246
-0.031238316371130476
-0.033267110357356064
-0.0356969492467187
-0.03862063503093467
-0.04216305456514819
-0.04649570359841235
-0.05186009987870774
-0.05860723462667049
-0.06726576101363885
-0.078649152031113
-0.09392390125209577
-0.1140377242213013
-0.13592469034010707
-0.13789604758985913
-0.03990028988518912
0.3709855268037928
1.5157731281033473
3.978160274666837
8.182037271189118
13.827006940317649
19.51587611690966
23.157278416408943
23.157278416408985
19.515876116909713
13.82700694031779
8.182037271189223
3.978160274666932
1.5157731281034232
0.3709855268038467
-0.0399002898851506
-0.13789604758982846
-0.13592469034008206
-0.11403772422127778
-0.09392390125207362
-0.07864915203109482
-0.06726576101362176
-0.05860723462665348
-0.051860099878691834
-0.046495703598397914
-0.04216305456513322
-0.038620635030920114
-0.035696949246707285
-0.033267110357344795
-0.031238316371121143
-0.029540480899163207
-0.028119995142514804
-0.026935467178310794
-0.025954751007166037
-0.025152840977932134
-0.02451036204024596
-0.02401248067043598
-0.02364812072244489
-0.023409407008445206
-0.02329128527198756
-0.03371737956482952
-0.03388837484085744
-0.03423394128155872
-0.03476139535706792
-0.03548213706398173
-0.0364122000269782
-0.037573056931400166
-0.03899275459444816
-0.040707490410629925
-0.04276379770696629
-0.045221593524899836
-0.048158478963505856
-0.05167590630252086
-0.055908207956036265
-0.06103615725989195
-0.06730798953823428
-0.07507328939796916
-0.0848401127549748
-0.09737391320925708
-0.11385437798664425
-0.13598438996784823
-0.1652113100359121
-0.19742274155838327
-0.2023782543237869
-0.06754271204712048
0.5075413676266867
2.1183904678336454
5.592304733474954
11.532163472159347
19.515876116909403
27.566499978162128
32.721353412145646
32.721353412145746
27.56649997816225
19.515876116909585
11.532163472159501
5.5923047334751
2.1183904678337595
0.5075413676267687
-0.06754271204705863
-0.20237825432373996
-0.19742274155833942
-0.1652113100358774
-0.13598438996781645
-0.11385437798661616
-0.09737391320923114
-0.08484011275494976
-0.075073289397946
-0.0673079895382127
-0.06103615725987312
-0.05590820795601577
-0.05167590630250608
-0.04815847896349082
-0.04522159352488882
-0.04276379770695577
-0.04070749041061904
-0.038992754594439974
-0.03757305693139339
-0.0364122000269747
-0.035482137063974156
-0.03476139535706625
-0.03423394128155344
-0.033888374840854586
-0.0337173795648275
-0.04045760142907412
-0.04066277796473884
-0.04107742168733916
-0.04171031150886747
-0.04257512608990108
-0.04369110388679166
-0.04508400955943559
-0.046787495896496514
-0.048844995321508454
-0.05131234199224886
-0.054261428665576164
-0.057785366410684616
-0.06200588409999783
-0.06708416150431898
-0.0732370995651864
-0.08076254121370069
-0.09007992931117051
-0.10179885261592786
-0.11683785825223669
-0.13661352698184165
-0.16317653442979388
-0.19830275871689768
-0.23722713729930567
-0.2442653592128136
-0.0861267812287326
0.5936693032430119
2.502440575129817
6.62369314747191
13.675248451149224
23.157278416408374
32.72135341214531
38.84618992307095
38.846189923071044
32.721353412145454
23.15727841640864
13.67524845114941
6.623693147472081
2.502440575129963
0.5936693032431113
-0.08612678122865987
-0.24426535921275178
-0.23722713729925154
-0.19830275871685485
-0.16317653442975277
-0.1366135269818084
-0.11683785825220698
-0.1017988526158975
-0.09007992931114431
-0.08076254121367533
-0.07323709956516693
-0.06708416150429675
-0.062005884099982124
-0.05778536641066492
-0.05426142866556251
-0.051312341992235416
-0.04884499532149997
-0.04678749589648305
-0.045084009559424335
-0.043691103886789345
-0.04257512608989327
-0.04171031150886347
-0.04107742168733561
-0.040662777964734866
-0.04045760142907298
-0.04045760142907276
-0.04066277796474126
-0.04107742168733865
-0.04171031150886842
-0.042575126089899884
-0.043691103886792246
-0.04508400955943494
-0.04678749589649446
-0.04884499532150946
-0.05131234199224679
-0.05426142866557581
-0.05778536641068123
-0.062005884099999235
-0.06708416150431742
-0.07323709956518701
-0.08076254121369918
-0.09007992931117023
-0.10179885261592395
-0.11683785825223342
-0.13661352698184004
-0.16317653442979047
-0.19830275871689346
-0.23722713729930153
-0.24426535921281115
-0.08612678122873092
0.5936693032430103
2.502440575129805
6.623693147471862
13.675248451149114
23.157278416408246
32.72135341214509
38.84618992307063
38.84618992307071
32.72135341214521
23.157278416408488
13.675248451149308
6.6236931474720375
2.502440575129944
0.5936693032431106
-0.08612678122865716
-0.24426535921274742
-0.23722713729924774
-0.19830275871684933
-0.16317653442975164
-0.13661352698180473
-0.11683785825220228
-0.10179885261589525
-0.09007992931114253
-0.08076254121367449
-0.07323709956516469
-0.06708416150429847
-0.062005884099979924
-0.057785366410668636
-0.054261428665560135
-0.05131234199223641
-0.048844995321498254
-0.046787495896485426
-0.04508400955942388
-0.043691103886788825
-0.04257512608989272
-0.041710311508864215
-0.04107742168733608
-0.040662777964734706
-0.04045760142907441
-0.03371737956482911
-0.03388837484085582
-0.03423394128155733
-0.03476139535706733
-0.035482137063978375
-0.03641220002697793
-0.037573056931398036
-0.038992754594446906
-0.04070749041062546
-0.04276379770696385
-0.04522159352489608
-0.04815847896350331
-0.05167590630251557
-0.05590820795603349
-0.06103615725988634
-0.06730798953823083
-0.0750732893979649
-0.08484011275497036
-0.09737391320925104
-0.11385437798663857
-0.13598438996784384
-0.16521131003590517
-0.1974227415583772
-0.2023782543237792
-0.06754271204711551
0.5075413676266785
2.1183904678335965
5.592304733474819
11.53216347215906
19.515876116908892
27.566499978161424
32.72135341214479
32.72135341214489
27.566499978161517
19.515876116909112
11.53216347215923
5.592304733474965
2.118390467833713
0.5075413676267614
-0.06754271204705317
-0.20237825432373024
-0.1974227415583327
-0.16521131003586947
-0.13598438996781143
-0.11385437798660952
-0.09737391320922731
-0.08484011275494532
-0.07507328939794257
-0.06730798953820932
-0.061036157259870605
-0.05590820795601589
-0.05167590630250572
-0.048158478963490424
-0.04522159352488792
-0.04276379770695368
-0.04070749041061783
-0.03899275459443896
-0.037573056931391305
-0.036412200026972756
-0.035482137063971825
-0.034761395357067154
-0.03423394128155287
-0.03388837484085394
-0.03371737956482557
-0.023291285271987462
-0.023409407008442632
-0.023648120722446424
-0.024012480670437222
-0.024510362040247202
-0.025152840977929546
-0.025954751007170873
-0.026935467178312883
-0.028119995142518076
-0.02954048089916564
-0.031238316371124113
-0.03326711035735035
-0.035696949246710734
-0.038620635030931244
-0.04216305456514113
-0.04649570359840638
-0.05186009987870331
-0.05860723462666544
-0.06726576101363352
-0.07864915203110323
-0.09392390125209085
-0.1140377242212933
-0.1359246903401008
-0.13789604758984889
-0.039900289885184445
0.3709855268037847
1.5157731281032856
3.9781602746666715
8.182037271188761
13.827006940317046
19.515876116908785
23.157278416407877
23.15727841640794
19.51587611690886
13.827006940317148
8.182037271188866
3.978160274666763
1.5157731281033644
0.3709855268038367
-0.039900289885143235
-0.13789604758981733
-0.13592469034007076
-0.11403772422126959
-0.09392390125206582
-0.0786491520310881
-0.06726576101361673
-0.05860723462664946
-0.05186009987868573
-0.04649570359839509
-0.0421630545651307
-0.03862063503092175
-0.035696949246704905
-0.03326711035734416
-0.031238316371120085
-0.029540480899160386
-0.02811999514251244
-0.02693546717830958
-0.025954751007163872
-0.025152840977926968
-0.024510362040243195
-0.024012480670436608
-0.023648120722442573
-0.02340940700844508
-0.023291285271985155
-0.01313273010713177
-0.013199334460187971
-0.013333936098491081
-0.013539385045836756
-0.013820122019419819
-0.014182392735873354
-0.014634561691609722
-0.015187554370745867
-0.015855471418367777
-0.016656440062244683
-0.017613801574899918
-0.018757786815546774
-0.02012791923789327
-0.021776533214945236
-0.023774058690359826
-0.02621721374233768
-0.029242210498601935
-0.03304699068982943
-0.03792950691572439
-0.04434682504173097
-0.05294570962315921
-0.0642025183050495
-0.0761378736447953
-0.075632677482602
-0.01497178123529131
0.23188987946272593
0.9130924499695559
2.3713895589852205
4.854105807776259
8.182037271188609
11.532163472158771
13.675248451148658
13.675248451148686
11.532163472158802
8.182037271188687
4.8541058077763095
2.3713895589852725
0.9130924499695953
0.2318898794627523
-0.014971781235270636
-0.07563267748258719
-0.0761378736447792
-0.06420251830503924
-0.05294570962314629
-0.04434682504172239
-0.0379295069157164
-0.03304699068982114
-0.029242210498592908
-0.026217213742330304
-0.023774058690356432
-0.021776533214940913
-0.0201279192378925
-0.018757786815545956
-0.01761380157489994
-0.016656440062242775
-0.015855471418366386
-0.015187554370744052
-0.01463456169160612
-0.01418239273587139
-0.013820122019418868
-0.01353938504583637
-0.013333936098488337
-0.013199334460188825
-0.013132730107130113
-0.0057919979924532326
-0.0058213743787442415
-0.005880741565598851
-0.005971356685230656
-0.006095178526150211
-0.00625496207508962
-0.006454396944567245
-0.006698302461586296
-0.006992898629169159
-0.0073461817693740526
-0.007768448446238849
-0.008273034771613272
-0.008877376758050715
-0.009604562937461803
-0.010485666678794837
-0.011563362225275684
-0.012897752751832262
-0.014576167271446921
-0.01672988243822677
-0.019558924830671384
-0.02333803614647259
-0.02822183006557892
-0.03309770626449159
-0.031328664846969875
0.0005963134746717826
0.12400211433289124
0.4586328150164849
1.1687370375707307
2.371389558985147
3.9781602746664726
5.592304733474499
6.623693147471426
6.623693147471437
5.592304733474516
3.9781602746664984
2.3713895589851646
1.168737037570746
0.4586328150165012
0.12400211433289894
0.0005963134746790281
-0.03132866484696614
-0.033097706264484855
-0.028221830065576943
-0.023338036146466266
-0.019558924830669847
-0.016729882438224652
-0.014576167271443645
-0.012897752751828362
-0.011563362225272737
-0.010485666678795604
-0.009604562937460617
-0.008877376758054242
-0.008273034771614495
-0.00776844844624224
-0.007346181769373789
-0.006992898629170645
-0.0066983024615858144
-0.006454396944565281
-0.006254962075089845
-0.006095178526149082
-0.005971356685233106
-0.005880741565594783
-0.005821374378747724
-0.0057919979924500745
-0.0017027245510192143
-0.0017113618857939892
-0.0017288172505414727
-0.0017554603624542347
-0.0017918673004240853
-0.0018388483202234002
-0.0018974885830621686
-0.001969205558613816
-0.0020558287588221423
-0.0021597102859065506
-0.002283879035368773
-0.002432258322334423
-0.00260997806869189
-0.0028238320256692047
-0.003082964801713841
-0.0033999373208305384
-0.003792443238055193
-0.004286178953271842
-0.004919606450881381
-0.005750059954600298
-0.006848465182261013
-0.0082083963464634
-0.0092787612697495
-0.007312628109304092
0.006909924481800267
0.05678633544594037
0.1871753783667112
0.45863281501645037
0.9130924499694528
1.5157731281030906
2.1183904678333034
2.502440575129421
2.5024405751294334
2.1183904678332963
1.5157731281030906
0.9130924499694575
0.4586328150164529
0.1871753783667136
0.05678633544593982
0.0069099244818004845
-0.007312628109305525
-0.009278761269747974
-0.008208396346465557
-0.0068484651822590305
-0.005750059954601694
-0.004919606450881521
-0.004286178953271949
-0.003792443238053915
-0.003399937320830322
-0.0030829648017150994
-0.002823832025670673
-0.0026099780686957654
-0.002432258322337598
-0.0022838790353727828
-0.002159710285908177
-0.002055828758823824
-0.001969205558613891
-0.0018974885830618823
-0.0018388483202227781
-0.0017918673004253206
-0.001755460362454933
-0.001728817250539395
-0.001711361885796735
-0.001702724551018182
3.0033857826238525e-05
3.0184794332113114e-05
3.0489777923546122e-05
3.095516997899875e-05
3.159087428188387e-05
3.2410803862037695e-05
3.3433562608715464e-05
3.468340218262186e-05
3.619154474523326e-05
3.799800559938921e-05
4.01541163251272e-05
4.272605191746788e-05
4.579983007979576e-05
4.948852048870624e-05
5.39428650465794e-05
5.936744477919254e-05
6.60477094702478e-05
7.441278159511859e-05
8.529626512663648e-05
0.00010140475349297967
0.0001352931366149533
0.00024636275945129463
0.0006818334862385007
0.0023062040986257934
0.00760575943395877
0.022332229136599314
0.05678633544592219
0.12400211433284225
0.2318898794626162
0.37098552680359875
0.5075413676264076
0.5936693032426837
0.5936693032426853
0.5075413676264035
0.37098552680358865
0.23188987946261347
0.12400211433283752
0.0567863354459208
0.022332229136595994
0.007605759433956824
0.002306204098623186
0.0006818334862380683
0.00024636275944788015
0.00013529313661584294
0.00010140475349053187
8.529626512556892e-05
7.441278159388716e-05
6.604770947011689e-05
5.936744477867719e-05
5.394286504422866e-05
4.948852048754087e-05
4.5799830075990135e-05
4.272605191448683e-05
4.0154116321030325e-05
3.79980055978163e-05
3.619154474385757e-05
3.4683402181916866e-05
3.343356260890211e-05
3.2410803861836765e-05
3.159087428059359e-05
3.095516997813502e-05
3.0489777925601397e-05
3.018479432975191e-05
3.0033857826706535e-05
0.0005274672452518194
0.0005301414162705879
0.0005355456531325471
0.0005437943179428475
0.0005550655965713741
0.0005696100901645201
0.0005877633932756173
0.0006099638175660488
0.0006367770035812038
0.0006689300321936621
0.0007073589862711999
0.0007532760388021481
0.0008082656278724243
0.0008744251939451987
0.0009545764299073065
0.0010525925778780683
0.0011739267857838892
0.0013265146444017932
0.001522441111918002
0.0017813021616813157
0.002137278856942348
0.0026526327042843464
0.003434024577179464
0.0046161880354508465
0.006203417900020212
0.007605759433954675
0.0069099244817806705
0.0005963134746247499
-0.01497178123539033
-0.0399002898853446
-0.06754271204734086
-0.08612678122900236
-0.08612678122900258
-0.06754271204734946
-0.03990028988534804
-0.014971781235392778
0.0005963134746196797
0.006909924481778042
0.007605759433951576
0.006203417900018288
0.004616188035449134
0.003434024577178523
0.002652632704281296
0.0021372788569427124
0.0017813021616790358
0.001522441111916312
0.0013265146443998338
0.0011739267857830095
0.0010525925778771057
0.000954576429904892
0.0008744251939440399
0.0008082656278696229
0.0007532760387997823
0.0007073589862677647
0.000668930032192133
0.000636777003580246
0.00060996381756555
0.0005877633932758669
0.000569610090164305
0.0005550655965696745
0.000543794317942499
0.0005355456531339611
0.0005301414162690361
0.0005274672452513307
0.0005515434460075441
0.0005543400363081292
0.0005599916823863078
0.0005686180067468799
0.0005804053934993517
0.0005956159780260003
0.0006146008085189216
0.0006378183927053966
0.0006658604541257681
0.0006994876327015274
0.0007396792669811432
0.0007877036230674039
0.0008452185874173648
0.0009144190438196253
0.0009982581437827094
0.0011007902069497181
0.0012277240365702864
0.0013873638200247477
0.0015923095554930397
0.0018626429248949352
0.00223137034489935
0.002749185409782545
0.00346540476192959
0.004299911659085482
0.004616188035448667
0.002306204098619648
-0.007312628109323623
-0.031328664847012494
-0.07563267748268918
-0.13789604758998797
-0.2023782543239737
-0.24426535921303294
-0.24426535921303566
-0.2023782543239805
-0.13789604758999643
-0.07563267748268912
-0.03132866484701684
-0.007312628109325554
0.0023062040986170794
0.004616188035447043
0.004299911659085106
0.0034654047619284405
0.0027491854097804855
0.002231370344899731
0.0018626429248933321
0.001592309555491147
0.0013873638200225164
0.0012277240365690754
0.0011007902069483958
0.0009982581437800301
0.0009144190438184789
0.0008452185874157632
0.0007877036230656136
0.0007396792669788048
0.0006994876326998321
0.0006658604541256094
0.0006378183927045674
0.0006146008085197665
0.0005956159780252267
0.0005804053934980677
0.0005686180067466338
0.0005599916823872528
0.0005543400363076138
0.0005515434460063205
0.0004593382646735964
0.0004616674111259806
0.00046637439982061973
0.00047355886429799023
0.0004833760442894295
0.0004960442738781164
0.0005118559448307675
0.0005311929559215071
0.0005545481681252731
0.0005825551441576239
0.0006160296195053564
0.0006560280084981032
0.0007039312925483757
0.000761567807948294
0.0008313976104953394
0.0009167982015107507
0.0010225255360577143
0.001155497023066448
0.0013261983588456407
0.001551264517062605
0.0018575836774205965
0.00228421048145581
0.002858558772727433
0.003465404761929364
0.003434024577178816
0.0006818334862347571
-0.009278761269763106
-0.03309770626452459
-0.07613787364486707
-0.13592469034021584
-0.19742274155853512
-0.23722713729949463
-0.2372271372994929
-0.19742274155854456
-0.13592469034021956
-0.0761378736448676
-0.03309770626452846
-0.009278761269764846
0.0006818334862330835
0.0034340245771775687
0.0034654047619304246
0.0028585587727261007
0.0022842104814548934
0.0018575836774206542
0.0015512645170616195
0.0013261983588432756
0.0011554970230639875
0.0010225255360559351
0.0009167982015088501
0.0008313976104921019
0.0007615678079465891
0.0007039312925475028
0.0006560280084965115
0.0006160296195039677
0.0005825551441554598
0.0005545481681258836
0.0005311929559204244
0.0005118559448324905
0.0004960442738770175
0.0004833760442889412
0.00047355886429782754
0.0004663743998211962
0.00046166741112646373
0.0004593382646718366
0.00036811962207318396
0.0003699862488330644
0.00037375852880284154
0.0003795163117017614
0.0003873840120586238
0.0003975366106367587
0.0004102084410693668
0.0004257055718925988
0.0004444230021072022
0.0004668684965291435
0.0004936958237937482
0.000525751648014121
0.0005641427645958873
0.0006103345152957518
0.0006662985602329493
0.0007347418972539206
0.0008194763635458514
0.0009260459878245109
0.001062852165273708
0.001243204528504399
0.0014885057961271059
0.0018292876154612676
0.0022842104814563297
0.0027491854097812427
0.002652632704282311
0.00024636275944550466
-0.008208396346478292
-0.028221830065610867
-0.06420251830511414
-0.11403772422139492
-0.1652113100360533
-0.19830275871706265
-0.19830275871706637
-0.16521131003605818
-0.11403772422140232
-0.06420251830511549
-0.02822183006561372
-0.008208396346479319
0.00024636275944432294
0.0026526327042812525
0.0027491854097829787
0.0022842104814548847
0.0018292876154609736
0.001488505796126797
0.001243204528503396
0.001062852165270791
0.0009260459878213541
0.0008194763635431838
0.0007347418972509913
0.0006662985602290173
0.0006103345152929538
0.0005641427645954329
0.0005257516480124144
0.0004936958237933043
0.0004668684965265689
0.00044442300210865136
0.0004257055718913577
0.0004102084410719693
0.00039753661063545657
0.00038738401205919376
0.00037951631170171044
0.00037375852880350486
0.00036998624883435123
0.00036811962207121705
0.0002996002382687791
0.0003011194262634185
0.0003041895647362317
0.0003088756410349799
0.00031527891251842573
0.0003235417909678263
0.0003338549938056815
0.00034646762154402994
0.0003617011528409237
0.0003799688435758915
0.0004018027785470903
0.0004278920356948428
0.00045913740813711507
0.00049673150271087
0.0005422790098176406
0.0005979831000662685
0.0006669461544485302
0.000753680302366518
0.0008650226474987259
0.001011800546391378
0.0012114010045543185
0.0014885057961270582
0.0018575836774223078
0.0022313703448997835
0.0021372788569430853
0.00013529313661244185
-0.006848465182270704
-0.023338036146496266
-0.05294570962321437
-0.09392390125217781
-0.1359843899679689
-0.16317653442994204
-0.16317653442993768
-0.1359843899679737
-0.09392390125218619
-0.05294570962321367
-0.023338036146500395
-0.006848465182271812
0.0001352931366114843
0.0021372788569419673
0.002231370344901788
0.0018575836774208084
0.0014885057961273327
0.0012114010045537658
0.0010118005463904053
0.0008650226474956682
0.0007536803023630953
0.0006669461544452945
0.0005979831000626706
0.0005422790098132031
0.0004967315027067759
0.00045913740813654965
0.00042789203569275455
0.0004018027785471244
0.0003799688435730742
0.0003617011528428267
0.000346467621542948
0.000333854993808887
0.00032354179096686996
0.00031527891251996074
0.000308875641035222
0.0003041895647372371
0.00030111942626507844
0.00029960023826679764
0.00025023817055015414
0.00025150705723732663
0.00025407135990448797
0.0002579853585721299
0.00026333362741633897
0.00027023511442461276
0.00027884911437121233
0.000289383685902743
0.00030210734075420645
0.000317365246623995
0.0003356018217987301
0.00035739261141132223
0.0003834899933970829
0.0004148900798993851
0.00045293317123961996
0.0004994594413965964
0.0005570601178892553
0.0006295038896669272
0.0007225012351564219
0.0008450946221346368
0.0010118005463913547
0.0012432045285036169
0.001551264517063338
0.0018626429248938927
0.0017813021616801328
0.00010140475348831443
-0.005750059954611716
-0.019558924830696878
-0.04434682504178307
-0.07864915203118633
-0.1138543779867558
-0.1366135269819705
-0.13661352698197152
-0.11385437798675621
-0.07864915203119296
-0.04434682504178296
-0.01955892483069909
-0.0057500599546122366
0.0001014047534878383
0.0017813021616793472
0.0018626429248958026
0.0015512645170621827
0.001243204528504186
0.0010118005463909127
0.0008450946221334222
0.0007225012351535205
0.000629503889663194
0.0005570601178860225
0.000499459441392839
0.0004529331712354689
0.00041489007989445683
0.00038348999339666624
0.0003573926114091332
0.000335601821799247
0.0003173652466216453
0.000302107340756468
0.00028938368590240425
0.0002788491143746274
0.00027023511442454034
0.00026333362741828435
0.00025798535857268377
0.000254071359905861
0.00025150705723888246
0.00025023817054816257
0.00021393781223135827
0.00021502262958734806
0.0002172149451399249
0.000220561164815526
0.00022513359409061123
0.00023103392583367305
0.00023839834680629052
0.0002474047337176752
0.0002582826467368277
0.00027132718187852263
0.0002869182879049664
0.00030554801840238925
0.0003278596072926203
0.0003547046650034536
0.00038722905970552015
0.00042700601754216516
0.00047625086335533194
0.0005381855666515321
0.0006176921723638681
0.0007225012351549935
0.0008650226474970807
0.001062852165271249
0.0013261983588450262
0.0015923095554914958
0.0015224411119167964
8.529626512262838e-05
-0.00491960645089101
-0.016729882438247634
-0.03792950691577177
-0.06726576101370633
-0.09737391320935257
-0.11683785825234784
-0.11683785825234917
-0.09737391320935389
-0.06726576101371427
-0.03792950691577056
-0.01672988243825193
-0.004919606450891731
8.529626512289794e-05
0.0015224411119163516
0.0015923095554934235
0.0013261983588445663
0.0010628521652723704
0.0008650226474974632
0.0007225012351544658
0.0006176921723622413
0.0005381855666485616
0.0004762508633531034
0.00042700601753923266
0.0003872290597020514
0.0003547046649981796
0.00032785960729229903
0.0003055480184003995
0.00028691828790582184
0.0002713271818770926
0.0002582826467389134
0.0002474047337179386
0.00023839834680899888
0.00023103392583442704
0.00022513359409223426
0.0002205611648162856
0.0002172149451418135
0.00021502262958864613
0.00021393781222946544
0.00018640085049509327
0.00018734603543027608
0.0001892561667618576
0.0001921716772452579
0.00019615556550284913
0.00020129643492596032
0.00020771294288408725
0.00021556007052137756
0.00022503782994109993
0.00023640333354443726
0.00024998762451356984
0.00026621942106020704
0.00028565916220543394
0.0003090488417395057
0.000337386834871635
0.0003720438657713814
0.00041495010651894295
0.0004689127975830218
0.0005381855666504586
0.0006295038896651723
0.0007536803023650421
0.0009260459878226266
0.0011554970230663957
0.0013873638200240122
0.0013265146444009816
7.441278159178637e-05
-0.004286178953280387
-0.014576167271465913
-0.033046990689870964
-0.05860723462673236
-0.08484011275506016
-0.10179885261602332
-0.10179885261603133
-0.08484011275506331
-0.058607234626732674
-0.033046990689871436
-0.014576167271466794
-0.004286178953280264
7.441278159307493e-05
0.0013265146444013565
0.0013873638200262663
0.001155497023066931
0.0009260459878242652
0.0007536803023664826
0.0006295038896654867
0.0005381855666503569
0.00046891279758102015
0.00041495010651847837
0.00037204386576995374
0.00033738683486938994
0.00030904884173462414
0.00028565916220553217
0.00026621942105862833
0.00024998762451467556
0.00023640333354408834
0.00022503782994285213
0.00021556007052231819
0.00020771294288608999
0.00020129643492800762
0.00019615556550406363
0.0001921716772461649
0.00018925616676425237
0.0001873460354312736
0.0001864008504932672
0.00016494984264858528
0.00016578625546588923
0.00016747656839972207
0.00017005656117759278
0.00017358198249510008
0.00017813123920106598
0.00018380933348463455
0.00019075341112945453
0.0001991404666691668
0.00020919802375642634
0.00022121902876745888
0.0002355828625049615
0.0002527854679040157
0.0002734834489572022
0.0002985602860531729
0.000329228957503226
0.00036719750620447036
0.00041495010651861346
0.0004762508633536192
0.0005570601178868204
0.0006669461544462115
0.0008194763635433829
0.0010225255360567405
0.0012277240365691365
0.001173926785782767
6.60477094669011e-05
-0.0037924432380629187
-0.012897752751847577
-0.029242210498639093
-0.05186009987876228
-0.0750732893980493
-0.09007992931126815
-0.09007992931126692
-0.07507328939803887
-0.051860099878765845
-0.02924221049863812
-0.012897752751851448
-0.003792443238062001
6.604770946969197e-05
0.0011739267857839952
0.0012277240365720975
0.001022525536058235
0.0008194763635453855
0.000666946154448597
0.0005570601178882511
0.00047625086335503466
0.00041495010651786254
0.00036719750620590335
0.00032922895750345834
0.0002985602860520295
0.00027348344895306237
0.0002527854679044699
0.00023558286250365538
0.00022121902876854187
0.00020919802375674737
0.00019914046667024733
0.00019075341113040868
0.00018380933348575746
0.00017813123920405524
0.00017358198249593464
0.00017005656117833966
0.00016747656840261817
0.00016578625546682333
0.00016494984264704633
0.00014789392640837464
0.00014864385345582113
0.00015015938664320115
0.00015247260603375965
0.00015563349584252602
0.0001597123555578992
0.00016480333001625644
0.00017102938395245827
0.0001785492104360925
0.00018756680685995327
0.00019834482852205547
0.00021122342766365123
0.00022664726589590036
0.0002452050531714412
0.0002676889162419453
0.00029518640873644315
0.0003292289575010528
0.00037204386576944655
0.00042700601753938115
0.0004994594413937133
0.0005979831000641784
0.0007347418972522754
0.0009167982015105055
0.001100790206949771
0.0010525925778780958
5.936744477719129e-05
-0.0033999373208365167
-0.011563362225289968
-0.026217213742371737
-0.04649570359846018
-0.0673079895382939
-0.08076254121378065
-0.08076254121378817
-0.0673079895383028
-0.04649570359846557
-0.02621721374236623
-0.011563362225290155
-0.003399937320834211
5.9367444781110315e-05
0.0010525925778800303
0.001100790206953191
0.0009167982015126418
0.0007347418972543507
0.0005979831000669124
0.0004994594413958824
0.0004270060175417857
0.0003720438657693571
0.0003292289575037384
0.0002951864087375681
0.00026768891624138764
0.00024520505316799336
0.00022664726589668267
0.0002112234276624346
0.00019834482852309885
0.0001875668068604577
0.00017854921043655063
0.0001710293839529958
0.00016480333001656633
0.000159712355561406
0.00015563349584299334
0.00015247260603403105
0.00015015938664619276
0.0001486438534569707
0.0001478939264072112
0.00013411719151948235
0.00013479726064009607
0.00013617161741536925
0.0001382693535473181
0.00014113579705976468
0.0001448346988160722
0.000149451433753526
0.00015509751203369012
0.00016191684393733133
0.00017009442380575533
0.00017986843968969234
0.00019154735744768837
0.00020553441685148592
0.00022236348732173028
0.00024275290592771977
0.00026768891624198623
0.0002985602860511664
0.0003373868348701556
0.0003872290597028579
0.0004529331712362233
0.0005422790098142454
0.0006662985602295969
0.000831397610492432
0.000998258143780024
0.000954576429904451
5.394286504132164e-05
-0.0030829648017230648
-0.010485666678810877
-0.02377405869039398
-0.042163054565192926
-0.061036157259955454
-0.07323709956526589
-0.0732370995652643
-0.06103615725994291
-0.0421630545651923
-0.023774058690391467
-0.010485666678812722
-0.0030829648017202255
5.394286504615691e-05
0.0009545764299064893
0.000998258143783666
0.0008313976104946932
0.0006662985602315678
0.0005422790098169066
0.0004529331712387126
0.00038722905970553024
0.00033738683487027454
0.000298560286054247
0.0002676889162430483
0.00024275290592710915
0.00022236348731860338
0.0002055344168520465
0.00019154735744597543
0.00017986843969017134
0.00017009442380562948
0.00016191684393701214
0.0001550975120332858
0.000149451433753148
0.00014483469881939034
0.00014113579705992075
0.00013826935354683973
0.00013617161741798898
0.00013479726064159398
0.0001341171915188309
0.00012285237015967072
0.00012347531857726153
0.00012473423969306383
0.00012665578171744938
0.00012928146545182245
0.00013266968715097872
0.00013689865087725768
0.0001420705007436379
0.00014831705960446944
0.00015580778359945745
0.0001647608546779408
0.00017545882974084198
0.00018827107923313552
0.00020368663122002017
0.000222363487320583
0.0002452050531695432
0.00027348344895280065
0.0003090488417358192
0.00035470466499919456
0.000414890079895557
0.0004967315027083293
0.0006103345152941987
0.0007615678079472485
0.0009144190438188115
0.0008744251939439467
4.948852048543168e-05
-0.0028238320256765113
-0.009604562937475478
-0.021776533214972825
-0.03862063503097479
-0.05590820795609831
-0.06708416150438815
-0.06708416150438426
-0.05590820795608996
-0.038620635030974335
-0.021776533214971007
-0.009604562937472569
-0.0028238320256731056
4.948852049076807e-05
0.0008744251939462214
0.0009144190438222996
0.0007615678079492838
0.0006103345152958121
0.0004967315027102375
0.00041489007989771795
0.00035470466500159774
0.0003090488417358125
0.0002734834489555143
0.00024520505316977844
0.00022236348731941144
0.00020368663121666942
0.0001882710792329178
0.00017545882973829633
0.00016476085467762787
0.00015580778359832798
0.0001483170596034339
0.00014207050074230588
0.0001368986508764191
0.000132669687153799
0.0001292814654519092
0.00012665578171657774
0.00012473423969494167
0.0001234753185793986
0.00012285237015945678
0.00011355458086385176
0.00011413038285152279
0.00011529402539176865
0.0001170701398801103
0.00011949710470543739
0.0001226288965244152
0.00012653780068711215
0.00013131823073964007
0.00013709203279175248
0.00014401583803386517
0.00015229131574302898
0.00016217963804145223
0.00017402222025719724
0.00018827107923588795
0.00020553441685394836
0.00022664726589822115
0.00025278546790443194
0.00028565916220651066
0.00032785960729276735
0.0003834899933970908
0.0004591374081373117
0.0005641427645962274
0.000703931292548
0.0008452185874163035
0.0008082656278703632
4.579983007491983e-05
-0.0026099780687011877
-0.00887737675806538
-0.02012791923791951
-0.03569694924674966
-0.05167590630256802
-0.0620058841000589
-0.062005884100063344
-0.05167590630256505
-0.035696949246754914
-0.020127919237917433
-0.008877376758063217
-0.0026099780686973423
4.5799830080725374e-05
0.00080826562787283
0.0008452185874196776
0.000703931292550076
0.0005641427645976521
0.0004591374081383555
0.00038348999339830116
0.0003278596072942063
0.0002856591622061841
0.00025278546790629325
0.00022664726589767228
0.0002055344168525128
0.00018827107923242948
0.000174022220256083
0.00016217963803813
0.00015229131574187458
0.00014401583803183842
0.00013709203279037185
0.00013131823073772245
0.0001265378006861685
0.00012262889652622154
0.00011949710470525118
0.00011707013987852429
0.0001152940253921257
0.00011413038285390298
0.00011355458086385656
0.00010582695524351772
0.00010636357266081497
0.00010744802680790402
0.00010910327285575789
0.00011136507745733723
0.00011428374403264504
0.00011792663874438548
0.00012238175007656438
0.00012776263222220987
0.00013421525724470918
0.00014192757033811931
0.00015114297021763637
0.0001621796380407481
0.00017545882974197521
0.00019154735744833363
0.00021122342766390274
0.00023558286250358138
0.00026621942105895945
0.0003055480184003575
0.0003573926114094153
0.00042789203569320813
0.0005257516480130485
0.0006560280084963316
0.0007877036230651726
0.0007532760387996638
4.2726051912772e-05
-0.002432258322342828
-0.008273034771625798
-0.018757786815569368
-0.033267110357390745
-0.048158478963556
-0.05778536641074068
-0.05778536641073777
-0.04815847896354868
-0.03326711035738886
-0.01875778681556827
-0.008273034771622428
-0.0024322583223389195
4.272605191877226e-05
0.0007532760388024317
0.0007877036230683803
0.0006560280084985271
0.0005257516480144343
0.0004278920356937969
0.0003573926114098871
0.00030554801840112784
0.0002662194210587561
0.00023558286250450756
0.00021122342766275132
0.00019154735744658926
0.00017545882973834756
0.00016217963803862983
0.00015114297021389655
0.00014192757033634307
0.00013421525724225655
0.00012776263222071435
0.00012238175007438587
0.00011792663874346616
0.0001142837440333567
0.00011136507745696788
0.00010910327285384422
0.00010744802680696431
0.00010636357266363651
0.0001058269552436555
9.937453980891634e-05
9.987843888632348e-05
0.00010089677229393741
0.00010245109558959861
0.00010457499467867187
0.00010731570590280039
0.00011073648800146265
0.00011491996466240194
0.00011997276649446644
0.00012603196540634512
0.00013327404726079707
0.00014192757034010514
0.00015229131574481342
0.00016476085468108547
0.0001798684396926207
0.00019834482852478376
0.0002212190287694369
0.00024998762451510794
0.00028691828790577994
0.00033560182179940185
0.00040180277854708177
0.0004936958237937985
0.0006160296195036345
0.0007396792669783212
0.000707358986267625
4.0154116319104585e-05
-0.002283879035378293
-0.007768448446252818
-0.017613801574922504
-0.031238316371157114
-0.045221593524941636
-0.054261428665627706
-0.054261428665626193
-0.04522159352493883
-0.031238316371159598
-0.017613801574920998
-0.007768448446248464
-0.0022838790353740214
4.0154116325380205e-05
0.0007073589862708964
0.0007396792669813504
0.0006160296195062033
0.0004936958237952431
0.0004018027785473372
0.0003356018217989576
0.0002869182879058854
0.00024998762451534896
0.00022121902876970107
0.0001983448285237833
0.0001798684396910326
0.0001647608546776487
0.00015229131574187656
0.00014192757033624066
0.00013327404725871407
0.00012603196540414375
0.00011997276649353615
0.00011491996466070696
0.00011073648800117986
0.0001073157059027635
0.00010457499467816604
0.00010245109558724356
0.00010089677229175625
9.987843888909355e-05
9.937453980904312e-05
9.397455153786611e-05
9.445106883430877e-05
9.541406619471878e-05
9.688392785006338e-05
9.889241465076877e-05
0.00010148419611990408
0.00010471909352044878
0.00010867524077621502
0.00011345347419222496
0.00011918341719480591
0.00012603196540605666
0.00013421525724597016
0.00014401583803525756
0.00015580778360166272
0.0001700944238077859
0.00018756680686138588
0.00020919802375768347
0.0002364033335444999
0.0002713271818782834
0.0003173652466239241
0.000379968843575101
0.0004668684965292709
0.0005825551441563534
0.0006994876326997762
0.0006689300321916216
3.799800559491251e-05
-0.0021597102859143387
-0.0073461817693861505
-0.016656440062262825
-0.029540480899200583
-0.042763797707006744
-0.05131234199229562
-0.05131234199229542
-0.042763797707006015
-0.029540480899196076
-0.016656440062262905
-0.007346181769381678
-0.0021597102859099732
3.7998005601414295e-05
0.0006689300321953233
0.000699487632702431
0.0005825551441591843
0.000466868496530568
0.0003799688435753842
0.00031736524662288114
0.00027132718187802
0.00023640333354552894
0.0002091980237575375
0.0001875668068610062
0.00017009442380659835
0.00015580778359893294
0.00014401583803220705
0.000134215257242653
0.00012603196540407393
0.00011918341719331227
0.00011345347419195842
0.00010867524077516643
0.00010471909352080339
0.00010148419611968467
9.889241465029555e-05
9.688392784775804e-05
9.541406619217817e-05
9.445106883711362e-05
9.397455153798345e-05
8.94565683013785e-05
8.991017621210381e-05
9.082687582257664e-05
9.22260713565764e-05
9.413799670366984e-05
9.660517381957496e-05
9.968454795117044e-05
0.00010345049659327522
0.00010799900815949182
0.00011345347419192211
0.00011997276649402124
0.0001277626322228584
0.00013709203279307902
0.000148317059606607
0.00016191684394001668
0.00017854921043857107
0.00019914046667295751
0.00022503782994398336
0.000258282646740451
0.0003021073407583007
0.0003617011528432619
0.00044442300210979617
0.0005545481681250673
0.000665860454124156
0.0006367770035784137
3.6191544739967326e-05
-0.0020558287588304702
-0.006992898629181886
-0.015855471418386283
-0.028119995142544145
-0.0407074904106586
-0.0488449953215553
-0.04884499532154862
-0.04070749041065887
-0.02811999514254353
-0.01585547141838575
-0.006992898629175115
-0.002055828758826539
3.619154474636376e-05
0.0006367770035823583
0.0006658604541263345
0.0005545481681279829
0.0004444230021108602
0.00036170115284358585
0.0003021073407566019
0.0002582826467398199
0.0002250378299457086
0.00019914046667253533
0.0001785492104389632
0.00016191684393920467
0.00014831705960457526
0.00013709203279027202
0.00012776263222024964
0.00011997276649241325
0.00011345347419136059
0.0001079990081602123
0.00010345049659309718
9.968454795235927e-05
9.660517381978448e-05
9.413799670324373e-05
9.222607135441656e-05
9.082687582016426e-05
8.991017621448187e-05
8.945656830134906e-05
8.56889952130002e-05
8.612349885240997e-05
8.700159049772945e-05
8.834185713922719e-05
9.017325932486145e-05
9.253652814084976e-05
9.548621050922375e-05
9.909355141624255e-05
0.0001034504965920129
0.00010867524077525687
0.00011491996466181109
0.0001223817500769951
0.00013131823074124594
0.0001420705007460256
0.00015509751203643542
0.00017102938395420405
0.00019075341113225627
0.00021556007052228262
0.0002474047337192413
0.0002893836859047688
0.00034646762154396976
0.00042570557189386957
0.0005311929559211265
0.0006378183927048602
0.0006099638175650325
3.4683402179796776e-05
-0.0019692055586189756
-0.006698302461595862
-0.01518755437076131
-0.026935467178343088
-0.038992754594480795
-0.04678749589652928
-0.04678749589652963
-0.038992754594472975
-0.026935467178337467
-0.015187554370758348
-0.006698302461590913
-0.001969205558615123
3.46834021856335e-05
0.0006099638175687945
0.0006378183927061488
0.0005311929559236026
0.0004257055718943617
0.00034646762154427724
0.00028938368590244773
0.00024740473371827023
0.00021556007052458376
0.00019075341113174686
0.0001710293839553964
0.00015509751203597887
0.00014207050074473002
0.00013131823073920986
0.00012238175007527643
0.00011491996466083036
0.00010867524077553047
0.00010345049659367344
9.9093551416848e-05
9.548621051105438e-05
9.253652814182357e-05
9.01732593242607e-05
8.834185713740195e-05
8.700159049569566e-05
8.612349885416153e-05
8.56889952126088e-05
8.256962598971368e-05
8.298831221284907e-05
8.383443832322572e-05
8.512591468144998e-05
8.689064757031031e-05
8.91678853217139e-05
9.201018916173553e-05
9.548621051007103e-05
9.968454795053715e-05
0.00010471909352033251
0.00011073648800123718
0.0001179266387444409
0.00012653780068828388
0.00013689865087930915
0.00014945143375607014
0.00016480333001796504
0.0001838093334879577
0.00020771294288616637
0.00023839834681013114
0.0002788491143764124
0.00033385499380829685
0.000410208441073106
0.0005118559448319754
0.0006146008085191564
0.0005877633932741676
3.343356260594502e-05
-0.0018974885830670661
-0.006454396944576042
-0.014634561691623691
-0.025954751007186458
-0.03757305693142163
-0.04508400955946912
-0.04508400955946522
-0.03757305693142246
-0.025954751007187023
-0.01463456169162098
-0.006454396944569583
-0.00189748858306402
3.343356261084614e-05
0.0005877633932771704
0.0006146008085190289
0.0005118559448332934
0.0004102084410724859
0.00033385499380837876
0.00027884911437340394
0.0002383983468088935
0.00020771294288865702
0.00018380933348748614
0.00016480333001965352
0.00014945143375583972
0.00013689865087851904
0.00012653780068735553
0.00011792663874365169
0.0001107364880012371
0.00010471909352124902
9.968454795328937e-05
9.548621051152045e-05
9.201018916441414e-05
8.916788532379471e-05
8.689064756972417e-05
8.512591468020272e-05
8.383443832170064e-05
8.298831221369604e-05
8.256962598886535e-05
8.00189525887961e-05
8.0424705087999e-05
8.124469333906919e-05
8.24962744295478e-05
8.420649258272072e-05
8.641338369769958e-05
8.916788532065531e-05
9.253652814048607e-05
9.660517381772646e-05
0.00010148419611961715
0.00010731570590265554
0.00011428374403333534
0.0001226288965266338
0.0001326696871543873
0.00014483469881950518
0.00015971235556028716
0.00017813123920414845
0.00020129643492750504
0.00023103392583651223
0.00027023511442871235
0.00032354179096911545
0.0003975366106400334
0.0004960442738799213
0.0005956159780278771
0.0005696100901647749
3.241080386146302e-05
-0.0018388483202262593
-0.006254962075096982
-0.014182392735886187
-0.025152840977950404
-0.0364122000270007
-0.04369110388682046
-0.04369110388682224
-0.036412200027002184
-0.025152840977946983
-0.014182392735881191
-0.006254962075092584
-0.001838848320223498
3.241080386506896e-05
0.0005696100901667094
0.0005956159780263937
0.0004960442738800781
0.0003975366106382524
0.00032354179096881724
0.0002702351144251053
0.00023103392583503527
0.0002012964349298287
0.0001781312392040898
0.00015971235556253046
0.00014483469881996456
0.00013266968715438932
0.00012262889652727617
0.00011428374403370264
0.00010731570590393916
0.00010148419612087436
9.660517382125764e-05
9.253652814243465e-05
8.916788532376174e-05
8.641338370054465e-05
8.420649258197843e-05
8.249627442891719e-05
8.124469333774012e-05
8.042470508789565e-05
8.001895258750812e-05
7.797536748193948e-05
7.837075755534475e-05
7.916980430252953e-05
8.038942153144918e-05
8.205596278931083e-05
8.420649258038643e-05
8.689064756813883e-05
9.0173259324142e-05
9.413799670167944e-05
9.889241465101416e-05
0.00010457499467820885
0.0001113650774574969
0.00011949710470674082
0.00012928146545437358
0.0001411357970620188
0.00015563349584436396
0.0001735819824971455
0.00019615556550419197
0.00022513359409316683
0.0002633336274204879
0.0003152789125196253
0.0003873840120615148
0.0004833760442901205
0.0005804053934994815
0.0005550655965687859
3.15908742789271e-05
-0.0017918673004291537
-0.0060951785261578635
-0.013820122019433641
-0.02451036204026158
-0.035482137063996395
-0.04257512608992012
-0.0425751260899211
-0.03548213706399382
-0.02451036204025871
-0.013820122019430356
-0.006095178526154052
-0.0017918673004278696
3.159087428152373e-05
0.0005550655965698254
0.0005804053934969579
0.00048337604428913214
0.0003873840120584996
0.00031527891251871
0.00026333362741632764
0.00022513359409133792
0.00019615556550547716
0.00017358198249731136
0.0001556334958464781
0.0001411357970632137
0.00012928146545506834
0.00011949710470902963
0.00011136507745914529
0.0001045749946811372
9.889241465265274e-05
9.41379967061067e-05
9.017325932658885e-05
8.689064757161228e-05
8.420649258362921e-05
8.20559627885533e-05
8.038942153138108e-05
7.916980430114305e-05
7.837075755439127e-05
7.797536748043509e-05
7.639170241916868e-05
7.67790621879571e-05
7.756188043275716e-05
7.87567274432548e-05
8.038942153235117e-05
8.249627442691724e-05
8.512591467851001e-05
8.834185713715102e-05
9.222607135262802e-05
9.688392784876557e-05
0.00010245109558686935
0.0001091032728539728
0.00011707013987907836
0.00012665578171787894
0.00013826935354722158
0.00015247260603440206
0.00017005656117800532
0.00019217167724621748
0.00022056116481719798
0.00025798535857577613
0.0003088756410365907
0.0003795163117058407
0.0004735588643007384
0.0005686180067495699
0.0005437943179427639
3.095516997846638e-05
-0.001755460362456125
-0.005971356685237165
-0.01353938504584734
-0.02401248067044632
-0.03476139535708796
-0.041710311508889486
-0.041710311508891276
-0.03476139535708439
-0.024012480670446
-0.013539385045839207
-0.005971356685235057
-0.0017554603624564008
3.095516997984837e-05
0.0005437943179426653
0.0005686180067462146
0.000473558864298678
0.0003795163117017169
0.0003088756410348688
0.0002579853585715564
0.00022056116481540078
0.00019217167724662964
0.0001700565611790005
0.0001524726060365056
0.0001382693535496016
0.00012665578171942914
0.00011707013988287636
0.00010910327285678216
0.00010245109559122992
9.688392785059032e-05
9.222607135748747e-05
8.834185713970516e-05
8.512591468166226e-05
8.249627442985508e-05
8.03894215313336e-05
7.875672744354635e-05
7.756188043088682e-05
7.677906218664683e-05
7.639170241756494e-05
7.523273609169744e-05
7.561421907971601e-05
7.638516089497952e-05
7.756188043083193e-05
7.916980430251912e-05
8.124469333606714e-05
8.383443832023163e-05
8.700159049517057e-05
9.082687581758241e-05
9.541406619249225e-05
0.00010089677229005689
0.00010744802680607947
0.00011529402539097597
0.00012473423969454044
0.00013617161741624973
0.0001501593866456221
0.00016747656840076288
0.00018925616676433905
0.00021721494514208707
0.00025407135990844867
0.0003041895647386667
0.00037375852880760715
0.00046637439982391397
0.0005599916823893821
0.00053554565313293
3.0489777923461053e-05
-0.0017288172505432308
-0.005880741565601432
-0.013333936098496873
-0.02364812072245555
-0.03423394128156895
-0.04107742168734957
-0.04107742168735566
-0.03423394128156525
-0.023648120722447822
-0.01333393609849587
-0.005880741565600013
-0.0017288172505435589
3.0489777924455836e-05
0.0005355456531319303
0.0005599916823856388
0.0004663743998210359
0.0003737585288025747
0.0003041895647361459
0.00025407135990439744
0.00021721494514020988
0.00018925616676362077
0.00016747656840248383
0.00015015938664719405
0.00013617161741959135
0.0001247342396965296
0.0001152940253956981
0.0001074480268095174
0.00010089677229543892
9.541406619452888e-05
9.082687582289309e-05
8.700159049806005e-05
8.383443832322054e-05
8.124469333874838e-05
7.9169804301653e-05
7.756188043140432e-05
7.6385160892582e-05
7.561421907859711e-05
7.523273609003284e-05
7.447342550488751e-05
7.485105824966058e-05
7.561421908096203e-05
7.677906218585003e-05
7.837075755439955e-05
8.042470508452218e-05
8.298831220983046e-05
8.612349885003885e-05
8.991017620795648e-05
9.445106883331072e-05
9.98784388837329e-05
0.00010636357266054336
0.00011413038285126617
0.00012347531857867647
0.00013479726064001912
0.0001486438534575425
0.0001657862554654594
0.0001873460354328077
0.0002150226295893854
0.00025150705724142123
0.0003011194262669952
0.000369986248838726
0.0004616674111300508
0.0005543400363110884
0.0005301414162703878
3.0184794330396375e-05
-0.0017113618857961797
-0.005821374378749342
-0.013199334460197014
-0.02340940700844881
-0.03388837484085549
-0.040662777964751914
-0.04066277796473686
-0.03388837484086919
-0.023409407008453478
-0.013199334460188273
-0.005821374378747281
-0.0017113618857978166
3.0184794330820156e-05
0.0005301414162683581
0.0005543400363071735
0.00046166741112645273
0.00036998624883343215
0.0003011194262638615
0.00025150705723806156
0.00021502262958756512
0.00018734603543157108
0.00016578625546823485
0.00014864385345877217
0.00013479726064415955
0.00012347531858090594
0.00011413038285625152
0.00010636357266403166
9.987843888946357e-05
9.445106883545632e-05
8.991017621332107e-05
8.612349885324403e-05
8.298831221229211e-05
8.042470508657815e-05
7.837075755332164e-05
7.677906218605428e-05
7.56142190776034e-05
7.485105824889732e-05
7.447342550287309e-05
7.409769796440386e-05
7.44734255038239e-05
7.523273609281588e-05
7.639170241703015e-05
7.797536748038402e-05
8.001895258551148e-05
8.256962598728596e-05
8.568899521106996e-05
8.945656829846163e-05
9.397455153764809e-05
9.937453980738208e-05
0.0001058269552442926
0.00011355458086376773
0.00012285237016043627
0.00013411719151761525
0.00014789392640763058
0.0001649498426442443
0.00018640085049432566
0.00021393781222946178
0.0002502381705501972
0.0002996002382691557
0.00036811962207550805
0.0004593382646750683
0.0005515434460083086
0.0005274672452507144
3.0033857824173642e-05
-0.0017027245510197642
-0.00579199799245444
-0.013132730107135764
-0.023291285271982133
-0.03371737956483519
-0.04045760142906202
-0.04045760142907126
-0.03371737956483617
-0.023291285271983153
-0.013132730107133112
-0.005791997992455895
-0.0017027245510217951
3.0033857824387128e-05
0.0005274672452482969
0.0005515434460048717
0.00045933826467161367
0.00036811962207079963
0.00029960023826611877
0.00025023817054777855
0.00021393781222788722
0.00018640085049277314
0.00016494984264765625
0.00014789392640804025
0.00013411719152154434
0.00012285237016189875
0.00011355458086798333
0.0001058269552469232
9.937453981270346e-05
9.39745515396869e-05
8.945656830350987e-05
8.568899521463136e-05
8.256962598942157e-05
8.001895258721553e-05
7.79753674797509e-05
7.63917024170926e-05
7.523273608942265e-05
7.447342550370733e-05
7.409769796214827e-05
