6.424573478461251e-05
6.457150328839748e-05
6.5229851194366e-05
6.623471388871564e-05
6.760780419022376e-05
6.937965971136593e-05
7.159117625084606e-05
7.429576865896876e-05
7.756237170683961e-05
8.147959968001757e-05
8.616154683139138e-05
9.175597049098676e-05
9.845602435238688e-05
0.00010651743260742795
0.00011628427680760125
0.00012822895974932578
0.00014301668059823395
0.00016161489053087417
0.00018548953723391683
0.00021696237670336592
0.00025976368908352346
0.0003191986548785763
0.0003984256087147115
0.00047892288174196645
0.000459867939443944
3.3568457430751576e-05
-0.0014573586171103248
-0.004981108701075847
-0.011311567732147566
-0.020076110279453156
-0.029074016943476395
-0.03489184581414406
-0.03489184581414263
-0.029074016943478186
-0.020076110279450485
-0.011311567732149301
-0.004981108701076773
-0.0014573586171117154
3.3568457430421565e-05
0.00045986793944256474
0.00047892288174214805
0.0003984256087138304
0.00031919865487830277
0.00025976368908326006
0.00021696237670309302
0.00018548953723437526
0.000161614890530047
0.0001430166805976505
0.00012822895974871586
0.00011628427680758057
0.00010651743260568441
9.845602435220303e-05
9.175597049148555e-05
8.616154683250451e-05
8.147959967965554e-05
7.756237170711368e-05
7.429576865903672e-05
7.159117625093145e-05
6.937965970991514e-05
6.760780418959014e-05
6.623471388614663e-05
6.522985119397759e-05
6.457150328727794e-05
6.424573478600658e-05
6.457150328577307e-05
6.489892365303667e-05
6.556060982254476e-05
6.657056784189762e-05
6.795062062849646e-05
6.973146064157035e-05
7.195419104847521e-05
7.467249754909775e-05
7.795566446050402e-05
8.189275540309082e-05
8.659844316517474e-05
9.222123430729001e-05
9.895526194456523e-05
0.00010705754696710957
0.00011687391565748484
0.00012887916622439578
0.0001437418708608953
0.00016243438641265354
0.0001864300939752423
0.00021806252246886102
0.000261080866674021
0.0003208172047335723
0.0004004458712555283
0.0004813512284743217
0.00046219936513121665
3.373746131008797e-05
-0.0014647513571817983
-0.005006372363863531
-0.011368935735106243
-0.020177925991192162
-0.02922146326608812
-0.03506879558375017
-0.03506879558373702
-0.02922146326608857
-0.02017792599119203
-0.0113689357351069
-0.0050063723638612756
-0.0014647513571816803
3.3737461310450606e-05
0.00046219936513061145
0.00048135122847533455
0.00040044587125542515
0.00032081720473392083
0.0002610808666743209
0.00021806252246896736
0.0001864300939756419
0.00016243438641122884
0.00014374187085997042
0.00012887916622338487
0.00011687391565718723
0.00010705754696508404
9.895526194434386e-05
9.222123430750964e-05
8.659844316580081e-05
8.189275540225081e-05
7.79556644603202e-05
7.467249754876802e-05
7.195419104806861e-05
6.973146063988697e-05
6.795062062786301e-05
6.657056783975068e-05
6.556060982243614e-05
6.489892365245811e-05
6.457150328720339e-05
6.522985119326229e-05
6.556060982308912e-05
6.622904231313836e-05
6.724929751092707e-05
6.864342083345458e-05
7.044241766999988e-05
7.26878102620635e-05
7.543383167104823e-05
7.875047261408008e-05
8.27277047752762e-05
8.748137010945442e-05
9.316148930269028e-05
9.996417479009933e-05
0.0001081490679683812
0.00011806552106062495
0.0001301931731810162
0.0001452074131008412
0.0001640905115670991
0.00018833087191009516
0.0002202858150376995
0.0002637427604438808
0.0003240881437972322
0.0004045286336895885
0.00048625868817790436
0.0004669109464261684
3.407896220637495e-05
-0.0014796914973413172
-0.0050574280857126645
-0.011484871505592607
-0.020383686644329498
-0.029519439323637185
-0.03542639547576577
-0.03542639547575924
-0.029519439323640928
-0.020383686644328464
-0.01148487150559423
-0.005057428085712663
-0.0014796914973412617
3.407896220755963e-05
0.0004669109464263613
0.0004862586881797551
0.0004045286336902997
0.0003240881437981766
0.00026374276044485945
0.00022028581503819066
0.00018833087191043443
0.00016409051156547486
0.0001452074130995755
0.00013019317317975238
0.0001180655210600168
0.00010814906796637551
9.996417478994109e-05
9.316148930278328e-05
8.748137010985106e-05
8.272770477421813e-05
7.875047261358514e-05
7.543383167046708e-05
7.268781026125036e-05
7.044241766802372e-05
6.864342083243285e-05
6.724929750887597e-05
6.622904231280481e-05
6.556060982272543e-05
6.522985119413617e-05
6.623471388711325e-05
6.65705678408248e-05
6.724929750993773e-05
6.828526970336579e-05
6.970086944787921e-05
7.152757976983119e-05
7.380756256095095e-05
7.659588634208117e-05
7.996362003751456e-05
8.400212134504736e-05
8.882901676559235e-05
9.459663805569098e-05
0.00010150411876622053
0.00010981510007753342
0.00011988431599806534
0.0001321987945096888
0.00014744432880256492
0.0001666183216102121
0.00019123210530765236
0.0002236793154697127
0.0002678057154662599
0.0003290807087559923
0.0004107603153027654
0.000493749130384312
0.00047410238580688374
3.460010453466907e-05
-0.001502495484823162
-0.005135357000404661
-0.011661829834552918
-0.020697748765594177
-0.029974253950931354
-0.03597221661731409
-0.03597221661731086
-0.02997425395093007
-0.020697748765592324
-0.011661829834552204
-0.005135357000404062
-0.0015024954848224742
3.4600104536150936e-05
0.0004741023858077394
0.0004937491303868292
0.0004107603153041864
0.000329080708757522
0.00026780571546773885
0.0002236793154705986
0.00019123210530791517
0.00016661832160856516
0.00014744432880085925
0.00013219879450806506
0.00011988431599706503
0.0001098151000757994
0.00010150411876599837
9.459663805556684e-05
8.882901676570017e-05
8.400212134378463e-05
7.996362003668609e-05
7.659588634134721e-05
7.380756255984243e-05
7.152757976779964e-05
6.97008694467243e-05
6.828526970192942e-05
6.724929750993525e-05
6.657056784097848e-05
6.623471388730268e-05
6.760780419097583e-05
6.795062062874678e-05
6.864342083414347e-05
6.970086944928518e-05
7.114581555913753e-05
7.3010394855163e-05
7.533764327675627e-05
7.818377095469232e-05
8.162132012514694e-05
8.574354239820821e-05
9.067050276062734e-05
9.65576909215256e-05
0.00010360836862337763
0.00011209164253440411
0.00012236960058261868
0.0001349393672388324
0.00015050095277154978
0.00017007243695973636
0.00019519648348724814
0.00022831634996242948
0.00027335752343237357
0.0003359027778043255
0.0004192755665032934
0.000503984394328657
0.00048392902804021936
3.5312012989148924e-05
-0.0015336563956972725
-0.005241843666258103
-0.011903635613154193
-0.02112690038773594
-0.030595737116988108
-0.03671805578301733
-0.03671805578301965
-0.030595737116988223
-0.021126900387734467
-0.011903635613154648
-0.005241843666257595
-0.0015336563956962037
3.5312012990525475e-05
0.00048392902804122843
0.000503984394331329
0.00041927556650507846
0.00033590277780621544
0.0002733575234341952
0.00022831634996358947
0.00019519648348764051
0.00017007243695852766
0.0001505009527696326
0.00013493936723701797
0.00012236960058134507
0.0001120916425330588
0.0001036083686229542
9.655769092108385e-05
9.067050276055211e-05
8.574354239698545e-05
8.162132012426803e-05
7.818377095411971e-05
7.533764327559317e-05
7.301039485321922e-05
7.11458155577127e-05
6.97008694481363e-05
6.864342083419151e-05
6.79506206289093e-05
6.760780419028144e-05
6.93796597116903e-05
6.973146064020537e-05
7.044241766923938e-05
7.152757976996906e-05
7.301039485456634e-05
7.492384082308234e-05
7.731208149876524e-05
8.023280016251813e-05
8.376044023383555e-05
8.799069725477966e-05
9.304678287018104e-05
9.908826185724259e-05
0.0001063237230378956
0.00011502932582606648
0.00012557664775679494
0.0001384758419603714
0.00015444526463590603
0.00017452967753412015
0.00020031217473498572
0.00023430004685734
0.00028052165742612216
0.0003447060742981442
0.0004302637637038823
0.0005171920945961784
0.0004966093501536499
3.623031944109976e-05
-0.0015738677428682416
-0.005379257372369146
-0.012215668418782584
-0.021680688612248977
-0.03139771426199014
-0.03768050462923625
-0.03768050462923661
-0.03139771426198749
-0.021680688612250837
-0.012215668418784385
-0.005379257372369455
-0.0015738677428676592
3.6230319442073146e-05
0.000496609350154442
0.0005171920945987345
0.0004302637637057003
0.00034470607430014315
0.0002805216574280746
0.00023430004685869466
0.00020031217473561158
0.0001745296775336308
0.00015444526463397079
0.00013847584195846255
0.0001255766477554085
0.0001150293258252036
0.00010632372303724785
9.908826185646927e-05
9.304678287000692e-05
8.799069725377164e-05
8.376044023301597e-05
8.023280016216354e-05
7.731208149757266e-05
7.492384082136169e-05
7.301039485301969e-05
7.152757976920446e-05
7.044241766957209e-05
6.973146064033561e-05
6.937965971031432e-05
7.159117625252298e-05
7.195419104796028e-05
7.268781026210507e-05
7.380756256172387e-05
7.533764327684644e-05
7.731208149880005e-05
7.977644880311981e-05
8.279026716293095e-05
8.643035293325644e-05
9.079545201610358e-05
9.601270351420997e-05
0.00010224675844493179
0.00010971285455143359
0.0001186959540357637
0.0001295794787569405
0.00014288984339114988
0.000159368302364526
0.00018009292017874822
0.00020669725358081739
0.000241768515127933
0.0002894634720067697
0.0003556937853579326
0.0004439785183662637
0.0005336770491118003
0.0005124359268271323
3.737593266375207e-05
-0.0016240583371939766
-0.005550771186571327
-0.012605132780060313
-0.022371899212589703
-0.03239870079800541
-0.03888178313704432
-0.03888178313705129
-0.03239870079800666
-0.022371899212591397
-0.012605132780061111
-0.005550771186572601
-0.001624058337193817
3.737593266421149e-05
0.0005124359268275599
0.0005336770491142068
0.0004439785183680523
0.00035569378536001034
0.00028946347200877544
0.0002417685151293444
0.00020669725358168613
0.00018009292017890255
0.00015936830236276258
0.00014288984338929898
0.000129579478755696
0.00011869595403545894
0.00010971285455063453
0.00010224675844383368
9.601270351393434e-05
9.079545201526026e-05
8.64303529324079e-05
8.279026716272522e-05
7.977644880188211e-05
7.731208149731159e-05
7.533764327508668e-05
7.380756256094197e-05
7.268781026229272e-05
7.195419104766399e-05
7.159117625065246e-05
7.429576866048841e-05
7.467249754841088e-05
7.543383167094925e-05
7.659588634281649e-05
7.818377095523382e-05
8.023280016304714e-05
8.279026716389733e-05
8.59179425756927e-05
8.969554475472976e-05
9.422555006724677e-05
9.963990073422859e-05
0.00010610946803469245
0.00011385762106776711
0.0001231800874824155
0.0001344747742580197
0.00014828798327434135
0.0001653889725515374
0.00018689653450056374
0.0002145059396601862
0.0002509021418378882
0.00030039894028460013
0.0003691312978938556
0.0004607510769526559
0.0005538373830018692
0.0005317908815851724
3.877611984985223e-05
-0.0016854414210143208
-0.0057605297321133495
-0.013081439058753391
-0.0232172325272473
-0.033622880846283745
-0.040350914153374585
-0.04035091415337353
-0.033622880846284155
-0.023217232527249006
-0.013081439058755058
-0.005760529732115233
-0.001685441421014576
3.877611984993154e-05
0.0005317908815852013
0.0005538373830039417
0.00046075107695413254
0.00036913129789579253
0.0003003989402865473
0.00025090214183938063
0.00021450593966144995
0.00018689653450147464
0.00016538897255033238
0.00014828798327280406
0.0001344747742570814
0.000123180087482616
0.00011385762106691375
0.00010610946803338772
9.963990073385325e-05
9.42255500664279e-05
8.9695544753577e-05
8.591794257525786e-05
8.279026716235279e-05
8.023280016156979e-05
7.818377095319742e-05
7.659588634187948e-05
7.543383167080034e-05
7.467249754776164e-05
7.429576865847502e-05
7.756237170803912e-05
7.795566445985344e-05
7.875047261408699e-05
7.996362003812266e-05
8.162132012559203e-05
8.376044023390056e-05
8.643035293356689e-05
8.969554475384375e-05
9.363923908454282e-05
9.836841794362854e-05
0.00010402082475325158
0.00011077484361953008
0.00011886366468624366
0.00012859601810156961
0.0001403873059633794
0.00015480784990632302
0.000172660730681119
0.00019511393186344824
0.00022393726191110083
0.00026193372646369454
0.00031360678751045747
0.00038536110821957455
0.00048100892996533033
0.000578186892266122
0.0005551673426977138
4.0466002991252484e-05
-0.001759582915826968
-0.006013882215232236
-0.013656732448242927
-0.024238242180136173
-0.03510146655580053
-0.0421253546461796
-0.04212535464618293
-0.035101466555801125
-0.024238242180138612
-0.013656732448246781
-0.006013882215234083
-0.0017595829158276231
4.046600299097837e-05
0.0005551673426974131
0.0005781868922680063
0.0004810089299667064
0.0003853611082215915
0.0003136067875125272
0.0002619337264652265
0.00022393726191255843
0.00019511393186475877
0.00017266073068046366
0.00015480784990512831
0.0001403873059627998
0.00012859601810210226
0.00011886366468544334
0.0001107748436182063
0.00010402082475288716
9.836841794282376e-05
9.363923908310556e-05
8.969554475322353e-05
8.643035293190549e-05
8.37604402325878e-05
8.162132012347857e-05
7.996362003709905e-05
7.8750472613441e-05
7.795566445907277e-05
7.75623717061944e-05
8.147959968151721e-05
8.189275540315121e-05
8.272770477593586e-05
8.400212134588724e-05
8.574354239903524e-05
8.799069725531507e-05
9.079545201709418e-05
9.422555006747673e-05
9.836841794483615e-05
0.00010333644073403967
0.00010927431851356201
0.00011636944458710569
0.00012486678625344097
0.00013509066594001725
0.00014747746546384422
0.000162626310368544
0.00018138084081136826
0.00020496802924549137
0.0002352470682459947
0.0002751625283514108
0.0003294453097718035
0.00040482348864178514
0.0005053016062342762
0.000607386041731411
0.0005831991804668782
4.249062342813826e-05
-0.0018484960456210218
-0.006317705479172181
-0.014346626317625575
-0.025462636395502773
-0.0368745824616063
-0.044253257026483646
-0.044253257026483736
-0.0368745824616076
-0.025462636395506322
-0.014346626317628296
-0.006317705479174497
-0.0018484960456219043
4.24906234277297e-05
0.0005831991804664083
0.0006073860417329002
0.0005053016062354342
0.00040482348864366184
0.00032944530977392216
0.000275162528353113
0.00023524706824782482
0.00020496802924740087
0.0001813808408116189
0.00016262631036796914
0.00014747746546363695
0.00013509066594050265
0.00012486678625264698
0.00011636944458575711
0.00010927431851312971
0.00010333644073316187
9.836841794319762e-05
9.422555006669234e-05
9.079545201541491e-05
8.799069725420824e-05
8.574354239699344e-05
8.400212134493506e-05
8.272770477478298e-05
8.189275540248397e-05
8.14795996801136e-05
8.616154683259169e-05
8.659844316559259e-05
8.74813701105541e-05
8.882901676635505e-05
9.067050276138119e-05
9.304678287045549e-05
9.601270351476242e-05
9.963990073414764e-05
0.0001040208247540128
0.00010927431851362683
0.00011555339682645197
0.00012305622097098616
0.00013204183453999655
0.00014285319617109821
0.00015595176307142637
0.00017197108781317062
0.00019180328800627922
0.00021674584086545134
0.00024876477278589783
0.00029097385560347406
0.0003483758273169248
0.0004280853065495925
0.000534336642183254
0.0006422851894771493
0.0006167024695879464
4.490780427285297e-05
-0.0019547733274912944
-0.006680854579611989
-0.015171224991919828
-0.026926092878283035
-0.0389938934782598
-0.046796622852982514
-0.04679662285298941
-0.03899389347826063
-0.026926092878285283
-0.015171224991920241
-0.006680854579613874
-0.0019547733274921176
4.49078042722716e-05
0.0006167024695875656
0.0006422851894783985
0.0005343366421845127
0.00042808530655139503
0.00034837582731898627
0.0002909738556049879
0.00024876477278746917
0.00021674584086735308
0.0001918032880069812
0.0001719710878129799
0.00015595176307154013
0.00014285319617131744
0.00013204183453946808
0.00012305622096983504
0.00011555339682609576
0.00010927431851280975
0.0001040208247524454
9.963990073347094e-05
9.601270351321108e-05
9.304678286969008e-05
9.067050275950419e-05
8.882901676551523e-05
8.748137010880452e-05
8.659844316502021e-05
8.616154683174497e-05
9.175597049113696e-05
9.222123430750864e-05
9.316148930366085e-05
9.459663805596253e-05
9.655769092199e-05
9.908826185744173e-05
0.0001022467584456494
0.00010610946803504657
0.00011077484362040649
0.00011636944458755474
0.00012305622097097093
0.00013104620063079028
0.00014061524683198787
0.00015212858650085428
0.00016607763927252667
0.0001831370943698648
0.0002042569948365811
0.00023081906365522465
0.0002649169824196279
0.0003098667005837707
0.0003709957719175744
0.00045588068158406374
0.0005690303257695614
0.0006839855639848595
0.0006567339732715333
4.7792159730410145e-05
-0.002081772851071928
-0.007114798590430783
-0.016156566921180282
-0.02867481959176295
-0.04152631292091642
-0.04983575258871063
-0.0498357525887099
-0.041526312920918323
-0.028674819591766126
-0.01615656692118149
-0.007114798590432229
-0.002081772851072753
4.779215972988467e-05
0.0006567339732712611
0.0006839855639854747
0.0005690303257704699
0.0004558806815851683
0.00037099577191915115
0.00030986670058493566
0.0002649169824210313
0.00023081906365740647
0.00020425699483803535
0.00018313709437036638
0.00016607763927323397
0.00015212858650081064
0.00014061524683194767
0.00013104620062985155
0.00012305622097056544
0.00011636944458665168
0.00011077484361886405
0.00010610946803442869
0.00010224675844408654
9.908826185702418e-05
9.655769092055329e-05
9.459663805560672e-05
9.316148930190083e-05
9.222123430725979e-05
9.175597049108417e-05
9.845602435095091e-05
9.895526194419259e-05
9.996417479064601e-05
0.00010150411876577282
0.00010360836862316738
0.00010632372303738899
0.00010971285455162167
0.00011385762106759405
0.00011886366468646296
0.00012486678625376238
0.0001320418345400682
0.00014061524683236707
0.0001508830301726359
0.00016323708070424108
0.00017820470203489417
0.00019650984998130567
0.00021917194099709453
0.0002476735936167068
0.0002842613736155096
0.0003324933649529357
0.00039808612903293643
0.0004891692815988183
0.0006105804543933574
0.0007339266909804303
0.0007046749826510643
5.124079198871925e-05
-0.0022338855008321337
-0.007634532511911323
-0.017336694422940828
-0.030769227218366675
-0.04455932015902241
-0.053475626924492634
-0.05347562692449504
-0.04455932015902282
-0.030769227218371602
-0.017336694422941844
-0.00763453251191255
-0.002233885500832894
5.1240791987923876e-05
0.0007046749826508191
0.0007339266909804097
0.0006105804543940856
0.0004891692815992944
0.0003980861290341333
0.0003324933649537171
0.0002842613736166276
0.00024767359361881796
0.0002191719409988801
0.00019650984998215236
0.00017820470203608452
0.00016323708070393355
0.00015088303017318235
0.00014061524683171148
0.00013204183453971485
0.0001248667862530695
0.000118863664685284
0.00011385762106752765
0.00010971285455022478
0.00010632372303739594
0.00010360836862201953
0.00010150411876550937
9.996417478865148e-05
9.895526194380938e-05
9.84560243515048e-05
0.00010651743260601154
0.00010705754696721066
0.00010814906796927409
0.0001098151000773372
0.00011209164253449866
0.00011502932582603427
0.00011869595403678836
0.00012318008748304644
0.00012859601810236008
0.00013509066594077538
0.0001428531961711979
0.00015212858650071149
0.00016323708070330292
0.0001766026629840685
0.00019279581209965223
0.0002125997608351979
0.00023711739492302336
0.00026795272931344244
0.0003075362784047276
0.0003597174594554935
0.00043068087966809977
0.0005292216511285718
0.0006605728298199358
0.0007940143522076613
0.0007623540006832543
5.538153324263656e-05
-0.0024169263288637798
-0.008259912530956329
-0.018756684054797246
-0.03328930590358315
-0.048208745870115935
-0.057855249195574374
-0.05785524919557612
-0.048208745870115026
-0.03328930590358438
-0.01875668405479823
-0.008259912530957562
-0.002416926328864431
5.5381533241655344e-05
0.0007623540006827774
0.000794014352206816
0.0006605728298201212
0.0005292216511280859
0.0004306808796687308
0.00035971745945576755
0.00030753627840559254
0.00026795272931531513
0.0002371173949250169
0.00021259976083626677
0.00019279581210135383
0.00017660266298384088
0.00016323708070466772
0.0001521285865005846
0.00014285319617110822
0.00013509066594036653
0.00012859601810133177
0.00012318008748322915
0.00011869595403521663
0.00011502932582614566
0.00011209164253358345
0.00010981510007711823
0.00010814906796750997
0.00010705754696683017
0.00010651743260705303
0.00011628427680671004
0.00011687391565825377
0.00011806552106230386
0.00011988431599846832
0.00012236960058292909
0.00012557664775655897
0.00012957947875766714
0.00013447477425809577
0.00014038730596360207
0.00014747746546407126
0.0001559517630712969
0.00016607763927223534
0.00017820470203413835
0.00019279581210000665
0.00021047375742620517
0.00023209358831185957
0.0002588593184522405
0.00029252204182415235
0.00033573513768935155
0.00039270099062992786
0.0004701712674017476
0.000577747331695209
0.0007211411566725285
0.0008668126980760362
0.000832230889290079
6.038513829753638e-05
-0.002638722645615575
-0.009017661829656735
-0.020477198330745926
-0.03634270088263558
-0.05263046481525399
-0.0631616767047667
-0.06316167670476955
-0.05263046481524973
-0.036342700882636136
-0.020477198330747286
-0.00901766182965865
-0.0026387226456166053
6.03851382963462e-05
0.0008322308892892807
0.0008668126980746196
0.0007211411566721239
0.0005777473316937963
0.0004701712674017894
0.00039270099062965107
0.0003357351376899716
0.0002925220418256223
0.00025885931845428563
0.00023209358831294952
0.00021047375742815224
0.00019279581209987793
0.00017820470203585794
0.00016607763927238415
0.0001559517630713501
0.00014747746546406358
0.0001403873059628112
0.00013447477425875673
0.00012957947875620493
0.00012557664775694673
0.0001223696005823068
0.00011988431599825356
0.0001180655210608492
0.00011687391565802833
0.000116284276807774
0.0001282289597472316
0.0001288791662232031
0.00013019317318095001
0.00013219879450875394
0.00013493936723806932
0.00013847584195937943
0.000142889843391392
0.0001482879832741296
0.00015480784990628936
0.0001626263103684816
0.00017197108781308255
0.00018313709436982965
0.00019650984998124537
0.0002125997608360946
0.00023209358831199168
0.0002559342145660238
0.0002854493315177892
0.00032256990908886016
0.0003702218878352281
0.0004330393266443726
0.000518467390216837
0.0006370934205780448
0.0007952148458834176
0.0009558419554781782
0.0009176821651362488
6.648391405548237e-05
-0.0029100260650159046
-0.00994448041344008
-0.022581542034742774
-0.04007723108802086
-0.058038521119938645
-0.0696517707590045
-0.06965177075900117
-0.05803852111993903
-0.040077231088022594
-0.022581542034745557
-0.009944480413441887
-0.002910026065017622
6.648391405391065e-05
0.0009176821651347671
0.0009558419554763034
0.0007952148458823842
0.0006370934205760651
0.000518467390216568
0.0004330393266438837
0.0003702218878357951
0.00032256990908981545
0.0002854493315196453
0.00025593421456681525
0.0002320935883137506
0.00021259976083613363
0.00019650984998313917
0.00018313709437030106
0.0001719710878134285
0.00016262631036884404
0.00015480784990560062
0.0001482879832748252
0.00014288984338993934
0.000138475841959735
0.00013493936723767315
0.00013219879450856884
0.0001301931731800633
0.00012887916622351318
0.000128228959747959
0.00014301668059711292
0.000143741870860113
0.0001452074131015606
0.0001474443288022532
0.00015050095277099808
0.00015444526463452349
0.00015936830236407097
0.00016538897255077004
0.00017266073068067164
0.00018138084081077845
0.0001918032880058377
0.00020425699483591825
0.000219171940996442
0.00023711739492297622
0.00025885931845152964
0.0002854493315177194
0.0003183682425434831
0.00035976971227495106
0.0004129171190904448
0.00048297894434139567
0.0005782589058462671
0.0007105649207393146
0.000886918827641083
0.001066058805536474
0.0010234615287650483
7.40025519705628e-05
-0.003245981829761009
-0.011092057393044034
-0.025187036704745258
-0.04470106962931893
-0.06473434756257249
-0.07768725962600104
-0.07768725962600581
-0.06473434756257268
-0.04470106962932675
-0.025187036704747368
-0.011092057393046341
-0.0032459818297630397
7.400255196890961e-05
0.0010234615287630434
0.001066058805534407
0.0008869188276396243
0.0007105649207371143
0.000578258905845677
0.00048297894434071403
0.00041291711909071754
0.0003597697122751994
0.0003183682425447246
0.00028544933151796554
0.00025885931845272297
0.00023711739492319063
0.00021917194099813406
0.00020425699483647962
0.0001918032880062503
0.00018138084081144854
0.00017266073068020806
0.00016538897255165267
0.00015936830236311036
0.00015444526463518553
0.00015050095277091452
0.00014744432880224383
0.00014520741310102003
0.00014374187086107031
0.0001430166805970897
0.00016161489053007988
0.00016243438641112622
0.00016409051156726623
0.00016661832160959548
0.0001700724369594012
0.00017452967753333676
0.00018009292017912135
0.00018689653450095766
0.0001951139318639417
0.00020496802924541068
0.00021674584086567723
0.00023081906365540704
0.0002476735936175255
0.00026795272931483727
0.0002925220418248855
0.0003225699090903051
0.0003597697122756473
0.00040655518807915085
0.00046661410759321186
0.0005457870898823112
0.0006534576319174053
0.0008029686541348004
0.0010022526261662277
0.0012046732526020299
0.0011564864574115951
8.342491139657895e-05
-0.003668585832343132
-0.012535497392066896
-0.0284641743197379
-0.05051675138588142
-0.07315602346294015
-0.08779385713499885
-0.08779385713499713
-0.07315602346294181
-0.05051675138588294
-0.02846417431974091
-0.012535497392068594
-0.0036685858323454792
8.342491139492786e-05
0.0011564864574092628
0.0012046732526001412
0.0010022526261645529
0.00080296865413273
0.0006534576319164676
0.0005457870898814985
0.00046661410759317923
0.0004065551880788302
0.00035976971227621285
0.0003225699090900454
0.0002925220418253941
0.000267952729315285
0.00024767359361887054
0.0002308190636558661
0.0002167458408659672
0.00020496802924596425
0.00019511393186346098
0.00018689653450156446
0.0001800929201786348
0.00017452967753414807
0.0001700724369595778
0.00016661832160979164
0.00016409051156694948
0.00016243438641257553
0.00016161489052937892
0.00018548953723460427
0.00018643009397495137
0.00018833087191144605
0.00019123210530794149
0.00019519648348779246
0.0002003121747345655
0.00020669725358136157
0.00021450593966079967
0.00022393726191171845
0.0002352470682456194
0.00024876477278569997
0.0002649169824187845
0.00028426137361502353
0.00030753627840423924
0.0003357351376883249
0.00037022188783537353
0.00041291711908996397
0.0004666141075927682
0.0005355454290836507
0.0006264145541606855
0.0007499911791387318
0.0009215890242000001
0.001150310740900311
0.0013826251166339457
0.0013272906507812196
9.564084686929593e-05
-0.00421076275332043
-0.014387709392292582
-0.03266960818123017
-0.05797998012935432
-0.0839636222999856
-0.10076378338743608
-0.1007637833874406
-0.08396362229998192
-0.057979980129355395
-0.032669608181232226
-0.014387709392295134
-0.004210762753322611
9.564084686784863e-05
0.0013272906507788584
0.0013826251166323947
0.0011503107408988346
0.0009215890241984993
0.0007499911791375691
0.0006264145541598317
0.0005355454290832992
0.0004666141075920314
0.0004129171190897195
0.0003702218878346214
0.00033573513768796344
0.0003075362784047169
0.0002842613736156927
0.00026491698241884107
0.0002487647727855434
0.00023524706824587592
0.00022393726191105362
0.00021450593966099813
0.0002066972535811699
0.00020031217473554213
0.00019519648348807815
0.00019123210530865823
0.00018833087191134492
0.00018643009397685003
0.00018548953723350584
0.00021696237670360834
0.00021806252246825745
0.00022028581503855774
0.00022367931546989807
0.0002283163499633823
0.000234300046857522
0.00024176851512932072
0.00025090214183967965
0.00026193372646564524
0.0002751625283523703
0.00029097385560475695
0.0003098667005842742
0.00033249336495359616
0.0003597174594554845
0.000392700990629051
0.0004330393266444302
0.00048297894434061375
0.0005457870898817946
0.0006264145541603692
0.0007327024021901182
0.0008772484650475052
0.0010779683323857
0.0013455236423342127
0.0016173521692906462
0.0015529515100185902
0.00011324857813719477
-0.004921598389560912
-0.01682079140916573
-0.03819719418488554
-0.06779223803965036
-0.09817480452244975
-0.11781925627312675
-0.11781925627313031
-0.09817480452244946
-0.06779223803965422
-0.03819719418488826
-0.016820791409167733
-0.004921598389563154
0.00011324857813562836
0.0015529515100160813
0.0016173521692892162
0.0013455236423329628
0.0010779683323848687
0.0008772484650462276
0.0007327024021893044
0.0006264145541599539
0.0005457870898808693
0.0004829789443397001
0.0004330393266433304
0.0003927009906279285
0.00035971745945579173
0.00033249336495344307
0.0003098667005836009
0.00029097385560393377
0.00027516252835196864
0.00026193372646463677
0.0002509021418392999
0.000241768515129355
0.00023430004685857594
0.00022831634996364931
0.0002236793154709082
0.000220285815038459
0.0002180625224699431
0.0002169623767025149
0.00025976368908435553
0.0002610808666745516
0.00026374276044552596
0.00026780571546712736
0.00027335752343395477
0.0002805216574263362
0.0002894634720079441
0.0003003989402858867
0.00031360678751197427
0.0003294453097724267
0.00034837582731815436
0.0003709957719182453
0.00039808612903411664
0.00043068087966858663
0.000470171267401691
0.0005184673902177731
0.0005782589058463723
0.0006534576319175241
0.0007499911791381985
0.0008772484650468617
0.0010503185432541899
0.0012906817308142907
0.0016112329526792168
0.0019375297326048161
0.0018632423057441728
0.00014746589514209714
-0.0058618432218203
-0.020071473593673568
-0.04560512602123836
-0.08096102009110764
-0.117260896952869
-0.14073239448831198
-0.14073239448831584
-0.11726089695287105
-0.08096102009111383
-0.04560512602124188
-0.02007147359367659
-0.005861843221822619
0.00014746589514074793
0.0018632423057419645
0.0019375297326035645
0.0016112329526781644
0.0012906817308138236
0.0010503185432525276
0.000877248465045646
0.0007499911791375491
0.0006534576319162928
0.0005782589058447982
0.0005184673902165387
0.00047017126740010664
0.0004306808796687911
0.0003980861290332136
0.00037099577191700085
0.0003483758273166546
0.00032944530977146584
0.00031360678751049835
0.0003003989402849957
0.0002894634720077356
0.00028052165742730134
0.0002733575234337036
0.00026780571546826664
0.0002637427604451778
0.0002610808666758394
0.0002597636890834189
0.0003191986548794542
0.0003208172047347726
0.0003240881437989818
0.0003290807087573702
0.00033590277780652596
0.0003447060742990865
0.00035569378535984955
0.00036913129789592665
0.0003853611082218711
0.0004048234886435165
0.000428085306551819
0.00045588068158586216
0.0004891692816009986
0.0005292216511297296
0.0005777473316954801
0.0006370934205789953
0.0007105649207394119
0.0008029686541350485
0.00092158902419936
0.0010779683323853732
0.0012906817308147962
0.001586300231493669
0.0019814262635163603
0.002387271224322601
0.0023123280354734954
0.0002499066635947311
-0.007026177158195261
-0.02427504007400318
-0.055309543430430624
-0.09831389742647084
-0.14248558784659826
-0.17105363390122724
-0.17105363390122702
-0.14248558784660115
-0.09831389742647578
-0.0553095434304348
-0.024275040074006347
-0.0070261771581975295
0.00024990666359320007
0.0023123280354713756
0.002387271224321201
0.0019814262635153936
0.0015863002314933888
0.0012906817308129623
0.0010779683323836051
0.0009215890241985482
0.0008029686541333259
0.0007105649207372101
0.0006370934205774816
0.0005777473316935414
0.000529221651129528
0.0004891692815994443
0.0004558806815841593
0.00042808530654993326
0.0004048234886421759
0.0003853611082203064
0.00036913129789481735
0.0003556937853595316
0.0003447060742998965
0.0003359027778057455
0.0003290807087581552
0.00032408814379825097
0.00032081720473528145
0.00031919865487878453
0.0003984256087153808
0.0004004458712567215
0.0004045286336910661
0.000410760315303931
0.00041927556650533064
0.0004302637637046082
0.0004439785183679737
0.00046075107695422155
0.0004810089299670192
0.0005053016062355592
0.0005343366421848793
0.0005690303257707458
0.0006105804543951122
0.0006605728298207294
0.0007211411566725424
0.000795214845884041
0.0008869188276409804
0.0010022526261662843
0.0011503107408990475
0.0013455236423337148
0.0016112329526795474
0.0019814262635166535
0.002480370424812881
0.003009815703049804
0.0029927079209535338
0.0006331086816497612
-0.007943657001023017
-0.02848460715911523
-0.0656307308818998
-0.11725427978564712
-0.17037044816739888
-0.2047550070989519
-0.20475500709895472
-0.17037044816740152
-0.117254279785653
-0.06563073088190449
-0.028484607159119626
-0.007943657001025856
0.0006331086816478225
0.0029927079209515904
0.003009815703048255
0.0024803704248120505
0.0019814262635164228
0.0016112329526776267
0.0013455236423313434
0.00115031074089801
0.0010022526261639776
0.0008869188276382167
0.0007952148458823605
0.0007211411566703492
0.0006605728298201459
0.0006105804543930017
0.0005690303257690011
0.0005343366421826792
0.0005053016062341228
0.0004810089299652984
0.000460751076953089
0.00044397851836711956
0.0004302637637052394
0.0004192755665038903
0.00041076031530445424
0.0004045286336899943
0.00040044587125697393
0.0003984256087148151
0.00047892288174272447
0.0004813512284763174
0.0004862586881804734
0.0004937491303868487
0.0005039843943317984
0.000517192094598016
0.0005336770491142526
0.0005538373830038279
0.0005781868922677738
0.0006073860417329087
0.0006422851894787522
0.0006839855639862204
0.0007339266909825667
0.0007940143522092759
0.0008668126980770587
0.0009558419554799312
0.0010660588055376211
0.001204673252603427
0.0013826251166334656
0.0016173521692909284
0.0019375297326049963
0.002387271224322694
0.003009815703048874
0.0037370162066253714
0.004020018935266441
0.0020365911998269895
-0.006265941789726498
-0.027027860984066288
-0.0653583931007641
-0.11925118214523349
-0.17507970672294432
-0.21135082173694159
-0.21135082173694375
-0.17507970672294926
-0.11925118214523875
-0.06535839310077007
-0.02702786098407106
-0.006265941789729524
0.002036591199825021
0.004020018935264887
0.003737016206623865
0.0030098157030483312
0.002387271224322425
0.001937529732603364
0.0016173521692881077
0.001382625116632264
0.0012046732526005098
0.0010660588055345054
0.0009558419554779784
0.0008668126980747022
0.0007940143522081619
0.0007339266909802097
0.0006839855639847627
0.0006422851894767807
0.0006073860417318373
0.0005781868922665658
0.0005538373830031567
0.0005336770491133503
0.0005171920945985485
0.0005039843943301369
0.0004937491303868106
0.00048625868817913807
0.00048135122847629895
0.00047892288174233985
0.0004598679394429426
0.00046219936513125504
0.0004669109464270227
0.00047410238580765883
0.0004839290280419151
0.0004966093501542774
0.000512435926828712
0.0005317908815860445
0.0005551673426984618
0.000583199180467659
0.000616702469589064
0.0006567339732724123
0.0007046749826529165
0.000762354000684694
0.0008322308892909612
0.0009176821651372915
0.001023461528765585
0.0011564864574120774
0.0013272906507798285
0.0015529515100180676
0.001863242305743301
0.0023123280354731823
0.0029927079209522943
0.004020018935266777
0.005392302583653504
0.00658084492676181
0.005889529828774413
0.0002108354783975744
-0.013654508983845858
-0.03577867563574555
-0.060271529374938404
-0.07672553544085581
-0.07672553544086005
-0.060271529374940076
-0.03577867563574849
-0.013654508983849161
0.00021083547839459123
0.005889529828773115
0.006580844926761521
0.005392302583653674
0.004020018935266464
0.002992707920952779
0.0023123280354733922
0.0018632423057423503
0.001552951510015587
0.0013272906507787487
0.0011564864574093606
0.0010234615287628512
0.000917682165135934
0.0008322308892889543
0.0007623540006837001
0.0007046749826507604
0.0006567339732718959
0.0006167024695875456
0.0005831991804675972
0.0005551673426977324
0.000531790881586339
0.0005124359268276844
0.0004966093501551273
0.0004839290280402417
0.00047410238580752277
0.00046691094642553317
0.00046219936513150115
0.00045986793944262057
3.3568457430087394e-05
3.3737461311055726e-05
3.4078962208431294e-05
3.460010453621263e-05
3.5312012991307564e-05
3.623031944206351e-05
3.737593266545234e-05
3.877611985055503e-05
4.046600299158157e-05
4.249062342848204e-05
4.490780427335424e-05
4.779215973082908e-05
5.124079198983441e-05
5.5381533243737934e-05
6.0385138298398983e-05
6.64839140562719e-05
7.400255197103526e-05
8.342491139712715e-05
9.564084686810128e-05
0.00011324857813693731
0.00014746589514077097
0.00024990666359410603
0.0006331086816472485
0.002036591199825714
0.006580844926759445
0.019160695376905672
0.0485260282547825
0.10572686155286896
0.19743955351247877
0.3155887144624988
0.43151868365724
0.5046147767851029
0.5046147767851041
0.431518683657245
0.3155887144625087
0.19743955351248657
0.10572686155287703
0.04852602825479057
0.019160695376913103
0.00658084492676584
0.002036591199830612
0.0006331086816522645
0.0002499066635976318
0.00014746589514347443
0.00011324857813733224
9.564084686955594e-05
8.342491139653254e-05
7.400255197077548e-05
6.648391405687909e-05
6.0385138298248876e-05
5.5381533244111794e-05
5.124079198951362e-05
4.779215973205809e-05
4.490780427345597e-05
4.249062342998414e-05
4.046600299218098e-05
3.8776119852055265e-05
3.737593266513738e-05
3.623031944338071e-05
3.5312012990194115e-05
3.460010453594658e-05
3.407896220686976e-05
3.3737461311269457e-05
3.356845743011824e-05
-0.0014573586171124347
-0.0014647513571821888
-0.0014796914973413565
-0.0015024954848235623
-0.001533656395696028
-0.0015738677428683778
-0.0016240583371928642
-0.0016854414210146938
-0.0017595829158269182
-0.0018484960456219492
-0.001954773327491392
-0.0020817728510726507
-0.0022338855008318904
-0.002416926328863969
-0.002638722645615849
-0.00291002606501718
-0.0032459818297621893
-0.0036685858323449753
-0.004210762753322977
-0.004921598389562855
-0.0058618432218234175
-0.007026177158197635
-0.007943657001027844
-0.006265941789730414
0.00588952982876847
0.04852602825477879
0.15999309087860433
0.3920562153209984
0.7805574768415302
1.2957578023364098
1.8108957652595281
2.1391915682522145
2.139191568252228
1.8108957652595572
1.295757802336453
0.7805574768415758
0.3920562153210383
0.15999309087863972
0.04852602825480749
0.005889529828792563
-0.0062659417897108095
-0.007943657001010115
-0.0070261771581835155
-0.005861843221811285
-0.004921598389553555
-0.004210762753314466
-0.0036685858323383656
-0.003245981829756115
-0.0029100260650104454
-0.0026387226456109454
-0.0024169263288588254
-0.0022338855008280775
-0.0020817728510671395
-0.001954773327487948
-0.001848496045616906
-0.0017595829158242706
-0.0016854414210101603
-0.0016240583371918093
-0.0015738677428652906
-0.0015336563956963752
-0.0015024954848225822
-0.0014796914973423743
-0.0014647513571814407
-0.0014573586171125507
-0.004981108701077883
-0.005006372363863356
-0.005057428085713488
-0.005135357000405651
-0.005241843666259168
-0.005379257372371345
-0.005550771186573083
-0.005760529732116434
-0.006013882215235451
-0.00631770547917628
-0.006680854579615118
-0.007114798590433633
-0.007634532511913271
-0.008259912530958785
-0.009017661829659318
-0.009944480413443636
-0.011092057393047656
-0.012535497392071205
-0.014387709392298883
-0.016820791409171205
-0.02007147359368126
-0.02427504007401076
-0.028484607159126644
-0.027027860984077726
0.00021083547838332214
0.10572686155285446
0.39205621532098733
0.9998808253925365
2.029523573594182
3.405325988973135
4.787551248270771
5.6707886140549295
5.670788614054963
4.787551248270845
3.4053259889732628
2.029523573594302
0.9998808253926472
0.39205621532108137
0.10572686155293093
0.0002108354784453667
-0.02702786098402564
-0.028484607159081722
-0.024275040073973228
-0.020071473593647693
-0.01682079140914302
-0.014387709392273504
-0.01253549739204989
-0.011092057393027197
-0.009944480413425084
-0.009017661829642901
-0.00825991253094395
-0.007634532511899915
-0.0071147985904203275
-0.006680854579603754
-0.006317705479164733
-0.006013882215226833
-0.005760529732107757
-0.00555077118656778
-0.0053792573723657495
-0.005241843666255561
-0.0051353570004038646
-0.0050574280857128675
-0.005006372363862562
-0.004981108701076927
-0.011311567732150883
-0.011368935735108547
-0.0114848715055961
-0.01166182983455559
-0.011903635613156618
-0.012215668418786269
-0.012605132780062653
-0.01308143905875718
-0.013656732448247007
-0.014346626317630957
-0.015171224991922423
-0.016156566921186204
-0.017336694422945734
-0.01875668405480377
-0.020477198330752858
-0.022581542034754327
-0.025187036704754702
-0.028464174319752053
-0.03266960818124307
-0.038197194184898246
-0.04560512602125476
-0.055309543430447236
-0.06563073088192077
-0.06535839310078667
-0.013654508983874183
0.19743955351244666
0.780557476841498
2.029523573594159
4.1565001325189
7.008121849968995
9.879097948638154
11.715787938339487
11.715787938339552
9.879097948638318
7.008121849969253
4.156500132519157
2.0295235735943917
0.780557476841696
0.1974395535126054
-0.013654508983745246
-0.06535839310067976
-0.06563073088182872
-0.055309543430369174
-0.04560512602118433
-0.038197194184838565
-0.032669608181188525
-0.02846417431970385
-0.025187036704710307
-0.022581542034713936
-0.020477198330718024
-0.01875668405477105
-0.017336694422918287
-0.016156566921157446
-0.015171224991901162
-0.014346626317607435
-0.01365673244823011
-0.013081439058739708
-0.012605132780050567
-0.012215668418773902
-0.01190363561314931
-0.011661829834549038
-0.01148487150559225
-0.011368935735107054
-0.011311567732150056
-0.02007611027945421
-0.020177925991194834
-0.02038368664433436
-0.02069774876559894
-0.021126900387739865
-0.021680688612256416
-0.022371899212596608
-0.023217232527256194
-0.024238242180142276
-0.02546263639551226
-0.026926092878291875
-0.02867481959177292
-0.030769227218376917
-0.033289305903594954
-0.03634270088264836
-0.04007723108803829
-0.04470106962933909
-0.050516751385902114
-0.057979980129373915
-0.06779223803967571
-0.08096102009113357
-0.09831389742649987
-0.11725427978568251
-0.1192511821452729
-0.03577867563579215
0.31558871446244563
1.2957578023363476
3.405325988973078
7.008121849968957
11.847023781693032
16.72422448969442
19.846320141666798
19.846320141666926
16.72422448969472
11.847023781693473
7.008121849969392
3.405325988973477
1.2957578023366874
0.3155887144627123
-0.03577867563557374
-0.11925118214508994
-0.11725427978552408
-0.09831389742636737
-0.0809610200910153
-0.06779223803956942
-0.057979980129282016
-0.050516751385818244
-0.04470106962926462
-0.04007723108796815
-0.036342700882587606
-0.033289305903539
-0.03076922721832808
-0.02867481959172653
-0.026926092878252227
-0.025462636395475448
-0.02423824218011353
-0.02321723252722615
-0.02237189921257451
-0.02168068861223606
-0.021126900387726365
-0.020697748765585687
-0.020383686644327617
-0.020177925991188752
-0.020076110279454454
-0.029074016943486276
-0.029221463266088182
-0.029519439323647267
-0.02997425395093831
-0.030595737116997285
-0.03139771426199506
-0.03239870079801559
-0.033622880846293154
-0.035101466555810305
-0.03687458246161921
-0.03899389347827209
-0.04152631292093159
-0.04455932015903741
-0.048208745870132304
-0.05263046481527179
-0.05803852111995942
-0.06473434756259394
-0.07315602346296726
-0.08396362230001235
-0.09817480452248005
-0.11726089695290276
-0.14248558784663964
-0.17037044816744462
-0.1750797067230001
-0.060271529375003796
0.43151868365715906
1.8108957652594357
4.787551248270669
9.879097948638059
16.724224489694365
23.627739362090644
28.048454348068738
28.0484543480689
23.627739362091056
16.724224489694993
9.879097948638679
4.787551248271235
1.8108957652599154
0.43151868365754287
-0.06027152937469551
-0.17507970672274042
-0.17037044816722574
-0.14248558784644794
-0.11726089695273566
-0.0981748045223293
-0.08396362229988225
-0.07315602346284711
-0.0647343475624853
-0.05803852111986238
-0.052630464815184075
-0.04820874587005343
-0.04455932015896552
-0.04152631292086706
-0.03899389347821472
-0.03687458246156746
-0.03510146655576747
-0.03362288084625392
-0.032398700797981766
-0.03139771426196909
-0.03059573711697338
-0.029974253950923256
-0.029519439323632407
-0.02922146326608427
-0.02907401694348304
-0.03489184581414565
-0.0350687955837445
-0.03542639547576884
-0.03597221661732143
-0.03671805578302625
-0.037680504629242176
-0.03888178313705986
-0.04035091415338494
-0.04212535464619048
-0.044253257026497565
-0.04679662285300133
-0.0498357525887265
-0.05347562692451159
-0.05785524919559705
-0.06316167670479181
-0.06965177075903278
-0.07768725962603257
-0.08779385713503367
-0.10076378338747471
-0.1178192562731629
-0.14073239448835878
-0.17105363390127482
-0.2047550070990093
-0.21135082173700814
-0.07672553544093835
0.5046147767850063
2.1391915682520986
5.670788614054796
11.715787938339336
19.846320141666673
28.04845434806865
33.30154670258827
33.30154670258845
28.048454348069136
19.846320141667412
11.71578793834008
5.67078861405547
2.139191568252669
0.504614776785461
-0.07672553544057162
-0.21135082173669995
-0.20475500709874878
-0.17105363390104902
-0.14073239448815617
-0.11781925627298746
-0.10076378338731556
-0.08779385713489177
-0.07768725962590309
-0.0696517707589164
-0.06316167670468745
-0.05785524919550151
-0.053475626924429545
-0.0498357525886472
-0.04679662285293483
-0.04425325702643704
-0.042125354646140735
-0.04035091415333662
-0.03888178313701851
-0.03768050462920899
-0.03671805578300179
-0.035972216617297284
-0.03542639547575331
-0.035068795583734685
-0.034891845814145436
-0.03489184581414801
-0.035068795583745004
-0.03542639547577274
-0.03597221661732104
-0.03671805578302627
-0.0376805046292445
-0.03888178313705787
-0.04035091415338471
-0.04212535464619261
-0.04425325702649785
-0.04679662285300086
-0.04983575258872554
-0.053475626924513533
-0.0578552491955955
-0.06316167670479222
-0.06965177075903299
-0.07768725962603173
-0.08779385713503438
-0.10076378338747291
-0.11781925627316525
-0.14073239448835684
-0.17105363390127482
-0.20475500709900973
-0.2113508217370076
-0.07672553544093808
0.5046147767850099
2.1391915682521057
5.670788614054812
11.715787938339382
19.846320141666748
28.04845434806876
33.30154670258838
33.301546702588595
28.04845434806925
19.84632014166749
11.715787938340124
5.670788614055488
2.1391915682526776
0.5046147767854627
-0.07672553544057047
-0.2113508217367008
-0.20475500709874658
-0.17105363390104888
-0.14073239448815772
-0.11781925627298512
-0.10076378338731709
-0.08779385713489168
-0.07768725962590534
-0.06965177075891482
-0.06316167670468849
-0.05785524919550006
-0.05347562692442985
-0.0498357525886485
-0.046796622852933734
-0.044253257026435774
-0.04212535464614067
-0.04035091415333835
-0.038881783137019336
-0.037680504629209174
-0.03671805578299987
-0.0359722166172983
-0.03542639547575227
-0.035068795583736476
-0.03489184581414463
-0.029074016943484833
-0.029221463266089397
-0.02951943932364772
-0.029974253950939715
-0.030595737116997986
-0.031397714261995294
-0.032398700798016586
-0.033622880846293855
-0.035101466555810014
-0.03687458246161949
-0.03899389347827262
-0.041526312920932375
-0.04455932015903753
-0.04820874587013323
-0.05263046481527352
-0.05803852111996012
-0.0647343475625962
-0.07315602346296823
-0.08396362230001539
-0.09817480452248101
-0.11726089695290477
-0.14248558784664186
-0.1703704481674458
-0.17507970672300271
-0.06027152937500316
0.43151868365716267
1.8108957652594535
4.7875512482707165
9.879097948638154
16.724224489694514
23.627739362090878
28.048454348069008
28.048454348069157
23.627739362091273
16.724224489695143
9.879097948638769
4.787551248271281
1.8108957652599327
0.4315186836575454
-0.060271529374696445
-0.17507970672274392
-0.17037044816722763
-0.14248558784645107
-0.11726089695273614
-0.09817480452233168
-0.08396362229988358
-0.07315602346284855
-0.0647343475624871
-0.0580385211198638
-0.052630464815186184
-0.048208745870054484
-0.044559320158966347
-0.041526312920867246
-0.03899389347821565
-0.036874582461567475
-0.03510146655576842
-0.033622880846253214
-0.032398700797981544
-0.03139771426196779
-0.030595737116973425
-0.02997425395092085
-0.0295194393236317
-0.029221463266082597
-0.02907401694348339
-0.0200761102794541
-0.020177925991196326
-0.02038368664433689
-0.02069774876559924
-0.02112690038774174
-0.021680688612255295
-0.022371899212599217
-0.02321723252725391
-0.02423824218014446
-0.025462636395512595
-0.026926092878293735
-0.028674819591774724
-0.03076922721837829
-0.033289305903597174
-0.036342700882650895
-0.04007723108803883
-0.04470106962934032
-0.050516751385903405
-0.05797998012937607
-0.06779223803967663
-0.08096102009113411
-0.0983138974265024
-0.11725427978568219
-0.11925118214527652
-0.03577867563579168
0.3155887144624512
1.2957578023363778
3.4053259889731526
7.00812184996911
11.847023781693292
16.724224489694805
19.84632014166725
19.846320141667377
16.724224489695093
11.847023781693734
7.008121849969546
3.4053259889735514
1.2957578023367131
0.3155887144627185
-0.035778675635575144
-0.11925118214509493
-0.11725427978552738
-0.09831389742637019
-0.08096102009101667
-0.06779223803957068
-0.0579799801292817
-0.050516751385819174
-0.0447010696292661
-0.04007723108796843
-0.036342700882589264
-0.0332893059035409
-0.03076922721832948
-0.02867481959172853
-0.026926092878253628
-0.025462636395477835
-0.02423824218011293
-0.02321723252722746
-0.0223718992125742
-0.021680688612234184
-0.021126900387723503
-0.020697748765583453
-0.02038368664432565
-0.02017792599118923
-0.020076110279453004
-0.01131156773215062
-0.011368935735109574
-0.011484871505597965
-0.011661829834557599
-0.011903635613159028
-0.012215668418787507
-0.012605132780063899
-0.013081439058757503
-0.013656732448247992
-0.014346626317631941
-0.015171224991923563
-0.016156566921185566
-0.01733669442294654
-0.0187566840548044
-0.020477198330755553
-0.022581542034755174
-0.025187036704756843
-0.028464174319754343
-0.03266960818124621
-0.03819719418490124
-0.045605126021255646
-0.055309543430451184
-0.06563073088192202
-0.06535839310079086
-0.013654508983872746
0.19743955351245335
0.7805574768415284
2.0295235735942314
4.156500132519054
7.008121849969253
9.879097948638513
11.715787938339911
11.715787938339975
9.87909794863868
7.008121849969507
4.156500132519303
2.029523573594462
0.7805574768417234
0.19743955351260956
-0.013654508983747156
-0.06535839310068461
-0.06563073088183176
-0.05530954343037346
-0.04560512602118606
-0.03819719418483976
-0.0326696081811909
-0.028464174319706333
-0.025187036704712427
-0.022581542034714828
-0.020477198330720762
-0.018756684054771367
-0.017336694422918335
-0.01615656692115855
-0.015171224991902115
-0.014346626317608328
-0.013656732448231026
-0.013081439058740192
-0.012605132780050328
-0.012215668418772528
-0.011903635613147232
-0.011661829834546604
-0.011484871505589769
-0.011368935735104498
-0.011311567732149627
-0.004981108701077245
-0.0050063723638654
-0.005057428085716043
-0.005135357000407904
-0.005241843666261323
-0.005379257372371969
-0.005550771186574722
-0.005760529732116971
-0.006013882215235815
-0.006317705479176695
-0.006680854579615118
-0.007114798590434537
-0.007634532511913866
-0.008259912530960043
-0.009017661829661395
-0.009944480413445894
-0.011092057393049711
-0.012535497392073894
-0.014387709392301178
-0.016820791409173606
-0.020071473593682325
-0.02427504007401344
-0.028484607159126082
-0.027027860984080505
0.00021083547838462817
0.10572686155286147
0.3920562153210143
0.9998808253926044
2.02952357359432
3.4053259889733702
4.787551248271103
5.670788614055321
5.670788614055354
4.787551248271175
3.4053259889734937
2.029523573594437
0.9998808253927131
0.3920562153211055
0.1057268615529349
0.00021083547844449033
-0.027027860984030778
-0.028484607159083342
-0.024275040073977128
-0.02007147359364875
-0.01682079140914461
-0.014387709392274484
-0.012535497392050716
-0.011092057393029174
-0.009944480413426049
-0.009017661829644965
-0.008259912530944977
-0.0076345325119007695
-0.007114798590421998
-0.006680854579604685
-0.006317705479166452
-0.006013882215227359
-0.0057605297321081635
-0.005550771186566503
-0.005379257372363458
-0.005241843666254036
-0.005135357000400535
-0.005057428085710667
-0.0050063723638615245
-0.004981108701077347
-0.0014573586171117768
-0.0014647513571844368
-0.0014796914973431532
-0.0015024954848254757
-0.0015336563956982719
-0.0015738677428692965
-0.0016240583371940804
-0.001685441421015095
-0.001759582915827276
-0.0018484960456223944
-0.001954773327491414
-0.002081772851073053
-0.0022338855008320665
-0.0024169263288650014
-0.002638722645617061
-0.0029100260650192986
-0.003245981829763998
-0.0036685858323474976
-0.0042107627533249144
-0.004921598389564687
-0.005861843221824155
-0.007026177158199529
-0.007943657001026914
-0.0062659417897326635
0.005889529828770638
0.0485260282547846
0.1599930908786286
0.392056215321057
0.780557476841649
1.2957578023366063
1.810895765259813
2.139191568252548
2.1391915682525613
1.8108957652598352
1.2957578023366536
0.7805574768416894
0.3920562153210945
0.15999309087866037
0.04852602825481069
0.005889529828791839
-0.0062659417897147855
-0.007943657001011729
-0.007026177158187119
-0.0058618432218113525
-0.004921598389554487
-0.004210762753314173
-0.003668585832339321
-0.003245981829756436
-0.0029100260650112434
-0.0026387226456115083
-0.002416926328859713
-0.002233885500828363
-0.0020817728510682827
-0.0019547733274886047
-0.0018484960456181272
-0.0017595829158244484
-0.001685441421010979
-0.0016240583371905071
-0.0015738677428637216
-0.0015336563956946355
-0.0015024954848196124
-0.001479691497340476
-0.0014647513571805233
-0.0014573586171125678
3.356845743052979e-05
3.373746130914843e-05
3.407896220684401e-05
3.460010453485277e-05
3.53120129899854e-05
3.623031944160049e-05
3.7375932665002026e-05
3.8776119850318075e-05
4.0466002991881653e-05
4.249062342771859e-05
4.490780427343673e-05
4.7792159729940814e-05
5.124079198917889e-05
5.5381533241982556e-05
6.0385138297136206e-05
6.648391405280244e-05
7.400255196902497e-05
8.342491139350581e-05
9.564084686664066e-05
0.00011324857813514685
0.00014746589514010147
0.0002499066635929209
0.0006331086816486472
0.002036591199824578
0.006580844926761308
0.01916069537691084
0.048526028254801644
0.10572686155291436
0.1974395535125716
0.315588714462656
0.4315186836574609
0.5046147767853622
0.5046147767853686
0.43151868365746326
0.3155887144626633
0.1974395535125781
0.10572686155292135
0.04852602825480656
0.019160695376915293
0.006580844926765387
0.0020365911998272545
0.000633108681651303
0.00024990666359454313
0.0001474658951434965
0.00011324857813675254
9.564084686972138e-05
8.34249113954177e-05
7.400255197070966e-05
6.648391405561071e-05
6.038513829798453e-05
5.53815332428127e-05
5.124079198899177e-05
4.779215973083461e-05
4.490780427315516e-05
4.249062342898538e-05
4.046600299240359e-05
3.8776119851869e-05
3.737593266650723e-05
3.623031944482672e-05
3.531201299192431e-05
3.460010453876283e-05
3.4078962208560545e-05
3.373746131180892e-05
3.3568457429939834e-05
0.0004598679394425862
0.00046219936512943043
0.0004669109464256743
0.0004741023858066493
0.0004839290280406405
0.000496609350153989
0.0005124359268283496
0.0005317908815857062
0.0005551673426983114
0.0005831991804665492
0.0006167024695886394
0.0006567339732712761
0.0007046749826518713
0.0007623540006829562
0.0008322308892901288
0.0009176821651337999
0.0010234615287639534
0.0011564864574085142
0.0013272906507790635
0.001552951510017002
0.001863242305742621
0.0023123280354727816
0.0029927079209541006
0.004020018935266175
0.005392302583655283
0.00658084492676627
0.005889529828790075
0.00021083547843525033
-0.013654508983770568
-0.035778675635619185
-0.06027152937476001
-0.07672553544064939
-0.07672553544065043
-0.06027152937476482
-0.03577867563562224
-0.013654508983776029
0.00021083547843101988
0.005889529828786421
0.006580844926763321
0.005392302583653462
0.004020018935263998
0.002992707920952271
0.00231232803547076
0.0018632423057429255
0.0015529515100156386
0.0013272906507795224
0.0011564864574084284
0.0010234615287638693
0.0009176821651349174
0.0008322308892896556
0.0007623540006823891
0.0007046749826503737
0.0006567339732710211
0.0006167024695872575
0.0005831991804666153
0.0005551673426981009
0.0005317908815859641
0.0005124359268288759
0.0004966093501557381
0.0004839290280414875
0.00047410238580921385
0.0004669109464266844
0.00046219936513133125
0.00045986793944224164
0.00047892288174171654
0.00048135122847430597
0.0004862586881792326
0.0004937491303861872
0.0005039843943310554
0.000517192094598168
0.0005336770491146917
0.0005538373830039414
0.0005781868922680719
0.0006073860417323651
0.0006422851894790253
0.0006839855639855302
0.0007339266909818835
0.0007940143522079681
0.0008668126980766677
0.0009558419554763697
0.001066058805536404
0.0012046732525999042
0.0013826251166332514
0.001617352169290182
0.0019375297326039492
0.002387271224322296
0.003009815703050243
0.003737016206624334
0.0040200189352668295
0.0020365911998298887
-0.006265941789714097
-0.027027860984035954
-0.06535839310070249
-0.11925118214512878
-0.17507970672279552
-0.21135082173676412
-0.2113508217367665
-0.17507970672280176
-0.119251182145134
-0.06535839310070983
-0.027027860984042064
-0.006265941789719718
0.0020365911998255068
0.004020018935263866
0.0037370162066210325
0.003009815703047091
0.002387271224319209
0.0019375297326032195
0.0016173521692880895
0.0013826251166327188
0.0012046732525995687
0.0010660588055359632
0.0009558419554772023
0.0008668126980760184
0.0007940143522071458
0.0007339266909801088
0.000683985563985149
0.0006422851894773769
0.0006073860417321373
0.0005781868922677333
0.0005538373830037388
0.0005336770491145351
0.0005171920945990385
0.0005039843943310173
0.0004937491303878831
0.00048625868817980626
0.00048135122847567705
0.0004789228817415842
0.0003984256087139407
0.0004004458712550358
0.00040452863368995676
0.0004107603153038051
0.0004192755665048206
0.00043026376370498137
0.00044397851836841247
0.0004607510769542801
0.00048100892996662964
0.0005053016062350373
0.0005343366421847378
0.0005690303257700345
0.0006105804543943314
0.0006605728298201085
0.0007211411566727436
0.0007952148458812518
0.0008869188276406227
0.0010022526261633828
0.001150310740899431
0.001345523642333582
0.001611232952678482
0.0019814262635167047
0.002480370424814489
0.0030098157030492272
0.002992707920953669
0.0006331086816522926
-0.00794365700101228
-0.02848460715908911
-0.06563073088184648
-0.11725427978555586
-0.1703704481672704
-0.20475500709880262
-0.2047550070988033
-0.17037044816727578
-0.11725427978556266
-0.06563073088185353
-0.028484607159094715
-0.00794365700101704
0.0006331086816482168
0.002992707920950883
0.0030098157030462756
0.0024803704248112105
0.0019814262635138233
0.0016112329526777425
0.001345523642331665
0.0011503107408984935
0.0010022526261631705
0.0008869188276401079
0.0007952148458818618
0.0007211411566722099
0.0006605728298192724
0.0006105804543930064
0.000569030325769968
0.0005343366421834588
0.0005053016062346673
0.00048100892996650756
0.00046075107695390394
0.0004439785183679347
0.0004302637637052278
0.00041927556650415667
0.00041076031530457377
0.00040452863369007375
0.00040044587125581904
0.00039842560871401734
0.00031919865487793224
0.00032081720473330224
0.00032408814379805847
0.00032908070875758397
0.0003359027778065799
0.00034470607429960273
0.000355693785360384
0.0003691312978957546
0.0003853611082208802
0.00040482348864284137
0.00042808530655110403
0.0004558806815847412
0.000489169281599598
0.0005292216511289451
0.0005777473316953945
0.0006370934205762046
0.0007105649207393575
0.0008029686541323208
0.0009215890241997983
0.001077968332385213
0.001290681730813463
0.0015863002314934226
0.0019814262635174575
0.0023872712243218305
0.00231232803547283
0.00024990666359651204
-0.0070261771581864455
-0.024275040073980778
-0.05530954343038521
-0.09831389742639528
-0.14248558784648682
-0.1710536339010964
-0.17105363390109576
-0.14248558784649257
-0.09831389742640101
-0.05530954343039064
-0.024275040073985413
-0.007026177158190562
0.0002499066635932184
0.0023123280354705312
0.002387271224319509
0.001981426263514373
0.001586300231490981
0.001290681730812653
0.001077968332383634
0.0009215890241984176
0.0008029686541321863
0.0007105649207387283
0.0006370934205766627
0.0005777473316950122
0.0005292216511281005
0.0004891692815987773
0.00045588068158495924
0.0004280853065501925
0.0004048234886424218
0.00038536110822088123
0.0003691312978954811
0.0003556937853596028
0.00034470607429962067
0.0003359027778054801
0.00032908070875801033
0.0003240881437979877
0.00032081720473418993
0.00031919865487813217
0.0002597636890829065
0.000261080866673554
0.0002637427604446653
0.0002678057154675166
0.0002733575234342521
0.0002805216574269518
0.0002894634720084793
0.0003003989402859819
0.00031360678751120595
0.00032944530977273214
0.0003483758273180577
0.00037099577191828195
0.00039808612903351713
0.0004306808796689818
0.00047017126740239344
0.0005184673902159621
0.0005782589058472393
0.0006534576319155417
0.0007499911791389621
0.0008772484650470204
0.0010503185432532208
0.0012906817308143005
0.0016112329526803096
0.0019375297326045375
0.0018632423057434633
0.0001474658951435905
-0.005861843221812555
-0.02007147359365428
-0.045605126021198567
-0.08096102009103867
-0.11726089695277053
-0.14073239448820107
-0.1407323944882004
-0.11726089695277535
-0.08096102009104458
-0.04560512602120399
-0.020071473593658032
-0.005861843221816073
0.00014746589514084762
0.001863242305741479
0.001937529732602683
0.0016112329526775234
0.0012906817308123248
0.001050318543252428
0.0008772484650457788
0.0007499911791374121
0.0006534576319154591
0.0005782589058465387
0.0005184673902160842
0.00047017126740203223
0.0004306808796677717
0.00039808612903311283
0.00037099577191852275
0.00034837582731755664
0.00032944530977218776
0.0003136067875113774
0.0003003989402859332
0.0002894634720077688
0.00028052165742695944
0.0002733575234330295
0.0002678057154676568
0.0002637427604443679
0.0002610808666745984
0.0002597636890831304
0.00021696237670218004
0.00021806252246715405
0.0002202858150374837
0.0002236793154697906
0.00022831634996353328
0.00023430004685762068
0.00024176851512933833
0.0002509021418393301
0.00026193372646476996
0.000275162528352867
0.00029097385560483067
0.0003098667005848277
0.00033249336495336983
0.00035971745945641384
0.0003927009906302295
0.00043303932664338093
0.0004829789443421863
0.00054578708988048
0.0006264145541610351
0.0007327024021899658
0.000877248465046348
0.0010779683323848103
0.0013455236423338026
0.0016173521692894647
0.0015529515100166738
0.00011324857813748278
-0.004921598389554797
-0.01682079140914853
-0.038197194184849535
-0.06779223803959071
-0.09817480452236138
-0.1178192562730235
-0.11781925627302253
-0.0981748045223671
-0.06779223803959851
-0.03819719418485436
-0.01682079140915195
-0.0049215983895579355
0.00011324857813535885
0.0015529515100151164
0.0016173521692880869
0.0013455236423315948
0.0010779683323833165
0.0008772484650455081
0.0007327024021889642
0.0006264145541595426
0.0005457870898803643
0.00048297894434138055
0.0004330393266432198
0.00039270099062989827
0.0003597174594549117
0.0003324933649532801
0.0003098667005849441
0.0002909738556043905
0.00027516252835205614
0.00026193372646463633
0.00025090214183929314
0.00024176851512849206
0.00023430004685764163
0.00022831634996226408
0.0002236793154699598
0.00022028581503705268
0.00021806252246867535
0.00021696237670229735
0.00018548953723336782
0.0001864300939737881
0.0001883308719102522
0.0001912321053075997
0.00019519648348795718
0.00020031217473476492
0.00020669725358139757
0.00021450593966078406
0.0002239372619115248
0.00023524706824686097
0.00024876477278653654
0.00026491698242032036
0.00028426137361555034
0.00030753627840572487
0.00033573513768986665
0.0003702218878349552
0.0004129171190916505
0.0004666141075920301
0.000535545429083969
0.0006264145541604322
0.0007499911791379018
0.0009215890241991493
0.0011503107408994341
0.0013826251166331714
0.0013272906507794905
9.564084686946271e-05
-0.004210762753315218
-0.01438770939227909
-0.032669608181199156
-0.05797998012929927
-0.08396362229990792
-0.10076378338735074
-0.10076378338735134
-0.08396362229991015
-0.05797998012930543
-0.032669608181203055
-0.014387709392281244
-0.004210762753317794
9.564084686773897e-05
0.0013272906507783163
0.0013826251166321045
0.0011503107408979845
0.0009215890241980723
0.000749991179137133
0.0006264145541595085
0.0005355454290829415
0.00046661410759188615
0.0004129171190909879
0.0003702218878346513
0.0003357351376897163
0.00030753627840405097
0.00028426137361566126
0.0002649169824201022
0.0002487647727859238
0.0002352470682457016
0.0002239372619108702
0.00021450593966045842
0.00020669725358029065
0.00020031217473453735
0.00019519648348665573
0.00019123210530765957
0.00018833087190970387
0.00018643009397558227
0.00018548953723339888
0.0001616148905294446
0.00016243438640971172
0.00016409051156591
0.00016661832160875953
0.0001700724369592515
0.00017452967753326605
0.000180092920178889
0.0001868965345008458
0.00019511393186409326
0.00020496802924657796
0.00021674584086659514
0.00023081906365681024
0.0002476735936178937
0.0002679527293157105
0.0002925220418259142
0.0003225699090900716
0.00035976971227688143
0.00040655518807903646
0.0004666141075929738
0.0005457870898818289
0.0006534576319165659
0.000802968654133515
0.0010022526261642426
0.0012046732526008919
0.0011564864574095139
8.342491139635419e-05
-0.0036685858323387073
-0.012535497392053327
-0.028464174319710975
-0.05051675138583564
-0.07315602346287278
-0.08779385713491888
-0.08779385713491743
-0.07315602346287206
-0.050516751385838214
-0.028464174319714878
-0.012535497392055572
-0.003668585832340966
8.342491139492288e-05
0.0011564864574086816
0.0012046732526000263
0.0010022526261635398
0.0008029686541327515
0.000653457631916032
0.0005457870898810411
0.00046661410759283304
0.000406555188078968
0.00035976971227647306
0.00032256990908968773
0.00029252204182582154
0.0002679527293138898
0.0002476735936177317
0.00023081906365597752
0.00021674584086531055
0.000204968029244969
0.00019511393186265942
0.00018689653450018332
0.00018009292017752692
0.00017452967753302993
0.0001700724369581743
0.00016661832160899022
0.0001640905115654054
0.000162434386411708
0.0001616148905294191
0.00014301668059743658
0.00014374187085891077
0.00014520741310047303
0.00014744432880167506
0.00015050095277094165
0.00015444526463466313
0.00015936830236374289
0.00016538897255068846
0.00017266073068109223
0.00018138084081175716
0.00019180328800687632
0.00020425699483738106
0.00021917194099727255
0.00023711739492377263
0.00025885931845254933
0.00028544933151831335
0.00031836824254448946
0.0003597697122759689
0.00041291711908998
0.0004829789443412046
0.0005782589058458854
0.0007105649207385843
0.0008869188276392222
0.0010660588055360278
0.0010234615287637266
7.400255197093666e-05
-0.003245981829756485
-0.01109205739303199
-0.02518703670471662
-0.04470106962927889
-0.06473434756250886
-0.07768725962593158
-0.0776872596259271
-0.06473434756251274
-0.04470106962928143
-0.02518703670472075
-0.01109205739303432
-0.0032459818297591227
7.40025519693267e-05
0.0010234615287629879
0.0010660588055351862
0.000886918827639197
0.0007105649207381734
0.0005782589058457899
0.00048297894434050245
0.0004129171190907013
0.0003597697122756868
0.00031836824254405187
0.00028544933151753094
0.00025885931845224576
0.00023711739492187747
0.00021917194099675452
0.000204256994836183
0.00019180328800524318
0.00018138084081012972
0.00017266073067927397
0.00016538897254980453
0.00015936830236223015
0.0001544452646343604
0.0001505009527701195
0.00014744432880203434
0.00014520741310020222
0.00014374187086092457
0.000143016680597571
0.00012822895974786786
0.0001288791662216357
0.0001301931731794126
0.00013219879450770283
0.00013493936723737537
0.0001384758419589504
0.00014288984339054145
0.00014828798327371184
0.00015480784990680568
0.0001626263103689659
0.00017197108781393663
0.00018313709437081552
0.0001965098499820505
0.00021259976083631415
0.00023209358831268899
0.00025593421456731875
0.00028544933151843435
0.0003225699090908482
0.00037022188783434397
0.00043303932664415224
0.0005184673902163356
0.0006370934205774878
0.0007952148458813756
0.0009558419554778945
0.0009176821651350494
6.648391405585486e-05
-0.002910026065011587
-0.009944480413430174
-0.022581542034720924
-0.040077231087979406
-0.05803852111988228
-0.06965177075893947
-0.06965177075894106
-0.05803852111988531
-0.04007723108798661
-0.022581542034724296
-0.009944480413432351
-0.0029100260650141716
6.648391405429432e-05
0.0009176821651343885
0.0009558419554768426
0.0007952148458815933
0.000637093420577012
0.0005184673902163842
0.00043303932664330005
0.0003702218878354689
0.0003225699090901113
0.00028544933151769406
0.00025593421456617546
0.00023209358831215702
0.0002125997608347247
0.00019650984998133676
0.00018313709436955817
0.00017197108781212244
0.00016262631036756078
0.00015480784990487754
0.00014828798327293677
0.00014288984338926448
0.00013847584195902582
0.0001349393672370014
0.0001321987945083398
0.0001301931731793675
0.00012887916622348662
0.00012822895974821943
0.00011628427680804234
0.0001168739156573207
0.00011806552106116949
0.00011988431599803254
0.0001223696005826788
0.00012557664775648188
0.00012957947875697346
0.00013447477425759571
0.00014038730596401
0.0001474774654637651
0.00015595176307150077
0.0001660776392724096
0.0001782047020346721
0.0001927958120996384
0.0002104737574265288
0.00023209358831382745
0.00025885931845284586
0.00029252204182734153
0.00033573513768886127
0.00039270099063038204
0.00047017126740177896
0.0005777473316955332
0.0007211411566712064
0.0008668126980763871
0.000832230889289592
6.038513829846981e-05
-0.002638722645611121
-0.009017661829646926
-0.020477198330722833
-0.036342700882600276
-0.052630464815203254
-0.06316167670470836
-0.06316167670470518
-0.05263046481520548
-0.036342700882603635
-0.02047719833072656
-0.009017661829649356
-0.002638722645613551
6.038513829685411e-05
0.0008322308892887898
0.0008668126980749997
0.0007211411566711025
0.0005777473316946515
0.00047017126740155123
0.00039270099062912783
0.0003357351376898313
0.0002925220418261323
0.0002588593184517814
0.0002320935883125347
0.00021047375742596334
0.00019279581209871434
0.0001782047020340909
0.00016607763927146906
0.00015595176306991274
0.00014747746546279062
0.00014038730596230376
0.00013447477425706708
0.00012957947875609526
0.00012557664775690456
0.0001223696005826564
0.00011988431599886029
0.000118065521061302
0.00011687391565886048
0.0001162842768086821
0.00010651743260734411
0.00010705754696659895
0.00010814906796801285
0.00010981510007663752
0.00011209164253395915
0.00011502932582542578
0.00011869595403573332
0.0001231800874819092
0.00012859601810221406
0.00013509066593951556
0.00014285319617065266
0.00015212858650000597
0.0001632370807031744
0.0001766026629828667
0.00019279581209914756
0.00021259976083700744
0.00023711739492314582
0.00026795272931682624
0.0003075362784043064
0.0003597174594561815
0.0004306808796683171
0.0005292216511295698
0.0006605728298194147
0.0007940143522086509
0.0007623540006835364
5.5381533244177395e-05
-0.0024169263288590106
-0.00825991253094702
-0.01875668405477651
-0.033289305903549476
-0.04820874587007046
-0.057855249195519834
-0.05785524919551906
-0.04820874587006814
-0.0332893059035519
-0.018756684054779746
-0.008259912530949074
-0.00241692632886132
5.5381533242434946e-05
0.0007623540006823737
0.0007940143522068978
0.0006605728298188715
0.0005292216511283369
0.0004306808796679132
0.0003597174594548066
0.00030753627840490066
0.00026795272931533427
0.00023711739492173132
0.0002125997608357233
0.0001927958120984704
0.0001766026629825572
0.00016323708070289976
0.00015212858649965257
0.00014285319616968469
0.0001350906659393669
0.0001285960181011752
0.00012318008748193177
0.00011869595403533074
0.0001150293258261564
0.00011209164253412581
0.00010981510007769389
0.00010814906796826333
0.00010705754696781211
0.00010651743260818942
9.845602435218587e-05
9.895526194431546e-05
9.996417478979644e-05
0.0001015041187654401
0.0001036083686231904
0.0001063237230371294
0.00010971285455107871
0.00011385762106659152
0.00011886366468607821
0.0001248667862520955
0.00013204183453902665
0.00014061524683108448
0.00015088303017179652
0.00016323708070257559
0.0001782047020338287
0.00019650984998275252
0.0002191719409970516
0.0002476735936200942
0.00028426137361570544
0.0003324933649542218
0.0003980861290336249
0.0004891692816003647
0.0006105804543933674
0.0007339266909813532
0.0007046749826513101
5.1240791989815564e-05
-0.0022338855008279934
-0.007634532511903103
-0.01733669442292294
-0.030769227218337594
-0.04455932015898188
-0.053475626924445005
-0.053475626924447836
-0.04455932015898264
-0.030769227218341938
-0.01733669442292484
-0.0076345325119055564
-0.00223388550083007
5.124079198810969e-05
0.0007046749826496615
0.0007339266909792434
0.0006105804543920056
0.0004891692815985349
0.0003980861290327622
0.0003324933649527323
0.00028426137361589626
0.0002476735936187713
0.0002191719409958781
0.00019650984998211105
0.00017820470203343296
0.0001632370807029183
0.00015088303017194468
0.00014061524683116794
0.0001320418345385308
0.00012486678625246348
0.00011886366468562677
0.00011385762106713037
0.00010971285455112846
0.00010632372303810177
0.00010360836862362829
0.00010150411876689211
9.996417479036837e-05
9.895526194527365e-05
9.845602435319663e-05
9.175597049126533e-05
9.222123430738607e-05
9.316148930218988e-05
9.4596638054525e-05
9.655769092099632e-05
9.908826185607702e-05
0.00010224675844439427
0.00010610946803345564
0.00011077484361932397
0.00011636944458580386
0.00012305622096990033
0.0001310462006296276
0.0001406152468308306
0.0001521285864992852
0.00016607763927123232
0.00018313709437066305
0.00020425699483619394
0.0002308190636577935
0.00026491698242000236
0.00030986670058516844
0.00037099577191839123
0.00045588068158601515
0.0005690303257702214
0.0006839855639860597
0.0006567339732723924
4.779215973177294e-05
-0.002081772851068175
-0.007114798590423939
-0.016156566921163486
-0.02867481959173658
-0.04152631292088119
-0.04983575258866248
-0.04983575258866643
-0.04152631292088122
-0.02867481959174243
-0.016156566921166196
-0.007114798590426182
-0.002081772851069607
4.7792159730310304e-05
0.0006567339732704391
0.0006839855639841183
0.0005690303257684659
0.00045588068158393803
0.0003709957719172758
0.00030986670058361836
0.00026491698241954456
0.00023081906365648042
0.00020425699483517392
0.00018313709437065386
0.00016607763927113106
0.00015212858650012772
0.00014061524683144793
0.00013104620063014494
0.0001230562209699579
0.00011636944458676268
0.00011077484361972075
0.00010610946803487622
0.00010224675844502863
9.90882618572253e-05
9.655769092156436e-05
9.459663805609807e-05
9.316148930275123e-05
9.222123430775901e-05
9.175597049220738e-05
8.616154683220781e-05
8.65984431657405e-05
8.748137010924188e-05
8.882901676486021e-05
9.067050276045296e-05
9.304678286923296e-05
9.601270351369356e-05
9.963990073283879e-05
0.00010402082475256691
0.00010927431851211018
0.00011555339682523756
0.00012305622096985024
0.00013204183453832937
0.00014285319616970228
0.00015595176307007106
0.00017197108781329156
0.0001918032880056104
0.00021674584086730684
0.00024876477278683973
0.0002909738556053192
0.0003483758273180104
0.0004280853065515908
0.0005343366421839001
0.0006422851894778112
0.0006167024695884633
4.490780427338692e-05
-0.001954773327488373
-0.0066808545796057965
-0.015171224991905267
-0.026926092878259606
-0.03899389347822702
-0.04679662285294972
-0.04679662285294846
-0.03899389347822854
-0.026926092878261997
-0.015171224991906453
-0.006680854579607779
-0.00195477332748893
4.490780427254152e-05
0.0006167024695864424
0.0006422851894763478
0.0005343366421819947
0.00042808530654948033
0.0003483758273167671
0.0002909738556038236
0.00024876477278584883
0.00021674584086611674
0.00019180328800495316
0.0001719710878139231
0.00015595176307018252
0.00014285319617079128
0.00013204183453935405
0.00012305622097074097
0.00011555339682582281
0.00010927431851343063
0.0001040208247536022
9.963990073492972e-05
9.601270351462061e-05
9.304678287027728e-05
9.067050276109069e-05
8.882901676651103e-05
8.748137010998084e-05
8.659844316559993e-05
8.61615468330266e-05
8.147959968040596e-05
8.189275540312359e-05
8.272770477453885e-05
8.400212134413495e-05
8.574354239778928e-05
8.799069725386568e-05
9.07954520156877e-05
9.422555006618246e-05
9.836841794296246e-05
0.00010333644073292668
0.00010927431851243016
0.00011636944458643492
0.00012486678625180407
0.00013509066593930813
0.0001474774654629127
0.0001626263103682996
0.00018138084081031474
0.00020496802924648604
0.00023524706824702105
0.0002751625283531233
0.0003294453097726052
0.00040482348864358925
0.0005053016062349527
0.0006073860417320862
0.0005831991804678878
4.249062342886317e-05
-0.0018484960456185296
-0.006317705479168015
-0.014346626317613543
-0.025462636395482754
-0.036874582461578286
-0.044253257026445454
-0.04425325702645333
-0.03687458246157907
-0.025462636395484173
-0.01434662631761369
-0.006317705479169495
-0.0018484960456180408
4.249062342845334e-05
0.0005831991804659622
0.0006073860417313173
0.0005053016062332111
0.0004048234886416438
0.0003294453097713238
0.00027516252835164804
0.00023524706824548468
0.00020496802924537273
0.0001813808408100585
0.00016262631036946315
0.000147477465463082
0.0001350906659403518
0.00012486678625296232
0.00011636944458741098
0.00010927431851330289
0.00010333644073431147
9.836841794445261e-05
9.422555006890061e-05
9.079545201694459e-05
8.799069725497308e-05
8.57435423986723e-05
8.400212134594393e-05
8.272770477564836e-05
8.189275540268113e-05
8.147959968099309e-05
7.756237170689314e-05
7.795566445997483e-05
7.875047261298007e-05
7.996362003659338e-05
8.162132012441284e-05
8.376044023258121e-05
8.643035293208895e-05
8.96955447528584e-05
9.363923908258243e-05
9.836841794293391e-05
0.00010402082475192322
0.00011077484361877765
0.00011886366468411605
0.00012859601810079205
0.00014038730596224058
0.00015480784990521773
0.00017266073067908816
0.00019511393186350657
0.00022393726191214487
0.00026193372646546694
0.0003136067875114032
0.0003853611082214633
0.0004810089299661025
0.0005781868922666734
0.0005551673426986421
4.046600299151438e-05
-0.0017595829158248966
-0.006013882215228141
-0.01365673244823273
-0.024238242180118767
-0.035101466555773606
-0.042125354646152094
-0.04212535464615063
-0.03510146655577496
-0.02423824218012018
-0.013656732448233698
-0.006013882215228954
-0.0017595829158237961
4.0466002991748974e-05
0.0005551673426969813
0.0005781868922664899
0.0004810089299643563
0.00038536110821956387
0.0003136067875099909
0.0002619337264640532
0.00022393726191022474
0.00019511393186257158
0.00017266073067923878
0.0001548078499067544
0.000140387305962287
0.00012859601810162217
0.0001188636646853044
0.00011077484361975902
0.00010402082475297053
9.836841794408536e-05
9.363923908413413e-05
8.969554475571641e-05
8.643035293332972e-05
8.37604402335845e-05
8.162132012533001e-05
7.996362003830101e-05
7.875047261436576e-05
7.795566445936063e-05
7.756237170704847e-05
7.42957686591596e-05
7.467249754821315e-05
7.543383166980383e-05
7.659588634136916e-05
7.818377095405825e-05
8.023280016176656e-05
8.279026716246446e-05
8.591794257520194e-05
8.969554475331802e-05
9.422555006756326e-05
9.963990073357286e-05
0.0001061094680347922
0.00011385762106638738
0.00012318008748255166
0.00013447477425768513
0.00014828798327344803
0.00016538897254940254
0.00018689653450037786
0.00021450593966153633
0.00025090214183974926
0.00030039894028570076
0.00036913129789596286
0.0004607510769538374
0.0005538373830030635
0.0005317908815869688
3.8776119851065646e-05
-0.0016854414210115774
-0.005760529732109759
-0.013081439058741914
-0.023217232527233275
-0.033622880846263234
-0.04035091415334687
-0.04035091415334939
-0.03362288084626152
-0.023217232527231735
-0.013081439058743812
-0.0057605297321097065
-0.001685441421010212
3.87761198515366e-05
0.000531790881585603
0.0005538373830033656
0.00046075107695224126
0.00036913129789425204
0.00030039894028425124
0.0002509021418383744
0.00021450593965926078
0.00018689653449957463
0.00016538897254970872
0.00014828798327505416
0.0001344747742574824
0.0001231800874830355
0.00011385762106752613
0.00010610946803570699
9.963990073480152e-05
9.422555006846856e-05
8.969554475491684e-05
8.591794257811218e-05
8.279026716380899e-05
8.023280016288113e-05
7.818377095499907e-05
7.659588634280913e-05
7.543383167130395e-05
7.467249754761619e-05
7.429576865867243e-05
7.159117625124018e-05
7.195419104735745e-05
7.268781026088338e-05
7.38075625603548e-05
7.53376432757692e-05
7.731208149746739e-05
7.977644880161224e-05
8.279026716243688e-05
8.643035293182414e-05
9.079545201641174e-05
9.601270351320653e-05
0.0001022467584446544
0.00010971285454977106
0.00011869595403555093
0.00012957947875633983
0.00014288984338950428
0.00015936830236167976
0.00018009292017773438
0.00020669725358195122
0.00024176851512961248
0.0002894634720081979
0.0003556937853603756
0.0004439785183678207
0.0005336770491134022
0.0005124359268289184
3.7375932665076775e-05
-0.0016240583371913548
-0.005550771186567908
-0.01260513278005109
-0.0223718992125786
-0.03239870079798578
-0.03888178313702864
-0.03888178313702596
-0.03239870079798552
-0.02237189921257616
-0.01260513278005082
-0.005550771186567589
-0.0016240583371901827
3.737593266536787e-05
0.0005124359268275213
0.0005336770491135381
0.0004439785183659327
0.0003556937853585532
0.0002894634720066254
0.00024176851512846376
0.00020669725357987811
0.00018009292017749485
0.00015936830236227837
0.00014288984339117512
0.00012957947875587777
0.0001186959540355516
0.00010971285455066353
0.0001022467584453468
9.601270351450064e-05
9.07954520170044e-05
8.643035293333368e-05
8.279026716508568e-05
7.977644880292878e-05
7.731208149861083e-05
7.533764327663122e-05
7.380756256144512e-05
7.268781026237747e-05
7.195419104697788e-05
7.159117625005451e-05
6.937965971150152e-05
6.973146064006678e-05
7.044241766872715e-05
7.152757976925873e-05
7.301039485399559e-05
7.492384082175024e-05
7.731208149714877e-05
8.023280016178647e-05
8.376044023239165e-05
8.799069725514509e-05
9.304678286935545e-05
9.908826185731037e-05
0.00010632372303701399
0.0001150293258263616
0.00012557664775681807
0.0001384758419587958
0.00015444526463331246
0.00017452967753250672
0.00020031217473558008
0.00023430004685810036
0.00028052165742697825
0.0003447060743000355
0.0004302637637051132
0.0005171920945979375
0.0004966093501553889
3.623031944283881e-05
-0.0015738677428655836
-0.005379257372366343
-0.01221566841877467
-0.021680688612238777
-0.03139771426197082
-0.03768050462921106
-0.03768050462921609
-0.0313977142619729
-0.021680688612236352
-0.012215668418774438
-0.005379257372365669
-0.00157386774286502
3.623031944261189e-05
0.0004966093501538431
0.0005171920945977809
0.00043026376370302385
0.0003447060742981327
0.00028052165742518986
0.00023430004685684688
0.000200312174733542
0.00017452967753248848
0.00015444526463378555
0.00013847584196022752
0.00012557664775617516
0.00011502932582593104
0.00010632372303760867
9.908826185777415e-05
9.304678287070453e-05
8.799069725548693e-05
8.37604402338082e-05
8.023280016410407e-05
7.73120814985213e-05
7.4923840822866e-05
7.301039485467633e-05
7.15275797697658e-05
7.044241766984499e-05
6.973146063978921e-05
6.937965970972179e-05
6.760780419045836e-05
6.79506206276604e-05
6.864342083312963e-05
6.970086944831936e-05
7.114581555871856e-05
7.301039485381906e-05
7.533764327525048e-05
7.818377095380173e-05
8.162132012363323e-05
8.574354239808044e-05
9.067050275931073e-05
9.65576909210105e-05
0.00010360836862247568
0.00011209164253436722
0.0001223696005827222
0.00013493936723710898
0.00015050095276955504
0.00017007243695792685
0.00019519648348785188
0.00022831634996299977
0.00027335752343353415
0.0003359027778062845
0.00041927556650462596
0.0005039843943308285
0.0004839290280418527
3.531201299134928e-05
-0.0015336563956946348
-0.005241843666254829
-0.011903635613147966
-0.02112690038772607
-0.03059573711697705
-0.03671805578300694
-0.03671805578300638
-0.030595737116973904
-0.021126900387725828
-0.011903635613149405
-0.005241843666254539
-0.001533656395694898
3.531201299059519e-05
0.0004839290280400991
0.0005039843943302522
0.00041927556650237267
0.0003359027778044426
0.00027335752343170033
0.00022831634996186344
0.00019519648348622785
0.00017007243695824967
0.00015050095276990548
0.0001349393672382674
0.00012236960058208
0.00011209164253366686
0.00010360836862276902
9.655769092133133e-05
9.067050276064555e-05
8.574354239818599e-05
8.162132012474604e-05
7.818377095547445e-05
7.533764327639957e-05
7.301039485457653e-05
7.114581555916992e-05
6.97008694483435e-05
6.864342083397372e-05
6.795062062755766e-05
6.760780418856084e-05
6.623471388754499e-05
6.657056784030422e-05
6.724929750969453e-05
6.828526970310459e-05
6.970086944826917e-05
7.15275797690421e-05
7.380756256003628e-05
7.659588634154386e-05
7.996362003665375e-05
8.400212134518515e-05
8.882901676473439e-05
9.459663805551248e-05
0.00010150411876611444
0.0001098151000778773
0.00011988431599881618
0.00013219879450852387
0.00014744432880181042
0.0001666183216088339
0.00019123210530855889
0.00022367931547043584
0.0002678057154679032
0.00032908070875816277
0.00041076031530437037
0.0004937491303870229
0.00047410238580853677
3.460010453718076e-05
-0.0015024954848209943
-0.005135357000402514
-0.01166182983454641
-0.02069774876558861
-0.02997425395092252
-0.03597221661729834
-0.035972216617299754
-0.029974253950922784
-0.020697748765584598
-0.011661829834547608
-0.005135357000402258
-0.0015024954848220566
3.46001045357621e-05
0.0004741023858062612
0.0004937491303858037
0.0004107603153018538
0.00032908070875634304
0.00026780571546605405
0.00022367931546938283
0.00019123210530752355
0.00016661832160937834
0.0001474443288020478
0.0001321987945094077
0.00011988431599838865
0.00010981510007710221
0.00010150411876618457
9.459663805588936e-05
8.882901676617947e-05
8.400212134529464e-05
7.996362003764382e-05
7.659588634282801e-05
7.380756256114196e-05
7.152757976938029e-05
6.9700869448432e-05
6.828526970238907e-05
6.724929751001994e-05
6.657056783998722e-05
6.623471388599443e-05
6.522985119305243e-05
6.556060982189398e-05
6.622904231248963e-05
6.724929751046477e-05
6.864342083395374e-05
7.044241766947385e-05
7.26878102615328e-05
7.54338316706067e-05
7.875047261341999e-05
8.272770477498956e-05
8.74813701083097e-05
9.316148930198642e-05
9.996417478983044e-05
0.00010814906796832185
0.00011806552106126984
0.0001301931731800103
0.00014520741310070304
0.00016409051156594014
0.00018833087191084843
0.00022028581503815182
0.00026374276044538686
0.0003240881437989641
0.00040452863369088023
0.0004862586881802792
0.00046691094642734124
3.4078962208594304e-05
-0.0014796914973399748
-0.00505742808571078
-0.011484871505590136
-0.02038368664432641
-0.029519439323631252
-0.03542639547575511
-0.035426395475755
-0.029519439323631255
-0.020383686644325754
-0.011484871505591519
-0.005057428085711244
-0.00147969149734187
3.407896220682442e-05
0.00046691094642467676
0.00048625868817872705
0.00040452863368837535
0.000324088143797444
0.0002637427604438823
0.00022028581503748251
0.00018833087191062403
0.0001640905115666907
0.00014520741310088825
0.00013019317318054192
0.0001180655210609814
0.0001081490679673151
9.99641747895669e-05
9.316148930238645e-05
8.748137010978803e-05
8.272770477516089e-05
7.875047261431379e-05
7.543383167158606e-05
7.268781026254788e-05
7.044241766938322e-05
6.864342083398291e-05
6.724929750923495e-05
6.622904231262723e-05
6.556060982138628e-05
6.52298511923363e-05
6.45715032867692e-05
6.489892365320214e-05
6.556060982285504e-05
6.657056784190526e-05
6.795062062883356e-05
6.973146064078805e-05
7.195419104750034e-05
7.46724975481152e-05
7.795566445959829e-05
8.189275540253503e-05
8.659844316438067e-05
9.222123430699481e-05
9.8955261944801e-05
0.00010705754696731339
0.0001168739156580642
0.00012887916622362274
0.00014374187086077815
0.00016243438641144536
0.00018643009397532084
0.00021806252246871493
0.00026108086667469947
0.00032081720473449855
0.0004004458712563372
0.00048135122847612396
0.00046219936513227863
3.3737461312077065e-05
-0.0014647513571793718
-0.00500637236386077
-0.011368935735102174
-0.02017792599118711
-0.029221463266076688
-0.03506879558373625
-0.03506879558372828
-0.02922146326608396
-0.020177925991186063
-0.011368935735106106
-0.005006372363861833
-0.0014647513571817688
3.373746131057957e-05
0.000462199365129892
0.0004813512284750385
0.0004004458712544702
0.0003208172047335803
0.0002610808666736777
0.00021806252246816168
0.00018643009397543235
0.0001624343864117204
0.00014374187086055236
0.00012887916622360195
0.00011687391565785514
0.00010705754696602273
9.895526194438829e-05
9.222123430750257e-05
8.659844316593582e-05
8.189275540280327e-05
7.795566446051959e-05
7.467249754894269e-05
7.195419104841423e-05
6.973146064020781e-05
6.795062062859958e-05
6.657056783996307e-05
6.556060982266528e-05
6.489892365225874e-05
6.457150328696468e-05
6.424573478448078e-05
6.457150328796458e-05
6.522985119404302e-05
6.623471388834762e-05
6.760780419007755e-05
6.93796597109111e-05
7.159117625039945e-05
7.42957686585017e-05
7.75623717064e-05
8.14795996796351e-05
8.616154683090412e-05
9.17559704906653e-05
9.845602435236712e-05
0.00010651743260742903
0.00011628427680786304
0.00012822895974916125
0.0001430166805983127
0.00016161489053055015
0.00018548953723393426
0.00021696237670325975
0.00025976368908370854
0.00031919865487874545
0.00039842560871480425
0.00047892288174240674
0.0004598679394440248
3.356845743108272e-05
-0.0014573586171108335
-0.004981108701076497
-0.011311567732147481
-0.020076110279453115
-0.029074016943483515
-0.03489184581415154
-0.03489184581414073
-0.02907401694348316
-0.02007611027945331
-0.011311567732149266
-0.004981108701075155
-0.0014573586171120934
3.356845742989513e-05
0.0004598679394419128
0.00047892288174167805
0.00039842560871322934
0.0003191986548780815
0.0002597636890829409
0.00021696237670287307
0.00018548953723437157
0.00016161489053033125
0.00014301668059797632
0.00012822895974882916
0.00011628427680783743
0.00010651743260594819
9.845602435203086e-05
9.175597049122184e-05
8.616154683228075e-05
8.147959967964947e-05
7.756237170705174e-05
7.429576865898961e-05
7.159117625095852e-05
6.937965970988308e-05
6.76078041896683e-05
6.62347138859897e-05
6.522985119374221e-05
6.457150328681881e-05
6.424573478546928e-05
