0.0008101190403776377
0.0008142268203871607
0.0008225282604901816
0.0008351990747039854
0.0008525130440077255
0.0008748552219516475
0.0009027412689745172
0.0009368446976418415
0.0009780347092475964
0.0010274286395010523
0.0010864650919979828
0.001157007111488271
0.0012414901152996414
0.0013431384174979709
0.001466290329095575
0.0016169019721416038
0.0018033600711219462
0.0020378618418295377
0.0023388901480429465
0.0027357286323929954
0.003275495035492464
0.004025548759207064
0.005027731666715182
0.006055513560122207
0.0058572604857752356
0.0005970965685700475
-0.017938779967323678
-0.06186845961689581
-0.14090268826421676
-0.25042022202354425
-0.3629126557908548
-0.4356683349537826
-0.43566833495384577
-0.362912655790834
-0.2504202220235481
-0.14090268826420121
-0.061868459616894037
-0.017938779967324157
0.0005970965685705236
0.005857260485778445
0.006055513560116408
0.005027731666714678
0.004025548759190565
0.0032754950354822988
0.002735728632385339
0.002338890148034225
0.002037861841824439
0.0018033600711155919
0.001616901972137812
0.0014662903290903948
0.0013431384174960276
0.001241490115295504
0.0011570071114840044
0.001086465091996042
0.0010274286394944183
0.0009780347092471857
0.0009368446976365704
0.000902741268969742
0.0008748552219467677
0.0008525130440001946
0.000835199074704437
0.0008225282604789835
0.0008142268203827675
0.0008101190403837471
0.0008142268203769168
0.0008183554292656319
0.0008266989625894237
0.000839434025342315
0.0008568357867349976
0.0008792912527720799
0.0009073186986045485
0.0009415950519079077
0.0009829939213540112
0.0010326383082160271
0.0010919741106873396
0.0011628738202829488
0.0012477852033935615
0.0013499489233311972
0.0014737252890348641
0.00162510062381312
0.0018125041781459916
0.0020481950155403685
0.002350749719886135
0.0027496004202296094
0.0032921037672239864
0.0040459606730955215
0.0050532249670965975
0.006086217123605509
0.005886954816382833
0.000600108159540161
-0.01802977943244637
-0.06218225042379932
-0.14161729148996396
-0.2516902184647858
-0.3647531244728539
-0.43787775991467337
-0.43787775991469735
-0.3647531244728198
-0.2516902184647798
-0.14161729148994834
-0.06218225042379648
-0.018029779432444645
0.0006001081595414166
0.005886954816388139
0.006086217123600789
0.005053224967099349
0.004045960673083193
0.0032921037672178936
0.0027496004202238163
0.0023507497198807896
0.0020481950155371476
0.001812504178139534
0.0016251006238076778
0.0014737252890283073
0.0013499489233267914
0.0012477852033873206
0.001162873820278831
0.001091974110685446
0.001032638308209237
0.0009829939213531077
0.0009415950519023899
0.0009073186985992536
0.0008792912527664939
0.0008568357867252726
0.0008394340253386541
0.0008266989625753371
0.000818355429258623
0.0008142268203816449
0.0008225282604737102
0.0008266989625832461
0.0008351275623826761
0.0008479924654426217
0.0008655716464619325
0.0008882560571726157
0.0009165692568097194
0.0009511950746728651
0.000993016026331279
0.0010431665626399744
0.0011031073234891342
0.0011747298914326673
0.001260506989160469
0.0013637123202945754
0.001488750649532463
0.0016416693341165614
0.001830983565603321
0.0020690773959823553
0.002374716808780363
0.002777634010268709
0.0033256684658536143
0.004087211246951594
0.005104744539936323
0.006148266112266045
0.005946964107468483
0.000606193770526785
-0.018213682167587817
-0.06281639507098134
-0.1430614427136487
-0.2542567700487445
-0.3684725495387753
-0.44234281259936165
-0.44234281259940256
-0.3684725495387433
-0.25425677004876857
-0.14306144271363883
-0.06281639507098569
-0.01821368216758902
0.0006061937705288043
0.0059469641074728135
0.0061482661122613524
0.005104744539938746
0.004087211246941188
0.0033256684658476733
0.0027776340102624968
0.0023747168087765516
0.0020690773959804423
0.0018309835655977349
0.0016416693341117538
0.001488750649525604
0.0013637123202871035
0.0012605069891485465
0.001174729891425209
0.0011031073234822133
0.0010431665626289297
0.000993016026326552
0.0009511950746651321
0.0009165692568036751
0.0008882560571674818
0.0008655716464522366
0.0008479924654374385
0.0008351275623681805
0.0008266989625757724
0.0008225282604761838
0.0008351990747027908
0.0008394340253497449
0.0008479924654536575
0.0008610555488771487
0.0008789055324473526
0.00090193939041665
0.0009306887473232384
0.0009658479666916455
0.0010083131590369696
0.0010592362511653752
0.001120100383795258
0.0011928262788913713
0.0012799247509216257
0.001384719934246755
0.0015116844481418725
0.001666958808361931
0.00185918938173487
0.0021009509951410866
0.0024112987203109113
0.0028204227832693838
0.003376899588154866
0.004150173619911888
0.0051833808662957075
0.006242973796909167
0.006038558179885258
0.0006154810982557199
-0.0184943835187205
-0.06378432196042097
-0.1452657198393617
-0.2581742173969928
-0.3741496789634613
-0.44915802639179525
-0.44915802639182334
-0.3741496789634673
-0.25817421739700197
-0.14526571983937303
-0.06378432196042508
-0.018494383518722873
0.0006154810982554357
0.006038558179888615
0.006242973796905917
0.005183380866298329
0.004150173619904247
0.0033768995881512474
0.0028204227832633105
0.002411298720308636
0.0021009509951383423
0.001859189381728973
0.0016669588083566807
0.0015116844481365662
0.001384719934238501
0.0012799247509082334
0.0011928262788842383
0.0011201003837868942
0.0010592362511519494
0.0010083131590299542
0.0009658479666811211
0.00093068874731405
0.0009019393904075723
0.0008789055324333603
0.0008610555488662048
0.0008479924654360284
0.0008394340253406701
0.0008351990747023448
0.0008525130439926493
0.0008568357867289738
0.0008655716464604515
0.0008789055324394139
0.0008971255527884298
0.000920636911198931
0.0009499822530020024
0.000985870336161574
0.0010292158479405353
0.001081194595072216
0.0011433204644222626
0.0012175539953620013
0.0013064580526810227
0.0014134256815833278
0.001543022220904705
0.0017015154824066322
0.001897731076761855
0.0021445045143317076
0.002461285890135968
0.0028788912891318753
0.003446904100843407
0.0042362082347463265
0.005290833028964433
0.006372386383219143
0.006163715516525078
0.0006281690139932305
-0.018877953074565607
-0.06510695443147126
-0.14827776730152872
-0.26352723019828117
-0.3819072120689585
-0.45847069619024006
-0.45847069619025005
-0.3819072120689302
-0.26352723019829094
-0.14827776730155076
-0.0651069544314869
-0.018877953074571813
0.0006281690139892719
0.006163715516524536
0.006372386383214738
0.005290833028964394
0.004236208234740239
0.0034469041008404347
0.0028788912891260427
0.0024612858901357807
0.0021445045143289104
0.001897731076756508
0.0017015154824022592
0.0015430222209005416
0.0014134256815736001
0.001306458052664698
0.0012175539953523684
0.001143320464409419
0.0010811945950540834
0.0010292158479294343
0.0009858703361488056
0.0009499822529910528
0.0009206369111895091
0.0008971255527746645
0.0008789055324276427
0.0008655716464426931
0.0008568357867210484
0.0008525130439904464
0.0008748552219430203
0.0008792912527739243
0.0008882560571781583
0.000901939390415506
0.0009206369112034569
0.0009447644426107073
0.0009748788513503303
0.0010117074701674225
0.0010561889580122023
0.0011095299366008131
0.001173283968046301
0.0012494629726473997
0.0013406969816367423
0.0014504679637249336
0.0015834609043461592
0.0017461078797962124
0.001947465799516449
0.002200706563513969
0.0025257900104776144
0.0029543398424338816
0.0035372388750015936
0.004347228458355359
0.00542949066494709
0.006539381697982984
0.006325218650095096
0.0006445370273714533
-0.019372927745939402
-0.06681372064210907
-0.1521645953281401
-0.27043489297164675
-0.39191772018921045
-0.4704879857697629
-0.4704879857697669
-0.391917720189233
-0.2704348929716597
-0.15216459532815985
-0.06681372064212451
-0.01937292774595039
0.0006445370273636379
0.006325218650092215
0.006539381697979088
0.005429490664946418
0.004347228458352254
0.0035372388750022693
0.0029543398424300756
0.0025257900104797767
0.002200706563509167
0.0019474657995089076
0.0017461078797882034
0.001583460904339048
0.0014504679637123265
0.001340696981619728
0.001249462972638524
0.0011732839680358344
0.001109529936584982
0.001056188958002872
0.001011707470156009
0.0009748788513386432
0.0009447644425996236
0.0009206369111876505
0.0009019393904008632
0.0008882560571573114
0.0008792912527655894
0.0008748552219402245
0.0009027412689548499
0.0009073186985956672
0.0009165692568046484
0.000930688747311967
0.0009499822529977452
0.0009748788513413969
0.0010059531592606663
0.0010439556933338383
0.0010898550324115678
0.0011448962594664386
0.0012106824566778963
0.0012892896746802994
0.001383431777497219
0.0014967017223952081
0.0016339338299363403
0.0018017652007732646
0.00200954143653335
0.0022708542971017773
0.002606299850432571
0.003048509813926999
0.0036499888598404105
0.00448579665538106
0.005602553950008187
0.006747813671462802
0.006526793810724801
0.0006649591195835405
-0.019990740912484994
-0.0689440322296494
-0.1570159464473208
-0.27905668725653476
-0.40441231540125516
-0.48548733399096045
-0.48548733399096033
-0.4044123154012763
-0.27905668725655214
-0.15701594644735187
-0.06894403222967155
-0.019990740912497
0.0006649591195749246
0.006526793810720863
0.006747813671458343
0.005602553950003145
0.0044857966553760314
0.0036499888598379494
0.0030485098139195342
0.002606299850431753
0.0022708542970937815
0.0020095414365251824
0.0018017652007665066
0.0016339338299307087
0.0014967017223851279
0.0013834317774819639
0.001289289674670762
0.0012106824566677234
0.0011448962594516423
0.0010898550324031813
0.0010439556933250777
0.0010059531592505992
0.0009748788513319062
0.0009499822529829625
0.0009306887472991347
0.0009165692567836691
0.0009073186985896177
0.0009027412689540862
0.0009368446976222092
0.0009415950518997849
0.0009511950746676284
0.0009658479666786663
0.0009858703361571742
0.0010117074701582532
0.001043955693335048
0.0010833938751000235
0.0011310271850525696
0.0011881477426336213
0.001256419190936883
0.0013379960092504673
0.0014356945855077922
0.001553243611239573
0.0016956600374979007
0.001869831701004057
0.00208545726169488
0.0023566419503750036
0.002704759916637177
0.00316367563783675
0.003787877243451174
0.004655259572986901
0.0058142026775069595
0.0070027159349029785
0.006773307700060372
0.000689923194990083
-0.02074632726901437
-0.07154936821817656
-0.1629490398672507
-0.289600922150413
-0.4196928670561992
-0.5038311198569725
-0.5038311198569525
-0.4196928670562208
-0.2896009221504311
-0.16294903986727544
-0.07154936821819943
-0.020746327269027913
0.0006899231949812573
0.006773307700056075
0.0070027159348980805
0.005814202677498928
0.004655259572979755
0.0037878772434470753
0.003163675637826528
0.0027047599166340848
0.0023566419503646564
0.00208545726168544
0.0018698317009952627
0.0016956600374896163
0.0015532436112304262
0.0014356945854960344
0.0013379960092441594
0.0012564191909343963
0.0011881477426264311
0.0011310271850490732
0.001083393875093654
0.0010439556933248798
0.001011707470146876
0.0009858703361404417
0.0009658479666662132
0.0009511950746465304
0.0009415950518951979
0.0009368446976245831
0.0009780347092290616
0.0009829939213463344
0.0009930160263249828
0.001008313159022587
0.0010292158479353903
0.0010561889580006111
0.0010898550324087352
0.0011310271850463603
0.001180754779711937
0.0012403867463644626
0.0013116598734021346
0.0013968233660313707
0.0014988174402928499
0.001621534727214909
0.0017702127585066756
0.0019520422093310865
0.002177148162700549
0.0024602560186234635
0.0028236796923610122
0.003302772585929801
0.003954418437239121
0.00485993635460801
0.006069831063028182
0.007310584556965701
0.0070710407335049415
0.0007200580203505873
-0.021658962978558925
-0.07469616939099584
-0.17011516083121472
-0.3023364431109759
-0.4381489686500494
-0.5259870299356558
-0.5259870299356708
-0.4381489686500599
-0.30233644311100283
-0.17011516083124828
-0.0746961693910178
-0.021658962978575717
0.0007200580203416032
0.007071040733498831
0.007310584556958051
0.006069831063015665
0.0048599363545972895
0.00395441843723131
0.003302772585915745
0.0028236796923531986
0.0024602560186104162
0.002177148162688749
0.0019520422093212914
0.0017702127584965084
0.0016215347272083229
0.001498817440284057
0.0013968233660261306
0.0013116598734038071
0.0012403867463621457
0.001180754779711674
0.0011310271850430117
0.0010898550324015344
0.0010561889579910242
0.0010292158479196648
0.0010083131590126974
0.0009930160263065904
0.0009829939213432937
0.0009780347092345604
0.0010274286394821226
0.0010326383082083436
0.0010431665626320877
0.0010592362511500741
0.0010811945950645638
0.0011095299365857878
0.0011448962594601177
0.0011881477426251945
0.0012403867463643102
0.0013030303262808638
0.0013779029846484776
0.001467367519452441
0.0015745126380828879
0.0017034275634395597
0.0018596143416977735
0.0020506268038906
0.002287101388424177
0.0025845071861701338
0.0029662850552565974
0.0034695738769264075
0.004154130129827049
0.00510537914818615
0.006376373207863524
0.007679769936572027
0.007428065741536689
0.0007561704384594035
-0.022753430530219075
-0.07846985086042764
-0.17870879534333362
-0.3176088634057363
-0.4602814580982678
-0.5525562925166432
-0.5525562925166305
-0.4602814580982859
-0.3176088634057487
-0.17870879534336492
-0.0784698508604521
-0.022753430530234174
0.0007561704384499092
0.007428065741529621
0.00767976993656334
0.006376373207849371
0.005105379148171937
0.004154130129815729
0.0034695738769071767
0.002966285055242065
0.0025845071861523203
0.0022871013884082844
0.0020506268038781228
0.0018596143416850842
0.0017034275634346583
0.0015745126380777646
0.0014673675194498256
0.0013779029846555549
0.0013030303262841125
0.001240386746367444
0.0011881477426237837
0.001144896259455196
0.0011095299365765819
0.001081194595048754
0.0010592362511404926
0.001043166562617366
0.0010326383082052992
0.001027428639489395
0.0010864650919883972
0.0010919741106865358
0.0011031073234857064
0.0011201003837880553
0.0011433204644192246
0.0011732839680342172
0.0012106824566708438
0.0012564191909259195
0.0013116598733978878
0.001377902984643873
0.0014570778640877252
0.0015516830777911022
0.001664984812618514
0.001801307261552503
0.0019664686231832054
0.002168456778998015
0.0024185193487436607
0.0027330142965043226
0.00313672942386365
0.0036689376491677974
0.004392828988592366
0.005398736514373656
0.006742756941632619
0.008121023262354893
0.007854775979871888
0.0007992970420435
-0.02406164362530431
-0.08298039855331449
-0.1889803701579758
-0.33586320123719604
-0.4867352198019417
-0.5843130535851937
-0.5843130535852039
-0.4867352198019711
-0.33586320123722396
-0.18898037015801294
-0.08298039855333819
-0.024061643625319713
0.0007992970420321317
0.007854775979861386
0.008121023262343107
0.006742756941615995
0.0053987365143570686
0.004392828988578838
0.003668937649146868
0.0031367294238447397
0.002733014296484729
0.002418519348725983
0.002168456778986774
0.0019664686231721943
0.001801307261551278
0.0016649848126173278
0.0015516830777910847
0.0014570778640975663
0.0013779029846503286
0.0013116598734019013
0.001256419190924896
0.0012106824566665317
0.0011732839680244631
0.0011433204644030208
0.0011201003837777528
0.0011031073234764295
0.001091974110683782
0.0010864650919960087
0.001157007111480299
0.0011628738202828315
0.001174729891430146
0.0011928262788914383
0.0012175539953638154
0.0012494629726415552
0.0012892896746774319
0.0013379960092430904
0.0013968233660276712
0.0014673675194474423
0.001551683077788369
0.0016524308350445462
0.0017730890465712194
0.0019182626688389235
0.0020941476679729523
0.002309250568358732
0.0025755492849067196
0.00291046388880655
0.0033403916334213187
0.003907155378528819
0.004678047822164553
0.005749266105586275
0.007180544075392933
0.008648267396645419
0.008364629891452738
0.0008507766904950103
-0.02562494042598712
-0.08837026640604903
-0.20125422918199648
-0.3576758203481568
-0.5183454671336406
-0.6222599344783919
-0.6222599344784077
-0.5183454671336581
-0.35767582034815604
-0.20125422918203428
-0.0883702664060707
-0.02562494042600557
0.0008507766904801352
0.008364629891437164
0.008648267396628129
0.007180544075372424
0.005749266105566219
0.0046780478221502666
0.003907155378509159
0.0033403916334032364
0.002910463888789806
0.002575549284892461
0.0023092505683519242
0.0020941476679667303
0.0019182626688399756
0.0017730890465724439
0.001652430835045041
0.001551683077797203
0.0014673675194530503
0.0013968233660297377
0.0013379960092406492
0.0012892896746729105
0.0012494629726318564
0.0012175539953493953
0.0011928262788814463
0.0011747298914276901
0.0011628738202812624
0.0011570071114868805
0.0012414901153002297
0.0012477852033958138
0.0012605069891553828
0.0012799247509205033
0.0013064580526755435
0.001340696981625381
0.0013834317774874122
0.001435694585496213
0.0014988174402845093
0.0015745126380764477
0.0016649848126146414
0.0017730890465721214
0.0019025575744534037
0.002058331602971062
0.00224705952335676
0.002477869001582606
0.00276361257526239
0.003122982326469584
0.0035843030362188184
0.004192451447343223
0.005019633716920013
0.006169069754320822
0.0077048483961439365
0.009279702119558158
0.008975218726601565
0.0009123537997491298
-0.027497373335292563
-0.09482570298003633
-0.21595441451025146
-0.38380023639552685
-0.5562041154421723
-0.6677077056110386
-0.667707705611061
-0.5562041154421774
-0.3838002363955464
-0.2159544145102894
-0.09482570298005492
-0.02749737333531308
0.0009123537997327866
0.008975218726584265
0.009279702119540352
0.007704848396123887
0.006169069754302958
0.005019633716908303
0.004192451447328863
0.0035843030362030896
0.0031229823264555547
0.002763612575250135
0.002477869001578212
0.002247059523353518
0.002058331602971774
0.001902557574455214
0.001773089046572465
0.0016649848126210013
0.0015745126380799748
0.0014988174402841773
0.0014356945854926307
0.0013834317774835975
0.0013406969816177775
0.0013064580526660624
0.001279924750913367
0.0012605069891601733
0.0012477852033966764
0.0012414901153050097
0.001343138417505154
0.001349948923337898
0.0013637123202948338
0.0013847199342539055
0.0014134256815830676
0.0014504679637211042
0.001496701722389083
0.001553243611232344
0.0016215347272072686
0.0017034275634348348
0.0018013072615477672
0.0019182626688381368
0.0020583316029679777
0.0022268598409846503
0.002431040124121108
0.002680747465313222
0.002989886733737612
0.0033786804747580586
0.003877772640917006
0.004535714355293538
0.0054306235198590715
0.006674169406826555
0.00833567929460717
0.010039421734595804
0.009709828763060806
0.0009863282479531331
-0.029750527308517974
-0.10259333647246072
-0.23364241305480693
-0.4152341802481053
-0.6017569538695506
-0.7223919296706585
-0.7223919296706833
-0.6017569538695633
-0.4152341802481049
-0.23364241305484718
-0.10259333647248409
-0.02975052730853836
0.0009863282479341234
0.009709828763041575
0.010039421734576148
0.008335679294586992
0.006674169406810327
0.005430623519850433
0.0045357143552849245
0.003877772640906573
0.00337868047474829
0.0029898867337305266
0.0026807474653131945
0.002431040124123935
0.002226859840986312
0.0020583316029718214
0.0019182626688384488
0.0018013072615513262
0.0017034275634356518
0.0016215347272058524
0.0015532436112288223
0.0014967017223877117
0.0014504679637164122
0.0014134256815794225
0.0013847199342505601
0.0013637123203048144
0.0013499489233414284
0.0013431384175077398
0.0014662903291048144
0.0014737252890422512
0.0014887506495336118
0.0015116844481505745
0.001543022220903695
0.001583460904343681
0.0016339338299262247
0.0016956600374873113
0.001770212758492855
0.0018596143416901498
0.0019664686231766126
0.0020941476679732654
0.002247059523358139
0.002431040124127355
0.0026539417197168733
0.0029265447729387014
0.0032640291083050467
0.003688471509657276
0.004233325731748124
0.004951594601560968
0.005928558339666299
0.007286122586337726
0.009099959116868657
0.01095984360316668
0.010599786080576913
0.0010757780264906735
-0.032480760241900816
-0.11200508854951995
-0.2550738528812617
-0.4533203230962679
-0.6569495873286784
-0.7886481452307443
-0.7886481452307518
-0.656949587328689
-0.45332032309629533
-0.25507385288130124
-0.11200508854954086
-0.03248076024192377
0.0010757780264705312
0.010599786080557224
0.010959843603147758
0.009099959116850003
0.007286122586325813
0.005928558339661586
0.004951594601559025
0.004233325731742702
0.0036884715096509096
0.0032640291083005273
0.0029265447729397475
0.0026539417197209603
0.0024310401241276697
0.0022470595233622702
0.0020941476679744394
0.0019664686231795673
0.0018596143416906607
0.0017702127584922163
0.0016956600374840966
0.0016339338299273367
0.001583460904340894
0.0015430222209052336
0.0015116844481511025
0.0014887506495461168
0.0014737252890469805
0.0014662903291054665
0.0016169019721596109
0.0016251006238277342
0.001641669334124017
0.0016669588083726421
0.001701515482405384
0.0017461078797944057
0.0018017652007606092
0.0018698317009920302
0.0019520422093144692
0.00205062680387991
0.0021684567789854586
0.0023092505683493083
0.0024778690015744903
0.002680747465309019
0.002926544772931249
0.003227148732973358
0.0035992984139706728
0.004067338297105547
0.0046681584723142445
0.005460206105306552
0.006537520670106255
0.008034525918879164
0.01003464944415076
0.012085471364419212
0.011688089056854395
0.0011849006395226477
-0.035820432271924565
-0.12351680132175683
-0.28128639658853555
-0.4999024162934287
-0.7244536624107898
-0.8696834164147071
-0.8696834164147345
-0.7244536624108056
-0.499902416293466
-0.2812863965885755
-0.12351680132178312
-0.03582043227195291
0.0011849006394989117
0.011688089056833243
0.012085471364398838
0.010034649444133363
0.008034525918870158
0.006537520670104962
0.005460206105308646
0.0046681584723130675
0.004067338297100126
0.003599298413967106
0.003227148732973843
0.002926544772935853
0.0026807474653087957
0.00247786900157918
0.002309250568350698
0.0021684567789867484
0.002050626803879113
0.0019520422093144245
0.0018698317009906032
0.001801765200766699
0.001746107879796483
0.0017015154824140493
0.0016669588083795925
0.001641669334138999
0.0016251006238342056
0.0016169019721594914
0.0018033600711343878
0.001812504178154786
0.0018309835656061708
0.00185918938173942
0.0018977310767565388
0.001947465799513584
0.00200954143651997
0.002085457261683702
0.002177148162686632
0.0022871013884163457
0.0024185193487335317
0.0025755492848950796
0.0027636125752524363
0.0029898867337289827
0.0032640291082958513
0.00359929841396628
0.004014364082721848
0.004536378036489742
0.005206484599501605
0.00608987109309206
0.007291420880329528
0.008961054114562977
0.011191794919768332
0.01347896691136434
0.013035271428518812
0.0013195726710017452
-0.03995599766950854
-0.13777049677035852
-0.31374142492995194
-0.5575769987101978
-0.8080315644975755
-0.9700140990491641
-0.970014099049176
-0.808031564497573
-0.5575769987102102
-0.3137414249300021
-0.13777049677039085
-0.03995599766954016
0.0013195726709768498
0.013035271428497601
0.013478966911345511
0.011191794919751221
0.00896105411455436
0.007291420880326218
0.006089871093093642
0.005206484599499247
0.004536378036483296
0.004014364082716439
0.0035992984139641055
0.003264029108296655
0.002989886733727103
0.0027636125752557718
0.0025755492848970403
0.002418519348734584
0.0022871013884172425
0.002177148162689504
0.0020854572616869813
0.0020095414365324787
0.0019474657995216206
0.001897731076772326
0.0018591893817523392
0.0018309835656223918
0.0018125041781617422
0.0018033600711343436
0.0020378618418419128
0.002048195015549004
0.0020690773959874363
0.0021009509951432645
0.002144504514325706
0.002200706563509154
0.002270854297087723
0.0023566419503595476
0.002460256018607241
0.0025845071861580007
0.0027330142964934346
0.002910463888792067
0.0031229823264618166
0.003378680474752191
0.003688471509656026
0.004067338297105912
0.004536378036492186
0.005126273500182285
0.005883519468849949
0.006881780195795496
0.008239576946112395
0.0101263179310336
0.012647090367253509
0.015231475557284624
0.014729414638740494
0.001488476578992538
-0.04515826217839368
-0.15569906319552615
-0.35456266253843677
-0.6301176401607215
-0.9131513281706396
-1.0962040685467693
-1.0962040685467982
-0.9131513281706499
-0.6301176401607638
-0.3545626625384807
-0.15569906319556073
-0.04515826217843057
0.0014884765789632166
0.014729414638714213
0.01523147555726014
0.012647090367230641
0.010126317931019809
0.008239576946103885
0.0068817801957938
0.005883519468845544
0.0051262735001741935
0.004536378036485574
0.004067338297100946
0.0036884715096535663
0.0033786804747506995
0.0031229823264660827
0.002910463888796921
0.0027330142964966924
0.0025845071861627473
0.002460256018613148
0.002356641950367282
0.00227085429710276
0.0022007065635200364
0.00214450451434341
0.0021009509951579503
0.002069077395999963
0.0020481950155546826
0.00203786184184083
0.00233889014804807
0.0023507497198878933
0.0023747168087857426
0.002411298720314095
0.002461285890137132
0.0025257900104813805
0.0026062998504318064
0.002704759916630579
0.0028236796923549723
0.0029662850552510025
0.003136729423860572
0.0033403916334089276
0.0035843030362136797
0.003877772640912788
0.004233325731753503
0.0046681584723210125
0.0052064845995104456
0.00588351946885861
0.006752626322923356
0.007898351499557334
0.009456724112847977
0.011622172621483347
0.014515283253164398
0.01748129385996215
0.016904627910057434
0.0017066909412862116
-0.051832619441434497
-0.17870516266208208
-0.4069475525896607
-0.7232092065040681
-1.0480530181025016
-1.2581460559625715
-1.2581460559625741
-1.0480530181025216
-0.7232092065041077
-0.40694755258971543
-0.1787051626621308
-0.05183261944148083
0.0017066909412498158
0.01690462791002456
0.01748129385993565
0.014515283253138452
0.011622172621467404
0.009456724112833064
0.007898351499550933
0.006752626322910857
0.005883519468845005
0.00520648459949815
0.004668158472310772
0.004233325731746078
0.003877772640912995
0.0035843030362198566
0.0033403916334172378
0.003136729423865288
0.0029662850552576656
0.002823679692361537
0.0027047599166406698
0.0026062998504461426
0.002525790010494096
0.0024612858901573308
0.0024112987203322076
0.0023747168087976563
0.002350749719896011
0.002338890148046919
0.0027357286323972225
0.002749600420225641
0.002777634010272213
0.0028204227832639385
0.002878891289124951
0.002954339842425043
0.0030485098139186014
0.0031636756378173895
0.003302772585912852
0.0034695738769075913
0.0036689376491542106
0.00390715537850344
0.004192451447328207
0.004535714355282556
0.0049515946015662275
0.005460206105315377
0.006089871093102886
0.006881780195809004
0.007898351499564783
0.009238478646881225
0.011061280455615982
0.013594216301537404
0.016978505192875342
0.02044891012885912
0.01977825822890822
0.0020127851429578387
-0.0605835885064893
-0.20892811640409698
-0.4758061862908228
-0.8456086934791569
-1.2254494996981273
-1.4711129633704594
-1.4711129633704727
-1.2254494996981673
-0.8456086934792133
-0.4758061862908869
-0.2089281164041616
-0.06058358850654606
0.0020127851429114093
0.019778258228866374
0.02044891012882483
0.016978505192843468
0.013594216301515631
0.011061280455594721
0.009238478646870076
0.007898351499546782
0.006881780195790572
0.006089871093086709
0.005460206105299075
0.004951594601553984
0.004535714355282468
0.0041924514473345685
0.003907155378513136
0.0036689376491597704
0.003469573876915818
0.003302772585920703
0.003163675637830355
0.003048509813930348
0.002954339842438342
0.0028788912891432048
0.0028204227832808438
0.002777634010277659
0.0027496004202342264
0.002735728632392965
0.003275495035490933
0.003292103767212667
0.0033256684658567893
0.0033768995881496514
0.00344690410084184
0.003537238874998453
0.0036499888598450713
0.003787877243444335
0.003954418437237026
0.004154130129824718
0.004392828988596363
0.00467804782215429
0.005019633716916482
0.00543062351985551
0.005928558339676506
0.00653752067011792
0.007291420880339384
0.008239576946125617
0.009456724112855159
0.011061280455614565
0.01324383313854744
0.01627709430409139
0.020331744236566432
0.02449723688173673
0.023728898058409748
0.002555881896466279
-0.07216001269531186
-0.24931879817608524
-0.5681177004392903
-1.0099301959961886
-1.4637750240361413
-1.7573144186834988
-1.7573144186835306
-1.4637750240361935
-1.0099301959962563
-0.5681177004393807
-0.24931879817616553
-0.0721600126953852
0.0025558818964088225
0.02372889805835744
0.024497236881696263
0.020331744236529913
0.016277094304065178
0.013243833138518964
0.011061280455599077
0.009456724112831053
0.008239576946102955
0.007291420880319007
0.00653752067009624
0.0059285583396589394
0.0054306235198536435
0.005019633716919542
0.004678047822161991
0.004392828988600238
0.004154130129831925
0.003954418437246204
0.0037878772434595575
0.003649988859854821
0.003537238875012572
0.0034469041008594586
0.003376899588166093
0.0033256684658588276
0.003292103767223206
0.0032754950354842646
0.004025548759208489
0.004045960673082097
0.0040872112469558085
0.004150173619903187
0.00423620823474206
0.004347228458344163
0.004485796655380394
0.004655259572971765
0.004859936354595687
0.005105379148172966
0.005398736514364793
0.005749266105563183
0.006169069754304337
0.006674169406811327
0.0072861225863390415
0.008034525918886933
0.008961054114570176
0.010126317931048356
0.011622172621492836
0.013594216301539154
0.016277094304094533
0.020008140686034355
0.025006473904242318
0.030186224979159224
0.029443747345344953
0.003989367270959948
-0.08650060904535395
-0.3016114440885431
-0.6892014801816557
-1.2267444952870323
-1.7791667268431248
-2.1365474490606102
-2.1365474490606355
-1.7791667268431937
-1.2267444952871278
-0.6892014801817594
-0.30161144408864127
-0.08650060904543899
0.0039893672708921895
0.029443747345283947
0.030186224979109128
0.0250064739042005
0.02000814068600049
0.01627709430405981
0.013594216301518268
0.011622172621465697
0.010126317931021755
0.00896105411454813
0.008034525918861583
0.00728612258631987
0.006674169406808376
0.006169069754303418
0.005749266105566329
0.005398736514363626
0.005105379148173836
0.004859936354600774
0.004655259572983848
0.004485796655384294
0.0043472284583572045
0.004236208234756419
0.004150173619918547
0.00408721124695434
0.004045960673094486
0.004025548759198556
0.00502773166672235
0.005053224967087268
0.005104744539944967
0.005183380866293546
0.005290833028968391
0.0054294906649441045
0.00560255395001771
0.005814202677504593
0.006069831063027147
0.006376373207863977
0.006742756941634642
0.007180544075382115
0.0077048483961367886
0.008335679294595985
0.009099959116869338
0.010034649444155854
0.011191794919770359
0.012647090367263324
0.014515283253168584
0.016978505192873826
0.020331744236568493
0.025006473904243154
0.03132018825145585
0.03807217720903357
0.03808965265805102
0.008951444582985555
-0.09782568684773217
-0.3542767921422022
-0.818719213336826
-1.464733853868767
-2.1297756750136627
-2.5604110960796787
-2.5604110960797053
-2.1297756750137458
-1.4647338538688701
-0.8187192133369569
-0.3542767921423177
-0.09782568684783303
0.00895144458290717
0.03808965265797972
0.03807217720897653
0.03132018825141025
0.02500647390420483
0.020331744236528324
0.016978505192849887
0.01451528325313952
0.012647090367234807
0.011191794919745294
0.010034649444126745
0.009099959116846527
0.00833567929459021
0.007704848396129988
0.007180544075381158
0.006742756941630068
0.006376373207859645
0.006069831063027959
0.005814202677510498
0.005602553950014602
0.005429490664953623
0.005290833028980356
0.005183380866308711
0.005104744539945941
0.005053224967101894
0.005027731666711817
0.006055513560136066
0.0060862171236006225
0.00614826611227607
0.006242973796909205
0.006372386383224529
0.006539381697980084
0.0067478136714735105
0.0070027159349056465
0.007310584556969308
0.007679769936578262
0.00812102326235898
0.008648267396639264
0.00927970211955502
0.010039421734586905
0.010959843603169232
0.012085471364426437
0.013478966911368236
0.015231475557294344
0.01748129385996301
0.020448910128853012
0.024497236881732297
0.030186224979152243
0.038072177209024345
0.04732620199741572
0.05109746008675774
0.02653550153978294
-0.07729363591195132
-0.3376873944147082
-0.8191105104538958
-1.4965555631867424
-2.198684722124134
-2.6549736864455005
-2.654973686445529
-2.1986847221242174
-1.4965555631868552
-0.8191105104540228
-0.33768739441482765
-0.07729363591205136
0.026535501539704555
0.05109746008668652
0.04732620199735614
0.038072177208980075
0.030186224979111435
0.024497236881692593
0.02044891012882709
0.01748129385993579
0.015231475557264475
0.013478966911343676
0.012085471364396846
0.010959843603148802
0.010039421734581442
0.009279702119544708
0.008648267396633312
0.008121023262349703
0.007679769936568592
0.007310584556965543
0.007002715934907571
0.006747813671466344
0.006539381697988306
0.006372386383232806
0.0062429737969223855
0.006148266112277695
0.0060862171236149105
0.006055513560124037
0.005857260485786315
0.005886954816378699
0.005946964107474582
0.006038558179886839
0.006163715516531091
0.006325218650096167
0.006526793810737097
0.006773307700069011
0.007071040733514027
0.00742806574154849
0.007854775979878895
0.00836462989145159
0.008975218726601257
0.009709828763049294
0.01059978608057367
0.011688089056852199
0.01303527142851332
0.014729414638738093
0.01690462791004757
0.01977825822889121
0.023728898058396997
0.02944374734532845
0.038089652658033255
0.05109746008674737
0.06831128410715964
0.08266711544047421
0.07191818125288153
-0.0044107007164396065
-0.1877256540706947
-0.4784825338229721
-0.7994683336215935
-1.0148180869877952
-1.0148180869878098
-0.7994683336216486
-0.47848253382303135
-0.18772565407076452
-0.004410700716501236
0.0719181812528261
0.08266711544043617
0.06831128410712
0.05109746008671662
0.03808965265801277
0.029443747345308472
0.023728898058374456
0.019778258228882458
0.016904627910036853
0.014729414638725846
0.01303527142850292
0.011688089056835993
0.010599786080564519
0.009709828763052226
0.008975218726595577
0.008364629891448575
0.007854775979873331
0.007428065741541262
0.007071040733510626
0.006773307700069033
0.006526793810728919
0.006325218650103173
0.006163715516538902
0.006038558179900091
0.005946964107481543
0.005886954816392806
0.005857260485775114
0.0005970965685868876
0.0006001081595418588
0.00060619377053266
0.0006154810982594689
0.0006281690139966884
0.0006445370273673077
0.0006649591195866588
0.0006899231949883275
0.0007200580203493613
0.0007561704384602465
0.0007992970420392738
0.0008507766904851575
0.0009123537997404062
0.0009863282479316646
0.0010757780264781507
0.0011849006395088695
0.0013195726709870725
0.0014884765789776352
0.0017066909412644204
0.002012785142925802
0.0025558818964376137
0.00398936727092325
0.008951444582946111
0.026535501539744988
0.08266711544044486
0.23694074675780186
0.5955047616418698
1.2919007834924545
2.4061087751038235
3.8393106643945747
5.2441349402265764
6.129366760979281
6.129366760979325
5.24413494022669
3.8393106643947488
2.4061087751040167
1.2919007834926226
0.5955047616420193
0.23694074675792742
0.08266711544053951
0.02653550153982271
0.008951444583017179
0.003989367270980437
0.0025558818964869414
0.00201278514297833
0.0017066909413136345
0.0014884765790188301
0.0013195726710267088
0.001184900639539245
0.0010757780265106274
0.0009863282479719284
0.0009123537997654636
0.0008507766905090994
0.0007992970420571319
0.0007561704384760931
0.0007200580203626524
0.000689923195003838
0.000664959119592324
0.0006445370273851644
0.0006281690140120886
0.0006154810982773296
0.0006061937705480097
0.0006001081595584505
0.0005970965685755684
-0.017938779967313676
-0.01802977943245377
-0.018213682167591692
-0.018494383518727238
-0.01887795307457117
-0.0193729277459525
-0.019990740912492644
-0.020746327269029984
-0.021658962978572692
-0.022753430530234934
-0.024061643625323155
-0.025624940426009133
-0.027497373335317564
-0.02975052730855545
-0.03248076024193412
-0.03582043227196342
-0.03995599766955339
-0.04515826217844465
-0.0518326194414923
-0.060583588506561606
-0.07216001269538547
-0.08650060904544109
-0.09782568684782822
-0.07729363591205732
0.07191818125276986
0.5955047616417805
1.9644622890653323
4.814479631467561
9.585595055066394
15.912449834970843
22.238346275433685
26.269740624042416
26.26974062404267
22.238346275434296
15.912449834971731
9.585595055067298
4.814479631468395
1.964462289066046
0.5955047616423567
0.07191818125323729
-0.07729363591166999
-0.0978256868474918
-0.08650060904515575
-0.07216001269513292
-0.06058358850633293
-0.0518326194412833
-0.045158262178256844
-0.039955997669379795
-0.03582043227181597
-0.03248076024179311
-0.02975052730842182
-0.02749737333520178
-0.025624940425911062
-0.024061643625233525
-0.022753430530151927
-0.021658962978508195
-0.020746327268965064
-0.019990740912448783
-0.019372927745899916
-0.0188779530745321
-0.018494383518684612
-0.018213682167560155
-0.018029779432423787
-0.01793877996732347
-0.06186845961688638
-0.06218225042379931
-0.06281639507100104
-0.0637843219604284
-0.06510695443150104
-0.06681372064214003
-0.06894403222969162
-0.07154936821821563
-0.07469616939104727
-0.07846985086047804
-0.08298039855337322
-0.08837026640610957
-0.09482570298010085
-0.10259333647254847
-0.11200508854960131
-0.1235168013218592
-0.1377704967704661
-0.1556990631956502
-0.1787051626622132
-0.20892811640425785
-0.24931879817624342
-0.30161144408873264
-0.35427679214241253
-0.3376873944149547
-0.004410700716710721
1.2919007834921716
4.8144796314673535
12.297377335824198
24.9782579920655
41.926504002492834
58.95642129309343
69.83937392382583
69.83937392382651
58.95642129309509
41.926504002495236
24.978257992067984
12.297377335826454
4.814479631469282
1.2919007834937297
-0.004410700715446242
-0.33768739441389684
-0.3542767921415061
-0.3016114440879559
-0.2493187981755608
-0.20892811640363418
-0.17870516266166248
-0.1556990631951459
-0.13777049677001615
-0.1235168013214468
-0.11200508854923892
-0.1025933364721987
-0.09482570297979814
-0.08837026640584086
-0.08298039855312994
-0.07846985086026866
-0.07469616939085147
-0.07154936821806337
-0.0689440322295494
-0.06681372064202423
-0.0651069544313948
-0.06378432196035712
-0.06281639507093263
-0.0621822504237591
-0.061868459616884156
-0.1409026882642169
-0.1416172914899808
-0.14306144271366736
-0.14526571983940123
-0.14827776730157927
-0.15216459532819693
-0.1570159464473982
-0.16294903986732528
-0.17011516083130157
-0.17870879534342726
-0.1889803701580845
-0.20125422918210836
-0.21595441451038763
-0.23364241305496125
-0.2550738528814339
-0.28128639658872334
-0.3137414249301631
-0.3545626625386725
-0.4069475525899167
-0.47580618629111987
-0.5681177004396157
-0.6892014801820352
-0.8187192133372372
-0.8191105104543889
-0.1877256540712341
2.406108775103215
9.58559505506581
24.97825799206508
51.20679796860405
86.38377512278858
121.80735940743322
144.47215973861535
144.47215973861677
121.80735940743665
86.38377512279365
51.20679796860922
24.978257992069825
9.58559505506982
2.406108775106463
-0.187725654068614
-0.8191105104521668
-0.8187192133353611
-0.6892014801804058
-0.5681177004381812
-0.47580618628983884
-0.4069475525887732
-0.35456266253763424
-0.313741424929232
-0.2812863965878787
-0.25507385288067536
-0.23364241305426414
-0.21595441450976188
-0.2012542291815601
-0.1889803701575902
-0.17870879534298384
-0.17011516083090977
-0.1629490398669925
-0.15701594644710767
-0.1521645953279518
-0.14827776730138834
-0.1452657198392398
-0.14306144271355423
-0.1416172914899008
-0.1409026882642157
-0.2504202220235533
-0.25169021846481776
-0.25425677004880803
-0.2581742173970589
-0.2635272301983542
-0.27043489297172685
-0.2790566872566549
-0.2896009221505443
-0.30233644311113717
-0.317608863405888
-0.33586320123738866
-0.35767582034832596
-0.3838002363957613
-0.41523418024833963
-0.4533203230965419
-0.49990241629373133
-0.557576998710529
-0.630117640161105
-0.7232092065044664
-0.8456086934796292
-1.0099301959966924
-1.2267444952876343
-1.4647338538694226
-1.4965555631875165
-0.47848253382388284
3.8393106643935146
15.912449834969712
41.926504002491754
86.38377512278782
146.11903877238422
206.34268952878892
244.8998273529571
244.89982735295956
206.34268952879484
146.1190387723928
86.38377512279662
41.926504002499804
15.912449834976538
3.839310664399028
-0.478482533819398
-1.496555563183786
-1.4647338538662344
-1.2267444952848563
-1.0099301959942535
-0.8456086934774556
-0.7232092065025306
-0.6301176401593463
-0.5575769987089443
-0.4999024162923088
-0.45332032309525383
-0.41523418024716896
-0.38380023639469474
-0.35767582034739603
-0.33586320123654057
-0.31760886340514816
-0.3023364431104799
-0.28960092214997835
-0.27905668725617105
-0.2704348929713268
-0.2635272301980345
-0.2581742173967947
-0.2542567700486109
-0.25169021846470263
-0.2504202220235319
-0.3629126557908411
-0.3647531244729276
-0.36847254953880576
-0.37414967896358964
-0.3819072120690541
-0.3919177201893707
-0.4044123154014235
-0.41969286705639364
-0.4381489686502474
-0.4602814580984864
-0.48673521980219747
-0.5183454671339227
-0.5562041154424656
-0.6017569538698904
-0.65694958732906
-0.7244536624112236
-0.8080315644980209
-0.9131513281711805
-1.0480530181030705
-1.225449499698774
-1.46377502403686
-1.7791667268439408
-2.129775675014605
-2.1986847221252397
-0.7994683336228822
5.244134940225052
22.238346275431972
58.95642129309162
121.80735940743158
206.34268952878796
291.62290370797746
346.24112437283907
346.24112437284236
291.6229037079858
206.34268952880012
121.80735940744398
58.95642129310301
22.238346275441675
5.244134940232837
-0.7994683336165289
-2.1986847221199604
-2.129775675010063
-1.7791667268400393
-1.46377502403341
-1.2254494996956917
-1.0480530181003187
-0.9131513281687049
-0.8080315644958039
-0.7244536624091831
-0.6569495873272735
-0.6017569538682292
-0.5562041154409978
-0.5183454671325791
-0.48673521980102397
-0.4602814580974266
-0.4381489686493309
-0.4196928670555783
-0.4044123154007342
-0.39191772018877025
-0.3819072120686085
-0.3741496789631995
-0.36847254953857583
-0.36475312447272024
-0.3629126557908557
-0.4356683349538537
-0.4378777599147236
-0.4423428125994868
-0.44915802639189417
-0.45847069619039854
-0.47048798576992357
-0.4854873339911464
-0.503831119857176
-0.525987029935918
-0.5525562925169053
-0.5843130535855074
-0.6222599344787257
-0.667707705611436
-0.722391929671088
-0.7886481452312184
-0.8696834164151825
-0.9700140990497017
-1.0962040685473973
-1.2581460559632438
-1.4711129633711926
-1.7573144186843366
-2.136547449061566
-2.5604110960807382
-2.6549736864467466
-1.01481808698927
6.129366760977472
26.269740624040296
69.8393739238234
144.4721597386129
244.89982735295501
346.2411243728378
411.1559406112047
411.15594061120873
346.2411243728477
244.89982735296945
144.47215973862765
69.83937392383699
26.26974062405175
6.129366760986741
-1.0148180869817616
-2.654973686440444
-2.560411096075396
-2.136547449056901
-1.757314418680198
-1.4711129633675761
-1.2581460559599864
-1.096204068544454
-0.9700140990470087
-0.8696834164128282
-0.7886481452290427
-0.7223919296691366
-0.6677077056096395
-0.6222599344771886
-0.5843130535840861
-0.5525562925156647
-0.5259870299347792
-0.5038311198562464
-0.48548733399032334
-0.470487985769237
-0.45847069618983516
-0.4491580263914756
-0.44234281259915686
-0.4378777599145362
-0.4356683349537904
-0.4356683349538404
-0.4378777599147535
-0.44234281259950314
-0.4491580263918866
-0.458470696190381
-0.47048798576990947
-0.48548733399114474
-0.5038311198571894
-0.5259870299358965
-0.5525562925169214
-0.5843130535854983
-0.6222599344787596
-0.6677077056114363
-0.7223919296711283
-0.7886481452312084
-0.8696834164152282
-0.9700140990497137
-1.0962040685474146
-1.2581460559632485
-1.4711129633712439
-1.7573144186843517
-2.136547449061589
-2.5604110960807906
-2.654973686446783
-1.0148180869893177
6.129366760977497
26.269740624040395
69.83937392382383
144.47215973861375
244.8998273529566
346.2411243728399
411.15594061120726
411.15594061121135
346.24112437284987
244.89982735297102
144.47215973862853
69.83937392383739
26.26974062405192
6.129366760986713
-1.0148180869817733
-2.6549736864405054
-2.56041109607541
-2.136547449056949
-1.7573144186802456
-1.471112963367593
-1.2581460559600046
-1.0962040685444552
-0.970014099047066
-0.8696834164128384
-0.7886481452290711
-0.7223919296691266
-0.66770770560969
-0.6222599344771798
-0.5843130535841139
-0.552556292515646
-0.525987029934809
-0.5038311198562265
-0.4854873339903121
-0.4704879857692301
-0.458470696189826
-0.4491580263914663
-0.4423428125991669
-0.4378777599145481
-0.4356683349537951
-0.3629126557908501
-0.3647531244729258
-0.3684725495388125
-0.3741496789635963
-0.381907212069066
-0.39191772018937404
-0.4044123154014321
-0.4196928670563991
-0.4381489686502642
-0.460281458098487
-0.4867352198022188
-0.5183454671339263
-0.5562041154424875
-0.6017569538698926
-0.6569495873290805
-0.724453662411223
-0.8080315644980298
-0.9131513281711927
-1.0480530181030883
-1.2254494996988006
-1.4637750240368934
-1.7791667268439997
-2.1297756750146632
-2.1986847221253134
-0.7994683336229389
5.244134940225075
22.238346275432285
58.956421293092575
121.80735940743367
206.34268952879154
291.62290370798263
346.2411243728454
346.2411243728487
291.62290370799104
206.34268952880382
121.80735940744609
58.95642129310398
22.238346275441966
5.244134940232877
-0.7994683336165996
-2.1986847221200247
-2.129775675010136
-1.7791667268400837
-1.4637750240334475
-1.225449499695719
-1.0480530181003458
-0.9131513281687222
-0.8080315644958131
-0.7244536624091991
-0.6569495873272834
-0.6017569538682521
-0.556204115441006
-0.5183454671326051
-0.48673521980103146
-0.4602814580974476
-0.4381489686493303
-0.41969286705559106
-0.4044123154007331
-0.39191772018877025
-0.3819072120686131
-0.37414967896320406
-0.3684725495385753
-0.3647531244727257
-0.3629126557908576
-0.25042022202354897
-0.2516902184648324
-0.25425677004880987
-0.25817421739706126
-0.26352723019835955
-0.27043489297175316
-0.27905668725666255
-0.2896009221505576
-0.30233644311113783
-0.317608863405924
-0.3358632012373918
-0.3576758203483539
-0.3838002363957768
-0.4152341802483722
-0.4533203230965661
-0.4999024162937659
-0.5575769987105609
-0.6301176401611297
-0.7232092065045183
-0.8456086934796684
-1.0099301959967701
-1.2267444952876847
-1.4647338538695285
-1.496555563187608
-0.47848253382396433
3.839310664393584
15.912449834970191
41.92650400249322
86.38377512279101
146.11903877238973
206.3426895287969
244.89982735296655
244.89982735296894
206.34268952880274
146.11903877239834
86.38377512279979
41.92650400250127
15.912449834977032
3.839310664399068
-0.4784825338194671
-1.4965555631838832
-1.4647338538662988
-1.226744495284935
-1.0099301959943066
-0.8456086934775109
-0.7232092065025728
-0.6301176401593822
-0.5575769987089916
-0.49990241629234167
-0.4533203230952985
-0.41523418024718806
-0.38380023639473826
-0.3576758203474164
-0.33586320123656166
-0.3176088634051518
-0.30233644311049224
-0.2896009221499759
-0.27905668725618926
-0.27043489297133716
-0.26352723019803703
-0.2581742173968017
-0.2542567700486218
-0.25169021846471173
-0.2504202220235324
-0.1409026882642265
-0.14161729148998595
-0.14306144271368196
-0.14526571983940456
-0.14827776730159262
-0.15216459532820775
-0.15701594644741057
-0.16294903986735282
-0.17011516083132036
-0.17870879534345085
-0.18898037015810765
-0.20125422918212763
-0.21595441451041592
-0.23364241305497074
-0.25507385288145745
-0.2812863965887387
-0.3137414249301842
-0.35456266253870616
-0.40694755258995297
-0.475806186291162
-0.5681177004396708
-0.6892014801821088
-0.8187192133373269
-0.8191105104544698
-0.1877256540713232
2.4061087751032826
9.585595055066289
24.978257992066528
51.20679796860718
86.38377512279406
121.80735940744106
144.47215973862475
144.47215973862617
121.80735940744454
86.38377512279911
51.206797968612356
24.97825799207125
9.585595055070305
2.4061087751065164
-0.18772565406868028
-0.8191105104522632
-0.8187192133354448
-0.6892014801804712
-0.5681177004382321
-0.47580618628987603
-0.40694755258882076
-0.35456266253766844
-0.31374142492926593
-0.2812863965879048
-0.2550738528807096
-0.23364241305428723
-0.21595441450979402
-0.20125422918158634
-0.18898037015761232
-0.17870879534300774
-0.17011516083093403
-0.16294903986700934
-0.1570159464471182
-0.15216459532796378
-0.14827776730139947
-0.14526571983925024
-0.14306144271356852
-0.14161729148991478
-0.1409026882642143
-0.061868459616892635
-0.06218225042379985
-0.06281639507100306
-0.06378432196044126
-0.0651069544315046
-0.06681372064214644
-0.06894403222969933
-0.07154936821823656
-0.07469616939105204
-0.07846985086049367
-0.08298039855337494
-0.08837026640612404
-0.09482570298011517
-0.10259333647255911
-0.11200508854962801
-0.12351680132187849
-0.13777049677050002
-0.15569906319567886
-0.17870516266225683
-0.2089281164042983
-0.24931879817631025
-0.3016114440888077
-0.3542767921425005
-0.33768739441504286
-0.004410700716790888
1.2919007834922267
4.814479631467796
12.297377335825512
24.978257992068386
41.926504002497815
58.95642129310056
69.83937392383439
69.83937392383503
58.9564212931022
41.92650400250025
24.978257992070837
12.29737733582778
4.814479631469732
1.2919007834937881
-0.00441070071551181
-0.3376873944139831
-0.35427679214158636
-0.301611444088023
-0.24931879817561048
-0.20892811640368353
-0.17870516266171266
-0.1556990631951822
-0.13777049677006026
-0.12351680132147819
-0.11200508854927463
-0.10259333647222668
-0.09482570297982784
-0.08837026640585414
-0.08298039855315142
-0.07846985086027228
-0.07469616939087184
-0.07154936821806387
-0.06894403222956216
-0.06681372064202522
-0.06510695443141098
-0.06378432196036679
-0.06281639507094072
-0.06218225042377521
-0.06186845961689199
-0.017938779967316857
-0.018029779432450575
-0.01821368216759078
-0.018494383518721205
-0.01887795307456971
-0.019372927745953374
-0.019990740912500304
-0.020746327269039792
-0.021658962978583746
-0.022753430530247865
-0.024061643625333067
-0.025624940426019677
-0.027497373335336
-0.029750527308555166
-0.032480760241953996
-0.03582043227197676
-0.039955997669577074
-0.045158262178470014
-0.05183261944152809
-0.06058358850660053
-0.07216001269544117
-0.08650060904550819
-0.0978256868479025
-0.07729363591213677
0.07191818125270064
0.5955047616418292
1.9644622890657102
4.814479631468692
9.585595055068833
15.912449834975064
22.23834627543972
26.269740624049604
26.269740624049863
22.238346275440325
15.91244983497595
9.585595055069732
4.814479631469525
1.964462289066427
0.5955047616424078
0.07191818125318097
-0.07729363591174254
-0.09782568684755863
-0.08650060904521586
-0.07216001269518199
-0.06058358850637156
-0.05183261944133008
-0.04515826217829079
-0.039955997669419895
-0.03582043227182913
-0.03248076024182303
-0.029750527308439616
-0.027497373335223313
-0.025624940425922005
-0.024061643625245408
-0.022753430530165687
-0.021658962978514766
-0.020746327268975438
-0.019990740912451153
-0.01937292774590542
-0.01887795307454044
-0.01849438351869561
-0.018213682167570917
-0.01802977943243664
-0.01793877996732289
0.0005970965685693601
0.0006001081595389019
0.0006061937705216867
0.000615481098254394
0.0006281690139918689
0.0006445370273661627
0.0006649591195785937
0.0006899231949777937
0.0007200580203436315
0.0007561704384510902
0.0007992970420358859
0.0008507766904856862
0.0009123537997340342
0.0009863282479369263
0.0010757780264640708
0.0011849006394968062
0.0013195726709631537
0.0014884765789517094
0.0017066909412337882
0.002012785142899819
0.002555881896395983
0.00398936727087716
0.008951444582891637
0.026535501539689525
0.08266711544039314
0.2369407467578454
0.5955047616421755
1.291900783493348
2.406108775105756
3.839310664397896
5.24413494023133
6.129366760984954
6.1293667609850315
5.244134940231454
3.8393106643981003
2.406108775105935
1.291900783493517
0.5955047616423281
0.2369407467579711
0.08266711544050297
0.026535501539773916
0.00895144458297321
0.003989367270938879
0.0025558818964556912
0.0020127851429516228
0.0017066909412767686
0.001488476578986871
0.0013195726709928305
0.0011849006395305394
0.0010757780264862506
0.0009863282479591854
0.0009123537997566442
0.0008507766905095277
0.0007992970420515561
0.0007561704384751724
0.0007200580203547244
0.0006899231949954251
0.0006649591195846634
0.0006445370273747928
0.000628169013993431
0.0006154810982590114
0.0006061937705287544
0.0006001081595346728
0.0005970965685649595
0.005857260485779748
0.005886954816382947
0.005946964107471159
0.006038558179892662
0.006163715516536766
0.0063252186501051265
0.006526793810735934
0.0067733077000655915
0.007071040733511331
0.007428065741542218
0.00785477597987191
0.008364629891450454
0.008975218726593518
0.009709828763056677
0.010599786080562303
0.011688089056843182
0.013035271428496732
0.014729414638717343
0.0169046279100245
0.01977825822887096
0.023728898058360554
0.029443747345286528
0.03808965265798471
0.05109746008669529
0.06831128410710825
0.08266711544050373
0.07191818125312233
-0.004410700715717855
-0.18772565406912678
-0.47848253382026373
-0.7994683336177264
-1.0148180869831909
-1.0148180869832042
-0.7994683336177906
-0.4784825338203209
-0.1877256540692065
-0.004410700715773712
0.07191818125307983
0.08266711544046713
0.06831128410708703
0.05109746008666925
0.03808965265797201
0.029443747345266155
0.023728898058346874
0.019778258228858057
0.016904627910008012
0.01472941463870097
0.013035271428482254
0.011688089056838895
0.01059978608055235
0.00970982876304662
0.00897521872658934
0.008364629891447092
0.007854775979865397
0.007428065741540366
0.007071040733502402
0.006773307700063643
0.006526793810726397
0.006325218650100791
0.0061637155165262195
0.0060385581798907025
0.005946964107467707
0.005886954816378489
0.0058572604857730914
0.006055513560120912
0.006086217123596888
0.006148266112260513
0.006242973796909667
0.006372386383223013
0.006539381697988119
0.006747813671466402
0.007002715934903823
0.007310584556964544
0.00767976993657608
0.008121023262351718
0.008648267396641422
0.009279702119549264
0.010039421734590735
0.010959843603151945
0.01208547136440697
0.013478966911346427
0.015231475557264937
0.017481293859938157
0.02044891012883316
0.02449723688170409
0.030186224979119734
0.03807217720899142
0.047326201997378636
0.051097460086723584
0.026535501539814016
-0.07729363591173855
-0.33768739441410156
-0.8191105104525929
-1.4965555631844876
-2.1986847221209316
-2.654973686441674
-2.6549736864417053
-2.1986847221210093
-1.4965555631846015
-0.8191105104527201
-0.33768739441420914
-0.07729363591183014
0.026535501539743947
0.05109746008667345
0.04732620199733261
0.03807217720895947
0.030186224979084728
0.02449723688167674
0.020448910128810796
0.017481293859914343
0.01523147555724221
0.013478966911327541
0.012085471364398578
0.010959843603137526
0.01003942173457587
0.009279702119538734
0.008648267396630873
0.008121023262341282
0.007679769936567387
0.007310584556952146
0.007002715934893923
0.006747813671454363
0.006539381697977331
0.0063723863832105265
0.00624297379690404
0.006148266112254715
0.006086217123592227
0.006055513560114396
0.005027731666719208
0.005053224967089106
0.0051047445399340285
0.005183380866297563
0.0052908330289688065
0.005429490664953105
0.0056025539500089115
0.005814202677504316
0.006069831063019367
0.006376373207862997
0.00674275694162239
0.007180544075382591
0.007704848396129377
0.008335679294597888
0.009099959116850138
0.010034649444134205
0.011191794919748492
0.012647090367230041
0.014515283253138701
0.016978505192849866
0.020331744236537847
0.025006473904210035
0.0313201882514219
0.03807217720899621
0.03808965265801573
0.008951444583007227
-0.09782568684755319
-0.35427679214168273
-0.8187192133356982
-1.464733853866816
-2.129775675010894
-2.5604110960763773
-2.560411096076404
-2.1297756750109844
-1.4647338538669141
-0.8187192133358216
-0.3542767921417759
-0.09782568684763526
0.00895144458294416
0.03808965265797029
0.03807217720895339
0.03132018825139052
0.025006473904176513
0.020331744236512378
0.016978505192831683
0.014515283253120967
0.012647090367214696
0.01119179491973634
0.010034649444131488
0.009099959116841246
0.008335679294587804
0.007704848396121258
0.007180544075371949
0.006742756941614478
0.006376373207854445
0.006069831063010046
0.005814202677496086
0.0056025539500005606
0.0054294906649444055
0.005290833028956856
0.005183380866292782
0.005104744539924859
0.005053224967087756
0.005027731666709051
0.004025548759201187
0.0040459606730741515
0.004087211246938347
0.004150173619904322
0.004236208234742854
0.00434722845835739
0.004485796655377355
0.00465525957298139
0.004859936354593368
0.005105379148183344
0.005398736514359537
0.005749266105572852
0.00616906975430495
0.006674169406818524
0.007286122586324191
0.008034525918868834
0.008961054114552894
0.010126317931018335
0.011622172621465397
0.013594216301516386
0.016277094304066042
0.02000814068600181
0.025006473904208397
0.030186224979120543
0.02944374734530899
0.003989367270968831
-0.086500609045209
-0.3016114440881089
-0.6892014801807057
-1.2267444952853976
-1.7791667268407585
-2.1365474490578005
-2.136547449057808
-1.7791667268408267
-1.2267444952854623
-0.6892014801808075
-0.3016114440881859
-0.08650060904527951
0.003989367270918965
0.02944374734527308
0.030186224979090133
0.025006473904183868
0.020008140685976707
0.016277094304045607
0.01359421630150312
0.011622172621453064
0.01012631793100995
0.008961054114547458
0.008034525918871714
0.007286122586322064
0.006674169406815659
0.006169069754302727
0.005749266105565704
0.005398736514357582
0.00510537914817734
0.004859936354589045
0.004655259572974893
0.004485796655372815
0.004347228458350842
0.004236208234734532
0.004150173619902785
0.004087211246932386
0.004045960673078948
0.0040255487591889395
0.003275495035492686
0.0032921037672052574
0.0033256684658456866
0.003376899588150638
0.0034469041008417193
0.003537238875004497
0.003649988859835706
0.0037878772434438088
0.003954418437220611
0.004154130129823252
0.004392828988577816
0.004678047822152634
0.005019633716907873
0.005430623519856279
0.005928558339659282
0.006537520670100539
0.007291420880321269
0.008239576946097135
0.009456724112825637
0.01106128045559158
0.01324383313851834
0.016277094304062115
0.02033174423653354
0.024497236881702127
0.023728898058377614
0.0025558818964752364
-0.07216001269518008
-0.24931879817569386
-0.5681177004384359
-1.0099301959947158
-1.4637750240340481
-1.757314418680985
-1.7573144186809984
-1.4637750240340883
-1.0099301959947873
-0.5681177004385193
-0.24931879817575167
-0.07216001269523584
0.0025558818964374575
0.023728898058351558
0.024497236881680387
0.020331744236514654
0.016277094304043324
0.013243833138503788
0.011061280455582464
0.009456724112819032
0.008239576946093353
0.007291420880319076
0.006537520670105002
0.005928558339659978
0.005430623519858407
0.005019633716910903
0.004678047822149716
0.004392828988581342
0.004154130129821895
0.0039544184372223845
0.003787877243442827
0.0036499888598347826
0.0035372388750018247
0.003446904100834325
0.0033768995881505283
0.003325668465838664
0.0032921037672140837
0.0032754950354753165
0.0027357286323877643
0.002749600420203296
0.0027776340102555353
0.0028204227832589936
0.002878891289123313
0.00295433984243064
0.0030485098139165865
0.0031636756378245084
0.0033027725859061693
0.0034695738769184165
0.0036689376491485957
0.003907155378510632
0.00419245144732564
0.004535714355284439
0.004951594601551734
0.005460206105298476
0.006089871093083607
0.006881780195781943
0.00789835149953623
0.009238478646860202
0.011061280455589496
0.013594216301512835
0.016978505192846566
0.020448910128829975
0.019778258228882496
0.0020127851429667582
-0.060583588506370634
-0.20892811640375705
-0.4758061862900732
-0.8456086934778655
-1.2254494996962535
-1.4711129633682523
-1.4711129633682862
-1.2254494996962932
-0.8456086934779183
-0.4758061862901318
-0.20892811640379833
-0.06058358850641802
0.0020127851429380425
0.01977825822886451
0.020448910128816878
0.016978505192832116
0.013594216301498875
0.011061280455577464
0.00923847864685234
0.007898351499531855
0.006881780195780934
0.006089871093081556
0.005460206105303584
0.004951594601552188
0.004535714355289556
0.004192451447332124
0.003907155378510471
0.003668937649155139
0.0034695738769194547
0.00330277258591248
0.003163675637827893
0.0030485098139199033
0.0029543398424320723
0.002878891289119943
0.0028204227832618004
0.0027776340102518213
0.0027496004202158396
0.0027357286323678675
0.002338890148041864
0.0023507497198650205
0.002374716808774827
0.0024112987203079635
0.002461285890134038
0.0025257900104794
0.0026062998504262987
0.002704759916627906
0.0028236796923392492
0.0029662850552488965
0.0031367294238445875
0.0033403916334027563
0.0035843030362025735
0.0038777726409079767
0.004233325731742205
0.0046681584723090724
0.005206484599497356
0.005883519468841819
0.006752626322904589
0.007898351499547712
0.009456724112830477
0.011622172621469641
0.014515283253141425
0.017481293859940114
0.01690462791003583
0.0017066909412972388
-0.051832619441325
-0.17870516266177083
-0.4069475525889834
-0.7232092065028876
-1.048053018100842
-1.258146055960565
-1.2581460559605802
-1.0480530181008576
-0.7232092065029445
-0.40694755258903503
-0.17870516266180553
-0.051832619441360084
0.0017066909412752598
0.016904627910024665
0.017481293859929567
0.014515283253128302
0.011622172621454931
0.009456724112818497
0.007898351499538114
0.0067526263229009485
0.005883519468841959
0.005206484599494197
0.004668158472315924
0.004233325731743254
0.0038777726409174444
0.0035843030362132985
0.0033403916334061616
0.003136729423852718
0.0029662850552509058
0.0028236796923470785
0.002704759916633572
0.002606299850431225
0.0025257900104827067
0.002461285890131645
0.002411298720311851
0.0023747168087726363
0.00235074971987942
0.0023388901480199164
0.0020378618418310573
0.0020481950155231046
0.0020690773959783967
0.0021009509951390366
0.002144504514327687
0.002200706563511486
0.0022708542970908
0.0023566419503625513
0.002460256018600733
0.0025845071861620265
0.0027330142964876415
0.002910463888791366
0.0031229823264595355
0.0033786804747510837
0.003688471509654097
0.00406733829709785
0.004536378036482372
0.005126273500166623
0.0058835194688308685
0.006881780195783078
0.008239576946091124
0.010126317931015679
0.012647090367225422
0.015231475557258562
0.014729414638716748
0.0014884765790007155
-0.04515826217829644
-0.1556990631952461
-0.35456266253782764
-0.6301176401596732
-0.9131513281691231
-1.0962040685449805
-1.096204068545012
-0.9131513281691451
-0.6301176401597228
-0.3545626625378671
-0.15569906319526977
-0.045158262178323895
0.0014884765789835435
0.014729414638712144
0.015231475557252901
0.012647090367215987
0.010126317931002632
0.008239576946079546
0.006881780195772837
0.005883519468826115
0.005126273500166128
0.004536378036474197
0.004067338297103553
0.0036884715096510813
0.003378680474761167
0.003122982326471732
0.002910463888798425
0.0027330142964988122
0.0025845071861658065
0.0024602560186101205
0.00235664195036806
0.0022708542970964634
0.0022007065635136613
0.0021445045143269016
0.002100950995143529
0.0020690773959809662
0.002048195015538019
0.0020378618418108035
0.0018033600711249555
0.0018125041781331063
0.0018309835656013444
0.001859189381735345
0.0018977310767583206
0.0019474657995117348
0.002009541436520565
0.0020854572616817277
0.0021771481626783416
0.002287101388413159
0.0024185193487229603
0.0025755492848856766
0.002763612575246559
0.002989886733721534
0.0032640291082952737
0.0035992984139587205
0.004014364082714713
0.004536378036478782
0.00520648459948854
0.0060898710930873045
0.007291420880317253
0.00896105411455405
0.0111917949197462
0.013478966911344481
0.013035271428498137
0.0013195726710112914
-0.03995599766941848
-0.137770496770105
-0.31374142492940554
-0.5575769987092413
-0.8080315644962177
-0.9700140990475317
-0.970014099047532
-0.8080315644962265
-0.5575769987092801
-0.313741424929444
-0.13777049677012804
-0.03995599766943925
0.0013195726709968507
0.013035271428498842
0.013478966911341195
0.011191794919741618
0.008961054114543367
0.007291420880308577
0.006089871093078299
0.005206484599484563
0.0045363780364781415
0.004014364082704126
0.0035992984139656906
0.0032640291082922795
0.002989886733734598
0.002763612575260375
0.0025755492848946304
0.002418519348733903
0.0022871013884152324
0.002177148162685622
0.0020854572616849664
0.0020095414365258455
0.0019474657995115757
0.0018977310767563345
0.001859189381736889
0.001830983565604905
0.0018125041781449321
0.0018033600711068979
0.0016169019721494577
0.0016251006238093865
0.0016416693341201958
0.0016669588083682886
0.0017015154824077516
0.0017461078797933935
0.0018017652007640147
0.0018698317009946846
0.00195204220931552
0.0020506268038840408
0.0021684567789848996
0.0023092505683465496
0.0024778690015773517
0.0026807474653038534
0.0029265447729340636
0.0032271487329656907
0.0035992984139626336
0.004067338297092842
0.0046681584722992435
0.005460206105296806
0.006537520670092036
0.008034525918864967
0.01003464944412446
0.012085471364394836
0.011688089056831247
0.0011849006395291371
-0.035820432271842596
-0.1235168013215279
-0.28128639658804044
-0.49990241629257537
-0.7244536624095564
-0.8696834164132294
-0.8696834164132905
-0.7244536624095446
-0.4999024162925937
-0.2812863965880674
-0.12351680132154688
-0.035820432271856516
0.0011849006395200116
0.011688089056838215
0.012085471364396003
0.010034649444124001
0.008034525918855617
0.006537520670081865
0.00546020610528654
0.004668158472292686
0.004067338297090139
0.0035992984139507213
0.0032271487329734675
0.0029265447729311784
0.002680747465317581
0.0024778690015905243
0.002309250568356316
0.002168456778996631
0.0020506268038861944
0.0019520422093227481
0.00186983170099693
0.0018017652007704867
0.0017461078797921658
0.0017015154824068653
0.0016669588083679768
0.001641669334126277
0.001625100623817643
0.0016169019721358339
0.001466290329096768
0.0014737252890281297
0.001488750649531528
0.001511684448144474
0.0015430222209033497
0.0015834609043390352
0.0016339338299258587
0.0016956600374864652
0.0017702127584919322
0.001859614341689512
0.00196646862317181
0.002094147667964895
0.0022470595233568154
0.0024310401241163285
0.0026539417197163403
0.0029265447729307803
0.003264029108297761
0.003688471509649463
0.004233325731738653
0.0049515946015552
0.005928558339660455
0.007286122586327916
0.009099959116846202
0.01095984360314446
0.010599786080553116
0.001075778026492473
-0.0324807602418324
-0.1120050885493136
-0.2550738528808213
-0.4533203230955084
-0.6569495873275901
-0.7886481452294324
-0.7886481452294336
-0.6569495873275959
-0.453320323095527
-0.25507385288085127
-0.11200508854933049
-0.03248076024184036
0.0010757780264880413
0.010599786080562086
0.01095984360314525
0.009099959116845809
0.007286122586317913
0.005928558339649111
0.004951594601545721
0.004233325731733774
0.0036884715096466942
0.0032640291082899463
0.0029265447729400393
0.002653941719715476
0.0024310401241295905
0.0022470595233688197
0.002094147667974536
0.0019664686231847263
0.0018596143416931687
0.0017702127584994622
0.0016956600374878018
0.0016339338299308534
0.0015834609043350165
0.0015430222208993665
0.001511684448138886
0.0014887506495344497
0.0014737252890308031
0.0014662903290862674
0.0013431384174989
0.0013499489233271466
0.0013637123202952248
0.0013847199342495462
0.0014134256815841301
0.001450467963719251
0.0014967017223906586
0.0015532436112338929
0.001621534727209408
0.0017034275634382077
0.0018013072615502787
0.001918262668838824
0.002058331602976204
0.0022268598409811166
0.0024310401241251257
0.002680747465308668
0.002989886733730184
0.0033786804747497224
0.0038777726409061656
0.004535714355280692
0.005430623519852136
0.006674169406811412
0.008335679294583733
0.010039421734571986
0.009709828763037423
0.0009863282479528745
-0.02975052730845445
-0.10259333647227678
-0.2336424130544031
-0.415234180247386
-0.6017569538685295
-0.7223919296694482
-0.722391929669481
-0.6017569538685327
-0.4152341802474129
-0.23364241305442257
-0.10259333647228797
-0.029750527308459153
0.0009863282479542054
0.00970982876304985
0.010039421734577923
0.0083356792945881
0.00667416940680636
0.00543062351984151
0.004535714355271694
0.0038777726408989717
0.0033786804747414686
0.0029898867337219094
0.0026807474653143632
0.0024310401241241274
0.0022268598409921204
0.0020583316029874625
0.001918262668848214
0.0018013072615638837
0.0017034275634424012
0.0016215347272160144
0.0015532436112335062
0.0014967017223929166
0.0014504679637132832
0.0014134256815784786
0.001384719934241954
0.0013637123202967576
0.0013499489233274704
0.0013431384174926407
0.0012414901153002624
0.0012477852033910431
0.0012605069891598979
0.001279924750918007
0.0013064580526752985
0.0013406969816228819
0.0013834317774870089
0.0014356945854967496
0.0014988174402845562
0.0015745126380779062
0.0016649848126155551
0.001773089046571138
0.0019025575744576915
0.002058331602965064
0.0022470595233575414
0.00247786900157802
0.0027636125752560064
0.003122982326464774
0.0035843030362134806
0.004192451447331453
0.005019633716917913
0.006169069754306648
0.00770484839612371
0.009279702119535733
0.008975218726579116
0.000912353799744769
-0.027497373335243033
-0.09482570297987213
-0.21595441450990116
-0.38380023639491306
-0.5562041154412782
-0.6677077056099502
-0.6677077056099798
-0.5562041154412669
-0.3838002363949268
-0.21595441450992106
-0.09482570297988799
-0.02749737333524662
0.0009123537997476965
0.00897521872658916
0.009279702119540136
0.00770484839612723
0.006169069754303556
0.0050196337169093695
0.004192451447325273
0.0035843030362093854
0.003122982326457044
0.0027636125752532187
0.002477869001583716
0.002247059523358571
0.0020583316029729164
0.001902557574467485
0.001773089046578116
0.001664984812627978
0.0015745126380818347
0.0014988174402898314
0.001435694585494434
0.001383431777484038
0.0013406969816123246
0.0013064580526624785
0.001279924750904091
0.001260506989153023
0.0012477852033864804
0.0012414901152961251
0.001157007111475447
0.001162873820273208
0.00117472989142782
0.0011928262788843073
0.0012175539953583694
0.0012494629726385034
0.0012892896746769732
0.0013379960092471527
0.001396823366030527
0.0014673675194537264
0.0015516830777958352
0.0016524308350508374
0.0017730890465794784
0.0019182626688357975
0.0020941476679718412
0.0023092505683475015
0.002575549284891874
0.0029104638887900193
0.0033403916334073455
0.003907155378504135
0.004678047822154209
0.00574926610556363
0.007180544075370246
0.00864826739662269
0.008364629891434513
0.0008507766904931607
-0.025624940425937808
-0.0883702664059021
-0.20125422918166838
-0.35767582034756973
-0.5183454671328425
-0.622259934477438
-0.6222599344774675
-0.5183454671328325
-0.3576758203475847
-0.20125422918168967
-0.08837026640591664
-0.02562494042594423
0.0008507766904976785
0.008364629891443416
0.008648267396629307
0.007180544075375953
0.005749266105566017
0.004678047822149893
0.003907155378501358
0.0033403916334048774
0.0029104638887832318
0.0025755492848919133
0.0023092505683517325
0.002094147667971489
0.001918262668837957
0.0017730890465858392
0.001652430835054348
0.0015516830778067475
0.0014673675194586968
0.0013968233660376945
0.001337996009247108
0.0012892896746735066
0.0012494629726277579
0.0012175539953427326
0.0011928262788692846
0.0011747298914158502
0.001162873820266865
0.001157007111474135
0.0010864650919885205
0.0010919741106821192
0.0011031073234850134
0.001120100383784575
0.0011433204644148382
0.0011732839680340097
0.0012106824566693788
0.0012564191909305701
0.001311659873397992
0.0013779029846483876
0.0014570778640937724
0.0015516830777965937
0.001664984812622354
0.001801307261546824
0.001966468623178624
0.0021684567789826345
0.0024185193487287035
0.0027330142964878943
0.003136729423854967
0.0036689376491461493
0.004392828988585027
0.005398736514353828
0.006742756941614766
0.00812102326233658
0.007854775979858362
0.0007992970420417165
-0.024061643625261833
-0.0829803985531831
-0.18898037015769362
-0.3358632012367059
-0.48673521980123646
-0.5843130535843231
-0.5843130535843402
-0.4867352198012316
-0.3358632012367262
-0.18898037015772107
-0.0829803985532036
-0.02406164362527073
0.0007992970420447635
0.007854775979863105
0.008121023262340547
0.006742756941618414
0.005398736514358145
0.004392828988583872
0.003668937649145472
0.0031367294238543487
0.002733014296483983
0.0024185193487321678
0.002168456778988255
0.0019664686231790664
0.0018013072615462565
0.0016649848126278326
0.0015516830777983954
0.001457077864103073
0.0013779029846527201
0.0013116598734049154
0.0012564191909297555
0.0012106824566628083
0.0011732839680202217
0.001143320464394984
0.0011201003837688992
0.0011031073234685465
0.0010919741106755617
0.0010864650919897721
0.0010274286394813064
0.0010326383082052888
0.001043166562630841
0.0010592362511499935
0.0010811945950632814
0.0011095299365908354
0.0011448962594595188
0.0011881477426311526
0.001240386746361924
0.0013030303262827401
0.0013779029846522782
0.0014673675194573936
0.0015745126380842132
0.0017034275634348203
0.0018596143416955264
0.0020506268038762454
0.0022871013884136543
0.0025845071861553474
0.0029662850552530096
0.003469573876907169
0.004154130129821423
0.005105379148169415
0.006376373207852259
0.007679769936562164
0.007428065741534126
0.000756170438464833
-0.02275343053017547
-0.07846985086030887
-0.1787087953430694
-0.3176088634052815
-0.460281458097616
-0.5525562925158578
-0.5525562925158676
-0.4602814580976328
-0.3176088634053005
-0.17870879534309791
-0.07846985086032823
-0.022753430530186858
0.0007561704384657501
0.007428065741534158
0.007679769936563444
0.006376373207853824
0.005105379148175342
0.004154130129822628
0.0034695738769073697
0.002966285055251502
0.00258450718615315
0.0022871013884179035
0.002050626803884177
0.001859614341697788
0.001703427563434816
0.0015745126380903429
0.0014673675194597393
0.0013779029846605654
0.0013030303262874586
0.0012403867463706495
0.0011881477426319738
0.0011448962594532619
0.0011095299365762386
0.0010811945950418914
0.0010592362511352754
0.00104316656261139
0.001032638308199533
0.0010274286394844974
0.0009780347092261242
0.0009829939213415995
0.0009930160263188822
0.001008313159017298
0.00102921584792815
0.001056188958001118
0.0010898550324009377
0.0011310271850465067
0.0011807547797027323
0.001240386746360667
0.0013116598734014906
0.001396823366034799
0.0014988174402905939
0.0016215347272098214
0.0017702127585044632
0.001952042209316239
0.0021771481626919704
0.0024602560186108716
0.002823679692362141
0.0033027725859153386
0.003954418437236039
0.00485993635459565
0.0060698310630223525
0.007310584556961869
0.007071040733510146
0.0007200580203606448
-0.021658962978516254
-0.07469616939088461
-0.17011516083098785
-0.3023364431105975
-0.4381489686494784
-0.5259870299349813
-0.52598702993498
-0.4381489686494837
-0.30233644311061036
-0.17011516083100475
-0.07469616939090803
-0.021658962978530226
0.0007200580203588057
0.007071040733506021
0.00731058455695955
0.0060698310630207366
0.004859936354599439
0.003954418437237126
0.0033027725859149292
0.002823679692360372
0.0024602560186109614
0.0021771481626972206
0.0019520422093265196
0.00177021275850833
0.0016215347272108935
0.0014988174402976201
0.0013968233660400734
0.0013116598734103037
0.001240386746366542
0.0011807547797132241
0.0011310271850481768
0.0010898550323951784
0.0010561889579869539
0.0010292158479088312
0.001008313159007644
0.0009930160263014146
0.0009829939213407937
0.000978034709231236
0.0009368446976149875
0.0009415950518919369
0.0009511950746595298
0.0009658479666705633
0.0009858703361494384
0.0010117074701596692
0.001043955693327645
0.0010833938750989635
0.0011310271850405187
0.0011881477426235847
0.0012564191909284494
0.0013379960092473704
0.0014356945854980246
0.001553243611231755
0.001695660037495788
0.001869831700990858
0.002085457261689269
0.0023566419503651946
0.0027047599166416625
0.003163675637826344
0.0037878772434500026
0.004655259572977607
0.0058142026775038465
0.007002715934900634
0.006773307700067425
0.0006899231949985647
-0.020746327268975795
-0.07154936821808455
-0.16294903986705103
-0.28960092215005884
-0.4196928670557258
-0.5038311198563934
-0.5038311198564005
-0.4196928670557279
-0.28960092215008265
-0.1629490398670787
-0.07154936821810583
-0.020746327268991144
0.0006899231949943099
0.006773307700059704
0.007002715934894693
0.005814202677498409
0.004655259572976475
0.0037878772434489414
0.003163675637824208
0.002704759916637884
0.0023566419503651256
0.002085457261692957
0.0018698317010018674
0.0016956600375005386
0.001553243611234537
0.0014356945855041312
0.001337996009254366
0.0012564191909350245
0.0011881477426293058
0.0011310271850525511
0.0010833938751039073
0.001043955693326348
0.00101170747015031
0.000985870336135145
0.0009658479666663582
0.0009511950746435863
0.0009415950518954795
0.0009368446976201405
0.0009027412689492953
0.0009073186985885655
0.0009165692567982721
0.0009306887473008496
0.0009499822529870645
0.0009748788513379304
0.0010059531592476563
0.0010439556933250504
0.001089855032393608
0.0011448962594505087
0.0012106824566652569
0.0012892896746768186
0.0013834317774872901
0.0014967017223912345
0.001633933829938291
0.001801765200765795
0.0020095414365317366
0.00227085429709682
0.002606299850439822
0.0030485098139208648
0.0036499888598409544
0.004485796655375717
0.005602553950008306
0.0067478136714627665
0.006526793810735021
0.0006649591195934861
-0.019990740912448624
-0.06894403222956785
-0.1570159464471589
-0.279056687256253
-0.40441231540083716
-0.4854873339904693
-0.4854873339904594
-0.404412315400851
-0.27905668725627186
-0.15701594644717476
-0.06894403222958886
-0.019990740912459753
0.0006649591195883923
0.006526793810727622
0.006747813671457583
0.005602553950003019
0.0044857966553697205
0.0036499888598364926
0.00304850981391446
0.0026062998504306073
0.0022708542970914583
0.002009541436529886
0.001801765200773204
0.0016339338299419612
0.0014967017223955644
0.001383431777494135
0.0012892896746882472
0.0012106824566726073
0.0011448962594578587
0.0010898550324066542
0.001043955693331125
0.0010059531592485505
0.0009748788513314979
0.0009499822529761728
0.0009306887473008481
0.0009165692567839064
0.0009073186985960806
0.0009027412689533487
0.0008748552219293229
0.0008792912527584373
0.0008882560571685095
0.0009019393903997087
0.0009206369111904224
0.000944764442603013
0.0009748788513328081
0.0010117074701503183
0.001056188957986706
0.0011095299365746288
0.001173283968021734
0.001249462972632454
0.0013406969816160176
0.0014504679637150036
0.001583460904346514
0.0017461078797938495
0.00194746579952143
0.0022007065635180545
0.002525790010492125
0.002954339842436104
0.0035372388750073403
0.004347228458355078
0.005429490664950844
0.006539381697983838
0.0063252186501057215
0.0006445370273788685
-0.019372927745910866
-0.06681372064204194
-0.15216459532799118
-0.2704348929713883
-0.3919177201888561
-0.47048798576932693
-0.4704879857693359
-0.3919177201888728
-0.27043489297140016
-0.15216459532801385
-0.0668137206420552
-0.019372927745918984
0.0006445370273712799
0.006325218650095726
0.006539381697976187
0.005429490664943536
0.004347228458343476
0.003537238875000034
0.0029543398424281666
0.002525790010479966
0.0022007065635101988
0.0019474657995166786
0.0017461078797999332
0.0015834609043504887
0.001450467963721763
0.0013406969816221713
0.0012494629726448581
0.0011732839680270988
0.0011095299365817485
0.0010561889579995013
0.0010117074701577785
0.0009748788513369165
0.0009447644426007192
0.0009206369111829341
0.0009019393904033033
0.00088825605715541
0.0008792912527682405
0.0008748552219316469
0.0008525130439871094
0.0008568357867190311
0.0008655716464567853
0.0008789055324269044
0.000897125552777593
0.0009206369111915635
0.0009499822529851752
0.0009858703361444025
0.0010292158479169539
0.0010811945950488584
0.0011433204643993109
0.0012175539953493682
0.0013064580526619726
0.0014134256815753058
0.0015430222209048584
0.0017015154824064917
0.0018977310767654646
0.0021445045143359217
0.0024612858901480695
0.002878891289135106
0.0034469041008495433
0.004236208234749868
0.005290833028972271
0.006372386383224503
0.006163715516540626
0.0006281690140057161
-0.01887795307453744
-0.06510695443141776
-0.14827776730141795
-0.2635272301980802
-0.3819072120686474
-0.4584706961899118
-0.45847069618991143
-0.3819072120686766
-0.26352723019808644
-0.14827776730142794
-0.06510695443142625
-0.01887795307454128
0.0006281690139992907
0.00616371551653243
0.006372386383217503
0.005290833028964581
0.004236208234732283
0.003446904100838478
0.0028788912891249455
0.0024612858901336986
0.0021445045143264245
0.001897731076759629
0.0017015154824107518
0.0015430222209082858
0.0014134256815829208
0.0013064580526673131
0.0012175539953609054
0.0011433204644033259
0.0010811945950542196
0.001029215847927454
0.000985870336149653
0.0009499822529894709
0.0009206369111906648
0.0008971255527720162
0.0008789055324331897
0.0008655716464460749
0.0008568357867296582
0.0008525130439885123
0.0008351990746990627
0.0008394340253395657
0.0008479924654500341
0.0008610555488663233
0.0008789055324385192
0.0009019393904113747
0.0009306887473089552
0.0009658479666756667
0.0010083131590137603
0.0010592362511416477
0.0011201003837695114
0.001192826278875667
0.0012799247509016091
0.0013847199342388674
0.001511684448142791
0.0016669588083666094
0.0018591893817415772
0.0021009509951486205
0.0024112987203227694
0.0028204227832729087
0.003376899588159005
0.0041501736199130385
0.0051833808663006775
0.006242973796911545
0.006038558179897368
0.0006154810982641747
-0.01849438351869858
-0.06378432196037534
-0.1452657198392707
-0.25817421739683744
-0.37414967896326073
-0.44915802639154134
-0.4491580263915307
-0.3741496789632519
-0.2581742173968408
-0.14526571983927505
-0.06378432196038222
-0.01849438351870108
0.0006154810982580642
0.0060385581798890085
0.006242973796903382
0.005183380866292274
0.004150173619892507
0.003376899588145883
0.0028204227832627896
0.0024112987203073113
0.0021009509951380794
0.0018591893817340923
0.00166695880836846
0.0015116844481444403
0.0013847199342460373
0.001279924750904787
0.0011928262788830951
0.001120100383770191
0.0010592362511424058
0.0010083131590196512
0.0009658479666767582
0.0009306887473116241
0.0009019393904105301
0.0008789055324340165
0.0008610555488738848
0.0008479924654412356
0.0008394340253486785
0.0008351990747005357
0.0008225282604742325
0.000826698962576872
0.0008351275623803168
0.0008479924654342765
0.0008655716464530956
0.0008882560571665753
0.0009165692567959385
0.0009511950746596742
0.0009930160263133861
0.0010431665626250794
0.0011031073234720164
0.0011747298914246901
0.0012605069891479888
0.001363712320290706
0.0014887506495328156
0.0016416693341202609
0.0018309835656049813
0.002069077395985158
0.002374716808785387
0.0027776340102688398
0.0033256684658550606
0.004087211246954
0.0051047445399428435
0.006148266112272555
0.005946964107483695
0.0006061937705400427
-0.018213682167567524
-0.06281639507094841
-0.14306144271357651
-0.25425677004863556
-0.3684725495385625
-0.4423428125992112
-0.44234281259922076
-0.3684725495385868
-0.25425677004864566
-0.1430614427135819
-0.06281639507095087
-0.018213682167569894
0.0006061937705342123
0.005946964107477284
0.006148266112265021
0.005104744539937057
0.004087211246933871
0.0033256684658439636
0.0027776340102614217
0.002374716808772461
0.0020690773959755548
0.001830983565596827
0.001641669334117816
0.0014887506495301164
0.0013637123202941428
0.0012605069891487208
0.0011747298914279408
0.0011031073234721582
0.0010431665626233749
0.0009930160263179433
0.0009511950746591988
0.000916569256798544
0.0008882560571661614
0.0008655716464498217
0.0008479924654419829
0.0008351275623729462
0.0008266989625828216
0.0008225282604771114
0.0008142268203821176
0.0008183554292662377
0.0008266989625936049
0.0008394340253447104
0.0008568357867376641
0.000879291252777178
0.0009073186986033067
0.0009415950519053623
0.0009829939213453686
0.001032638308207347
0.0010919741106741048
0.0011628738202743452
0.0012477852033819454
0.001349948923325935
0.0014737252890343587
0.0016251006238177425
0.0018125041781506712
0.0020481950155471973
0.0023507497198937606
0.002749600420232807
0.0032921037672266956
0.004045960673096122
0.005053224967098367
0.006086217123607219
0.005886954816390514
0.000600108159547575
-0.018029779432432436
-0.062182250423767745
-0.14161729148992458
-0.2516902184647122
-0.36475312447274233
-0.4378777599145273
-0.43787775991456457
-0.36475312447271857
-0.25169021846472384
-0.1416172914899092
-0.062182250423772914
-0.01802977943243453
0.0006001081595435432
0.005886954816385561
0.006086217123597626
0.005053224967092464
0.0040459606730747655
0.003292103767213397
0.0027496004202245987
0.0023507497198817138
0.0020481950155395107
0.0018125041781445485
0.001625100623816831
0.0014737252890325986
0.0013499489233294122
0.0012477852033816665
0.0011628738202731708
0.0010919741106716577
0.0010326383082010398
0.0009829939213457173
0.0009415950519006979
0.0009073186986014192
0.0008792912527735088
0.0008568357867321514
0.000839434025349546
0.0008266989625850904
0.000818355429267761
0.0008142268203864504
0.0008101190403780029
0.0008142268203860884
0.0008225282604902251
0.000835199074703444
0.0008525130440063427
0.0008748552219507376
0.0009027412689711449
0.0009368446976390977
0.0009780347092438221
0.0010274286394991632
0.0010864650919955665
0.0011570071114883984
0.0012414901152983915
0.0013431384174980542
0.0014662903290949124
0.0016169019721402381
0.0018033600711175673
0.0020378618418244437
0.0023388901480379492
0.002735728632388453
0.0032754950354895954
0.004025548759206337
0.005027731666715998
0.0060555135601244306
0.005857260485778959
0.0005970965685729273
-0.017938779967318297
-0.06186845961689355
-0.1409026882642076
-0.25042022202351205
-0.3629126557908151
-0.43566833495375984
-0.43566833495378815
-0.3629126557907917
-0.25042022202350306
-0.14090268826419014
-0.061868459616891094
-0.01793877996731618
0.0005970965685719546
0.005857260485779572
0.0060555135601173486
0.005027731666714012
0.004025548759187968
0.0032754950354795765
0.0027357286323818055
0.0023388901480282743
0.0020378618418172437
0.001803360071109439
0.0016169019721346592
0.0014662903290887839
0.0013431384174971224
0.0012414901152966434
0.0011570071114864184
0.0010864650919958042
0.001027428639494561
0.0009780347092458266
0.0009368446976352058
0.0009027412689682163
0.0008748552219463711
0.0008525130440000666
0.0008351990747062155
0.0008225282604807256
0.0008142268203842442
0.0008101190403838646
