-4.488821143088442e-05
-4.511582036760046e-05
-4.557579676524697e-05
-4.627787675654357e-05
-4.7237230253348304e-05
-4.847519265752177e-05
-5.002033614006806e-05
-5.1909979262578234e-05
-5.419228343243883e-05
-5.692915882955481e-05
-6.020031659268949e-05
-6.410898543129642e-05
-6.879010817686156e-05
-7.442233883314116e-05
-8.124605545758705e-05
-8.959127484399749e-05
-9.992268629484974e-05
-0.00011291610686246709
-0.00012959563482977814
-0.00015158393926528298
-0.00018149269948027958
-0.00022305954021311375
-0.0002786259048064316
-0.00033572003480117514
-0.00032521455207013233
-3.506835248941512e-05
0.0009889776963224297
0.0034173463482079485
0.007787559744827718
0.013844441432602937
0.020066528697558234
0.024090969234592405
0.02409096923459622
0.020066528697562872
0.013844441432602841
0.00778755974482961
0.0034173463482080743
0.0009889776963219487
-3.506835249019854e-05
-0.0003252145520722269
-0.00033572003480279315
-0.0002786259048080649
-0.00022305954021427694
-0.00018149269948245368
-0.00015158393926693412
-0.00012959563483083548
-0.0001129161068642102
-9.992268629752556e-05
-8.959127484631029e-05
-8.124605545866461e-05
-7.442233883340608e-05
-6.879010817708048e-05
-6.410898543085682e-05
-6.020031659191707e-05
-5.692915882804956e-05
-5.4192283430916126e-05
-5.190997926128094e-05
-5.002033613933048e-05
-4.8475192656768115e-05
-4.7237230253004504e-05
-4.62778767566e-05
-4.5575796764977966e-05
-4.511582036685833e-05
-4.488821143164954e-05
-4.5115820366451716e-05
-4.534458341194279e-05
-4.5806892155802144e-05
-4.651253209790001e-05
-4.747675007071103e-05
-4.8720989659629916e-05
-5.0273967912617966e-05
-5.217319261884652e-05
-5.446706939174499e-05
-5.7217822333067375e-05
-6.050556676361143e-05
-6.443405482371457e-05
-6.91389135859667e-05
-7.479970293644462e-05
-8.165801979529824e-05
-9.004555434181385e-05
-0.00010042935214010958
-0.00011348865705937473
-0.0001302527602096681
-0.0001523525585844224
-0.0001824129739484344
-0.0002241905806225588
-0.00028003868340056783
-0.00033742224645715154
-0.00032686327260916554
-3.524527167661089e-05
0.0009939945785376989
0.003434678801510161
0.007827055172939237
0.01391465290863558
0.020168293601908364
0.024213142716119428
0.024213142716119622
0.02016829360191365
0.0139146529086391
0.007827055172939773
0.0034346788015101556
0.0009939945785378975
-3.5245271677071734e-05
-0.0003268632726107435
-0.0003374222464582998
-0.0002800386834017755
-0.00022419058062315912
-0.00018241297395024214
-0.00015235255858592295
-0.00013025276021049102
-0.00011348865706071997
-0.00010042935214297173
-9.004555434403238e-05
-8.165801979645587e-05
-7.479970293701861e-05
-6.913891358635841e-05
-6.443405482342969e-05
-6.050556676287859e-05
-5.721782233195158e-05
-5.446706939051996e-05
-5.2173192617472296e-05
-5.027396791189514e-05
-4.872098965878649e-05
-4.7476750070068696e-05
-4.6512532097292725e-05
-4.5806892154985855e-05
-4.534458341152634e-05
-4.5115820367168055e-05
-4.5575796765096164e-05
-4.580689215651277e-05
-4.627391435373012e-05
-4.6986748623816164e-05
-4.7960797248363425e-05
-4.921772244113343e-05
-5.0786534033513264e-05
-5.2705122225628033e-05
-5.502238614899731e-05
-5.780118431162126e-05
-6.112244884866249e-05
-6.509098970576105e-05
-6.984381674182917e-05
-7.556232054785244e-05
-8.249056125073555e-05
-9.09636107868848e-05
-0.00010145327650617765
-0.00011464572755453119
-0.00013158074926404998
-0.0001539058664971313
-0.00018427276277176884
-0.0002264763076675634
-0.0002828937764980308
-0.00034086225451350504
-0.00033019517272361366
-3.560277898693926e-05
0.0010041333020049277
0.0034697062219950147
0.007906872011458996
0.014056544150335519
0.02037395150417832
0.02446004452509607
0.024460044525096078
0.020373951504179817
0.01405654415033681
0.007906872011460012
0.0034697062219947615
0.0010041333020053634
-3.560277898684541e-05
-0.0003301951727243661
-0.0003408622545140206
-0.00028289377649851825
-0.00022647630766748787
-0.00018427276277294827
-0.0001539058664982606
-0.0001315807492644623
-0.00011464572755537774
-0.00010145327650908647
-9.09636107889273e-05
-8.249056125192057e-05
-7.556232054862251e-05
-6.984381674249494e-05
-6.509098970570011e-05
-6.11224488482664e-05
-5.780118431122043e-05
-5.502238614847943e-05
-5.2705122224348004e-05
-5.078653403309833e-05
-4.921772244040184e-05
-4.7960797247586275e-05
-4.698674862274931e-05
-4.627391435242755e-05
-4.580689215646194e-05
-4.5575796765849875e-05
-4.627787675668322e-05
-4.65125320989907e-05
-4.698674862476185e-05
-4.771056387992487e-05
-4.8699617414282815e-05
-4.9975905141730436e-05
-5.1568883781278864e-05
-5.3517027221094156e-05
-5.58699878694605e-05
-5.8691592552881915e-05
-6.206402014319478e-05
-6.609369515570923e-05
-7.091973805041103e-05
-7.67263336955789e-05
-8.376130190720883e-05
-9.236487633146108e-05
-0.00010301613242012016
-0.00011641180964262004
-0.00013360771107936417
-0.00015627674136547151
-0.00018711143150864994
-0.00022996510244288067
-0.0002872516156781942
-0.0003461128665518558
-0.0003352807562604353
-3.6148379217770284e-05
0.0010196086218334896
0.00352317033713419
0.00802870026987225
0.014273119362076436
0.0206878566016784
0.024836902015884534
0.02483690201588521
0.020687856601680498
0.014273119362077195
0.00802870026987389
0.0035231703371350178
0.0010196086218345537
-3.6148379217169866e-05
-0.00033528075626022185
-0.00034611286655185293
-0.0002872516156777866
-0.00022996510244228428
-0.00018711143150916535
-0.0001562767413661548
-0.0001336077110792147
-0.00011641180964300166
-0.00010301613242287889
-9.236487633340128e-05
-8.376130190849212e-05
-7.672633369663941e-05
-7.091973805133523e-05
-6.60936951558128e-05
-6.206402014301964e-05
-5.8691592553125204e-05
-5.5869987869581184e-05
-5.351702722000326e-05
-5.156888378129586e-05
-4.997590514147002e-05
-4.869961741360603e-05
-4.771056387888587e-05
-4.698674862318656e-05
-4.6512532099413404e-05
-4.6277876757469514e-05
-4.723723025320329e-05
-4.747675007167096e-05
-4.796079724980318e-05
-4.869961741454387e-05
-4.970917432945836e-05
-5.101191989097953e-05
-5.263792146597064e-05
-5.462645051975105e-05
-5.702818877217715e-05
-5.9908286202895906e-05
-6.335062528140303e-05
-6.746383674330334e-05
-7.23899250687223e-05
-7.831689335237099e-05
-8.549769881832506e-05
-9.427962830653767e-05
-0.0001051516887314477
-0.00011882506333138639
-0.000136377442565069
-0.00015951641113483222
-0.0001909903158409576
-0.00023473234777145446
-0.00029320635959489733
-0.00035328752394526866
-0.000342229873834569
-3.689376039025289e-05
0.0010407551618498855
0.0035962268627039787
0.008195173207195811
0.014569059480858496
0.02111679328474001
0.025351860062868173
0.0253518600628697
0.02111679328474373
0.014569059480859056
0.008195173207196494
0.0035962268627049657
0.0010407551618513223
-3.689376038898111e-05
-0.0003422298738334081
-0.00035328752394483195
-0.0002932063595937155
-0.00023473234777076458
-0.00019099031584102454
-0.00015951641113530701
-0.00013637744256463042
-0.00011882506333171197
-0.00010515168873397298
-9.427962830836743e-05
-8.549769881963799e-05
-7.831689335363495e-05
-7.238992506989528e-05
-6.746383674359111e-05
-6.335062528151422e-05
-5.990828620367474e-05
-5.702818877279594e-05
-5.4626450518932275e-05
-5.263792146653463e-05
-5.1011919891394804e-05
-4.970917432908354e-05
-4.8699617413871035e-05
-4.7960797248197874e-05
-4.747675007253595e-05
-4.723723025401923e-05
-4.847519265728305e-05
-4.872098966012698e-05
-4.9217722442354305e-05
-4.997590514143238e-05
-5.101191989067175e-05
-5.234880699200136e-05
-5.401742180099785e-05
-5.605806498666061e-05
-5.852274650690507e-05
-6.147832375518755e-05
-6.501087754716254e-05
-6.923188555430488e-05
-7.428707383564702e-05
-8.036937257669801e-05
-8.773836838289666e-05
-9.675044963229294e-05
-0.00010790743893527133
-0.00012193915797077483
-0.00013995154097717612
-0.0001636969242914595
-0.00019599568007372295
-0.00024088406424201315
-0.0003008904355291314
-0.00036254577296064095
-0.0003511970189513871
-3.785535031214791e-05
0.001068043572553768
0.003690501284345068
0.008409994409712084
0.014950948055869514
0.021670303505912404
0.026016374070559924
0.026016374070561683
0.021670303505916533
0.01495094805586954
0.008409994409713836
0.0036905012843468222
0.001068043572556018
-3.7855350310363816e-05
-0.00035119701894965053
-0.0003625457729599901
-0.0003008904355274587
-0.00024088406424151087
-0.0001959956800734073
-0.0001636969242916603
-0.00013995154097638001
-0.00012193915797116015
-0.00010790743893727247
-9.67504496340319e-05
-8.773836838422665e-05
-8.036937257821782e-05
-7.428707383688263e-05
-6.923188555462765e-05
-6.501087754731806e-05
-6.147832375619423e-05
-5.852274650763421e-05
-5.605806498616471e-05
-5.401742180193581e-05
-5.234880699304617e-05
-5.101191989045506e-05
-4.9975905141232604e-05
-4.921772244075182e-05
-4.872098966141073e-05
-4.8475192657994836e-05
-5.002033614060591e-05
-5.027396791373809e-05
-5.078653403582201e-05
-5.156888378199953e-05
-5.2637921466855894e-05
-5.4017421801839e-05
-5.573922365856503e-05
-5.78449122907862e-05
-6.0388155476484895e-05
-6.343794169124742e-05
-6.708309558317203e-05
-7.143864818321731e-05
-7.665497058281876e-05
-8.293114264100527e-05
-9.053502532592009e-05
-9.983436696426473e-05
-0.00011134698588667364
-0.0001258259670687423
-0.00014441249681065407
-0.0001689147675343025
-0.00020224304861074762
-0.00024856223365237113
-0.00031048118855802817
-0.00037410127476832376
-0.0003623890815196391
-3.905513017238243e-05
0.0011021041907219818
0.0038081705325183476
0.008678123854026496
0.015427601971021748
0.02236116609678508
0.026845785397083974
0.026845785397083866
0.022361166096788263
0.015427601971023677
0.008678123854026814
0.0038081705325202957
0.0011021041907244957
-3.905513017036315e-05
-0.0003623890815178296
-0.00037410127476761204
-0.0003104811885562519
-0.0002485622336521271
-0.00020224304861013188
-0.00016891476753429246
-0.00014441249680982775
-0.0001258259670695298
-0.00011134698588821952
-9.983436696600623e-05
-9.053502532714981e-05
-8.293114264262834e-05
-7.665497058386087e-05
-7.143864818337793e-05
-6.708309558323726e-05
-6.343794169210468e-05
-6.038815547696983e-05
-5.784491229045006e-05
-5.5739223659609756e-05
-5.401742180317998e-05
-5.2637921466720586e-05
-5.1568883782300006e-05
-5.078653403449091e-05
-5.0273967915466125e-05
-5.002033614126581e-05
-5.190997926225219e-05
-5.217319261869392e-05
-5.270512222660834e-05
-5.351702722038169e-05
-5.4626450519335916e-05
-5.605806498605269e-05
-5.784491228967216e-05
-6.0030148675156245e-05
-6.266946936294973e-05
-6.583446904983288e-05
-6.961732797254239e-05
-7.413742276717131e-05
-7.955080519986042e-05
-8.606407591508899e-05
-9.395521507162569e-05
-0.00010360586372634611
-0.00011555340229271269
-0.00013057936577042634
-0.00014986805223783086
-0.00017529596371813433
-0.0002098833097711192
-0.00025795230067596474
-0.0003222102513601293
-0.0003882330927351209
-0.00037607627311571834
-4.05217786919162e-05
0.0011437603856786407
0.003952078088746341
0.009006040123568385
0.016010537523061627
0.023206072251672608
0.027860132275264946
0.0278601322752656
0.023206072251675522
0.016010537523062248
0.009006040123570928
0.003952078088749453
0.0011437603856815387
-4.0521778689627794e-05
-0.0003760762731141781
-0.00038823309273439236
-0.00032221025135879594
-0.0002579523006760172
-0.00020988330977044113
-0.00017529596371795159
-0.00014986805223707767
-0.00013057936577146452
-0.00011555340229365639
-0.000103605863727993
-9.395521507258182e-05
-8.606407591682204e-05
-7.955080520064009e-05
-7.413742276723651e-05
-6.961732797253165e-05
-6.583446905041683e-05
-6.26694693630936e-05
-6.0030148675089905e-05
-5.784491229078984e-05
-5.6058064987617336e-05
-5.4626450519251776e-05
-5.351702722101701e-05
-5.2705122225443394e-05
-5.217319262058561e-05
-5.190997926279781e-05
-5.419228343218015e-05
-5.4467069391778584e-05
-5.502238615023583e-05
-5.586998786933027e-05
-5.7028188772333225e-05
-5.8522746506509386e-05
-6.038815547551833e-05
-6.266946936266684e-05
-6.542483212665456e-05
-6.872898625037894e-05
-7.267816483944625e-05
-7.739699313866137e-05
-8.304838401620269e-05
-8.984802169891834e-05
-9.808610827574324e-05
-0.00010816106440541816
-0.00012063389753601289
-0.0001363205045428052
-0.00015645725381943372
-0.00018300315154542963
-0.0002191111923764001
-0.0002692935906836621
-0.00033637655631616587
-0.00040530136709758334
-0.00039260729787216146
-4.229225691368493e-05
0.0011940748785285056
0.004125893858534246
0.009402104594689067
0.016714617736550613
0.024226563669274816
0.029085276051749008
0.0290852760517562
0.024226563669277824
0.016714617736552605
0.009402104594690156
0.004125893858536842
0.0011940748785315076
-4.229225691136251e-05
-0.00039260729787116074
-0.0004053013670969421
-0.00033637655631566974
-0.0002692935906838835
-0.00021911119237577733
-0.00018300315154515985
-0.00015645725381894582
-0.0001363205045440307
-0.00012063389753662457
-0.00010816106440716773
-9.808610827655521e-05
-8.984802170083726e-05
-8.304838401680906e-05
-7.73969931387009e-05
-7.267816483938945e-05
-6.872898625052862e-05
-6.54248321264568e-05
-6.26694693626705e-05
-6.0388155476540834e-05
-5.852274650789385e-05
-5.7028188772220264e-05
-5.5869987869918303e-05
-5.502238614924598e-05
-5.4467069393439866e-05
-5.4192283432713835e-05
-5.692915882942174e-05
-5.72178223331742e-05
-5.7801184312349384e-05
-5.869159255236302e-05
-5.9908286202483625e-05
-6.147832375420226e-05
-6.343794169015186e-05
-6.583446904953215e-05
-6.87289862506965e-05
-7.220001051576715e-05
-7.634863503923875e-05
-8.130577905419409e-05
-8.724258307567985e-05
-9.438562411588443e-05
-0.00010303976047238788
-0.00011362353445199089
-0.00012672628641395757
-0.00014320511909102457
-0.00016435884223906487
-0.00019224539881183172
-0.00023017701524878284
-0.0002828937499904464
-0.00035336437158878936
-0.0004257690411280146
-0.00041243037858154977
-4.441399778218093e-05
0.0012544139631103508
0.0043343358088276905
0.009877066302261067
0.017558949710512188
0.025450333047827928
0.030554462424635057
0.03055446242463723
0.025450333047830162
0.017558949710512983
0.009877066302264283
0.004334335808831024
0.0012544139631130485
-4.441399778001071e-05
-0.0004124303785813314
-0.0004257690411275997
-0.0003533643715893412
-0.0002828937499907237
-0.00023017701524826622
-0.00019224539881139592
-0.00016435884223876834
-0.0001432051190921866
-0.00012672628641437574
-0.00011362353445376712
-0.00010303976047298287
-9.438562411789755e-05
-8.724258307615735e-05
-8.130577905443372e-05
-7.634863503932444e-05
-7.220001051569053e-05
-6.872898625041835e-05
-6.583446904963166e-05
-6.343794169106614e-05
-6.147832375536937e-05
-5.990828620246192e-05
-5.8691592552801495e-05
-5.780118431163506e-05
-5.721782233437372e-05
-5.6929158830068275e-05
-6.020031659284058e-05
-6.0505566764322503e-05
-6.112244884947949e-05
-6.206402014318705e-05
-6.335062528116373e-05
-6.501087754624059e-05
-6.708309558219995e-05
-6.96173279721455e-05
-7.267816483959188e-05
-7.634863503908675e-05
-8.073564062457896e-05
-8.59776235109435e-05
-9.225555803689553e-05
-9.980904045878409e-05
-0.00010896044642808923
-0.00012015236799791743
-0.0001340080095269308
-0.00015143372373680939
-0.00017380295144855793
-0.00020329188658712536
-0.00024340307142402905
-0.000299148882180362
-0.00037366845147911203
-0.00045023215624788107
-0.0004361225725691141
-4.6947947164479135e-05
0.0013265370894627554
0.004583479094379456
0.010444766063688344
0.018568136098249786
0.026913037792105708
0.03231049877740913
0.03231049877741055
0.026913037792106062
0.018568136098253564
0.010444766063690058
0.004583479094382078
0.0013265370894650999
-4.694794716266137e-05
-0.00043612257256951236
-0.00045023215624768553
-0.000373668451480531
-0.00029914888218058136
-0.00024340307142363594
-0.0002032918865865979
-0.00017380295144832608
-0.00015143372373774034
-0.00013400800952728285
-0.0001201523679996128
-0.00010896044642852522
-9.98090404608037e-05
-9.225555803735335e-05
-8.597762351143891e-05
-8.073564062483328e-05
-7.634863503877173e-05
-7.267816483938192e-05
-6.961732797215431e-05
-6.708309558304504e-05
-6.5010877547086e-05
-6.335062528136611e-05
-6.20640201432736e-05
-6.11224488491391e-05
-6.050556676477517e-05
-6.020031659375213e-05
-6.410898543101454e-05
-6.443405482464836e-05
-6.509098970634035e-05
-6.609369515586952e-05
-6.746383674273717e-05
-6.923188555297809e-05
-7.143864818178356e-05
-7.413742276611535e-05
-7.739699313807943e-05
-8.130577905369076e-05
-8.597762351091317e-05
-9.155995719769862e-05
-9.824550478564775e-05
-0.00010628941909228034
-0.00011603500707755424
-0.00012795359759975032
-0.0001427088587877528
-0.00016126599172762603
-0.00018508761324489167
-0.00021649121419182652
-0.00025920674220530546
-0.0003185719554004271
-0.00039792951689259176
-0.0004794625888547776
-0.0004644311217646195
-4.997283258237944e-05
0.0014127232959427647
0.004881192265746401
0.011123130012591454
0.019774040922806747
0.028660859083045234
0.03440882629139801
0.034408826291399935
0.028660859083048055
0.01977404092280688
0.011123130012594799
0.004881192265748537
0.0014127232959448054
-4.9972832580702876e-05
-0.0004644311217654258
-0.0004794625888547592
-0.00039792951689466974
-0.0003185719554004872
-0.00025920674220497527
-0.00021649121419110807
-0.00018508761324439316
-0.00016126599172810744
-0.00014270885878798765
-0.00012795359760109717
-0.00011603500707775828
-0.00010628941909408655
-9.824550478610008e-05
-9.155995719853503e-05
-8.597762351149454e-05
-8.130577905344271e-05
-7.739699313823231e-05
-7.41374227661979e-05
-7.143864818282159e-05
-6.923188555384385e-05
-6.746383674347898e-05
-6.609369515583915e-05
-6.509098970654762e-05
-6.443405482446399e-05
-6.410898543228376e-05
-6.87901081766481e-05
-6.913891358726706e-05
-6.984381674231876e-05
-7.091973805085661e-05
-7.238992506808752e-05
-7.428707383446823e-05
-7.665497058144706e-05
-7.955080519877976e-05
-8.304838401520098e-05
-8.724258307469165e-05
-9.225555803593176e-05
-9.824550478423018e-05
-0.00010541922050780498
-0.00011405048898708041
-0.0001245076850922107
-0.00013729655367936431
-0.0001531292234309632
-0.00017304137392751991
-0.0001986024217773789
-0.000232299078975542
-0.0002781336384648162
-0.00034183353309361574
-0.00042698512701869684
-0.000514469323395656
-0.0004983327279338086
-5.359124540175095e-05
0.001515952583137615
0.005237762904326539
0.01193559448400923
0.021218321949244483
0.030754171794929418
0.036921925571798894
0.03692192557180181
0.03075417179493
0.021218321949244695
0.011935594484012017
0.005237762904328374
0.0015159525831392041
-5.359124540040564e-05
-0.0004983327279348515
-0.0005144693233958761
-0.0004269851270209584
-0.0003418335330933668
-0.0002781336384643192
-0.0002322990789744502
-0.00019860242177623788
-0.00017304137392729302
-0.00015312922343080243
-0.0001372965536800678
-0.00012450768509198883
-0.0001140504889883251
-0.00010541922050807377
-9.824550478506759e-05
-9.225555803662814e-05
-8.72425830743716e-05
-8.304838401570889e-05
-7.955080519889214e-05
-7.665497058284101e-05
-7.428707383535548e-05
-7.238992506930405e-05
-7.091973805059527e-05
-6.984381674293824e-05
-6.913891358653249e-05
-6.879010817828321e-05
-7.442233883284016e-05
-7.479970293808411e-05
-7.556232054867389e-05
-7.672633369650004e-05
-7.831689335186815e-05
-8.036937257577617e-05
-8.293114263969871e-05
-8.606407591429892e-05
-8.984802169824688e-05
-9.438562411568188e-05
-9.980904045861086e-05
-0.0001062894190917746
-0.00011405048898792869
-0.0001233884503534223
-0.00013470183930486057
-0.00014853780940548872
-0.00016566679622485048
-0.0001872092778777052
-0.00021486317071754045
-0.0002513187905762702
-0.00030090610882516647
-0.00036982139047132107
-0.00046194413760829633
-0.0005565881295419687
-0.00053912028798276
-5.7938471720602744e-05
0.0016401715608852895
0.0056668137095805295
0.012913192220862835
0.022956138224935432
0.03327291734024168
0.03994576651878931
0.03994576651878946
0.03327291734024532
0.02295613822493944
0.012913192220865989
0.00566681370958263
0.0016401715608871728
-5.793847171923554e-05
-0.00053912028798371
-0.0005565881295422671
-0.0004619441376103672
-0.0003698213904705913
-0.00030090610882447497
-0.0002513187905747305
-0.00021486317071576046
-0.00018720927787676595
-0.00016566679622424406
-0.00014853780940552117
-0.0001347018393041773
-0.00012338845035395133
-0.00011405048898803044
-0.00010628941909261539
-9.980904045955447e-05
-9.438562411552976e-05
-8.984802169919402e-05
-8.606407591460636e-05
-8.293114264154214e-05
-8.03693725768166e-05
-7.831689335344982e-05
-7.672633369615455e-05
-7.556232054945892e-05
-7.47997029371437e-05
-7.442233883463579e-05
-8.124605545710331e-05
-8.165801979636542e-05
-8.249056125088643e-05
-8.376130190712992e-05
-8.549769881666581e-05
-8.773836838110247e-05
-9.053502532351042e-05
-9.39552150699848e-05
-9.808610827394283e-05
-0.00010303976047102417
-0.00010896044642621026
-0.00011603500707546418
-0.00012450768509127849
-0.0001347018393034333
-0.0001470525477002719
-0.00016215713260319927
-0.000180856671383758
-0.00020437438002771284
-0.00023456385914431122
-0.00027436210100848635
-0.00032849607224616766
-0.00040373002528268343
-0.0005042984935501423
-0.0006076161949074073
-0.0005885330759777777
-6.319561570798676e-05
0.0017906926338117205
0.006186678636695857
0.01409768590225638
0.025061718575164073
0.03632467310554664
0.043609495209268045
0.04360949520927043
0.03632467310555093
0.025061718575167913
0.014097685902260066
0.006186678636698768
0.0017906926338138104
-6.319561570633135e-05
-0.0005885330759783904
-0.0006076161949077744
-0.0005042984935518703
-0.0004037300252815951
-0.00032849607224520445
-0.00027436210100646285
-0.00023456385914190434
-0.00020437438002607138
-0.00018085667138276356
-0.00016215713260281167
-0.00014705254769929217
-0.00013470183930325494
-0.0001245076850912028
-0.00011603500707614571
-0.00010896044642732099
-0.00010303976047095647
-9.808610827510277e-05
-9.395521507030213e-05
-9.053502532559468e-05
-8.773836838202767e-05
-8.549769881830568e-05
-8.376130190669277e-05
-8.249056125166079e-05
-8.165801979558125e-05
-8.1246055458867e-05
-8.959127484425948e-05
-9.004555434322713e-05
-9.096361078793793e-05
-9.236487633217725e-05
-9.427962830598527e-05
-9.675044963187797e-05
-9.983436696294241e-05
-0.00010360586372602735
-0.00010816106440484613
-0.00011362353445193233
-0.0001201523679970717
-0.000127953597599165
-0.00013729655367975685
-0.0001485378094056214
-0.00016215713260442246
-0.0001788132008256328
-0.00019943348478710206
-0.00022536684670927383
-0.000258657285860337
-0.0003025434741276728
-0.0003622378880996237
-0.0004451993739421718
-0.0005560964718916129
-0.000670020747970086
-0.000648958417042024
-6.960973162160095e-05
0.001974813113803181
0.006822536495141698
0.015546425885785448
0.027636993635648012
0.040057160922823604
0.048090449356309004
0.04809044935630837
0.04005716092282878
0.027636993635654642
0.015546425885791736
0.006822536495144992
0.001974813113806217
-6.960973161947134e-05
-0.0006489584170420343
-0.0006700207479702599
-0.0005560964718929848
-0.000445199373940812
-0.000362237888098596
-0.00030254347412538517
-0.00025865728585780024
-0.00022536684670724166
-0.00019943348478596674
-0.00017881320082511684
-0.00016215713260345102
-0.0001485378094050447
-0.00013729655367974243
-0.00012795359759991482
-0.00012015236799847856
-0.00011362353445211907
-0.00010816106440605626
-0.00010360586372638728
-9.983436696514618e-05
-9.675044963270755e-05
-9.42796283074836e-05
-9.236487633168097e-05
-9.096361078837012e-05
-9.004555434273135e-05
-8.95912748456192e-05
-9.992268629626108e-05
-0.00010042935214228424
-0.00010145327650837542
-0.0001030161324214959
-0.00010515168873135306
-0.00010790743893496552
-0.00011134698588472243
-0.00011555340229162587
-0.0001206338975344383
-0.00012672628641275605
-0.0001340080095245751
-0.00014270885878600307
-0.00015312922342994317
-0.0001656667962237422
-0.00018085667138347422
-0.00019943348478586396
-0.00022243166299212408
-0.0002513556197277151
-0.00028848507023198375
-0.0003374321686555066
-0.0004040104480774857
-0.0004965386029726903
-0.0006202221836012305
-0.000747275668784522
-0.0007237571943331908
-7.752677807003322e-05
0.002202812707009709
0.007609849934058598
0.01734018089644463
0.030825511282766234
0.044678411932780326
0.05363836483387116
0.0536383648338708
0.04467841193278309
0.03082551128277154
0.017340180896450626
0.007609849934062697
0.0022028127070134024
-7.752677806746163e-05
-0.0007237571943325869
-0.0007472756687845253
-0.0006202221836021464
-0.000496538602971205
-0.0004040104480763603
-0.0003374321686531411
-0.0002884850702295878
-0.0002513556197256869
-0.00022243166299117136
-0.0001994334847856275
-0.00018085667138279874
-0.00016566679622298904
-0.00015312922342989937
-0.0001427088587866903
-0.0001340080095260004
-0.00012672628641306923
-0.00012063389753542144
-0.00011555340229184354
-0.0001113469858867209
-0.0001079074389353944
-0.00010515168873240959
-0.00010301613242075941
-0.00010145327650846626
-0.00010042935214209018
-9.992268629709062e-05
-0.00011291610686386738
-0.000113488657060641
-0.00011464572755600109
-0.00011641180964323964
-0.00011882506333105217
-0.00012193915797064087
-0.0001258259670673121
-0.00013057936577012718
-0.00013632050454221286
-0.00014320511909061948
-0.0001514337237349892
-0.00016126599172648078
-0.00017304137392683635
-0.0001872092778769302
-0.00020437438002734567
-0.00022536684670826384
-0.00025135561972796706
-0.00028404074574025985
-0.0003259983940860075
-0.000381310437527991
-0.00045654633066490616
-0.0005611060975941087
-0.0007008703202846178
-0.0008444338821147681
-0.000817819696020698
-8.745730185342268e-05
0.0024896217815098967
0.008600148161538815
0.019596327080838326
0.03483589141857435
0.05049076745972499
0.06061619782371036
0.060616197823708744
0.0504907674597296
0.034835891418582954
0.01959632708084507
0.008600148161543784
0.002489621781514426
-8.745730185021937e-05
-0.0008178196960195898
-0.0008444338821144478
-0.0007008703202851361
-0.0005611060975924338
-0.0004565463306635903
-0.00038131043752539584
-0.0003259983940839009
-0.00028404074573844533
-0.00025135561972726406
-0.00022536684670842495
-0.0002043743800271939
-0.0001872092778763544
-0.00017304137392679778
-0.00016126599172720666
-0.00015143372373625335
-0.00014320511909101204
-0.0001363205045427479
-0.0001305793657700612
-0.00012582596706880945
-0.00012193915797064808
-0.00011882506333153582
-0.00011641180964223525
-0.00011464572755574373
-0.00011348865706056182
-0.00011291610686403699
-0.0001295956348303713
-0.0001302527602097347
-0.00013158074926430992
-0.000133607711078686
-0.0001363774425634822
-0.000139951540975724
-0.00014441249680818672
-0.00014986805223652177
-0.00015645725381828685
-0.00016435884223828516
-0.00017380295144669216
-0.00018508761324378899
-0.0001986024217765268
-0.00021486317071631975
-0.00023456385914282933
-0.00025865728585828575
-0.0002884850702310286
-0.00032599839408447624
-0.00037415398861126794
-0.0004376367167797415
-0.0005239864555562431
-0.0006439915154299365
-0.0008043997532145632
-0.0009691622976440736
-0.0009385914701333146
-0.00010028082467168386
0.002857591383241964
0.009870911207898353
0.022491589187609528
0.03998242813747333
0.057949854394115145
0.06957099256351892
0.06957099256352421
0.057949854394123035
0.039982428137479854
0.022491589187615766
0.009870911207904221
0.0028575913832470825
-0.00010028082466785462
-0.0009385914701315334
-0.0009691622976432766
-0.0008043997532143666
-0.0006439915154280916
-0.00052398645555464
-0.00043763671677695087
-0.0003741539886093196
-0.00032599839408289206
-0.0002884850702302592
-0.0002586572858586209
-0.000234563859142865
-0.00021486317071584045
-0.0001986024217761684
-0.00018508761324435158
-0.0001738029514475283
-0.00016435884223879767
-0.00015645725381854386
-0.00014986805223636725
-0.00014441249680926323
-0.00013995154097546367
-0.0001363774425635292
-0.00013360771107745852
-0.00013158074926395157
-0.00013025276020959986
-0.00012959563483002853
-0.00015158393926656852
-0.0001523525585849776
-0.00015390586649799025
-0.00015627674136568163
-0.00015951641113448898
-0.00016369692429119145
-0.00016891476753333722
-0.00017529596371765487
-0.00018300315154492683
-0.0001922453988112399
-0.00020329188658554812
-0.00021649121419074833
-0.00023229907897467724
-0.00025131879057498985
-0.000274362101006621
-0.0003025434741256034
-0.0003374321686545823
-0.00038131043752626727
-0.0004376367167793799
-0.0005118908744396458
-0.0006128926018760166
-0.0007532629680767093
-0.000940904200850847
-0.0011336849260650168
-0.001098138478928312
-0.00011820072263670147
0.003340052776118568
0.011540326278440382
0.026297389781181166
0.046749331564265285
0.06775872098166619
0.08134742634663397
0.08134742634663131
0.06775872098167168
0.046749331564275076
0.02629738978118835
0.011540326278446911
0.0033400527761241984
-0.00011820072263249894
-0.001098138478926156
-0.0011336849260637182
-0.0009409042008501082
-0.0007532629680746489
-0.0006128926018742211
-0.0005118908744364728
-0.0004376367167774995
-0.0003813104375247775
-0.0003374321686535058
-0.0003025434741258845
-0.00027436210100666446
-0.0002513187905745794
-0.00023229907897388065
-0.0002164912141909504
-0.00020329188658556666
-0.00019224539881151649
-0.0001830031515445722
-0.00017529596371706053
-0.00016891476753353617
-0.00016369692429051266
-0.00015951641113398133
-0.0001562767413642747
-0.00015390586649752274
-0.00015235255858467252
-0.00015158393926585634
-0.00018149269948203382
-0.00018241297394938296
-0.000184272762772691
-0.00018711143150880688
-0.0001909903158405488
-0.00019599568007314095
-0.00020224304860985603
-0.0002098833097701822
-0.00021911119237551585
-0.00023017701524795085
-0.0002434030714229247
-0.00025920674220473224
-0.0002781336384647403
-0.00030090610882488946
-0.00032849607224519307
-0.00036223788809891305
-0.0004040104480777726
-0.0004565463306641854
-0.0005239864555563324
-0.0006128926018764262
-0.0007338287284815498
-0.0009019267870283372
-0.0011267362761322242
-0.0013581256606030644
-0.0013174743792156423
-0.0001495673416026531
0.003978302572303314
0.013771508904825295
0.031399759321708486
0.05583451260931874
0.08093744280945127
0.09717456619265777
0.09717456619266102
0.08093744280945969
0.05583451260932509
0.031399759321719206
0.013771508904831658
0.003978302572309505
-0.00014956734159802886
-0.0013174743792129333
-0.0013581256606012698
-0.0011267362761307642
-0.0009019267870261618
-0.0007338287284794694
-0.0006128926018729691
-0.000523986455554355
-0.0004565463306627156
-0.0004040104480761298
-0.0003622378880988675
-0.00032849607224477706
-0.00030090610882428285
-0.00027813363846324035
-0.00025920674220432827
-0.00024340307142188273
-0.00023017701524782473
-0.00021911119237462938
-0.0002098833097691549
-0.00020224304860915566
-0.0001959956800720202
-0.00019099031583956824
-0.00018711143150722668
-0.0001842727627721111
-0.00018241297394882162
-0.00018149269948120416
-0.00022305954021485005
-0.00022419058062351556
-0.00022647630766847732
-0.00022996510244309605
-0.00023473234777147533
-0.00024088406424196962
-0.0002485622336526832
-0.00025795230067581317
-0.0002692935906834356
-0.0002828937499902804
-0.0002991488821802711
-0.00031857195540030447
-0.00034183353309369174
-0.00036982139047091173
-0.0004037300252812861
-0.00044519937394132855
-0.0004965386029728237
-0.0005611060975937335
-0.0006439915154303026
-0.0007532629680776868
-0.000901926787029045
-0.0011087004909833896
-0.001385836770973925
-0.0016735532104608527
-0.001634724421413491
-0.0002306136060725873
0.004769011131670746
0.01666087512769982
0.038094262566822884
0.06782523553709192
0.09838247731238807
0.118152164865645
0.11815216486564328
0.09838247731239508
0.0678252355371014
0.03809426256683242
0.016660875127707836
0.004769011131677373
-0.00023061360606736023
-0.001634724421410293
-0.001673553210458307
-0.0013858367709717644
-0.0011087004909808521
-0.0009019267870266928
-0.0007532629680738999
-0.0006439915154281557
-0.0005611060975920462
-0.0004965386029705662
-0.0004451993739407133
-0.0004037300252802187
-0.00036982139046990743
-0.0003418335330915501
-0.0003185719553992286
-0.00029914888217811886
-0.0002828937499894903
-0.00026929359068187514
-0.0002579523006741444
-0.00024856223365095397
-0.00024088406424034933
-0.00023473234777012666
-0.00022996510244146677
-0.00022647630766775694
-0.0002241905806227781
-0.00022305954021409845
-0.00027862590480779684
-0.0002800386834015599
-0.0002828937764988466
-0.0002872516156781033
-0.0002932063595944916
-0.00030089043552853435
-0.00031048118855813583
-0.00032221025135973963
-0.0003363765563159388
-0.00035336437158929433
-0.00037366845148052746
-0.0003979295168939662
-0.00042698512702035843
-0.0004619441376096159
-0.0005042984935505054
-0.0005560964718926264
-0.0006202221836027933
-0.0007008703202856681
-0.0008043997532155098
-0.0009409042008519935
-0.001126736276132741
-0.001385836770973607
-0.0017359290552429046
-0.0021109183698801008
-0.0021145482429632406
-0.0005070437166131939
0.00539374018716357
0.019574280052474594
0.0452635759359076
0.08100245429732167
0.1177979656263759
0.14162562645425636
0.14162562645426333
0.11779796562638631
0.08100245429733091
0.04526357593591995
0.019574280052483406
0.005393740187171442
-0.0005070437166072
-0.0021145482429591276
-0.0021109183698768278
-0.0017359290552399218
-0.0013858367709708977
-0.001126736276130014
-0.0009409042008481727
-0.0008043997532129639
-0.000700870320283709
-0.0006202221835999139
-0.0005560964718915298
-0.0005042984935487451
-0.0004619441376083377
-0.00042698512701782264
-0.00039792951689236495
-0.0003736684514774025
-0.00035336437158771915
-0.0003363765563137378
-0.0003222102513574038
-0.0003104811885556476
-0.0003008904355264971
-0.0002932063595930238
-0.0002872516156764004
-0.00028289377649784675
-0.00028003868340053
-0.0002786259048072197
-0.0003357200348024843
-0.00033742224645832877
-0.000340862254514519
-0.0003461128665520085
-0.00035328752394530715
-0.00036254577296057763
-0.00037410127476918045
-0.0003882330927352241
-0.0004053013670974681
-0.00042576904112850283
-0.0004502321562492933
-0.0004794625888555429
-0.0005144693233963549
-0.0005565881295422598
-0.0006076161949069012
-0.0006700207479701482
-0.0007472756687850537
-0.0008444338821152543
-0.0009691622976444791
-0.0011336849260658154
-0.001358125660603737
-0.0016735532104610305
-0.0021109183698806372
-0.0026246400565257746
-0.002835917028891275
-0.0014800735725153207
0.0042631806036229555
0.01867537016774773
0.045328891929402156
0.0828414348785668
0.1217248497446111
0.14699523036280268
0.14699523036280757
0.12172484974462129
0.08284143487857731
0.045328891929413015
0.018675370167757933
0.004263180603630971
-0.00148007357250884
-0.0028359170288867457
-0.0026246400565218394
-0.0021109183698772363
-0.0016735532104582558
-0.0013581256606008795
-0.0011336849260623755
-0.000969162297641884
-0.0008444338821133183
-0.0007472756687820518
-0.0006700207479688929
-0.000607616194904684
-0.0005565881295407423
-0.0005144693233936308
-0.0004794625888534809
-0.0004502321562455116
-0.0004257690411262259
-0.000405301367094771
-0.0003882330927322056
-0.00037410127476609464
-0.0003625457729580974
-0.000353287523943887
-0.0003461128665504956
-0.00034086225451360213
-0.00033742224645737565
-0.0003357200348022794
-0.00032521455207150336
-0.0003268632726107283
-0.00033019517272521204
-0.000335280756260995
-0.0003422298738350888
-0.000351197018951707
-0.00036238908152093157
-0.00037607627311621403
-0.00039260729787229
-0.00041243037858224496
-0.0004361225725708511
-0.0004644311217654062
-0.0004983327279343378
-0.000539120287982814
-0.0005885330759772457
-0.0006489584170414494
-0.0007237571943327351
-0.0008178196960200399
-0.0009385914701321515
-0.001098138478927074
-0.0013174743792141806
-0.0016347244214113417
-0.0021145482429610236
-0.002835917028888728
-0.003788697269290491
-0.004576947383778243
-0.003958185265270921
0.000325014537537695
0.010579083998805906
0.026824102902674375
0.044748204493124125
0.056770382350305515
0.05677038235031152
0.04474820449313076
0.026824102902682483
0.010579083998815624
0.0003250145375449199
-0.003958185265265399
-0.004576947383774094
-0.0037886972692875447
-0.002835917028886213
-0.0021145482429587074
-0.0016347244214099405
-0.0013174743792121794
-0.0010981384789253295
-0.0009385914701304577
-0.0008178196960192995
-0.0007237571943306458
-0.0006489584170412513
-0.0005885330759754924
-0.0005391202879820316
-0.0004983327279322076
-0.00046443112176356967
-0.0004361225725670201
-0.00041243037857974923
-0.0003926072978695104
-0.00037607627311296316
-0.00036238908151792643
-0.0003511970189492991
-0.0003422298738340533
-0.00033528075625985056
-0.0003301951727242605
-0.00032686327260987526
-0.00032521455207150374
-3.5068352489933255e-05
-3.524527167744062e-05
-3.560277898780287e-05
-3.614837921743254e-05
-3.6893760389893595e-05
-3.7855350311195934e-05
-3.905513017218731e-05
-4.052177869063771e-05
-4.229225691180117e-05
-4.441399778056969e-05
-4.6947947163824974e-05
-4.9972832580450995e-05
-5.359124539931352e-05
-5.793847171739131e-05
-6.31956157040082e-05
-6.960973161680619e-05
-7.752677806496263e-05
-8.745730184761403e-05
-0.00010028082466501768
-0.0001182007226292433
-0.00014956734159457253
-0.00023061360606308596
-0.0005070437166023161
-0.0014800735725031718
-0.0045769473837671635
-0.013075483654210032
-0.03280955352468849
-0.07111249375112623
-0.13236794649588396
-0.21113480024486556
-0.28832476333680324
-0.33695863992688513
-0.33695863992688546
-0.288324763336809
-0.2111348002448762
-0.13236794649589617
-0.07111249375113683
-0.03280955352469868
-0.013075483654218002
-0.004576947383774151
-0.0014800735725086418
-0.0005070437166069203
-0.000230613606067677
-0.00014956734159780896
-0.00011820072263283122
-0.00010028082466771187
-8.745730185126538e-05
-7.752677806688866e-05
-6.960973162037964e-05
-6.319561570536703e-05
-5.793847171957557e-05
-5.3591245399946446e-05
-4.997283258065606e-05
-4.694794716195727e-05
-4.441399777932742e-05
-4.229225691038041e-05
-4.0521778688274276e-05
-3.905513017035865e-05
-3.7855350309676215e-05
-3.6893760389742085e-05
-3.614837921716552e-05
-3.560277898742006e-05
-3.524527167696327e-05
-3.506835249024457e-05
0.000988977696323326
0.0009939945785390498
0.0010041333020061893
0.0010196086218366893
0.0010407551618527452
0.0010680435725582936
0.0011021041907255012
0.0011437603856840456
0.0011940748785346884
0.0012544139631171366
0.0013265370894688941
0.0014127232959509858
0.0015159525831469328
0.00164017156089634
0.0017906926338241472
0.0019748131138179574
0.002202812707025455
0.002489621781527798
0.0028575913832619097
0.0033400527761408803
0.003978302572328022
0.004769011131699153
0.005393740187196363
0.004263180603660278
-0.003958185265230181
-0.03280955352465542
-0.1082450152428655
-0.2652930854319272
-0.528200024112126
-0.8768315245231759
-1.2254079529303954
-1.4475492953840767
-1.4475492953840912
-1.2254079529304411
-0.8768315245232411
-0.5282000241121951
-0.26529308543199104
-0.10824501524292024
-0.03280955352469958
-0.003958185265266333
0.004263180603630143
0.005393740187171066
0.004769011131676472
0.003978302572309006
0.0033400527761227525
0.0028575913832463015
0.002489621781512446
0.00220281270701285
0.0019748131138045276
0.0017906926338139965
0.0016401715608859932
0.0015159525831390842
0.0014127232959443882
0.0013265370894651927
0.001254413963113246
0.0011940748785321154
0.0011437603856823846
0.0011021041907243092
0.0010680435725564702
0.001040755161850738
0.001019608621834817
0.0010041333020059313
0.0009939945785381204
0.000988977696323071
0.003417346348208959
0.003434678801511926
0.003469706221997744
0.0035231703371398923
0.0035962268627105134
0.0036905012843537173
0.003808170532527864
0.0039520780887590135
0.004125893858548477
0.004334335808844601
0.004583479094397341
0.0048811922657678855
0.005237762904350464
0.005666813709608108
0.006186678636725836
0.006822536495177141
0.00760984993409722
0.008600148161581722
0.00987091120794603
0.011540326278494224
0.013771508904884785
0.0166608751277684
0.019574280052553395
0.018675370167838823
0.00032501453764286934
-0.07111249375101715
-0.2652930854318417
-0.6778442243814837
-1.3770317767590483
-2.311557894336456
-3.2506171278418385
-3.850732457671036
-3.8507324576710884
-3.2506171278419727
-2.311557894336644
-1.3770317767592473
-0.6778442243816638
-0.2652930854319955
-0.07111249375114106
0.0003250145375414042
0.018675370167755227
0.019574280052481626
0.016660875127705956
0.013771508904830539
0.011540326278444613
0.009870911207902401
0.008600148161540914
0.007609849934061836
0.006822536495142603
0.006186678636697031
0.005666813709580251
0.0052377629043273526
0.004881192265747351
0.004583479094381212
0.004334335808830042
0.004125893858536301
0.003952078088749051
0.0038081705325190536
0.0036905012843460737
0.0035962268627037905
0.003523170337134283
0.003469706221994025
0.0034346788015095953
0.003417346348207966
0.007787559744830203
0.00782705517294404
0.007906872011466812
0.008028700269884809
0.008195173207209399
0.008409994409730734
0.008678123854046708
0.009006040123594548
0.009402104594717738
0.009877066302295786
0.010444766063725505
0.011123130012634916
0.011935594484058773
0.012913192220917809
0.014097685902317908
0.01554642588585621
0.017340180896522332
0.01959632708092538
0.02249158918770524
0.02629738978128809
0.031399759321829895
0.03809426256695937
0.04526357593606574
0.04532889192958439
0.010579083999021239
-0.13236794649564293
-0.528200024111882
-1.3770317767588716
-2.823585302651539
-4.763808645549949
-6.717725469924922
-7.967917403469887
-7.967917403469994
-6.717725469925206
-4.763808645550351
-2.8235853026519573
-1.3770317767592553
-0.5282000241122078
-0.1323679464959046
0.01057908399880787
0.04532889192940687
0.04526357593591428
0.03809426256682853
0.031399759321714495
0.02629738978118487
0.02249158918761318
0.019596327080840935
0.017340180896447316
0.01554642588578652
0.014097685902256744
0.012913192220860622
0.011935594484008908
0.011123130012591232
0.010444766063687737
0.009877066302261966
0.009402104594689348
0.009006040123569602
0.008678123854025922
0.008409994409712183
0.008195173207194865
0.008028700269872001
0.007906872011459183
0.007827055172938267
0.007787559744829638
0.013844441432604732
0.013914652908644038
0.014056544150349666
0.014273119362096513
0.01456905948088268
0.014950948055902887
0.015427601971059577
0.016010537523105477
0.016714617736602252
0.017558949710569073
0.018568136098316364
0.01977404092288011
0.02121832194932713
0.02295613822502944
0.02506171857526674
0.027636993635764877
0.030825511282893084
0.034835891418717825
0.03998242813763163
0.04674933156444459
0.055834512609517134
0.06782523553731756
0.08100245429758124
0.08284143487887063
0.026824102903034722
-0.2111348002444436
-0.8768315245227064
-2.311557894336003
-4.763808645549636
-8.059079112606398
-11.38147299790965
-13.508641766215485
-13.508641766215675
-11.381472997910144
-8.059079112607094
-4.763808645550358
-2.3115578943366604
-0.8768315245232638
-0.2111348002448925
0.02682410290266906
0.08284143487856607
0.08100245429732267
0.06782523553709219
0.055834512609320215
0.046749331564266555
0.03998242813747452
0.03483589141857381
0.030825511282765672
0.0276369936356471
0.025061718575162685
0.02295613822493268
0.021218321949240664
0.019774040922804943
0.018568136098249997
0.017558949710509364
0.01671461773655116
0.016010537523060704
0.015427601971022137
0.014950948055868548
0.01456905948085786
0.014273119362075152
0.014056544150335646
0.013914652908634906
0.013844441432602723
0.020066528697565297
0.020168293601921815
0.02037395150419724
0.020687856601708104
0.02111679328477722
0.021670303505957944
0.022361166096840152
0.023206072251733458
0.024226563669346633
0.02545033304790983
0.02691303779220046
0.02866085908315038
0.030754171795046126
0.033272917340372715
0.03632467310569512
0.04005716092298304
0.044678411932958226
0.050490767459922106
0.057949854394338876
0.06775872098191488
0.08093744280972831
0.09838247731270408
0.11779796562674047
0.12172484974503701
0.04474820449362951
-0.28832476333619556
-1.225407952929685
-3.250617127841072
-6.717725469924216
-11.381472997909201
-16.08659250094861
-19.10011243045097
-19.10011243045123
-16.086592500949312
-11.381472997910194
-6.717725469925245
-3.2506171278420077
-1.225407952930478
-0.2883247633368334
0.04474820449311125
0.12172484974460329
0.1177979656263707
0.09838247731238503
0.08093744280944631
0.06775872098166366
0.05794985439411512
0.05049076745971939
0.044678411932775976
0.040057160922817414
0.03632467310554728
0.03327291734023595
0.030754171794925064
0.0286608590830422
0.02691303779210373
0.02545033304782503
0.024226563669271298
0.02320607225167117
0.022361166096784617
0.021670303505911155
0.021116793284739414
0.020687856601678094
0.020373951504177385
0.02016829360190777
0.020066528697561953
0.024090969234595982
0.024213142716129413
0.02446004452511734
0.024836902015914673
0.025351860062909994
0.02601637407061113
0.026845785397142156
0.027860132275337686
0.02908527605183472
0.030554462424731248
0.03231049877751628
0.03440882629152191
0.03692192557193727
0.039945766518943354
0.0436094952094398
0.048090449356501655
0.0536383648340816
0.06061619782394509
0.0695709925637848
0.08134742634692266
0.0971745661929865
0.11815216486601363
0.14162562645468596
0.14699523036330261
0.056770382350906604
-0.3369586399261536
-1.4475492953831917
-3.850732457670018
-7.967917403468816
-13.508641766214554
-19.100112430450416
-22.681885186111316
-22.68188518611163
-19.10011243045124
-13.508641766215739
-7.967917403470045
-3.8507324576711364
-1.4475492953841358
-0.33695863992691166
0.056770382350287
0.14699523036278894
0.14162562645424692
0.11815216486563426
0.09717456619265011
0.08134742634662398
0.06957099256351756
0.060616197823704636
0.053638364833864915
0.04809044935630492
0.043609495209263355
0.039945766518782004
0.03692192557179281
0.03440882629139268
0.032310498777402816
0.030554462424627424
0.029085276051747516
0.027860132275258763
0.026845785397077306
0.026016374070553634
0.02535186006286587
0.02483690201587974
0.024460044525092293
0.024213142716113613
0.02409096923459103
0.02409096923459593
0.024213142716128285
0.02446004452511781
0.02483690201591393
0.02535186006291074
0.026016374070609416
0.02684578539714356
0.02786013227533651
0.02908527605183522
0.030554462424730783
0.03231049877751857
0.03440882629152174
0.03692192557193733
0.03994576651894405
0.04360949520944023
0.0480904493565013
0.053638364834081534
0.06061619782394593
0.06957099256378256
0.0813474263469228
0.09717456619298406
0.11815216486601249
0.14162562645468257
0.14699523036330203
0.05677038235090434
-0.3369586399261507
-1.4475492953831786
-3.8507324576699737
-7.967917403468729
-13.5086417662144
-19.100112430450185
-22.68188518611104
-22.681885186111366
-19.100112430451013
-13.508641766215586
-7.96791740346995
-3.850732457671092
-1.4475492953841198
-0.3369586399269113
0.056770382350287384
0.14699523036278586
0.14162562645424548
0.11815216486563017
0.09717456619265026
0.08134742634662231
0.06957099256351706
0.060616197823703435
0.05363836483386523
0.04809044935630426
0.043609495209263674
0.03994576651878242
0.036921925571792885
0.03440882629139273
0.032310498777402726
0.030554462424628347
0.02908527605174719
0.0278601322752587
0.026845785397077153
0.026016374070554668
0.02535186006286516
0.024836902015879722
0.024460044525091103
0.024213142716113613
0.02409096923459154
0.020066528697564097
0.0201682936019205
0.020373951504196026
0.020687856601706925
0.021116793284777148
0.021670303505957944
0.022361166096840267
0.02320607225173371
0.02422656366934684
0.025450333047909512
0.026913037792200164
0.02866085908314945
0.030754171795045807
0.033272917340371855
0.036324673105694344
0.04005716092298171
0.044678411932957976
0.05049076745992015
0.05794985439433664
0.06775872098191138
0.08093744280972515
0.0983824773126983
0.11779796562673431
0.12172484974502934
0.04474820449362581
-0.2883247633361881
-1.2254079529296402
-3.250617127840945
-6.71772546992395
-11.381472997908741
-16.086592500947955
-19.10011243045019
-19.10011243045045
-16.086592500948647
-11.381472997909736
-6.717725469924976
-3.2506171278418825
-1.2254079529304331
-0.28832476333682444
0.04474820449310627
0.1217248497445973
0.11779796562636408
0.09838247731238024
0.0809374428094416
0.06775872098166083
0.05794985439411238
0.05049076745971777
0.04467841193277495
0.04005716092281677
0.03632467310554646
0.03327291734023539
0.030754171794924318
0.028660859083040544
0.02691303779210277
0.025450333047822953
0.024226563669270194
0.02320607225167002
0.02236116609678407
0.02167030350591024
0.02111679328473897
0.020687856601677688
0.020373951504176285
0.020168293601906903
0.020066528697559868
0.013844441432603629
0.013914652908642782
0.014056544150349282
0.014273119362095087
0.01456905948088318
0.014950948055898564
0.015427601971060507
0.016010537523104697
0.016714617736601836
0.017558949710568122
0.018568136098317287
0.01977404092287916
0.021218321949326907
0.02295613822502853
0.025061718575267233
0.027636993635762226
0.03082551128289362
0.03483589141871493
0.039982428137629304
0.04674933156443927
0.05583451260951294
0.06782523553731074
0.08100245429757295
0.08284143487886166
0.02682410290303009
-0.21113480024443243
-0.8768315245226477
-2.3115578943358375
-4.763808645549285
-8.059079112605797
-11.381472997908801
-13.508641766214458
-13.508641766214655
-11.381472997909288
-8.05907911260649
-4.763808645550007
-2.311557894336496
-0.8768315245232041
-0.21113480024488152
0.0268241029026645
0.08284143487855819
0.08100245429731505
0.06782523553708605
0.05583451260931406
0.04674933156426274
0.03998242813747112
0.034835891418572684
0.03082551128276304
0.027636993635647138
0.025061718575161214
0.022956138224932345
0.0212183219492399
0.019774040922803153
0.01856813609824787
0.017558949710508642
0.016714617736549486
0.016010537523057942
0.015427601971020175
0.01495094805586708
0.014569059480856145
0.014273119362074416
0.014056544150332966
0.013914652908633538
0.013844441432603018
0.007787559744829106
0.007827055172941832
0.007906872011465754
0.008028700269883117
0.008195173207209087
0.00840999440972935
0.008678123854047782
0.009006040123594275
0.009402104594718373
0.009877066302294988
0.010444766063726442
0.01112313001263418
0.011935594484059174
0.012913192220917167
0.01409768590231703
0.015546425885854516
0.01734018089652286
0.01959632708092341
0.022491589187702783
0.02629738978128404
0.031399759321825566
0.0380942625669516
0.04526357593605648
0.04532889192957455
0.010579083999016182
-0.13236794649563083
-0.5282000241118181
-1.3770317767586913
-2.823585302651157
-4.763808645549291
-6.717725469923988
-7.967917403468775
-7.96791740346888
-6.717725469924269
-4.763808645549699
-2.8235853026515754
-1.3770317767590747
-0.5282000241121424
-0.13236794649589262
0.010579083998802141
0.04532889192939819
0.04526357593590544
0.03809426256682116
0.0313997593217087
0.02629738978118116
0.022491589187609858
0.019596327080839235
0.01734018089644608
0.01554642588578665
0.014097685902255231
0.012913192220860572
0.011935594484007942
0.011123130012589343
0.010444766063686599
0.009877066302259808
0.00940210459468735
0.009006040123567345
0.008678123854024816
0.008409994409710275
0.008195173207193894
0.008028700269870946
0.007906872011455731
0.007827055172937723
0.007787559744826781
0.0034173463482071688
0.003434678801511557
0.0034697062219977296
0.0035231703371381906
0.0035962268627103243
0.0036905012843526644
0.0038081705325280282
0.003952078088759252
0.004125893858548993
0.004334335808844311
0.004583479094397869
0.004881192265767485
0.0052377629043505285
0.005666813709607006
0.006186678636725135
0.006822536495174445
0.007609849934097266
0.008600148161579075
0.00987091120794352
0.011540326278489577
0.013771508904880388
0.016660875127761182
0.019574280052544735
0.01867537016783059
0.00032501453763833103
-0.07111249375100484
-0.26529308543178143
-0.6778442243813156
-1.377031776758698
-2.3115578943358512
-3.250617127840984
-3.850732457670018
-3.8507324576700723
-3.2506171278411147
-2.3115578943360426
-1.3770317767588938
-0.6778442243814977
-0.26529308543193436
-0.07111249375112882
0.00032501453753716223
0.018675370167747556
0.019574280052474045
0.01666087512769976
0.013771508904825085
0.011540326278440958
0.009870911207898916
0.00860014816153903
0.007609849934059129
0.006822536495142311
0.006186678636694696
0.005666813709579326
0.005237762904325994
0.0048811922657452335
0.004583479094379234
0.004334335808827413
0.004125893858534447
0.003952078088746348
0.0038081705325179608
0.0036905012843439274
0.003596226862702668
0.003523170337132898
0.0034697062219923034
0.003434678801509214
0.003417346348207266
0.0009889776963226836
0.0009939945785391812
0.0010041333020071681
0.0010196086218356127
0.0010407551618529486
0.001068043572557563
0.0011021041907258904
0.001143760385684272
0.0011940748785346077
0.0012544139631165303
0.0013265370894691743
0.0014127232959501605
0.0015159525831464778
0.0016401715608948763
0.0017906926338227655
0.0019748131138153492
0.0022028127070252215
0.002489621781525634
0.0028575913832596693
0.003340052776137155
0.003978302572324506
0.004769011131692626
0.005393740187189548
0.004263180603653133
-0.003958185265233269
-0.03280955352464455
-0.10824501524281367
-0.2652930854317851
-0.5282000241118284
-0.8768315245226663
-1.2254079529296749
-1.4475492953832192
-1.4475492953832363
-1.225407952929721
-0.8768315245227345
-0.5282000241118978
-0.2652930854318496
-0.10824501524286796
-0.03280955352468851
-0.0039581852652700485
0.004263180603624229
0.005393740187164502
0.004769011131671378
0.003978302572304304
0.003340052776119954
0.002857591383243387
0.002489621781510804
0.002202812707010242
0.0019748131138042054
0.0017906926338109408
0.001640171560884562
0.0015159525831370973
0.0014127232959421092
0.0013265370894627298
0.0012544139631105768
0.001194074878529754
0.0011437603856792244
0.0011021041907233668
0.0010680435725547793
0.0010407551618503864
0.001019608621833856
0.001004133302004287
0.0009939945785386866
0.0009889776963228896
-3.5068352490393126e-05
-3.52452716766557e-05
-3.5602778986649006e-05
-3.614837921825778e-05
-3.689376039003818e-05
-3.7855350311932344e-05
-3.905513017256856e-05
-4.052177869066339e-05
-4.229225691238932e-05
-4.441399778107182e-05
-4.69479471635597e-05
-4.997283258078771e-05
-5.3591245399596384e-05
-5.7938471718580016e-05
-6.319561570550491e-05
-6.960973161912051e-05
-7.752677806521815e-05
-8.745730184943528e-05
-0.00010028082466665321
-0.00011820072263219394
-0.0001495673415974852
-0.00023061360606832629
-0.0005070437166077465
-0.0014800735725087025
-0.004576947383769894
-0.013075483654200498
-0.032809553524645554
-0.071112493751008
-0.1323679464956385
-0.21113480024444506
-0.28832476333620893
-0.3369586399261746
-0.3369586399261806
-0.28832476333621676
-0.21113480024445722
-0.13236794649565042
-0.07111249375101988
-0.03280955352465541
-0.013075483654208773
-0.004576947383777096
-0.001480073572513883
-0.0005070437166121407
-0.00023061360607151932
-0.00014956734160160787
-0.00011820072263512318
-0.00010028082466982782
-8.745730185247219e-05
-7.752677806928866e-05
-6.960973162033817e-05
-6.319561570824602e-05
-5.7938471720777226e-05
-5.359124540134306e-05
-4.997283258225819e-05
-4.694794716393247e-05
-4.441399778160879e-05
-4.229225691252075e-05
-4.052177869164208e-05
-3.905513017154958e-05
-3.785535031169467e-05
-3.689376039034757e-05
-3.614837921844859e-05
-3.560277898848364e-05
-3.5245271676408684e-05
-3.506835248973545e-05
-0.0003252145520712258
-0.0003268632726094407
-0.00033019517272389
-0.00033528075626147193
-0.0003422298738351596
-0.0003511970189521727
-0.0003623890815213304
-0.000376076273116264
-0.00039260729787304514
-0.00041243037858287846
-0.0004361225725709006
-0.00046443112176594695
-0.0004983327279348778
-0.0005391202879841906
-0.0005885330759790131
-0.000648958417043698
-0.0007237571943329239
-0.0008178196960217303
-0.0009385914701333627
-0.0010981384789294087
-0.0013174743792164299
-0.0016347244214156887
-0.0021145482429648327
-0.0028359170288929586
-0.0037886972692922696
-0.004576947383769779
-0.003958185265234806
0.0003250145376351846
0.01057908399900961
0.026824102903018333
0.04474820449360921
0.05677038235088624
0.05677038235088771
0.044748204493613275
0.026824102903025233
0.01057908399901621
0.0003250145376413054
-0.003958185265229708
-0.004576947383766048
-0.0037886972692899295
-0.002835917028890437
-0.00211454824296287
-0.0016347244214126966
-0.0013174743792153248
-0.0010981384789272622
-0.0009385914701320198
-0.0008178196960201121
-0.0007237571943327522
-0.0006489584170408422
-0.0005885330759782761
-0.0005391202879831628
-0.0004983327279335023
-0.0004644311217647151
-0.0004361225725690363
-0.0004124303785814464
-0.00039260729787136516
-0.0003760762731157773
-0.00036238908151872836
-0.00035119701895075674
-0.00034222987383434076
-0.0003352807562610173
-0.00033019517272487377
-0.000326863272609069
-0.0003252145520705539
-0.0003357200348017002
-0.00033742224645692814
-0.00034086225451358213
-0.00034611286655248383
-0.00035328752394591853
-0.0003625457729616236
-0.0003741012747705586
-0.00038823309273627394
-0.0004053013670991679
-0.0004257690411298777
-0.00045023215625015405
-0.0004794625888565375
-0.0005144693233973591
-0.0005565881295440321
-0.0006076161949093781
-0.0006700207479728134
-0.0007472756687858
-0.0008444338821173218
-0.0009691622976457771
-0.001133684926067662
-0.001358125660605716
-0.0016735532104642753
-0.0021109183698832246
-0.0026246400565286985
-0.0028359170288925206
-0.001480073572507525
0.00426318060365335
0.018675370167829733
0.045328891929571444
0.0828414348788539
0.12172484974501517
0.14699523036328732
0.146995230363287
0.12172484974502376
0.08284143487886385
0.045328891929580235
0.018675370167838833
0.004263180603660934
-0.0014800735725019817
-0.0028359170288883287
-0.0026246400565253336
-0.0021109183698802157
-0.0016735532104603162
-0.001358125660603354
-0.0011336849260645497
-0.000969162297643102
-0.0008444338821144344
-0.000747275668784072
-0.0006700207479687767
-0.0006076161949074499
-0.0005565881295422168
-0.0005144693233949484
-0.0004794625888544842
-0.0004502321562477169
-0.0004257690411279156
-0.00040530136709690696
-0.0003882330927353908
-0.00037410127476753566
-0.0003625457729600006
-0.0003532875239446702
-0.0003461128665519737
-0.00034086225451394
-0.0003374222464566228
-0.00033572003480109914
-0.00027862590480662796
-0.00028003868340032735
-0.0002828937764983694
-0.0002872516156786385
-0.0002932063595955333
-0.0003008904355297716
-0.0003104811885597915
-0.00032221025136096727
-0.0003363765563176648
-0.0003533643715908127
-0.00037366845148183126
-0.00039792951689517216
-0.00042698512702147125
-0.0004619441376113923
-0.0005042984935528004
-0.0005560964718950291
-0.0006202221836031413
-0.0007008703202875542
-0.0008043997532162191
-0.000940904200853165
-0.0011267362761341324
-0.0013858367709759433
-0.0017359290552443672
-0.00211091836988213
-0.0021145482429637055
-0.0005070437166059087
0.005393740187189941
0.01957428005254367
0.04526357593605204
0.08100245429756456
0.11779796562672093
0.14162562645466878
0.14162562645467056
0.11779796562672738
0.08100245429757438
0.04526357593606197
0.019574280052552063
0.005393740187196461
-0.0005070437166013564
-0.002114548242960333
-0.0021109183698795452
-0.0017359290552421975
-0.001385836770972408
-0.0011267362761318979
-0.0009409042008501532
-0.0008043997532135663
-0.0007008703202844774
-0.0006202221836011822
-0.0005560964718909788
-0.0005042984935508645
-0.00046194413760968905
-0.0004269851270190825
-0.0003979295168931633
-0.0003736684514797664
-0.0003533643715890155
-0.0003363765563154364
-0.000322210251359927
-0.00031048118855674995
-0.0003008904355280192
-0.00029320635959398204
-0.00028725161567809925
-0.0002828937764982617
-0.00028003868340012114
-0.00027862590480627115
-0.00022305954021319292
-0.00022419058062227208
-0.00022647630766807155
-0.00022996510244315067
-0.00023473234777250933
-0.0002408840642429762
-0.0002485622336544594
-0.0002579523006771211
-0.00026929359068508557
-0.0002828937499917432
-0.0002991488821817718
-0.00031857195540135105
-0.00034183353309469365
-0.00036982139047273666
-0.000403730025283666
-0.0004451993739439985
-0.0004965386029734235
-0.000561106097595795
-0.0006439915154307968
-0.0007532629680782768
-0.00090192678702997
-0.0011087004909848233
-0.001385836770974951
-0.0016735532104622485
-0.0016347244214139187
-0.0002306136060659396
0.004769011131693703
0.01666087512776037
0.03809426256694864
0.06782523553730521
0.0983824773126887
0.11815216486600377
0.11815216486600172
0.09838247731269353
0.06782523553731261
0.038094262566956034
0.016660875127767462
0.004769011131698556
-0.00023061360606298467
-0.0016347244214113877
-0.0016735532104607716
-0.0013858367709735449
-0.0011087004909822386
-0.0009019267870279589
-0.0007532629680756326
-0.0006439915154281678
-0.0005611060975927278
-0.0004965386029713616
-0.0004451993739402945
-0.00040373002528202207
-0.0003698213904715134
-0.0003418335330928892
-0.0003185719553998506
-0.00029914888218047207
-0.0002828937499904264
-0.0002692935906832302
-0.0002579523006762351
-0.00024856223365189495
-0.00024088406424148097
-0.00023473234777084693
-0.00022996510244268172
-0.00022647630766746597
-0.00022419058062206614
-0.00022305954021299443
-0.00018149269948083003
-0.00018241297394886485
-0.00018427276277299337
-0.00018711143150916377
-0.00019099031584234564
-0.00019599568007450262
-0.00020224304861225637
-0.00020988330977186474
-0.00021911119237738314
-0.0002301770152496946
-0.00024340307142502773
-0.0002592067422060144
-0.00027813363846572654
-0.00030090610882657685
-0.0003284960722468712
-0.0003622378881010797
-0.000404010448077824
-0.00045654633066582247
-0.0005239864555562637
-0.000612892601876575
-0.0007338287284820706
-0.0009019267870292159
-0.001126736276132983
-0.0013581256606039287
-0.001317474379215598
-0.00014956734159639486
0.003978302572323771
0.013771508904878358
0.03139975932182079
0.05583451260950534
0.08093744280971696
0.09717456619297168
0.09717456619297818
0.08093744280972139
0.05583451260951109
0.031399759321827245
0.013771508904884103
0.0039783025723277455
-0.00014956734159431132
-0.0013174743792137302
-0.0013581256606029603
-0.001126736276132061
-0.0009019267870272575
-0.0007338287284801947
-0.0006128926018740066
-0.0005239864555537346
-0.000456546330662804
-0.0004040104480759685
-0.0003622378880978645
-0.00032849607224567684
-0.0003009061088256681
-0.000278133638464638
-0.0002592067422049933
-0.000243403071424549
-0.00023017701524882838
-0.00021911119237596997
-0.00020988330977098603
-0.0002022430486101516
-0.00019599568007316472
-0.00019099031584060496
-0.00018711143150871386
-0.00018427276277205662
-0.0001824129739486747
-0.000181492699480793
-0.0001515839392650916
-0.00015235255858422702
-0.00015390586649809913
-0.00015627674136569887
-0.00015951641113644017
-0.00016369692429235482
-0.00016891476753585593
-0.00017529596371910515
-0.00018300315154641138
-0.00019224539881255813
-0.0002032918865875518
-0.00021649121419172913
-0.00023229907897532259
-0.00025131879057637796
-0.0002743621010077526
-0.00030254347412762096
-0.0003374321686548311
-0.0003813104375280309
-0.00043763671677959253
-0.0005118908744398899
-0.0006128926018767688
-0.0007532629680772859
-0.000940904200851846
-0.0011336849260654516
-0.0010981384789281795
-0.00011820072263078385
0.0033400527761370687
0.011540326278487823
0.026297389781280753
0.046749331564433325
0.06775872098190329
0.0813474263469126
0.08134742634691472
0.06775872098190652
0.04674933156444011
0.02629738978128546
0.0115403262784939
0.0033400527761404688
-0.00011820072262924212
-0.001098138478926541
-0.001133684926064843
-0.0009409042008510127
-0.000753262968075827
-0.0006128926018747285
-0.000511890874437266
-0.00043763671677683497
-0.000381310437524949
-0.00033743216865293686
-0.00030254347412489343
-0.00027436210100682096
-0.0002513187905756432
-0.000232299078974874
-0.0002164912141912231
-0.00020329188658780293
-0.00019224539881216256
-0.00018300315154544915
-0.00017529596371829213
-0.00016891476753420426
-0.00016369692429134226
-0.00015951641113476285
-0.00015627674136539947
-0.0001539058664969165
-0.00015235255858409103
-0.00015158393926506688
-0.00012959563482973252
-0.0001302527602094152
-0.00013158074926479128
-0.00013360771107895467
-0.00013637744256597201
-0.00013995154097709648
-0.00014441249681123214
-0.0001498680522381602
-0.00015645725381987992
-0.00016435884223964248
-0.00017380295144889387
-0.0001850876132448046
-0.00019860242177691657
-0.00021486317071722508
-0.0002345638591429494
-0.0002586572858595341
-0.00028848507023068845
-0.00032599839408556527
-0.0003741539886110664
-0.00043763671677972545
-0.0005239864555570501
-0.0006439915154303972
-0.0008043997532160272
-0.0009691622976445227
-0.0009385914701333614
-0.00010028082466648997
0.0028575913832582607
0.009870911207940364
0.022491589187697815
0.039982428137623746
0.05794985439433225
0.06957099256377226
0.06957099256377713
0.057949854394333686
0.039982428137626536
0.0224915891877032
0.009870911207945244
0.0028575913832614565
-0.00010028082466503992
-0.0009385914701319544
-0.0009691622976439824
-0.0008043997532150571
-0.0006439915154291134
-0.0005239864555548041
-0.0004376367167769937
-0.00037415398860817406
-0.0003259983940824417
-0.0002884850702286982
-0.0002586572858570973
-0.00023456385914196026
-0.000214863170716245
-0.00019860242177665395
-0.0001850876132443943
-0.00017380295144941074
-0.0001643588422394129
-0.00015645725381921265
-0.0001498680522373314
-0.0001444124968098813
-0.000139951540976467
-0.00013637744256452683
-0.00013360771107889135
-0.0001315807492635541
-0.00013025276020936142
-0.00012959563482962036
-0.0001129161068626654
-0.0001134886570590955
-0.00011464572755537421
-0.00011641180964249432
-0.00011882506333286193
-0.00012193915797139386
-0.00012582596707019428
-0.00013057936577157164
-0.00013632050454379758
-0.00014320511909204578
-0.0001514337237374417
-0.00016126599172787404
-0.00017304137392753867
-0.00018720927787803151
-0.00020437438002749854
-0.00022536684670982103
-0.0002513556197281236
-0.000284040745741626
-0.000325998394086238
-0.00038131043752815617
-0.00045654633066624824
-0.0005611060975945399
-0.0007008703202866367
-0.0008444338821151158
-0.000817819696021033
-8.745730184885899e-05
0.0024896217815245313
0.008600148161576476
0.019596327080918984
0.03483589141870986
0.050490767459914924
0.060616197823941356
0.06061619782394068
0.05049076745991536
0.034835891418714675
0.019596327080924424
0.008600148161581866
0.002489621781528001
-8.74573018473788e-05
-0.0008178196960195466
-0.0008444338821146496
-0.0007008703202853861
-0.0005611060975934006
-0.00045654633066371625
-0.0003813104375254379
-0.00032599839408304634
-0.00028404074573851656
-0.0002513556197259408
-0.00022536684670777966
-0.00020437438002640022
-0.00018720927787691433
-0.00017304137392725537
-0.00016126599172752476
-0.00015143372373795268
-0.00014320511909190323
-0.00013632050454329093
-0.00013057936577080484
-0.00012582596706902933
-0.0001219391579712935
-0.00011882506333186073
-0.0001164118096428932
-0.00011464572755424214
-0.0001134886570591873
-0.00011291610686232036
-9.992268629579778e-05
-0.00010042935214052106
-0.00010145327650777533
-0.00010301613242065673
-0.0001051516887331979
-0.0001079074389358202
-0.00011134698588782673
-0.00011555340229314165
-0.00012063389753612963
-0.00012672628641417695
-0.00013400800952691557
-0.00014270885878742056
-0.00015312922343041466
-0.00016566679622439013
-0.0001808566713829051
-0.0001994334847870104
-0.00022243166299185967
-0.0002513556197286301
-0.00028848507023187717
-0.00033743216865539605
-0.0004040104480789434
-0.0004965386029730529
-0.0006202221836036544
-0.000747275668784969
-0.0007237571943338701
-7.752677806638278e-05
0.0022028127070222777
0.007609849934092617
0.017340180896517215
0.030825511282887217
0.04467841193295036
0.053638364834074095
0.053638364834078286
0.04467841193294948
0.030825511282889916
0.017340180896521885
0.007609849934097067
0.0022028127070257532
-7.752677806464127e-05
-0.000723757194332357
-0.0007472756687843583
-0.0006202221836021024
-0.0004965386029719204
-0.00040401044807640086
-0.0003374321686530035
-0.00028848507022869764
-0.00025135561972568525
-0.0002224316629896091
-0.0001994334847852516
-0.0001808566713817137
-0.00016566679622311627
-0.00015312922342989522
-0.00014270885878697325
-0.00013400800952719665
-0.0001267262864140096
-0.00012063389753569732
-0.00011555340229249143
-0.00011134698588679252
-0.00010790743893627082
-0.0001051516887328839
-0.0001030161324217339
-0.00010145327650704331
-0.00010042935214093614
-9.99226862951892e-05
-8.959127484474778e-05
-9.004555434150716e-05
-9.096361078772194e-05
-9.236487633154974e-05
-9.427962830798941e-05
-9.675044963316687e-05
-9.98343669663422e-05
-0.00010360586372786643
-0.00010816106440691024
-0.00011362353445365534
-0.00012015236799940013
-0.00012795359760067997
-0.00013729655367994954
-0.00014853780940577913
-0.00016215713260311172
-0.00017881320082625618
-0.0001994334847862995
-0.00022536684670973494
-0.00025865728586000697
-0.0003025434741273834
-0.00036223788810122587
-0.0004451993739425773
-0.000556096471894447
-0.0006700207479705747
-0.0006489584170430194
-6.960973161845182e-05
0.001974813113814345
0.006822536495172361
0.015546425885850148
0.02763699363575777
0.04005716092297529
0.04809044935649487
0.048090449356499754
0.040057160922979125
0.027636993635760117
0.01554642588585613
0.0068225364951763215
0.0019748131138175563
-6.960973161663922e-05
-0.000648958417041374
-0.0006700207479699557
-0.0005560964718927003
-0.0004451993739416504
-0.00036223788809893403
-0.00030254347412568626
-0.00025865728585721634
-0.00022536684670744223
-0.00019943348478442026
-0.0001788132008250327
-0.0001621571326021073
-0.0001485378094045295
-0.00013729655367909825
-0.00012795359760006463
-0.00012015236799928309
-0.0001136235344533231
-0.00010816106440638193
-0.00010360586372724182
-9.983436696525948e-05
-9.675044963387139e-05
-9.427962830823209e-05
-9.236487633313242e-05
-9.096361078729351e-05
-9.00455543422223e-05
-8.959127484382687e-05
-8.12460554579614e-05
-8.165801979435635e-05
-8.249056125068103e-05
-8.376130190628495e-05
-8.549769881820904e-05
-8.773836838235064e-05
-9.053502532652976e-05
-9.395521507156519e-05
-9.808610827570956e-05
-0.0001030397604724202
-0.00010896044642790141
-0.00011603500707669333
-0.0001245076850910356
-0.00013470183930334726
-0.0001470525476986058
-0.0001621571326036858
-0.00018085667138268287
-0.00020437438002792363
-0.0002345638591437909
-0.0002743621010080152
-0.0003284960722475526
-0.00040373002528311164
-0.0005042984935531632
-0.0006076161949081305
-0.0005885330759791044
-6.319561570547705e-05
0.0017906926338216982
0.0061866786367230624
0.0140976859023147
0.02506171857526418
0.03632467310568953
0.04360949520943709
0.04360949520944049
0.036324673105688515
0.025061718575266623
0.014097685902317289
0.006186678636726674
0.0017906926338246434
-6.319561570371863e-05
-0.0005885330759775627
-0.0006076161949075561
-0.0005042984935515135
-0.0004037300252825095
-0.0003284960722457337
-0.00027436210100711684
-0.0002345638591414937
-0.00020437438002623756
-0.00018085667138139917
-0.0001621571326029389
-0.00014705254769810809
-0.0001347018393024187
-0.0001245076850902946
-0.00011603500707620092
-0.00010896044642769211
-0.00010303976047198888
-9.808610827498315e-05
-9.395521507083352e-05
-9.053502532531938e-05
-8.77383683830296e-05
-8.54976988189877e-05
-8.376130190823245e-05
-8.249056125056228e-05
-8.165801979536119e-05
-8.124605545684681e-05
-7.442233883375692e-05
-7.479970293593422e-05
-7.55623205483564e-05
-7.67263336956608e-05
-7.831689335300812e-05
-8.036937257732408e-05
-8.293114264271044e-05
-8.606407591631794e-05
-8.984802170041722e-05
-9.438562411776386e-05
-9.980904046064953e-05
-0.00010628941909356413
-0.00011405048898798763
-0.00012338845035375236
-0.00013470183930334463
-0.00014853780940607034
-0.00016566679622379672
-0.00018720927787794448
-0.0002148631707172823
-0.00025131879057586426
-0.00030090610882631524
-0.0003698213904716113
-0.00046194413761106484
-0.0005565881295424071
-0.0005391202879837563
-5.793847171799974e-05
0.0016401715608945606
0.005666813709605164
0.012913192220914058
0.022956138225024007
0.03327291734037102
0.03994576651893821
0.03994576651894086
0.03327291734037213
0.0229561382250285
0.012913192220917717
0.005666813709608233
0.0016401715608969402
-5.793847171644801e-05
-0.0005391202879821657
-0.0005565881295419249
-0.0004619441376095923
-0.000369821390471533
-0.00030090610882513357
-0.00025131879057587684
-0.00021486317071562196
-0.00018720927787704055
-0.00016566679622329104
-0.0001485378094057204
-0.0001347018393033351
-0.00012338845035304952
-0.00011405048898732597
-0.00010628941909312023
-9.98090404603865e-05
-9.438562411726577e-05
-8.984802169965455e-05
-8.60640759156621e-05
-8.293114264164167e-05
-8.03693725780405e-05
-7.83168933544172e-05
-7.672633369792167e-05
-7.556232054870435e-05
-7.479970293723117e-05
-7.442233883268556e-05
-6.879010817693057e-05
-6.913891358477321e-05
-6.984381674140982e-05
-7.091973804974852e-05
-7.238992506830301e-05
-7.428707383554245e-05
-7.665497058353305e-05
-7.95508052000759e-05
-8.30483840163634e-05
-8.724258307606072e-05
-9.225555803706449e-05
-9.824550478539383e-05
-0.00010541922050740844
-0.0001140504889873747
-0.00012450768509077447
-0.00013729655368000258
-0.0001531292234300003
-0.00017304137392790475
-0.00019860242177746474
-0.00023229907897530524
-0.00027813363846571125
-0.00034183353309400085
-0.000426985127021353
-0.0005144693233963058
-0.0004983327279348413
-5.359124539949502e-05
0.0015159525831461062
0.0052377629043492396
0.011935594484055886
0.02121832194932456
0.03075417179504469
0.03692192557193617
0.03692192557193878
0.030754171795045675
0.02121832194932749
0.011935594484058898
0.005237762904351507
0.0015159525831479042
-5.359124539813102e-05
-0.0004983327279332535
-0.0005144693233960027
-0.0004269851270201653
-0.00034183353309453763
-0.0002781336384651763
-0.00023229907897603745
-0.0001986024217763147
-0.00017304137392760408
-0.0001531292234302938
-0.0001372965536800312
-0.00012450768509141783
-0.0001140504889871017
-0.00010541922050723496
-9.824550478531002e-05
-9.225555803711347e-05
-8.7242583075703e-05
-8.304838401563945e-05
-7.955080519941144e-05
-7.665497058248332e-05
-7.42870738360816e-05
-7.238992507002575e-05
-7.091973805198077e-05
-6.984381674214093e-05
-6.913891358611339e-05
-6.879010817604555e-05
-6.410898543146001e-05
-6.443405482285525e-05
-6.509098970558088e-05
-6.609369515550604e-05
-6.746383674304035e-05
-6.923188555449172e-05
-7.143864818402193e-05
-7.413742276776169e-05
-7.739699313925824e-05
-8.130577905533344e-05
-8.597762351197837e-05
-9.155995719870412e-05
-9.82455047851279e-05
-0.0001062894190925932
-0.00011603500707625718
-0.00012795359760031332
-0.00014270885878665137
-0.00016126599172783845
-0.00018508761324486755
-0.00021649121419127642
-0.00025920674220549135
-0.00031857195540047756
-0.0003979295168945186
-0.000479462588855209
-0.00046443112176529415
-4.997283258004638e-05
0.0014127232959507134
0.004881192265766714
0.01112313001263334
0.019774040922877028
0.028660859083148166
0.03440882629151873
0.03440882629151872
0.02866085908315048
0.019774040922881805
0.011123130012635731
0.004881192265768587
0.0014127232959521522
-4.997283257914075e-05
-0.00046443112176379454
-0.00047946258885516314
-0.00039792951689355925
-0.0003185719554014653
-0.0002592067422053964
-0.0002164912141924161
-0.0001850876132440919
-0.00016126599172793839
-0.00014270885878747426
-0.0001279535976003926
-0.00011603500707713831
-0.00010628941909229331
-9.824550478511652e-05
-9.155995719857066e-05
-8.597762351205914e-05
-8.130577905491258e-05
-7.73969931385454e-05
-7.413742276707859e-05
-7.143864818301779e-05
-6.923188555484205e-05
-6.746383674478238e-05
-6.60936951574686e-05
-6.509098970667165e-05
-6.443405482409231e-05
-6.4108985430838e-05
-6.020031659195698e-05
-6.0505566761692595e-05
-6.112244884743984e-05
-6.206402014225827e-05
-6.335062528057037e-05
-6.50108775469276e-05
-6.708309558349643e-05
-6.961732797278797e-05
-7.267816483957223e-05
-7.634863503979163e-05
-8.073564062476983e-05
-8.597762351123039e-05
-9.225555803614975e-05
-9.980904045901772e-05
-0.00010896044642710412
-0.00012015236799869805
-0.0001340080095261948
-0.00015143372373750094
-0.00017380295144897963
-0.00020329188658702735
-0.00024340307142424488
-0.0002991488821806618
-0.00037366845148060677
-0.00045023215624857566
-0.0004361225725699068
-4.6947947162594764e-05
0.0013265370894699501
0.004583479094397614
0.010444766063724914
0.018568136098314442
0.026913037792200018
0.03231049877751637
0.03231049877751825
0.026913037792200403
0.018568136098319244
0.01044476606372742
0.004583479094399353
0.001326537089470958
-4.694794716196294e-05
-0.0004361225725683781
-0.00045023215624857843
-0.00037366845147969284
-0.00029914888218168936
-0.0002434030714241062
-0.00020329188658791975
-0.00017380295144820877
-0.00015143372373752884
-0.00013400800952710601
-0.0001201523679986156
-0.00010896044642803965
-9.980904045857804e-05
-9.225555803626302e-05
-8.59776235110597e-05
-8.073564062496947e-05
-7.634863503944332e-05
-7.267816483899827e-05
-6.961732797215755e-05
-6.708309558257385e-05
-6.501087754715989e-05
-6.335062528205906e-05
-6.206402014382841e-05
-6.112244884875206e-05
-6.050556676272866e-05
-6.0200316591488024e-05
-5.6929158829091294e-05
-5.721782233135498e-05
-5.7801184310600864e-05
-5.869159255227913e-05
-5.990828620247889e-05
-6.147832375531247e-05
-6.343794169177104e-05
-6.583446905037533e-05
-6.872898625081994e-05
-7.220001051664062e-05
-7.634863503952056e-05
-8.130577905454135e-05
-8.724258307535256e-05
-9.438562411640726e-05
-0.00010303976047192889
-0.00011362353445318256
-0.0001267262864138124
-0.00014320511909216428
-0.00016435884223959477
-0.000192245398811979
-0.00023017701524875978
-0.00028289374999051033
-0.0003533643715891653
-0.0004257690411281056
-0.0004124303785815194
-4.4413997779709194e-05
0.0012544139631176436
0.004334335808844429
0.00987706630229495
0.017558949710567817
0.025450333047910154
0.030554462424727695
0.030554462424728313
0.025450333047913026
0.01755894971057157
0.009877066302296877
0.0043343358088454185
0.0012544139631186888
-4.441399777918642e-05
-0.0004124303785799448
-0.0004257690411279485
-0.00035336437158810805
-0.0002828937499911654
-0.0002301770152482956
-0.00019224539881210597
-0.00016435884223867252
-0.00014320511909179644
-0.0001267262864143751
-0.00011362353445265366
-0.00010303976047258958
-9.438562411541213e-05
-8.724258307515233e-05
-8.130577905400658e-05
-7.63486350396083e-05
-7.220001051617966e-05
-6.87289862502899e-05
-6.583446904967319e-05
-6.343794169086179e-05
-6.147832375532704e-05
-5.990828620350119e-05
-5.8691592553429824e-05
-5.780118431202989e-05
-5.721782233223227e-05
-5.692915882868996e-05
-5.4192283431185543e-05
-5.4467069389351746e-05
-5.5022386147634494e-05
-5.586998786885295e-05
-5.70281887720938e-05
-5.8522746507231566e-05
-6.038815547680959e-05
-6.266946936303258e-05
-6.54248321265063e-05
-6.872898625076864e-05
-7.267816483936088e-05
-7.739699313885985e-05
-8.304838401627557e-05
-8.984802169969919e-05
-9.808610827568949e-05
-0.00010816106440686787
-0.00012063389753649458
-0.00013632050454424546
-0.00015645725381997733
-0.0001830031515460837
-0.00021911119237657417
-0.00026929359068391203
-0.0003363765563159432
-0.00040530136709767696
-0.0003926072978720263
-4.229225691156628e-05
0.001194074878535031
0.004125893858548635
0.009402104594718085
0.016714617736600247
0.024226563669346543
0.029085276051833628
0.02908527605183498
0.024226563669348618
0.01671461773660445
0.009402104594720006
0.004125893858549637
0.0011940748785362215
-4.2292256910831524e-05
-0.00039260729787030254
-0.0004053013670971389
-0.0003363765563146678
-0.0002692935906839546
-0.00021911119237568024
-0.00018300315154519235
-0.00015645725381886462
-0.00013632050454334736
-0.0001206338975363848
-0.00010816106440578009
-9.808610827589024e-05
-8.984802169810616e-05
-8.30483840156167e-05
-7.739699313802528e-05
-7.267816483937996e-05
-6.872898625021379e-05
-6.542483212597395e-05
-6.266946936225865e-05
-6.0388155475996056e-05
-5.852274650712545e-05
-5.702818877271195e-05
-5.5869987869743185e-05
-5.502238614896284e-05
-5.446706939006568e-05
-5.419228343075236e-05
-5.190997926173723e-05
-5.2173192616720164e-05
-5.270512222410217e-05
-5.3517027220174e-05
-5.46264505193856e-05
-5.6058064986843914e-05
-5.784491229093538e-05
-6.0030148675473096e-05
-6.266946936305017e-05
-6.583446905004383e-05
-6.961732797214248e-05
-7.413742276717204e-05
-7.955080519997604e-05
-8.606407591578274e-05
-9.395521507152467e-05
-0.00010360586372769642
-0.00011555340229368283
-0.0001305793657717412
-0.00014986805223801163
-0.00017529596371896697
-0.00020988330977124507
-0.0002579523006762509
-0.0003222102513594766
-0.0003882330927352461
-0.0003760762731154567
-4.052177869013547e-05
0.0011437603856842694
0.003952078088758628
0.009006040123593302
0.016010537523103132
0.02320607225173406
0.027860132275335854
0.027860132275331385
0.02320607225173493
0.016010537523107354
0.009006040123596501
0.0039520780887597196
0.0011437603856858801
-4.052177868898484e-05
-0.0003760762731137327
-0.0003882330927342466
-0.0003222102513580071
-0.0002579523006755221
-0.00020988330976992728
-0.00017529596371693688
-0.0001498680522366582
-0.00013057936577034183
-0.00011555340229287712
-0.00010360586372620217
-9.395521507136812e-05
-8.606407591378219e-05
-7.955080519885262e-05
-7.413742276598009e-05
-6.961732797199267e-05
-6.583446904918241e-05
-6.266946936239322e-05
-6.00301486745833e-05
-5.784491229027971e-05
-5.60580649865957e-05
-5.4626450519769936e-05
-5.351702722100055e-05
-5.2705122225360974e-05
-5.217319261734241e-05
-5.19099792614285e-05
-5.0020336139741366e-05
-5.027396791137343e-05
-5.0786534032744836e-05
-5.156888378129735e-05
-5.2637921466761955e-05
-5.401742180247882e-05
-5.573922365976347e-05
-5.7844912291157965e-05
-6.0388155477067885e-05
-6.343794169155005e-05
-6.708309558294662e-05
-7.143864818378552e-05
-7.665497058371221e-05
-8.293114264246043e-05
-9.053502532641187e-05
-9.983436696587906e-05
-0.00011134698588852632
-0.00012582596707010106
-0.00014441249681093374
-0.00016891476753553718
-0.00020224304861113485
-0.00024856223365272696
-0.0003104811885572351
-0.00037410127476850385
-0.00036238908151935774
-3.9055130171257465e-05
0.0011021041907264154
0.0038081705325281796
0.008678123854047426
0.01542760197105833
0.022361166096838664
0.026845785397139756
0.026845785397142656
0.022361166096840794
0.015427601971062101
0.008678123854049632
0.0038081705325294594
0.001102104190728097
-3.9055130169701784e-05
-0.000362389081517736
-0.00037410127476717614
-0.00031048118855561566
-0.0002485622336513485
-0.0002022430486094797
-0.00016891476753276948
-0.00014441249680940602
-0.00012582596706847728
-0.00011134698588720785
-9.983436696426299e-05
-9.053502532593955e-05
-8.293114264025687e-05
-7.665497058229006e-05
-7.143864818240586e-05
-6.708309558278235e-05
-6.343794169053926e-05
-6.0388155476415656e-05
-5.784491229035769e-05
-5.5739223659434915e-05
-5.401742180227447e-05
-5.2637921467202486e-05
-5.156888378239266e-05
-5.0786534033982154e-05
-5.0273967911924693e-05
-5.0020336139684527e-05
-4.84751926571317e-05
-4.87209896585082e-05
-4.921772243965975e-05
-4.9975905140829755e-05
-5.101191989065973e-05
-5.234880699248612e-05
-5.401742180185228e-05
-5.605806498679845e-05
-5.852274650749997e-05
-6.147832375523285e-05
-6.501087754664247e-05
-6.923188555492257e-05
-7.428707383644175e-05
-8.036937257819619e-05
-8.773836838322653e-05
-9.675044963337218e-05
-0.00010790743893726105
-0.00012193915797149331
-0.00013995154097718165
-0.00016369692429256904
-0.00019599568007410494
-0.00024088406424223248
-0.0003008904355284825
-0.00036254577296089574
-0.00035119701895115903
-3.785535031164017e-05
0.0010680435725571803
0.003690501284352315
0.008409994409728169
0.014950948055899027
0.021670303505957802
0.02601637407060877
0.026016374070608583
0.021670303505958236
0.014950948055902085
0.008409994409731754
0.003690501284353727
0.0010680435725592616
-3.785535030977141e-05
-0.0003511970189497687
-0.0003625457729594341
-0.0003008904355269454
-0.0002408840642406389
-0.00019599568007262877
-0.00016369692428974935
-0.00013995154097580167
-0.00012193915797011305
-0.00010790743893591979
-9.675044963212813e-05
-8.773836838274786e-05
-8.036937257613523e-05
-7.42870738351247e-05
-6.923188555352718e-05
-6.501087754657179e-05
-6.14783237540548e-05
-5.8522746506844885e-05
-5.6058064986028593e-05
-5.401742180177575e-05
-5.234880699226901e-05
-5.101191989123205e-05
-4.997590514223352e-05
-4.921772244089519e-05
-4.872098965887092e-05
-4.8475192657445484e-05
-4.723723025257822e-05
-4.747675006974245e-05
-4.7960797246778016e-05
-4.869961741338325e-05
-4.9709174329275104e-05
-5.101191989129026e-05
-5.263792146673419e-05
-5.46264505198876e-05
-5.7028188772872385e-05
-5.990828620286891e-05
-6.335062528089844e-05
-6.746383674426378e-05
-7.238992506972036e-05
-7.831689335433348e-05
-8.549769881907105e-05
-9.427962830755863e-05
-0.00010515168873394783
-0.00011882506333199468
-0.00013637744256544032
-0.00015951641113597477
-0.00019099031584152187
-0.0002347323477715013
-0.00029320635959455916
-0.0003532875239455487
-0.00034222987383460406
-3.6893760390376384e-05
0.0010407551618521046
0.0035962268627093767
0.008195173207208365
0.014569059480882062
0.021116793284775878
0.02535186006290989
0.0253518600629086
0.021116793284778335
0.01456905948088578
0.00819517320721104
0.003596226862711145
0.001040755161853761
-3.68937603886818e-05
-0.0003422298738337489
-0.00035328752394443784
-0.0002932063595933441
-0.00023473234777022828
-0.0001909903158404787
-0.0001595164111336621
-0.0001363774425643019
-0.00011882506333112855
-0.00010515168873295487
-9.427962830710002e-05
-8.549769881876262e-05
-7.831689335262147e-05
-7.238992506876012e-05
-6.74638367430034e-05
-6.335062528089799e-05
-5.9908286201596585e-05
-5.70281887722087e-05
-5.462645051924387e-05
-5.2637921466927905e-05
-5.101191989128633e-05
-4.970917433017243e-05
-4.8699617415341945e-05
-4.796079724814579e-05
-4.747675006998693e-05
-4.723723025324023e-05
-4.627787675615553e-05
-4.6512532097397466e-05
-4.6986748621886426e-05
-4.7710563878305365e-05
-4.869961741355535e-05
-4.9975905141277083e-05
-5.156888378125747e-05
-5.3517027220657636e-05
-5.5869987869629784e-05
-5.8691592552502824e-05
-6.206402014241994e-05
-6.609369515653691e-05
-7.091973805098146e-05
-7.672633369723316e-05
-8.376130190762055e-05
-9.23648763316679e-05
-0.00010301613242199487
-0.00011641180964244388
-0.0001336077110795591
-0.00015627674136627426
-0.00018711143150933567
-0.0002299651024430245
-0.00028725161567856854
-0.00034611286655253034
-0.0003352807562611758
-3.614837921876164e-05
0.001019608621834585
0.003523170337137843
0.00802870026988119
0.014273119362094081
0.020687856601706075
0.02483690201591443
0.024836902015913397
0.02068785660170756
0.014273119362096676
0.00802870026988485
0.0035231703371391156
0.0010196086218361034
-3.614837921746827e-05
-0.0003352807562609786
-0.00034611286655208143
-0.0002872516156779794
-0.00022996510244247112
-0.00018711143150920432
-0.0001562767413650493
-0.00013360771107901552
-0.00011641180964240167
-0.00010301613242174278
-9.236487633210546e-05
-8.376130190760966e-05
-7.672633369591161e-05
-7.091973805046654e-05
-6.609369515544463e-05
-6.206402014240374e-05
-5.869159255112968e-05
-5.586998786893559e-05
-5.351702722010926e-05
-5.156888378161644e-05
-4.9975905141416796e-05
-4.869961741457856e-05
-4.77105638804439e-05
-4.698674862314518e-05
-4.651253209726739e-05
-4.6277876757017896e-05
-4.557579676445428e-05
-4.5806892155113174e-05
-4.627391435130476e-05
-4.6986748622293246e-05
-4.796079724793142e-05
-4.9217722440974244e-05
-5.07865340338562e-05
-5.270512222558038e-05
-5.5022386149314824e-05
-5.780118431141062e-05
-6.112244884812593e-05
-6.509098970664512e-05
-6.984381674239986e-05
-7.556232054949356e-05
-8.249056125150178e-05
-9.096361078725996e-05
-0.00010145327650813382
-0.00011464572755460235
-0.00013158074926465367
-0.0001539058664978101
-0.00018427276277236418
-0.00022647630766745486
-0.0002828937764983385
-0.0003408622545137751
-0.00033019517272422385
-3.560277898768628e-05
0.0010041333020057114
0.0034697062219970964
0.007906872011465775
0.014056544150349307
0.02037395150419559
0.02446004452512099
0.024460044525117908
0.020373951504200433
0.014056544150352138
0.007906872011468634
0.0034697062219980943
0.0010041333020065408
-3.5602778987091116e-05
-0.0003301951727248352
-0.00034086225451415334
-0.00028289377649852573
-0.0002264763076677751
-0.0001842727627731583
-0.00015390586649771375
-0.00013158074926466812
-0.00011464572755534232
-0.00010145327650875808
-9.096361078858585e-05
-8.249056125184351e-05
-7.556232054865926e-05
-6.984381674224601e-05
-6.509098970579146e-05
-6.11224488479483e-05
-5.780118430993946e-05
-5.502238614837334e-05
-5.2705122224961615e-05
-5.078653403406012e-05
-4.9217722441134e-05
-4.7960797248911347e-05
-4.69867486244645e-05
-4.6273914352455243e-05
-4.580689215472133e-05
-4.5575796765402675e-05
-4.511582036618992e-05
-4.534458341126608e-05
-4.580689215433351e-05
-4.65125320967882e-05
-4.7476750070159294e-05
-4.8720989659004196e-05
-5.027396791215728e-05
-5.2173192618082525e-05
-5.446706939123915e-05
-5.721782233239492e-05
-6.0505566762846105e-05
-6.443405482402534e-05
-6.913891358593821e-05
-7.479970293711212e-05
-8.165801979528696e-05
-9.004555434135182e-05
-0.00010042935214071762
-0.00011348865705877332
-0.0001302527602096787
-0.00015235255858447955
-0.00018241297394864543
-0.0002241905806223007
-0.00028003868340077014
-0.0003374222464572608
-0.0003268632726096531
-3.5245271677246325e-05
0.000993994578537834
0.0034346788015112394
0.007827055172941364
0.013914652908641436
0.020168293601919796
0.024213142716127928
0.024213142716129066
0.02016829360192176
0.013914652908644659
0.007827055172943423
0.003434678801511849
0.0009939945785380298
-3.5245271677351526e-05
-0.00032686327261108734
-0.0003374222464584597
-0.00028003868340184665
-0.0002241905806233651
-0.00018241297395033527
-0.00015235255858537546
-0.0001302527602102899
-0.00011348865706021813
-0.00010042935214226971
-9.004555434332145e-05
-8.165801979598193e-05
-7.47997029367006e-05
-6.913891358600589e-05
-6.443405482335892e-05
-6.050556676245876e-05
-5.721782233082254e-05
-5.44670693900079e-05
-5.21731926172353e-05
-5.02739679119929e-05
-4.872098965885189e-05
-4.74767500707141e-05
-4.6512532098400624e-05
-4.5806892155103715e-05
-4.534458341055125e-05
-4.511582036712403e-05
-4.4888211431077664e-05
-4.511582036763525e-05
-4.557579676500848e-05
-4.627787675640604e-05
-4.7237230253496494e-05
-4.847519265767899e-05
-5.0020336140359795e-05
-5.190997926274233e-05
-5.4192283432659205e-05
-5.692915882963755e-05
-6.0200316592699024e-05
-6.410898543162639e-05
-6.8790108177066e-05
-7.442233883359263e-05
-8.124605545786748e-05
-8.959127484410866e-05
-9.992268629538742e-05
-0.00011291610686254114
-0.00012959563483004463
-0.00015158393926544122
-0.00018149269948041118
-0.00022305954021302867
-0.00027862590480644516
-0.0003357200348010878
-0.0003252145520701653
-3.5068352489424595e-05
0.0009889776963228638
0.0034173463482090605
0.007787559744830322
0.0138444414326052
0.02006652869756445
0.024090969234600725
0.02409096923460139
0.02006652869756854
0.013844441432609194
0.007787559744830792
0.0034173463482090466
0.000988977696322579
-3.5068352490177004e-05
-0.00032521455207223915
-0.00033572003480275586
-0.00027862590480795047
-0.0002230595402142961
-0.00018149269948244652
-0.000151583939266821
-0.0001295956348309041
-0.00011291610686424845
-9.992268629758745e-05
-8.959127484642298e-05
-8.12460554588418e-05
-7.44223388336164e-05
-6.879010817722352e-05
-6.410898543108641e-05
-6.02003165919925e-05
-5.6929158827949595e-05
-5.419228343107281e-05
-5.190997926160131e-05
-5.0020336139772076e-05
-4.8475192657191225e-05
-4.723723025354801e-05
-4.627787675725916e-05
-4.557579676524134e-05
-4.5115820366773175e-05
-4.4888211431896684e-05
