0.0008115538902344408
0.000815669688348881
0.0008239873570091257
0.000836683005439311
0.0008540310346588514
0.0008764173791148699
0.0009043588944377366
0.0009385306802046442
0.0009798040274651828
0.0010292990241890674
0.001088457921668623
0.001159148654164807
0.0012438132989693086
0.0013456854337186176
0.0014691165992466073
0.001620082375092427
0.0018069981690911402
0.0020420936546980597
0.0023437868859595614
0.002740405101338084
0.0032724857465507655
0.003972493872416588
0.004731203608987912
0.004784359866105316
0.0013177833419549755
-0.013145796519895642
-0.053381458383695075
-0.1398625202393401
-0.28744323567230456
-0.48556246244922113
-0.6851899326510966
-0.8129585593977149
-0.8129585593977251
-0.6851899326511192
-0.4855624624492535
-0.2874432356723351
-0.13986252023937074
-0.05338145838371452
-0.013145796519911558
0.0013177833419453534
0.004784359866091575
0.00473120360898527
0.003972493872414313
0.0032724857465471443
0.002740405101331239
0.002343786885951632
0.002042093654689712
0.001806998169089866
0.0016200823750875718
0.0014691165992444261
0.0013456854337119282
0.001243813298970312
0.001159148654164985
0.001088457921673435
0.001029299024193007
0.0009798040274720528
0.0009385306802089916
0.0009043588944406694
0.0008764173791164867
0.0008540310346540024
0.0008366830054352602
0.0008239873570107821
0.0008156696883424219
0.000811553890237021
0.0013266066189824915
0.001333334508869059
0.0013469309869611201
0.0013676839302324108
0.0013960418883789474
0.0014326357292276486
0.0014783103309566207
0.0015341692452541173
0.0016016367282632666
0.0016825437320961987
0.0017792478332660133
0.0018948024511210439
0.002033199528197439
0.002199724833473889
0.002401491615178517
0.0026482678575908795
0.0029538098128790713
0.003338108731041175
0.0038312717445683486
0.004479604320838395
0.005349372988887571
0.006493656858011036
0.007733953412920198
0.007821129387881112
0.002155447046156957
-0.021484723845820772
-0.08724946794286749
-0.22860289957966734
-0.4698248553248283
-0.7936532922801274
-1.119947489210688
-1.3287874709940768
-1.3287874709941114
-1.119947489210761
-0.7936532922802089
-0.46982485532491314
-0.22860289957974836
-0.08724946794292794
-0.02148472384587037
0.002155447046118992
0.007821129387843495
0.00773395341289702
0.006493656857989792
0.005349372988867564
0.0044796043208177715
0.0038312717445486066
0.0033381087310220994
0.00295380981286834
0.0026482678575789577
0.0024014916151698243
0.002199724833462321
0.002033199528193103
0.0018948024511176685
0.0017792478332662631
0.0016825437320964042
0.0016016367282671966
0.0015341692452547132
0.0014783103309559576
0.0014326357292268734
0.0013960418883720229
0.0013676839302270787
0.0013469309869617299
0.001333334508860969
0.0013266066189870237
0.0018455924011799231
0.0018549523293479205
0.001873867927027467
0.0019027396924233917
0.0019421916537504845
0.001993101482582058
0.0020566445845006985
0.0021343562350658045
0.0022282178780851903
0.002340776758140114
0.002475312766606055
0.0026360738605702527
0.002828613682962086
0.0030602858651483586
0.0033409864518511626
0.003684304791885735
0.004109378765892319
0.004644020470044972
0.005330115376793668
0.00623208447110722
0.007442119848114754
0.009034072128508819
0.01075963330519528
0.01088108993307709
0.00299951296984184
-0.029887311131487126
-0.12137605188109153
-0.31802080513612596
-0.6535989543729344
-1.1040963934888086
-1.5580244187151837
-1.8485547355498877
-1.8485547355499201
-1.5580244187152823
-1.1040963934889323
-0.653598954373077
-0.3180208051362538
-0.1213760518811936
-0.02988731113157092
0.002999512969775157
0.01088108993301547
0.010759633305151452
0.00903407212846841
0.007442119848078773
0.006232084471073276
0.005330115376762451
0.004644020470014755
0.004109378765872095
0.003684304791866035
0.003340986451835769
0.0030602858651311384
0.0028286136829519318
0.0026360738605621416
0.00247531276660089
0.002340776758135554
0.002228217878085479
0.002134356235063111
0.0020566445844965747
0.0019931014825791547
0.001942191653741728
0.0019027396924175823
0.0018738679270259443
0.0018549523293388357
0.0018455924011860645
0.0023712251939679418
0.002383250870780706
0.0024075537137507844
0.0024446482847335933
0.0024953363379437237
0.002560745509693441
0.0026423859662732443
0.0027422302365135206
0.00286282408819467
0.0030074402324461085
0.003180292688269463
0.003386839249816839
0.003634215262268464
0.003931868704045812
0.004292514057753704
0.004733610979910568
0.005279747906392429
0.005966657947516459
0.006848155771101903
0.008007009902930656
0.009561670067974077
0.0116070245011935
0.013824065938854189
0.01398024425126244
0.0038543990916280984
-0.03839748553769086
-0.15593963463087873
-0.40858375175001466
-0.8397263886284807
-1.4185149095628342
-2.001711196136252
-2.3749779443263885
-2.374977944326448
-2.001711196136387
-1.4185149095630292
-0.8397263886286761
-0.4085837517501899
-0.15593963463102345
-0.038397485537809264
0.0038543990915321067
0.013980244251176612
0.013824065938789595
0.011607024501133757
0.009561670067922325
0.008007009902882938
0.0068481557710594575
0.005966657947474607
0.00527974790636245
0.004733610979881897
0.00429251405773109
0.003931868704022013
0.0036342152622518852
0.0033868392498030402
0.0031802926882587026
0.0030074402324365094
0.002862824088190872
0.0027422302365079335
0.0026423859662655508
0.002560745509688166
0.0024953363379330946
0.0024446482847276705
0.002407553713746553
0.002383250870771035
0.0023712251939754314
0.0029063613184323643
0.0029211009401078343
0.002950888428719551
0.0029963544720237522
0.003058481763491469
0.0031386524234932774
0.0032387174314469826
0.0033610944749202154
0.003508903848555455
0.0036861568463499774
0.0038980185038215514
0.004151178325866421
0.004454381956879112
0.004819209587870153
0.005261245096368789
0.005801888421398385
0.0064712770997335765
0.007313208467539127
0.008393642068364914
0.009814025696164153
0.011719541463106244
0.014226495672818053
0.016943903988696208
0.017135434625594526
0.004724755457328238
-0.04706147747209276
-0.19112799733268052
-0.5007837718637491
-1.0292184039938805
-1.738617106650296
-2.4534184161224157
-2.9109172075877683
-2.910917207587814
-2.4534184161225903
-1.7386171066505522
-1.029218403994131
-0.5007837718639779
-0.19112799733287067
-0.047061477472248335
0.004724755457201741
0.01713543462548444
0.016943903988609833
0.014226495672738705
0.011719541463038954
0.009814025696102586
0.008393642068311532
0.007313208467485807
0.006471277099693988
0.005801888421360087
0.005261245096338517
0.0048192095878388155
0.004454381956855503
0.004151178325845934
0.0038980185038047007
0.0036861568463354174
0.003508903848546936
0.0033610944749117725
0.003238717431435258
0.0031386524234853896
0.0030584817634784806
0.0029963544720176165
0.0029508884287123166
0.002921100940097629
0.002906361318440704
0.0034540657522100656
0.003471583059025521
0.0035069840068174376
0.003561018136603762
0.0036348533306940966
0.003730132170391652
0.0038490544526637777
0.003994493478923293
0.0041701575641620555
0.004380813931791316
0.004632600969678085
0.004933468821760376
0.0052938112516000575
0.0057273907405847434
0.006252727952695103
0.006895255652287259
0.007690790805306796
0.008691384373637916
0.009975426017490279
0.011663481514210424
0.013928093238845751
0.01690748872636324
0.020137016658075872
0.020364733814749236
0.005615572272328227
-0.05592889301746591
-0.2271426345868246
-0.5951488316902371
-1.2231600997234535
-2.0662360094542676
-2.9157327246547773
-3.4594415161159695
-3.459441516116049
-2.9157327246549904
-2.0662360094545718
-1.2231600997237617
-0.5951488316905194
-0.22714263458706258
-0.05592889301765916
0.005615572272170347
0.02036473381461461
0.020137016657967036
0.016907488726264415
0.01392809323876275
0.011663481514135064
0.009975426017425841
0.008691384373573368
0.007690790805257261
0.006895255652238157
0.006252727952656341
0.00572739074054501
0.005293811251568221
0.004933468821732078
0.00463260096965421
0.004380813931771336
0.004170157564147487
0.003994493478911293
0.0038490544526474887
0.0037301321703809287
0.0036348533306786363
0.0035610181365971303
0.003506984006807902
0.0034715830590149165
0.0034540657522186425
0.00401768871651971
0.004038064439428709
0.004079241996613422
0.004142093236723111
0.004227976613261293
0.004338802738541688
0.004477130365170261
0.00464630165044066
0.004850630020019798
0.0050956605971974114
0.00538853341188915
0.0057384958865364976
0.006157637805158008
0.006661967366108949
0.007273027375328157
0.008020400633684728
0.008945748605078265
0.010109615763740733
0.011603183161869913
0.013566690220529747
0.01620083482283837
0.01966640303051473
0.023422936207928475
0.023687896712128814
0.006532304810509814
-0.06505395279557742
-0.2642037874816233
-0.6922560195305953
-1.422737533967648
-2.4033751899665194
-3.391481433203631
-4.023905404295855
-4.023905404295949
-3.3914814332038876
-2.4033751899668685
-1.4227375339680215
-0.6922560195309359
-0.26420378748190887
-0.06505395279580964
0.006532304810320526
0.023687896711970163
0.023422936207796178
0.019666403030396816
0.016200834822739464
0.01356669022044002
0.011603183161793209
0.010109615763664466
0.008945748605018275
0.008020400633624008
0.0072730273752800055
0.0066619673660596864
0.00615763780511662
0.005738495886499235
0.005388533411857197
0.005095660597171861
0.004850630019998442
0.004646301650424447
0.004477130365149502
0.0043388027385277955
0.004227976613243086
0.004142093236714887
0.004079241996601925
0.004038064439417233
0.004017688716527533
0.004600956997107675
0.004624290767492671
0.004671446280400824
0.004743421955206185
0.004841773459059265
0.004968688777641979
0.005127098130780177
0.0053208288738627344
0.00555482063468194
0.005835423550519846
0.006170814206122758
0.006571582519802185
0.00705157341180678
0.007629119073268459
0.00832888979073845
0.009184763053879861
0.010244448538718717
0.011577280280020492
0.013287676578152139
0.015536236248428446
0.018552794110627224
0.022521481264008235
0.02682339039325447
0.02712689890856053
0.007481022397954971
-0.07449696902321004
-0.30255644449012614
-0.7927472703583283
-1.629270042094034
-2.752263362049104
-3.8838095591467394
-4.6080403566474
-4.608040356647501
-3.883809559147037
-2.75226336204952
-1.6292700420944661
-0.7927472703587239
-0.3025564444904587
-0.07449696902348144
0.007481022397734214
0.027126898908377974
0.0268233903930992
0.02252148126387262
0.018552794110512152
0.01553623624832439
0.013287676578061723
0.011577280279932104
0.01024444853864706
0.009184763053806087
0.00832888979067982
0.007629119073209251
0.007051573411755122
0.006571582519755633
0.006170814206082019
0.005835423550488435
0.005554820634653025
0.0053208288738416645
0.005127098130755089
0.004968688777624764
0.00484177345903865
0.004743421955195792
0.004671446280388121
0.004624290767480505
0.0046009569971139225
0.005208085847949518
0.0052344986748962515
0.005287876692331595
0.005369350068171989
0.005480679750926744
0.005624342446576329
0.005803655038333404
0.0060229499284169185
0.006287818563746639
0.0066054490275405595
0.006985096863328374
0.007438749404872948
0.007982078508797272
0.0086358354303347
0.009427945877655778
0.010396757719333485
0.01159627626838393
0.013104984691044501
0.015041080059123225
0.017586353474455148
0.021000968710530435
0.02549335719609882
0.030362954910077913
0.030706596659060274
0.008468591039024254
-0.08432615527934431
-0.342477694348185
-0.8973486332490581
-1.8442498366177107
-3.115421276711036
-4.396274224157928
-5.2160668091529905
-5.216066809153129
-4.396274224158267
-3.1154212767115146
-1.8442498366182052
-0.8973486332495129
-0.3424776943485694
-0.08432615527965599
0.008468591038771695
0.030706596658852975
0.030362954909898612
0.025493357195945577
0.021000968710398853
0.01758635347433663
0.015041080059018802
0.013104984690943903
0.011596276268300051
0.010396757719246013
0.009427945877586176
0.008635835430265738
0.007982078508736116
0.007438749404817976
0.006985096863279551
0.0066054490275033965
0.006287818563710438
0.00602294992839042
0.005803655038304063
0.005624342446555236
0.0054806797509037485
0.005369350068158956
0.005287876692318225
0.005234498674883671
0.00520808584795339
0.00584391944099075
0.005873556900856735
0.0059334516199362804
0.006024871743706547
0.006149793207657494
0.006310995088654268
0.006512199214593421
0.006758266912954174
0.007055472267556727
0.00741188092535522
0.007837878401479882
0.00834691551452536
0.008956577434532572
0.009690148853595936
0.010578964817181003
0.011666054931632863
0.013012017804261158
0.014704918304258324
0.016877383739167525
0.01973339948584974
0.023564892299729454
0.02860574320531411
0.03406987228537059
0.03445555522904979
0.009502902719129395
-0.09461989764768486
-0.3842859538202264
-1.006894451966383
-2.0693917051643087
-3.49574567582294
-4.932963124395111
-5.852834711165558
-5.852834711165691
-4.932963124395501
-3.4957456758234815
-2.06939170516487
-1.0068944519668945
-0.3842859538206621
-0.09461989764803742
0.00950290271884362
0.03445555522881588
0.03406987228516646
0.028605743205142593
0.02356489229958058
0.019733399485716886
0.01687738373904904
0.014704918304146102
0.013012017804164985
0.01166605493153231
0.010578964817100097
0.00969014885351747
0.008956577434462239
0.008346915514462504
0.007837878401423463
0.007411880925312328
0.007055472267513891
0.006758266912922476
0.006512199214560298
0.006310995088629673
0.006149793207632556
0.0060248717436911965
0.0059334516199221095
0.005873556900844125
0.005843919440991264
0.006514111011091737
0.006547147350684171
0.006613910909001989
0.006715815264873266
0.006855062957860607
0.0070347517747093805
0.007259030369700657
0.0075333175767344504
0.007864607003700888
0.008261889281609983
0.0087367409567166
0.009304155413854326
0.009983734525044814
0.01080143331715052
0.011792180401550705
0.013003940107359807
0.014504260615757297
0.016391306263539403
0.018812914361888103
0.0219964638907149
0.026267361050728924
0.031886312114680515
0.03797710221976581
0.038407111392369846
0.010593169645365413
-0.10546966733420463
-0.42835280234904693
-1.1223583769759087
-2.3066967491387276
-3.8966169645761677
-5.498646471091416
-6.524003799097133
-6.524003799097304
-5.498646471091847
-3.8966169645767845
-2.3066967491393626
-1.1223583769764858
-0.4283528023495369
-0.10546966733460023
0.010593169645045303
0.03840711139210799
0.03797710221953636
0.03188631211448962
0.026267361050561946
0.02199646389056714
0.018812914361755487
0.016391306263415634
0.014504260615648964
0.013003940107247687
0.011792180401459306
0.010801433317063257
0.00998373452496647
0.00930415541378425
0.008736740956653485
0.008261889281561097
0.007864607003652442
0.007533317576697679
0.007259030369664377
0.007034751774681861
0.006855062957834319
0.00671581526485651
0.006613910908986916
0.006547147350672093
0.006514111011088307
0.007225358711623328
0.007262002147524308
0.007336055332626123
0.007449086188420944
0.007603537740416208
0.007802846009557045
0.008051612624100502
0.008355848077491915
0.008723309580106007
0.009163969412035844
0.009690668113895889
0.010320036135292001
0.01107381559466951
0.011980795440197494
0.013079717993703256
0.014423784612287483
0.016087918788500778
0.018181003031597448
0.020867016443643707
0.024398164752154186
0.02913538471085414
0.03536785174383135
0.04212369676925293
0.04260076456659448
0.011750309676266309
-0.11698383340389544
-0.47511847490227777
-1.2448939640042014
-2.5585358257832747
-4.322040168587152
-6.098975900340522
-7.236279597847575
-7.236279597847746
-6.098975900341026
-4.3220401685878365
-2.5585358257839834
-1.2448939640048462
-0.4751184749028255
-0.11698383340433627
0.011750309675909579
0.04260076456630285
0.04212369676899716
0.03536785174361927
0.029135384710666696
0.024398164751990324
0.020867016443495732
0.018181003031461564
0.01608791878837963
0.014423784612165508
0.013079717993601702
0.011980795440102401
0.011073815594584119
0.010320036135215467
0.009690668113826746
0.00916396941198078
0.008723309580052168
0.008355848077449716
0.00805161262406068
0.007802846009526735
0.007603537740388461
0.007449086188403609
0.007336055332609833
0.007262002147513753
0.0072253587116157545
0.00798572078185824
0.008026220398131242
0.008108066587175475
0.00823299227113096
0.008403697567974822
0.008623980089292915
0.008898925717009263
0.009235177460619713
0.009641308862861107
0.010128341639830434
0.010710467610559354
0.01140606733561765
0.012239170972964264
0.013241597086531975
0.014456165061997468
0.015941674924692138
0.017780934777904715
0.020094285445166792
0.02306296249507868
0.02696571284354574
0.032201457507577275
0.03908980771384307
0.04655663798725026
0.04708403583356682
0.012987461658662196
-0.12929275668145168
-0.5251125619834587
-1.3758889185072432
-2.827761037005982
-4.776833270020359
-6.740750241143126
-7.997728747812989
-7.997728747813187
-6.740750241143676
-4.776833270021129
-2.8277610370067756
-1.3758889185079628
-0.5251125619840662
-0.1292927566819419
0.01298746165826559
0.04708403583324229
0.04655663798696612
0.03908980771360687
0.03220145750736768
0.02696571284336402
0.02306296249491401
0.020094285445017686
0.017780934777770034
0.01594167492456132
0.014456165061885982
0.013241597086429212
0.012239170972872289
0.011406067335534554
0.010710467610484494
0.010128341639768716
0.009641308862802112
0.00923517746057136
0.008898925716965617
0.008623980089259149
0.008403697567944804
0.008232992271112398
0.008108066587157079
0.008026220398122012
0.007985720781846941
0.008805045766455986
0.008849700594223334
0.00893994410301779
0.009077687010784425
0.00926590646449068
0.009508789706313858
0.009811944423846834
0.010182695191823597
0.010630495188802273
0.011167496946673256
0.011809348349463174
0.012576315783337996
0.013494894874904935
0.014600168739759303
0.015939349989575455
0.01757727147590625
0.019605237339381028
0.0221559352770101
0.02542919552184371
0.02973236441443811
0.035505293004983327
0.043100389467741224
0.051333346438190666
0.05191500573071976
0.014320689360980824
-0.14255574166324753
-0.5789822619532965
-1.5170391320636167
-3.117857897187265
-5.266884262156868
-7.43227825449583
-8.8182093854443
-8.818209385444503
-7.4322782544964445
-5.266884262157722
-3.1178578971881388
-1.5170391320644172
-0.5789822619539713
-0.1425557416637908
0.014320689360539735
0.05191500573035883
0.05133334643787553
0.043100389467478406
0.03550529300474926
0.029732364414236948
0.025429195521660487
0.022155935276846683
0.019605237339231595
0.017577271475766775
0.015939349989453004
0.014600168739647916
0.013494894874805164
0.012576315783247177
0.011809348349381844
0.011167496946604561
0.010630495188737776
0.010182695191768787
0.009811944423798997
0.009508789706276501
0.009265906464458013
0.009077687010764134
0.008939944102996967
0.008849700594215523
0.008805045766441862
0.009695573599779558
0.009744744745222482
0.009844115337854321
0.009995789342702194
0.010203045010820935
0.01047049307568216
0.010804308377889102
0.011212556288620284
0.011705646066752916
0.012296959333233801
0.01300372657612089
0.013848263894581745
0.014859746645256865
0.016076806201345
0.01755143019444786
0.01935500858691086
0.021588079909275425
0.024396751747843854
0.028001064997331862
0.03273945093909605
0.03909624798197986
0.047459512735802685
0.05652518605103285
0.057165860167801064
0.01576996576519807
-0.15697074689020915
-0.637531846843837
-1.6704521059201418
-3.4331579015923643
-5.799510237871652
-8.183885356001433
-9.70997235627426
-9.709972356274504
-8.183885356002108
-5.799510237872594
-3.4331579015933458
-1.6704521059210293
-0.637531846844583
-0.15697074689081025
0.015769965764709095
0.057165860167400245
0.056525186050683865
0.04745951273551012
0.03909624798171887
0.0327394509388725
0.02800106499712743
0.02439675174766384
0.021588079909109947
0.01935500858676146
0.017551430194313496
0.016076806201224137
0.014859746645148799
0.01384826389448228
0.013003726576032666
0.012296959333157484
0.01170564606668242
0.01121255628855804
0.010804308377836597
0.010470493075640465
0.010203045010785297
0.009995789342679376
0.00984411533783187
0.009744744745215791
0.009695573599764282
0.010672797969580105
0.010726925115452276
0.010836311352411598
0.011003272706044925
0.011231417845340524
0.011525822223865405
0.011893283050174928
0.012342678611833495
0.012885467326902577
0.013536379562972583
0.014314382486169445
0.015244041458126132
0.016357472450440294
0.017697200534686257
0.019320453235384158
0.021305815995773594
0.02376396075659178
0.02685572150177761
0.030823317435287906
0.03603929116773118
0.0430367999425684
0.05224302107631466
0.06222249258769173
0.06292797810982373
0.017360586716540387
-0.1727883113621152
-0.7017792695532626
-1.8387952983096274
-3.779143429176015
-6.3839724574909305
-9.008640446119093
-10.688523579384825
-10.688523579385098
-9.008640446119845
-6.38397245749197
-3.77914342917709
-1.8387952983106093
-0.7017792695540872
-0.17278831136277956
0.017360586715998643
0.06292797810937908
0.062222492587305375
0.05224302107598901
0.04303679994227717
0.03603929116748205
0.030823317435059273
0.026855721501578646
0.02376396075640837
0.021305815995612362
0.019320453235235763
0.01769720053455448
0.016357472450322378
0.015244041458017017
0.014314382486073298
0.013536379562888575
0.0128854673268257
0.012342678611764097
0.011893283050117378
0.01152582222381935
0.011231417845301189
0.011003272706018627
0.010836311352387565
0.010726925115445625
0.010672797969564628
0.011756743454065133
0.011816367838276078
0.011936863514171005
0.012120781726808891
0.012372097647708658
0.012696402202141313
0.013101182934808263
0.013596219827491828
0.014194135035184022
0.014911154967628869
0.01576817313034707
0.01679224978794054
0.018018762669989936
0.019494555775802017
0.021282668770602312
0.023469668397602145
0.02617746668204569
0.029583232290501554
0.033953784874672516
0.03969950381911231
0.04740769725956409
0.05754893797384343
0.06854202102129178
0.06931946757391329
0.01912526900883931
-0.19033216490178817
-0.7730399584999195
-2.025515731810893
-4.1628991159897755
-7.032238851705806
-9.923431906555743
-11.773900688582156
-11.773900688582458
-9.923431906556566
-7.032238851706956
-4.162899115990963
-2.025515731811978
-0.7730399585008294
-0.19033216490252275
0.01912526900824
0.06931946757342013
0.06854202102086468
0.057548937973481665
0.0474076972592406
0.03969950381883472
0.03395378487441813
0.029583232290281335
0.026177466681842936
0.02346966839742583
0.021282668770436962
0.019494555775655828
0.018018762669859082
0.016792249787819413
0.01576817313024132
0.014911154967536398
0.014194135035100504
0.013596219827415632
0.01310118293474593
0.012696402202091246
0.012372097647665874
0.012120781726779013
0.011936863514146311
0.011816367838268248
0.011756743454050669
0.012973935278165684
0.013039732662110448
0.013172703431795076
0.01337566296678207
0.013652997994509208
0.014010878277822509
0.014457566559200486
0.015003855358143777
0.01566367362255943
0.01645492771010905
0.01740067426734948
0.018530775156372872
0.019884270828090078
0.021512855130162448
0.023486094349553406
0.025899517665987207
0.02888765893179191
0.032646029529833184
0.03746907374324206
0.04380965919858752
0.052315902489241756
0.06350711003120407
0.07563843353476829
0.07649679537596166
0.021107410395428072
-0.21003094173972794
-0.8530558594681155
-2.2351782546998047
-4.593807164844473
-7.760158652088664
-10.950625198154485
-12.992639744633014
-12.992639744633358
-10.950625198155379
-7.760158652089935
-4.593807164845794
-2.235178254701009
-0.8530558594691231
-0.21003094174054138
0.021107410394764353
0.07649679537541473
0.0756384335342965
0.06350711003080303
0.0523159024888834
0.043809659198278394
0.037469073742959436
0.03264602952958868
0.028887658931567306
0.025899517665793063
0.023486094349369217
0.021512855130000022
0.01988427082794459
0.018530775156238813
0.01740067426723231
0.016454927710006974
0.015663673622467927
0.015003855358060779
0.014457566559132317
0.01401087827776831
0.013652997994462377
0.013375662966749236
0.013172703431770166
0.013039732662101088
0.01297393527815284
0.014360610219504782
0.014433440140762234
0.014580623054755491
0.01480527525419409
0.015112252328358788
0.015508383476277074
0.01600281457848105
0.01660749168029697
0.017337832483559752
0.018213657214077732
0.01926048686103852
0.02051137498653792
0.02200953477153294
0.02381218522140518
0.025996328036241655
0.028667702800078916
0.03197522271805086
0.03613529604040421
0.04147383836101595
0.0484921221731418
0.057907541314774734
0.07029492869697905
0.0837230366514346
0.08467378755738264
0.023366554971853304
-0.2324694169538922
-0.9442045899640752
-2.4740142811151458
-5.084675727317186
-8.589369006592095
-12.120753685309818
-14.38096799699208
-14.380967996992469
-12.120753685310817
-8.589369006593513
-5.0846757273186505
-2.47401428111648
-0.9442045899651932
-0.2324694169547965
0.02336655497111706
0.08467378755677443
0.08372303665091263
0.070294928696533
0.05790754131437734
0.048492122172796345
0.041473838360702106
0.03613529604013106
0.031975222717801594
0.02866770279986302
0.02599632803603641
0.023812185221223286
0.02200953477137043
0.020511374986388803
0.019260486860907845
0.018213657213963796
0.0173378324834588
0.016607491680206518
0.016002814578406063
0.015508383476217483
0.015112252328307282
0.01480527525415809
0.014580623054730062
0.014433440140750563
0.014360610219493797
0.015968356445102295
0.016049340073037054
0.016213000916932216
0.016462804156296813
0.016804148991478786
0.017244629189641036
0.017794414565530624
0.018466788593742883
0.019278895078190014
0.020252773236168923
0.021416801284184273
0.02280773333085158
0.024473620538778412
0.02647808794031655
0.02890675807160184
0.03187720876616046
0.0355550250976852
0.04018084383187133
0.046117069567110786
0.05392109779756221
0.0643906489893478
0.07816495662613543
0.09309674894750694
0.09415523745025864
0.025988823483980298
-0.2584759877501483
-1.0498603132443294
-2.7508712893073746
-5.65369383359998
-9.550600394454754
-13.47718526472039
-15.990341891015014
-15.990341891015479
-13.477185264721491
-9.550600394456328
-5.6536938336016185
-2.7508712893088685
-1.049860313245576
-0.2584759877511578
0.0259888234831592
0.09415523744957918
0.09309674894692528
0.07816495662563713
0.06439064898890505
0.05392109779717533
0.04611706956676144
0.04018084383156508
0.035555025097406726
0.031877208765918166
0.028906758071372184
0.026478087940111285
0.024473620538595392
0.022807733330684837
0.021416801284037196
0.02025277323604048
0.01927889507807721
0.018466788593643618
0.0177944145654467
0.017244629189574187
0.016804148991420936
0.01646280415625713
0.016213000916904235
0.01604934007302279
0.015968356445092452
0.017874857393123913
0.017965509872538914
0.018148710622014737
0.018428338539421954
0.018810437452231904
0.01930350777102663
0.019918933516677645
0.020671584120193334
0.021580650239978766
0.02267080242881208
0.023973807075499093
0.02553080649151824
0.02739558884423428
0.029639375603393546
0.03235801212837194
0.03568311438448221
0.03980003744568175
0.04497814905984723
0.051623124114733354
0.060358913626672325
0.07207850974181503
0.08749760436537174
0.10421314775597443
0.10540194596215818
0.02911038768615143
-0.2892784405049649
-1.1750531565158853
-3.0789599109803603
-6.328039594334597
-10.689787379109708
-15.084757251570018
-17.897698372940532
-17.897698372941015
-15.08475725157127
-10.689787379111483
-6.328039594336436
-3.0789599109820336
-1.1750531565172868
-0.28927844050610024
0.02911038768522945
0.105401945961394
0.1042131477553216
0.08749760436481045
0.07207850974131896
0.06035891362623674
0.0516231241143423
0.04497814905950088
0.03980003744536818
0.035683114384206925
0.03235801212811343
0.029639375603160177
0.027395588844026632
0.02553080649132994
0.02397380707533237
0.022670802428665354
0.021580650239851035
0.020671584120082465
0.019918933516582617
0.01930350777095001
0.01881043745216665
0.018428338539377555
0.01814871062198286
0.01796550987252201
0.01787485739311473
0.020205212983240857
0.020307683906794764
0.02051476870136404
0.020830851962095876
0.02126276545876648
0.02182011781277856
0.02251577719683551
0.023366551592862418
0.024394133576847103
0.02562641004436013
0.02709928882722918
0.02885927604237197
0.0309671723377741
0.03350348449744445
0.036576553498409235
0.040335154485887925
0.0449888079677704
0.050842000600392234
0.05835329955399962
0.06822802093428809
0.08147568471618377
0.09890582206017431
0.11780438324600168
0.11916315280046114
0.032975971225795375
-0.32677713130835057
-1.327685400365108
-3.4791181039218526
-7.1506601043348095
-12.079585570269042
-17.046077286402188
-20.224821500516164
-20.224821500516732
-17.046077286403623
-12.079585570271037
-7.150660104336895
-3.479118103923752
-1.3276854003666967
-0.3267771313096381
0.03297597122475032
0.11916315279959407
0.11780438324526077
0.09890582205953584
0.08147568471562139
0.06822802093379335
0.05835329955355671
0.050842000599997196
0.044988807967413405
0.04033515448557186
0.03657655349811546
0.0335034844971776
0.030967172337536066
0.028859276042156642
0.0270992888270375
0.025626410044190282
0.02439413357669981
0.023366551592736085
0.022515777196726254
0.021820117812689638
0.021262765458691595
0.020830851962045146
0.020514768701326125
0.020307683906775342
0.020205212983231597
0.023171503907089917
0.023289018425700563
0.023526505013893504
0.02388899196395306
0.024384314009690027
0.02502349040310779
0.02582127847893883
0.02679695378091671
0.027975393550111156
0.029388578730947683
0.03107768875332831
0.03309605726236395
0.03551341101158104
0.0384220759492971
0.04194629856491423
0.04625669569383153
0.05159354772888332
0.05830604428780971
0.06692008415021068
0.07824459544359737
0.09343769508848246
0.11342975782980837
0.13511687554274635
0.13673094224061053
0.03807816332301538
-0.3739592079624802
-1.5205501823228917
-3.985346239133512
-8.191874729353403
-13.839177858890897
-19.52963050096556
-23.17177505552276
-23.171775055523433
-19.529630500967205
-13.839177858893212
-8.191874729355796
-3.9853462391356933
-1.520550182324717
-0.3739592079639604
0.03807816332181457
0.13673094223961352
0.13511687554189408
0.11342975782907116
0.09343769508783523
0.0782445954430267
0.06692008414970058
0.0583060442873517
0.05159354772847041
0.04625669569346243
0.0419462985645749
0.03842207594898833
0.03551341101130432
0.03309605726211395
0.03107768875310521
0.029388578730749203
0.027975393549939397
0.026796953780770308
0.025821278478811965
0.025023490403003237
0.02438431400960285
0.023888991963892985
0.023526505013847572
0.023289018425677474
0.02317150390708051
0.027128681877386537
0.02726626521668333
0.027544309138739943
0.02796870065099829
0.02854861247696145
0.029296945699140403
0.030230977858844245
0.031373276308790776
0.03275296673428148
0.03440749166409114
0.03638506298802123
0.038748122448770676
0.04157830442621381
0.04498370185543657
0.049109779399848535
0.05415629088275453
0.0604045505221617
0.06826338308801957
0.07834852359620459
0.09160724541047498
0.1093966958762096
0.13281262219820933
0.15824896779518924
0.16031957136309105
0.04542508361761286
-0.43527023910316137
-1.7736351508069441
-4.651425530814279
-9.563519210454318
-16.158658689219337
-22.80456833673429
-27.058381265596353
-27.058381265597077
-22.804568336736224
-16.15865868922205
-9.56351921045713
-4.651425530816838
-1.7736351508090888
-0.4352702391048964
0.045425083616204176
0.1603195713619209
0.15824896779418807
0.1328126221973418
0.10939669587544912
0.09160724540980371
0.07834852359560421
0.06826338308747833
0.060404550521673796
0.05415629088231494
0.04910977939944741
0.04498370185507236
0.041578304425886045
0.038748122448475274
0.036385062987757566
0.03440749166385643
0.03275296673407798
0.03137327630861741
0.030230977858694157
0.029296945699015683
0.028548612476857818
0.027968700650925656
0.027544309138683564
0.027266265216655268
0.02712868187737668
0.03259710920704938
0.032762425408060916
0.03309651501299127
0.03360645165935161
0.03430325699282505
0.03520243253010059
0.036324738390302286
0.03769729074308198
0.03935508601161238
0.04134311382461931
0.04371930385304308
0.046558683776488224
0.04995934232096631
0.05405115960366762
0.05900891978043492
0.06507263801214258
0.07258032830363369
0.08202322041383245
0.0941412180406374
0.11007305054970767
0.13145276552460466
0.15961444837238675
0.1903004738713258
0.1932752670402162
0.05685025914353353
-0.5161555810342373
-2.1134894791492695
-5.550164926659235
-11.41824447930952
-19.298621062261063
-27.2407240115501
-32.3245595788774
-32.32455957887829
-27.240724011552423
-19.29862106226432
-11.418244479312904
-5.550164926662305
-2.113489479151848
-0.5161555810363233
0.05685025914183993
0.19327526703880826
0.19030047387012153
0.15961444837134098
0.13145276552368845
0.11007305054889777
0.09414121803991289
0.08202322041317806
0.07258032830304409
0.06507263801160847
0.05900891977994967
0.05405115960322853
0.04995934232056945
0.04655868377613161
0.04371930385272451
0.04134311382433634
0.039355086011366405
0.03769729074287169
0.03632473839012075
0.035202432529949305
0.034303256992699774
0.03360645165926167
0.03309651501292172
0.03276242540802497
0.03259710920703921
0.04009942230912561
0.04030278553934066
0.04071376483622344
0.0413410617475607
0.0421982344090904
0.043304351801183895
0.04468495168288069
0.04637339058362311
0.04841271874992835
0.05085827931426175
0.05378133322301664
0.05727417396266839
0.061457462668851534
0.06649096721364034
0.07258969176602435
0.08004888030960955
0.08928432386109114
0.10090029316531895
0.11580707917497465
0.13540657110409304
0.161716111162864
0.19641483663851408
0.23442930074469842
0.23914795239899167
0.07486713475144526
-0.6200593319847929
-2.5615789030908673
-6.743297289975877
-13.888037541740097
-23.48666665042956
-33.162862132934286
-39.357553270990785
-39.35755327099187
-33.162862132937164
-23.486666650433566
-13.88803754174425
-6.743297289979655
-2.5615789030940386
-0.6200593319873535
0.07486713474936467
0.239147952397263
0.23442930074321838
0.19641483663722925
0.1617161111617358
0.13540657110309476
0.11580707917408073
0.10090029316451155
0.08928432386036467
0.08004888030894988
0.07258969176542718
0.0664909672131005
0.06145746266836372
0.05727417396222998
0.05378133322262478
0.05085827931391365
0.048412718749625605
0.046373390583362775
0.04468495168265693
0.04330435180099724
0.042198234408935935
0.04134106174744844
0.04071376483613682
0.040302785539293715
0.0400994223091139
0.04958534183588959
0.04983681072128654
0.05034500727386332
0.051120691259079296
0.052180627770329016
0.05354839622386511
0.05525557485097349
0.057343409967241896
0.05986513434135467
0.06288918104814602
0.06650366563866004
0.07082271037732307
0.0759955138467667
0.08221962929738606
0.08976090775522222
0.09898441271220845
0.11040425731381312
0.12476761740316504
0.143200265628639
0.16743753961724356
0.19998638841552543
0.24298871214022166
0.29045408662974653
0.29811548578276525
0.10107951620252327
-0.7410868787081242
-3.1015513178796166
-8.19356796058067
-16.901563785965095
-28.607064209622877
-40.4113731612435
-47.969973652585814
-47.96997365258718
-40.41137316124707
-28.60706420962784
-16.901563785970243
-8.193567960585336
-3.101551317883531
-0.7410868787112812
0.10107951619995845
0.29811548578063535
0.29045408662792427
0.24298871213863882
0.19998638841413374
0.16743753961600988
0.14320026562753305
0.12476761740216857
0.11040425731291512
0.09898441271139488
0.08976090775448396
0.08221962929672272
0.07599551384616489
0.07082271037678531
0.06650366563817706
0.06288918104771872
0.05986513434098201
0.05734340996692025
0.05525557485069697
0.05354839622363399
0.05218062777013866
0.051120691258937576
0.05034500727375596
0.0498368107212243
0.04958534183587709
0.05942617398676231
0.05972754705059194
0.06033659547027993
0.0612662140858028
0.06253649469293028
0.06417569554348368
0.06622166083764362
0.06872382116416711
0.07174597180315379
0.07537012414195564
0.07970187697598666
0.0848779952182366
0.09107727842006158
0.09853647258781474
0.10757416811593898
0.1186278442895296
0.13231358907720206
0.14952679652671672
0.17161683179096943
0.20066583654570536
0.23969492142987286
0.2913593902417779
0.3488617945370739
0.36050481334908796
0.13259176226953379
-0.8536212934128606
-3.6282787713068094
-9.624767588502412
-19.89049838947098
-33.69921566184039
-47.630328391647936
-56.552842883377735
-56.55284288337936
-47.63032839165224
-33.69921566184633
-19.890498389477138
-9.624767588508
-3.6282787713114883
-0.8536212934166276
0.13259176226647096
0.36050481334654894
0.34886179453490185
0.29135939023989355
0.23969492142821364
0.2006658365442308
0.1716168317896491
0.1495267965255243
0.13231358907613097
0.11862784428855722
0.10757416811505968
0.0985364725870208
0.09107727841934628
0.08487799521759595
0.07970187697541412
0.0753701241414471
0.07174597180271122
0.06872382116378205
0.06622166083731373
0.06417569554320704
0.06253649469270355
0.06126621408563157
0.0603365954701513
0.05972754705051683
0.05942617398674767
0.065635762545432
0.06596862346342802
0.06664130595140658
0.06766805188301175
0.06907105188365692
0.07088151607985374
0.0731412418304164
0.07590482306580595
0.07924271870417071
0.0832455062095333
0.08802981368685356
0.09374668977212677
0.10059360663179714
0.1088320324221953
0.11881382283054945
0.13102213009582037
0.1461373534549183
0.16514836762258867
0.18954569113464204
0.2216314899487728
0.264759746295701
0.321954797279131
0.38610508657352993
0.40151680631955633
0.15831852782539554
-0.9070160277548466
-3.915396032069435
-10.428648252429738
-21.590711008873892
-36.61496412603948
-51.778591198984316
-61.49269876357854
-61.49269876358032
-51.77859119898905
-36.61496412604605
-21.590711008880703
-10.428648252435904
-3.9153960320745824
-0.9070160277589914
0.1583185278220311
0.40151680631676473
0.3861050865711465
0.3219547972770603
0.264759746293877
0.22163148994715226
0.18954569113318992
0.16514836762127702
0.14613735345373946
0.1310221300947526
0.11881382282958312
0.10883203242132394
0.10059360663101276
0.09374668977142542
0.08802981368622241
0.08324550620897853
0.07924271870368288
0.07590482306538457
0.07314124183005044
0.07088151607955206
0.06907105188340786
0.06766805188282132
0.0666413059512642
0.0659686234633457
0.06563576254541838
0.06262889522124337
0.06294650455623421
0.06358836485189419
0.06456806523059361
0.06590677923333296
0.06763428647044484
0.06979046846134046
0.07242741665314664
0.07561236010600964
0.07943172394313694
0.08399678930705076
0.0894516792104629
0.09598481068061787
0.1038456605471943
0.11336994505166159
0.1250186495635381
0.13944094970242643
0.15758034971056903
0.1808591916185308
0.21147603437699386
0.25264434335802405
0.30732004806228674
0.3690209885167545
0.38568164610425415
0.16015810726381743
-0.8380493607247511
-3.6655943779315683
-9.796455013342609
-20.312320066330408
-34.474501901899664
-48.772921141175686
-57.93448388716054
-57.93448388716225
-48.772921141180205
-34.47450190190593
-20.312320066336873
-9.796455013348481
-3.665594377936459
-0.8380493607286903
0.1601581072606266
0.3856816461016046
0.36902098851449
0.30732004806032764
0.25264434335628916
0.21147603437545825
0.18085919161714378
0.15758034970932966
0.13944094970130155
0.12501864956252767
0.11336994505073729
0.10384566054637126
0.09598481067986947
0.08945167920980268
0.08399678930645396
0.07943172394261154
0.07561236010554562
0.07242741665274799
0.06979046846099501
0.06763428647015565
0.06590677923309958
0.06456806523040703
0.06358836485176037
0.06294650455615405
0.06262889522123481
0.046240003206608905
0.04647449828439863
0.04694839199086526
0.04767171725104915
0.048660106600372593
0.04993554646335077
0.05152748152122427
0.05347437104318248
0.055825850363611706
0.05864572717911421
0.06201616019597119
0.0660435549118059
0.07086701842694992
0.07667073706490496
0.08370256542072477
0.09230283998927505
0.10295083070435607
0.11634310681479301
0.1335298552020837
0.15613521197256533
0.18653816071278445
0.22695550447028395
0.2727502671772699
0.28600968067786814
0.12270494181855723
-0.6053085937847408
-2.671858682439481
-7.1572362018076205
-14.855265430130387
-25.226395498739848
-35.699720948999015
-42.411255768498584
-42.411255768499856
-35.69972094900234
-25.226395498744445
-14.855265430135152
-7.157236201811935
-2.6718586824430757
-0.6053085937876269
0.12270494181621933
0.2860096806759226
0.2727502671756083
0.22695550446884963
0.18653816071151522
0.1561352119714336
0.13352985520106853
0.11634310681388144
0.10295083070352933
0.09230283998853119
0.08370256542004856
0.07667073706429839
0.07086701842640052
0.06604355491132258
0.06201616019553741
0.05864572717872391
0.05582585036327348
0.05347437104288953
0.0515274815209736
0.04993554646313556
0.04866010660020226
0.047671717250911044
0.04694839199076796
0.046474498284336155
0.046240003206608926
0.017475964783862312
0.01756458975159888
0.017743692926542015
0.01801706613449285
0.018390617506864895
0.01887265654986993
0.019474311524638813
0.020210117640096822
0.021098833951128194
0.022164575762990735
0.02343839388426259
0.024960502838647886
0.026783476211039832
0.028976924534633883
0.03163452064025562
0.03488488912305582
0.03890916165033206
0.04397059453696832
0.05046609861674606
0.05900959661345952
0.07050091309844678
0.08578170289160672
0.10311610169662824
0.10823428950339758
0.046871942379142856
-0.2272740341843623
-1.0059646813504675
-2.6966059856524356
-5.598690969777444
-9.508953237088033
-13.458026711992929
-15.988778491527139
-15.988778491527611
-13.45802671199418
-9.508953237089738
-5.5986909697791996
-2.6966059856540294
-1.0059646813517955
-0.22727403418542796
0.04687194237828213
0.1082342895026768
0.10311610169601709
0.08578170289107581
0.07050091309798158
0.059009596613038486
0.0504660986163723
0.04397059453662755
0.03890916165002349
0.03488488912277688
0.031634520640004826
0.028976924534403665
0.02678347621083898
0.02496050283846677
0.023438393884107317
0.022164575762842646
0.02109883395100667
0.020210117639989863
0.019474311524552257
0.01887265654979281
0.018390617506798226
0.018017066134442615
0.01774369292650811
0.017564589751572497
0.01747596478386572
-0.016366607781375025
-0.01644960664179573
-0.016617339945061413
-0.01687335878373736
-0.017223196195678338
-0.01767463413240732
-0.018238094337189894
-0.01892718918884425
-0.019759486727475295
-0.020757571149621085
-0.021950521772702656
-0.023375999740335746
-0.02508324043027752
-0.027137434224284183
-0.029626305597782385
-0.03267031080511326
-0.03643907804152691
-0.041179146231653155
-0.0472622496315537
-0.05526358927064087
-0.06602757887085865
-0.08035150508778469
-0.09664885378318239
-0.10169466242076536
-0.045071920105251614
0.2093002951799039
0.9329841786151536
2.505397043975207
5.205725167644556
8.845140473044324
12.521305596053448
14.87738657707823
14.877386577078695
12.521305596054676
8.84514047304602
5.205725167646329
2.5053970439768114
0.9329841786164906
0.20930029518097154
-0.04507192010438189
-0.1016946624200409
-0.09664885378256691
-0.08035150508724509
-0.06602757887039006
-0.05526358927022092
-0.04726224963118762
-0.04117914623131526
-0.03643907804122964
-0.032670310804842076
-0.029626305597547094
-0.02713743422406222
-0.02508324043007843
-0.02337599974015315
-0.021950521772536116
-0.020757571149473214
-0.019759486727346787
-0.018927189188731215
-0.018238094337089887
-0.017674634132331352
-0.017223196195613362
-0.01687335878369086
-0.01661733994501908
-0.01644960664177174
-0.016366607781369225
-0.04513064620412094
-0.045359515174590095
-0.0458220390093835
-0.04652800990029038
-0.04749268528918432
-0.04873752404588033
-0.05029126433376341
-0.05219144259192607
-0.054486503139956684
-0.05723872256574142
-0.060528288084404566
-0.06445905181349787
-0.0691667826461872
-0.0748312467545553
-0.08169435037824976
-0.09008826167132841
-0.10048074709554652
-0.11355165850947202
-0.13032600621688697
-0.152389204629731
-0.18206482648518477
-0.22152530666645098
-0.26628301926381237
-0.27947005359521704
-0.1209049195446556
0.5873348547802526
2.5988781797040628
6.966027260130087
14.462299627996877
24.562582734695074
34.76299983305802
41.299863854047935
41.29986385404919
34.76299983306134
24.56258273469968
14.462299628001638
6.966027260134416
2.5988781797076643
0.5873348547831433
-0.12090491954230842
-0.2794700535932694
-0.26628301926215037
-0.22152530666500891
-0.18206482648391198
-0.15238920462860817
-0.13032600621587742
-0.11355165850856537
-0.10048074709472735
-0.09008826167059272
-0.08169435037758571
-0.07483124675394966
-0.06916678264564297
-0.06445905181300593
-0.060528288083969206
-0.05723872256534443
-0.054486503139613764
-0.05219144259162631
-0.050291264333510874
-0.04873752404566985
-0.0474926852890107
-0.04652800990015613
-0.04582203900927955
-0.0453595151745273
-0.04513064620410566
-0.06151953821875111
-0.06183152144642603
-0.062462011870405156
-0.06342435787983562
-0.06473935792214237
-0.06643626405297172
-0.06855425127387837
-0.07114448820188575
-0.07427301288234893
-0.07802471932975828
-0.08250891719548098
-0.08786717611214581
-0.09428457489984854
-0.1020061702368408
-0.11136173000918197
-0.12280407124558619
-0.13697086609360956
-0.1547889014052396
-0.17765534263332367
-0.2077300270341518
-0.24817100913040963
-0.3018898502584325
-0.36255374060327483
-0.3791420190215835
-0.15835808498990522
0.8200756217202277
3.5926138751959686
9.605246071664602
19.91935426419589
33.810689137853174
47.836200025232316
56.823091972707005
56.82309197270871
47.83620002523681
33.810689137859455
19.919354264202383
9.605246071670479
3.5926138752008643
0.8200756217241651
-0.15835808498670853
-0.37914201901893513
-0.3625537406010084
-0.3018898502564748
-0.24817100912867807
-0.20773002703262106
-0.1776553426319435
-0.15478890140400403
-0.13697086609249282
-0.12280407124458201
-0.11136173000826802
-0.10200617023601669
-0.09428457489910361
-0.08786717611147776
-0.08250891719488004
-0.07802471932922951
-0.07427301288187979
-0.07114448820147928
-0.06855425127352788
-0.06643626405268621
-0.06473935792190674
-0.0634243578796487
-0.06246201187026837
-0.061831521446341686
-0.06151953821873081
-0.0645264055429344
-0.06485364035362189
-0.06551495296990893
-0.06652434453225678
-0.06790363057246192
-0.06968349366237801
-0.07190502464295077
-0.07462189461453991
-0.07790337148050522
-0.08183850159614839
-0.08654194157527957
-0.09216218667380088
-0.09889337085102623
-0.10699254211183629
-0.11680560778806837
-0.12880755177786243
-0.14366726984609973
-0.16235691931724872
-0.18634184214942884
-0.21788548260591695
-0.26028641206807274
-0.3165245994752513
-0.37963783866002776
-0.3949771792368628
-0.15651850555147104
0.8890422887502827
3.8424155293336493
10.237439310751224
21.19774520673834
35.95115136199122
50.84187008303839
60.381306849121955
60.38130684912383
50.841870083043105
35.95115136199779
21.197745206745147
10.2374393107574
3.842415529338796
0.8890422887544221
-0.15651850554810656
-0.39497717923407494
-0.3796378386576411
-0.3165245994731941
-0.260286412066251
-0.21788548260430615
-0.1863418421479771
-0.16235691931594592
-0.14366726984492237
-0.12880755177680667
-0.11680560778710583
-0.10699254211096709
-0.09889337085024111
-0.09216218667309753
-0.08654194157464315
-0.08183850159559254
-0.07790337148001214
-0.07462189461411003
-0.07190502464258255
-0.06968349366207699
-0.06790363057221226
-0.06652434453205691
-0.06551495296976927
-0.06485364035352771
-0.06452640554291794
-0.05831681698426003
-0.05861256394078458
-0.05921024248878208
-0.06012250673504764
-0.06136907338173153
-0.06297767312600941
-0.06498544365017915
-0.06744089271289908
-0.07040662457949007
-0.07396311952856646
-0.07821400486440969
-0.0832934921199057
-0.08937704263929114
-0.09669698227745216
-0.10556595307345532
-0.11641326597156684
-0.12984350546838025
-0.14673534822137174
-0.16841298280574962
-0.19691982920283785
-0.23522158720223493
-0.28592919243788306
-0.3423945466235512
-0.35396518626637596
-0.13079173999559945
0.8356475544082587
3.5552982685708634
9.43355864682346
19.497532587334536
33.0354028977906
46.69360727569987
55.44145096891863
55.4414509689203
46.69360727570413
33.035402897796544
19.497532587340682
9.43355864682906
3.555298268575539
0.8356475544120214
-0.1307917399925412
-0.3539651862638415
-0.34239454662138424
-0.28592919243601367
-0.23522158720057745
-0.19691982920137818
-0.16841298280442943
-0.1467353482201874
-0.129843505467307
-0.11641326597060903
-0.10556595307257899
-0.0966969822766588
-0.08937704263857256
-0.08329349211926668
-0.07821400486383323
-0.07396311952805888
-0.07040662457903978
-0.06744089271250928
-0.06498544364984567
-0.06297767312573259
-0.06136907338150559
-0.06012250673486441
-0.05921024248865453
-0.05861256394069983
-0.058316816984245845
-0.04847598483338384
-0.048721827611476295
-0.04921865429236401
-0.04997698390832124
-0.05101320645912787
-0.05235037380638771
-0.054019357663508294
-0.056060481515972
-0.05852578711769023
-0.061482176434753344
-0.06501579352708109
-0.06923820727899016
-0.07429527806599348
-0.08038013898702519
-0.08775269271273534
-0.09676983439424494
-0.1079341737049841
-0.12197616909781836
-0.13999641664341225
-0.16369153227437094
-0.1955130541878785
-0.23755851433631703
-0.2839868387162103
-0.29157585870004077
-0.09927949392858507
0.7231131397034986
3.0285708151435617
8.00235901890143
16.50859798382804
27.943251445572077
39.47465204529396
46.858581738125025
46.858581738126375
39.47465204529752
27.94325144557703
16.508597983833173
8.002359018906109
3.0285708151474733
0.7231131397066477
-0.09927949392602307
-0.29157585869791885
-0.2839868387143969
-0.23755851433475172
-0.19551305418649345
-0.16369153227314936
-0.139996416642309
-0.12197616909682474
-0.10793417370408818
-0.09676983439344011
-0.08775269271200253
-0.08038013898635485
-0.07429527806539153
-0.06923820727845158
-0.0650157935266001
-0.06148217643432939
-0.0585257871173121
-0.0560604815156466
-0.05401935766322784
-0.05235037380615952
-0.05101320645893822
-0.04997698390816929
-0.04921865429225715
-0.0487218276114065
-0.04847598483337093
-0.038990065306617125
-0.03918780242953038
-0.03958741185472238
-0.04019735439680213
-0.04103081309788807
-0.04210632938370629
-0.04344873449541549
-0.04509046213235268
-0.0470733715262655
-0.04945127470086563
-0.05229346111143793
-0.05568967086433296
-0.05975722688807919
-0.06465147690327594
-0.07058147672353876
-0.07783430199164484
-0.08681424025225978
-0.09810884485997035
-0.11260323018974686
-0.13166056376121876
-0.157242776935215
-0.19098463883460504
-0.227962052831156
-0.23260832531625977
-0.07306711247750437
0.6020855929801538
2.4885984003547486
6.552088348296461
13.495071739602684
22.82285388637815
32.2261410169839
38.24616135652896
38.24616135653008
32.22614101698681
22.822853886382145
13.495071739606843
6.552088348300247
2.4885984003579154
0.6020855929827064
-0.07306711247542635
-0.23260832531453973
-0.22796205282968512
-0.19098463883333794
-0.15724277693409144
-0.13166056376023078
-0.11260323018885321
-0.09810884485916595
-0.08681424025153515
-0.07783430199099214
-0.07058147672294247
-0.0646514769027319
-0.059757226887589526
-0.055689670863896035
-0.05229346111104785
-0.04945127470052542
-0.047073371525957766
-0.04509046213209088
-0.04344873449518827
-0.042106329383524266
-0.04103081309773499
-0.04019735439668051
-0.03958741185463727
-0.03918780242947488
-0.03899006530660688
-0.03148775220453949
-0.031647442298249354
-0.03197016203148954
-0.032462744308592265
-0.03313583568162319
-0.03400441011262374
-0.03508852120283895
-0.03641436229181235
-0.03801573878795108
-0.03993610921122201
-0.04223143174146394
-0.044974180678151274
-0.04825910654019295
-0.05221166929330194
-0.057000704737947674
-0.06285805969417826
-0.07011024469479915
-0.07923177210848445
-0.09093736905540746
-0.1063270432068329
-0.12697943129695433
-0.15418425056847643
-0.183833225957781
-0.1867356399574801
-0.05505023686959081
0.4981818420295925
2.040508976413115
5.358955984979731
11.025278677171935
18.634808298209336
26.304002895599265
31.21316766441502
31.213167664415927
26.30400289560161
18.634808298212597
11.025278677175299
5.358955984982805
2.040508976415689
0.4981818420316675
-0.05505023686790059
-0.18673563995608128
-0.1838332259565843
-0.15418425056744586
-0.12697943129603934
-0.10632704320602931
-0.09093736905468108
-0.07923177210783008
-0.0701102446942121
-0.06285805969364595
-0.057000704737464006
-0.05221166929285841
-0.04825910653979456
-0.04497418067779565
-0.04223143174114866
-0.039936109210948645
-0.038015738787701286
-0.03641436229160169
-0.035088521202654974
-0.03400441011247907
-0.033135835681499935
-0.03246274430849561
-0.031970162031422264
-0.03164744229820592
-0.031487752204530664
-0.026019324874878957
-0.026151282106874084
-0.026417956157241244
-0.02682499330024083
-0.02738119116576086
-0.028098923281664447
-0.0289947606713812
-0.03009034785752123
-0.031413619510620064
-0.03300048705069326
-0.034897190876442746
-0.03716361935043412
-0.039878068645441175
-0.0431442115450704
-0.04710156435736064
-0.0519417125647918
-0.05793446691332567
-0.06547193478267337
-0.0751446746109735
-0.08786123806760177
-0.10492336164855953
-0.12738242439430097
-0.1517817198816448
-0.15377994428035427
-0.04362506134366924
0.4172965000985129
1.7006546480707736
4.460216589134738
9.170553408316634
15.494845925167457
21.867847220783244
25.94698935113376
25.946989351134494
21.86784722078518
15.49484592517015
9.170553408319439
4.46021658913729
1.7006546480729092
0.4172965001002368
-0.043625061342265285
-0.15377994427919178
-0.15178171988064953
-0.1273824243934439
-0.10492336164779743
-0.0878612380669325
-0.07514467461036957
-0.06547193478212941
-0.05793446691283932
-0.051941712564347924
-0.047101564356960335
-0.043144211544702465
-0.039878068645110856
-0.037163619350139246
-0.03489719087618309
-0.033000487050469283
-0.031413619510414464
-0.03009034785734834
-0.028994760671229837
-0.028098923281546763
-0.027381191165659416
-0.026824993300162164
-0.02641795615718664
-0.026151282106839844
-0.02601932487487099
-0.022062146904584464
-0.022174035315892265
-0.022400152032398438
-0.022745284613197123
-0.023216892698490785
-0.023825467985632485
-0.02458506129147547
-0.0255140253296472
-0.026636046326449163
-0.02798157411755088
-0.029589816641751622
-0.03151155416402966
-0.03381317523081001
-0.03658258563893191
-0.03993808352242653
-0.0440421173758714
-0.04912346412004745
-0.05551459598246611
-0.06371623516497912
-0.07449858810072597
-0.08896436086083417
-0.10799956002590362
-0.12864962762920495
-0.13019131515787535
-0.03627814104907226
0.3559854689578297
1.4475696795867115
3.794137297453949
7.798908927215681
13.175365094838943
18.592909385014405
22.060383141060043
22.060383141060676
18.59290938501606
13.175365094841236
7.798908927218052
3.794137297456124
1.4475696795885309
0.35598546895929833
-0.03627814104787666
-0.13019131515688384
-0.12864962762835552
-0.10799956002517228
-0.0889643608601828
-0.07449858810015432
-0.06371623516446467
-0.05551459598200256
-0.04912346411963352
-0.044042117375491886
-0.03993808352208675
-0.036582585638619505
-0.03381317523053018
-0.03151155416377928
-0.02958981664153275
-0.027981574117362677
-0.026636046326276856
-0.025514025329502005
-0.024585061291347833
-0.023825467985534306
-0.02321689269840435
-0.022745284613131425
-0.022400152032351767
-0.022174035315865804
-0.02206214690457614
-0.019095855980738284
-0.019192700796989454
-0.01938841571987348
-0.019687144611342994
-0.020095344147568722
-0.020622095395305462
-0.021279560009372343
-0.02208362314159469
-0.02305478635318462
-0.024219405430965867
-0.025611416715653913
-0.027274772944039013
-0.02926693655700277
-0.031663994187078624
-0.034568338455920666
-0.03812057616792977
-0.04251872435893553
-0.04805055229505067
-0.05514945056876737
-0.06448201359141766
-0.07700235048853632
-0.0934756242562722
-0.11133713533246256
-0.1126235257177283
-0.03117594895185325
0.3088033923036957
1.2547048976289217
3.2879091622422774
6.75769430219706
11.415772806217038
16.10935617045099
19.113429586053385
19.113429586053943
16.109356170452433
11.415772806219024
6.757694302199131
3.2879091622441674
1.2547048976305
0.3088033923049732
-0.031175948950814998
-0.1126235257168654
-0.11133713533172299
-0.09347562425563523
-0.0770023504879684
-0.06448201359091953
-0.05514945056831975
-0.0480505522946475
-0.04251872435857451
-0.0381205761675991
-0.0345683384556255
-0.031663994186808264
-0.02926693655676125
-0.027274772943821773
-0.02561141671546511
-0.024219405430802955
-0.023054786353037676
-0.02208362314146956
-0.021279560009262843
-0.02062209539522062
-0.020095344147493345
-0.01968714461128553
-0.019388415719831964
-0.019192700796968012
-0.0190958559807302
-0.016765500390622474
-0.016850526762735477
-0.01702235764052685
-0.017284631188670848
-0.0176430161410346
-0.01810548535355544
-0.018682716329214668
-0.019388655668927748
-0.020241303016316145
-0.02126379781542063
-0.02248593496392529
-0.02394630339318578
-0.02569535306346197
-0.02779988529302626
-0.030349797085881963
-0.03346853606652432
-0.03732995383684764
-0.04218670075450624
-0.04841927512950066
-0.056612906283802
-0.06760517551416795
-0.08206740656147124
-0.09774589984243731
-0.09886231887942742
-0.027310365412210047
0.2713047015003065
1.1020726537796937
2.887750969300775
5.935073792196838
10.0259746150577
14.148036135618781
16.78630645847769
16.78630645847819
14.148036135620062
10.02597461505945
5.935073792198654
2.887750969302438
1.1020726537810852
0.2713047015014326
-0.027310365411295796
-0.09886231887866634
-0.09774589984178418
-0.08206740656090843
-0.06760517551366578
-0.05661290628336178
-0.04841927512910481
-0.04218670075415011
-0.037329953836526875
-0.03346853606623321
-0.030349797085621147
-0.02779988529278922
-0.025695353063250485
-0.023946303392994223
-0.022485934963758537
-0.021263797815275955
-0.020241303016187758
-0.019388655668817534
-0.018682716329118353
-0.018105485353479923
-0.01764301614096685
-0.017284631188618824
-0.017022357640488133
-0.01685052676271698
-0.016765500390614887
-0.01485899944260103
-0.014934356963236424
-0.015086647935444992
-0.01531909680554724
-0.01563672768028042
-0.016046606772171193
-0.016558197378066675
-0.01718386014247882
-0.017939547854526592
-0.018845768622780402
-0.019928929172612304
-0.02122323023252035
-0.022773384758006207
-0.024638597629949438
-0.02689854302911209
-0.02966263044820338
-0.033084941488852264
-0.03738939552653068
-0.042913220581877826
-0.050175090454691956
-0.05991731476170015
-0.0727347588222355
-0.08662950103397019
-0.0876156103675288
-0.024188801210038583
0.24050224874548748
0.9768798105081338
2.559662347627791
5.260728031462206
8.88678763040273
12.540464148769136
14.8789499765522
14.878949976552619
12.540464148770267
8.886787630404287
5.26072803146383
2.559662347629269
0.9768798105093719
0.24050224874649018
-0.024188801209225584
-0.08761561036685164
-0.08662950103338757
-0.07273475882173333
-0.059917314761251894
-0.05017509045429931
-0.0429132205815239
-0.03738939552621269
-0.0330849414885641
-0.029662630447944996
-0.02689854302887845
-0.02463859762973892
-0.022773384757818965
-0.02122323023234885
-0.019928929172462362
-0.01884576862264893
-0.017939547854412357
-0.017183860142379402
-0.01655819737798057
-0.01604660677210168
-0.015636727680219016
-0.015319096805498499
-0.01508664793540902
-0.01493435696321845
-0.014858999442595316
-0.013251253217003937
-0.013318457030964827
-0.013454270073268094
-0.013661567903445615
-0.013944831017159705
-0.014310361058808046
-0.014766597391016763
-0.015324563229034104
-0.01599848525989614
-0.016806652600691512
-0.017772614749468466
-0.018926871888207103
-0.02030929899076067
-0.02197269491103805
-0.023988112993752274
-0.026453124482121303
-0.02950513910921935
-0.03334384773506339
-0.038269989375783964
-0.04474611483027298
-0.053434207087127386
-0.06486473089308001
-0.07725578873789873
-0.0781341604746527
-0.02156653269791026
0.21449567794923124
0.8712240872278816
2.282805339435551
4.6917099251794046
7.925556242540056
11.184032569358553
13.269576082529206
13.269576082529591
11.184032569359562
7.925556242541453
4.6917099251808505
2.2828053394368757
0.8712240872289898
0.21449567795012953
-0.021566532697181576
-0.07813416047404641
-0.07725578873737468
-0.06486473089262866
-0.053434207086724285
-0.04474611482992007
-0.038269989375465115
-0.033343847734777984
-0.029505139108958647
-0.02645312448189155
-0.023988112993541522
-0.021972694910849733
-0.020309298990593427
-0.018926871888052366
-0.0177726147493317
-0.016806652600570633
-0.01599848525979258
-0.01532456322894324
-0.014766597390938233
-0.01431036105874337
-0.013944831017103556
-0.013661567903400028
-0.01345427007323477
-0.013318457030946605
-0.01325125321700016
-0.011864578275663767
-0.011924749552315109
-0.012046350450305316
-0.012231955616033463
-0.012485576683308245
-0.012812855860353106
-0.013221349371735004
-0.0137209269068811
-0.014324326398894433
-0.015047923096724208
-0.015912802155780413
-0.01694627205804243
-0.018184035047317873
-0.019673364819796237
-0.021477879307064802
-0.023684939348028393
-0.026417575322960688
-0.02985458122449096
-0.034265224758010096
-0.04006365185571954
-0.04784256826159344
-0.058076912227305225
-0.06917118562123149
-0.06995716829323126
-0.019307388121484137
0.1920572027350662
0.7800753567319194
2.043969313020211
4.200841362706685
7.096345888036622
10.013904082203222
11.881247830170137
11.88124783017048
10.013904082204121
7.096345888037874
4.200841362707996
2.0439693130214023
0.7800753567329186
0.19205720273587507
-0.019307388120827565
-0.06995716829268621
-0.06917118562075789
-0.05807691222689776
-0.04784256826122947
-0.04006365185540098
-0.0342652247577221
-0.029854581224234233
-0.026417575322724818
-0.023684939347823335
-0.021477879306874215
-0.019673364819625845
-0.01818403504716728
-0.016946272057901578
-0.015912802155655048
-0.015047923096611949
-0.014324326398800349
-0.013720926906796993
-0.013221349371663211
-0.012812855860292576
-0.012485576683257851
-0.012231955615990851
-0.012046350450275339
-0.011924749552296141
-0.011864578275662096
-0.010647386451562112
-0.010701384728480721
-0.010810510532678626
-0.0109770743760586
-0.011204676336505518
-0.011498379784669732
-0.011864965747340996
-0.01231329137622766
-0.012854787811516399
-0.013504150354243226
-0.0142803010187768
-0.015207746689608536
-0.016318526889216284
-0.017655065465435146
-0.01927445372811342
-0.02125509007964016
-0.023707383073214183
-0.026791783985156765
-0.030749935889440215
-0.03595349647624463
-0.042934363031914446
-0.05211874016994428
-0.06207477310775451
-0.06277984049118354
-0.017325246734896747
0.17235842589712466
0.7000594557637219
1.8343067901312922
3.769933313851979
6.3684260876537575
8.98671079060447
10.662508774119267
10.662508774119564
8.986710790605288
6.3684260876548855
3.7699333138531643
1.8343067901323695
0.7000594557646255
0.17235842589785538
-0.01732524673430304
-0.06277984049069202
-0.06207477310732549
-0.05211874016957595
-0.04293436303158486
-0.03595349647595629
-0.030749935889179365
-0.026791783984925415
-0.023707383073000275
-0.021255090079456848
-0.019274453727940958
-0.017655065465280558
-0.016318526889079803
-0.015207746689480241
-0.014280301018661401
-0.013504150354138999
-0.012854787811430537
-0.01231329137614976
-0.011864965747274967
-0.0114983797846141
-0.011204676336460717
-0.010977074376020017
-0.010810510532651762
-0.0107013847284625
-0.010647386451561214
-0.009563440967074753
-0.009611942005654584
-0.009709958370915973
-0.009859565355292373
-0.010063996534135165
-0.010327799806392228
-0.010657065862706747
-0.011059750160569735
-0.011546120103233783
-0.012129374949588245
-0.012826510374598463
-0.013659538359794467
-0.014657236669666202
-0.015857710224320094
-0.017312238192895964
-0.019091237677809472
-0.021293877147760806
-0.024064273196431556
-0.027619468450056202
-0.032293283824865
-0.038563465714918255
-0.04681282327241579
-0.055755244674153215
-0.05638835102709434
-0.015560564442597747
0.1548145723574515
0.6287987668170649
1.6475863566300273
3.386177627038217
5.720159693438884
8.071919330167827
9.577131664921936
9.577131664922202
8.071919330168576
5.720159693439902
3.386177627039281
1.6475863566310012
0.628798766817884
0.15481457235811363
-0.015560564442059555
-0.05638835102664916
-0.055755244673764116
-0.046812823272081985
-0.03856346571461923
-0.03229328382460254
-0.02761946844981902
-0.02406427319622183
-0.02129387714756626
-0.019091237677644507
-0.017312238192740144
-0.01585771022417964
-0.01465723666954231
-0.013659538359677377
-0.012826510374492886
-0.012129374949491439
-0.011546120103155845
-0.011059750160497466
-0.010657065862646786
-0.010327799806341856
-0.010063996534096677
-0.009859565355258271
-0.009709958370892845
-0.00961194200563835
-0.009563440967074165
-0.008586216597274742
-0.008629761635422763
-0.00871776235635776
-0.008852081991948025
-0.009035623699614373
-0.009272470658207382
-0.009568091190419615
-0.009929627837356103
-0.010366298843082043
-0.010889954719849024
-0.011515854464546848
-0.012263760796249124
-0.013159510864481635
-0.014237315890979143
-0.015543215151961297
-0.017140430268946114
-0.019117996300447325
-0.021605303442498867
-0.024797216012103215
-0.02899344359623309
-0.03462291375433067
-0.04202931493190476
-0.050057938137493214
-0.05062623308507163
-0.013969943491254928
0.13899700788554628
0.5645513441076424
1.479243164240538
3.0401920994545684
5.1356974738195875
7.2471642400501555
8.598580441811357
8.598580441811611
7.247164240050818
5.135697473820505
3.040192099455538
1.4792431642414205
0.5645513441083838
0.13899700788614638
-0.013969943490767073
-0.05062623308466743
-0.05005793813713978
-0.04202931493160147
-0.034622913754059174
-0.028993443595993748
-0.02479721601188701
-0.02160530344230853
-0.01911799630026974
-0.01714043026879664
-0.015543215151819358
-0.01423731589085124
-0.013159510864367709
-0.012263760796142185
-0.011515854464450193
-0.010889954719759919
-0.010366298843010463
-0.009929627837289467
-0.009568091190364825
-0.009272470658162568
-0.009035623699581196
-0.008852081991918535
-0.008717762356337285
-0.00862976163540936
-0.00858621659727331
-0.007695688763950869
-0.007734717484420105
-0.007813591121519334
-0.007933979660028343
-0.008098485153282663
-0.008310767288838347
-0.008575727236376058
-0.008899766740560252
-0.00929114796513035
-0.009760492333289166
-0.010321476237885908
-0.010991812685005008
-0.011794659094127996
-0.012760678429392418
-0.013931134947088239
-0.01536269315793895
-0.017135153730552435
-0.01936448697166401
-0.022225346536615252
-0.02598635707157666
-0.031031958777333474
-0.03767019166384399
-0.044866098524649616
-0.04537537864799174
-0.01252066708703832
0.12458200265858377
0.5060017592171009
1.325830190384012
2.724892095049462
4.603071498104809
6.495557138544548
7.706817470981371
7.706817470981612
6.495557138545155
4.60307149810565
2.7248920950503326
1.3258301903848126
0.5060017592177719
0.12458200265912762
-0.012520667086597274
-0.04537537864762449
-0.04486609852433031
-0.03767019166356861
-0.031031958777088486
-0.025986357071358296
-0.022225346536418694
-0.019364486971490995
-0.017135153730390318
-0.015362693157802202
-0.013931134946957933
-0.012760678429275371
-0.011794659094022025
-0.010991812684906547
-0.010321476237797441
-0.009760492333207287
-0.009291147965063803
-0.008899766740498876
-0.008575727236326313
-0.008310767288798603
-0.008098485153254658
-0.007933979660003037
-0.007813591121501954
-0.007734717484409235
-0.0076956887639490655
-0.006876363779354041
-0.0069112372883244726
-0.006981713605675454
-0.007089284920372966
-0.007236276256765638
-0.007425957671816767
-0.007662708529537269
-0.007952249009356703
-0.00830196163918873
-0.008721337026446306
-0.009222595498978572
-0.009821564237283302
-0.010538935192184924
-0.011402106776162164
-0.012447950019508108
-0.013727096606720881
-0.015310851169074107
-0.01730283713981849
-0.019859113509849622
-0.023219705500685285
-0.027728123279927103
-0.033659609909947236
-0.040089390073709145
-0.04054440875084155
-0.011187439384722123
0.11131901767678579
0.45213205924726185
1.1846799768276357
2.434795234868174
4.113020505968285
5.8040291251918354
6.886336833350075
6.886336833350272
5.804029125192372
4.11302050596904
2.434795234868968
1.1846799768283582
0.45213205924786803
0.111319017677277
-0.011187439384325017
-0.040544408750509416
-0.04008939007342248
-0.03365960990969849
-0.027728123279708153
-0.023219705500487117
-0.01985911350967169
-0.017302837139662106
-0.015310851168926463
-0.013727096606595957
-0.012447950019387973
-0.011402106776055576
-0.010538935192085404
-0.009821564237192597
-0.009222595498896887
-0.008721337026371484
-0.008301961639125149
-0.007952249009300832
-0.007662708529491415
-0.007425957671781951
-0.007236276256741883
-0.007089284920352117
-0.006981713605661431
-0.006911237288316391
-0.006876363779352211
-0.006116001709120579
-0.006147019037715166
-0.0062097023511249565
-0.00630537883766224
-0.006436116429206816
-0.006604823592081949
-0.0068153954366282545
-0.007072919626229992
-0.007383962356434079
-0.007756964798651823
-0.008202796002312057
-0.008735533036956036
-0.00937357981388764
-0.010141305129824717
-0.011071502951211662
-0.012209206294313093
-0.013617835179667602
-0.015389554726246982
-0.017663167458413016
-0.0206521574092937
-0.02466205048320179
-0.02993765393993507
-0.035656448855709344
-0.0360611374838692
-0.00995028740232531
0.09901009439922953
0.4021379721660809
1.0536850223245922
2.1655700236454667
3.65822740453507
5.162254784389237
6.1248876833846495
6.124887683384827
5.16225478438972
3.65822740453576
2.1655700236461692
1.0536850223252416
0.4021379721666228
0.09901009439967122
-0.009950287401970122
-0.03606113748356972
-0.035656448855453514
-0.029937653939710755
-0.024662050483008097
-0.02065215740911435
-0.01766316745825286
-0.01538955472610637
-0.013617835179533879
-0.01220920629419926
-0.011071502951101018
-0.010141305129727524
-0.009373579813794226
-0.008735533036872238
-0.008202796002236685
-0.007756964798583681
-0.007383962356373342
-0.007072919626179827
-0.006815395436586337
-0.006604823592051455
-0.006436116429187155
-0.006305378837645233
-0.006209702351114661
-0.006147019037708995
-0.006116001709120026
-0.005404754008590883
-0.005432164240873437
-0.005487557927500795
-0.005572107914114679
-0.005687641646652397
-0.005836729357236398
-0.006022813182230074
-0.0062503891254743
-0.006525259780031778
-0.006854884668227018
-0.007248868845132903
-0.0077196523155186195
-0.008283498744263353
-0.008961943006777287
-0.00978396535905952
-0.010789361789385006
-0.01203417700692374
-0.013599857958188208
-0.015609065376656434
-0.018250456547854125
-0.021794026823074523
-0.026456114310782746
-0.03150985430621891
-0.031867484309642306
-0.008793147371422035
0.0874959283295407
0.35537229961285144
0.9311494352962989
1.9137309470009214
3.232804200524093
4.561925355140137
5.41261188463422
5.412611884634387
4.561925355140552
3.2328042005247024
1.9137309470015589
0.9311494352968808
0.35537229961333644
0.08749592832993505
-0.008793147371106154
-0.031867484309374666
-0.03150985430599254
-0.026456114310581244
-0.021794026822903975
-0.018250456547692293
-0.015609065376512602
-0.013599857958062438
-0.012034177006802656
-0.010789361789282158
-0.009783965358958044
-0.008961943006689125
-0.008283498744176101
-0.007719652315441984
-0.007248868845063415
-0.0068548846681661165
-0.006525259779974094
-0.006250389125430652
-0.006022813182191663
-0.005836729357210205
-0.005687641646635776
-0.005572107914101138
-0.005487557927493215
-0.005432164240868779
-0.0054047540085918385
-0.0047345624384917085
-0.004758573791046058
-0.004807098638435958
-0.004881164392948637
-0.004982371896450179
-0.005112972671182519
-0.0052759820271233
-0.005475338461693803
-0.005716125043889055
-0.006004876311971257
-0.00635000628989571
-0.006762412416188407
-0.007256341653750456
-0.00785065854322161
-0.008570749774688743
-0.009451476613657611
-0.010541934195426744
-0.011913469998906358
-0.013673534753934237
-0.015987392142988298
-0.019091558072073436
-0.02317554540141578
-0.027602624371822482
-0.02791592814632135
-0.007702880445184985
0.07664615864302181
0.31130545108403135
0.8156855102867759
1.6764259030264992
2.8319329117708616
3.9962420084438035
4.741442796702632
4.741442796702788
3.9962420084441934
2.8319329117714096
1.6764259030270536
0.8156855102872892
0.3113054510844575
0.07664615864337192
-0.007702880444905872
-0.027915928146083787
-0.0276026243716233
-0.023175545401235648
-0.019091558071924544
-0.0159873921428433
-0.013673534753806293
-0.011913469998794578
-0.010541934195317411
-0.00945147661356533
-0.008570749774596705
-0.007850658543141946
-0.00725634165367047
-0.006762412416118963
-0.006350006289832672
-0.006004876311917564
-0.005716125043835632
-0.005475338461656326
-0.005275982027088392
-0.005112972671159894
-0.004982371896435991
-0.004881164392937491
-0.004807098638430223
-0.004758573791041897
-0.004734562438494701
-0.004098728845451401
-0.0041195155650856725
-0.004161523710832689
-0.0042256427174144785
-0.004313258439720696
-0.00442632002910493
-0.004567437850863823
-0.0047400214771551215
-0.004948471340080705
-0.005198444414154957
-0.005497224751745052
-0.0058542463065351085
-0.006281842728015593
-0.006796345119959699
-0.007419730835162123
-0.00818217940135719
-0.009126192659548029
-0.01031353638569072
-0.011837231073887067
-0.01384034613159181
-0.01652763448287302
-0.020063159392199267
-0.02389570699652971
-0.02416696957633055
-0.006668568765078714
0.06635241627468338
0.2694971916119896
0.7061396915694522
1.4512840344799
2.4516085126589418
3.4595531082066433
4.104674894690071
4.104674894690197
3.4595531082069795
2.4516085126594227
1.4512840344803948
0.7061396915699016
0.2694971916123647
0.06635241627499147
-0.006668568764833008
-0.0241669695761206
-0.02389570699635487
-0.020063159392038777
-0.016527634482743064
-0.013840346131463194
-0.011837231073774789
-0.010313536385592636
-0.00912619265944968
-0.0081821794012755
-0.0074197308350795015
-0.006796345119888417
-0.006281842727943333
-0.0058542463064733445
-0.005497224751688857
-0.005198444414109114
-0.004948471340032364
-0.004740021477123643
-0.0045674378508317
-0.004426320029085509
-0.00431325843970758
-0.004225642717405196
-0.00416152371082727
-0.004119515565081954
-0.004098728845456031
-0.0034915999946097207
-0.0035093076576829156
-0.00354509329890385
-0.0035997146044494605
-0.003674352147854942
-0.0037706663601709814
-0.003890880943311499
-0.0040379004225993866
-0.004215473411017481
-0.004428418937132217
-0.004682942094540723
-0.004987079421464049
-0.00535133763102673
-0.00578962876289489
-0.006320674748245117
-0.006970184735905551
-0.007774364929883969
-0.008785831974667924
-0.01008382759291529
-0.011790228905564979
-0.014079459882970727
-0.01709128346010859
-0.020356142479708312
-0.020587271825829978
-0.005681000124009575
0.05652323001854989
0.22957594175393006
0.6015383286787283
1.2363042399562205
2.0884505979970287
2.9470884431954323
3.496648442184471
3.4966484421845783
2.9470884431957263
2.0884505979974444
1.2363042399566535
0.6015383286791167
0.22957594175425497
0.056523230018818635
-0.005681000123794939
-0.020587271825646618
-0.020356142479555746
-0.01709128345996631
-0.014079459882857559
-0.01179022890545171
-0.010083827592818116
-0.008785831974582258
-0.007774364929796414
-0.006970184735833683
-0.006320674748172253
-0.005789628762832007
-0.005351337630962776
-0.00498707942140984
-0.0046829420944918525
-0.0044284189370940655
-0.004215473410975337
-0.004037900422572944
-0.0038908809432823656
-0.0037706663601542964
-0.0036743521478427455
-0.0035997146044410774
-0.0035450932988980773
-0.003509307657678815
-0.003491599994615827
-0.0029083317140214263
-0.002923081329619612
-0.0029528890151187094
-0.002998385885967148
-0.00306055530205951
-0.003140780321071553
-0.0032409131777044135
-0.0033633731991774074
-0.0035112827963583422
-0.003688655983809129
-0.0039006613003098323
-0.0041539927881990525
-0.00445740202438063
-0.004822477055737336
-0.005264812332835498
-0.0058058223157125815
-0.006475664996244758
-0.007318167458389134
-0.00839933417663202
-0.009820682877665073
-0.01172750059518228
-0.014236205226613933
-0.016955688294384208
-0.01714826962939726
-0.004732282536565656
0.04708021379091761
0.1912232847454265
0.5010470778509898
1.0297717318298445
1.73956242591444
2.4547603172523265
2.912513489832925
2.91251348983302
2.4547603172525787
1.7395624259147986
1.0297717318302104
0.5010470778513234
0.19122328474570438
0.04708021379114775
-0.004732282536380812
-0.017148269629240216
-0.016955688294252803
-0.014236205226489763
-0.011727500595084366
-0.009820682877566825
-0.008399334176549155
-0.007318167458314923
-0.006475664996167089
-0.005805822315649805
-0.0052648123327718906
-0.004822477055683477
-0.004457402024324992
-0.004153992788152791
-0.0039006613002679612
-0.003688655983778469
-0.003511282796322581
-0.0033633731991553517
-0.003240913177678242
-0.0031407803210579334
-0.003060555302048415
-0.0029983858859598104
-0.002952889015112579
-0.0029230813296154626
-0.0029083317140283296
-0.002344708749710648
-0.002356599949216373
-0.0023806310253235404
-0.0024173107858468943
-0.002467432019492457
-0.002532109752920087
-0.0026128372651983527
-0.0027115650276584875
-0.0028308103405010766
-0.002973809318401745
-0.0031447288581009526
-0.003348965723424336
-0.003593575470825963
-0.003887900430215817
-0.004244512910203694
-0.004680677334317794
-0.005220707196474959
-0.005899936068288073
-0.0067715770322526285
-0.007917474171345557
-0.00945475901119144
-0.011477290922462535
-0.013669768744534218
-0.013825106732016148
-0.0038155499983841385
0.037955154012807385
0.15416213185062538
0.4039398900106337
0.8301942975856478
1.4024232454022076
1.9790116087034613
2.348049601653036
2.348049601653101
1.9790116087036553
1.402423245402494
0.8301942975859531
0.40393989001090963
0.15416213185085811
0.0379551540130002
-0.003815549998227961
-0.013825106731884897
-0.013669768744422658
-0.011477290922355946
-0.009454759011107596
-0.007917474171261908
-0.006771577032183588
-0.005899936068224949
-0.005220707196407612
-0.004680677334264178
-0.0042445129101496455
-0.0038879004301717785
-0.0035935754707792926
-0.003348965723386696
-0.003144728858066591
-0.002973809318378101
-0.002830810340472248
-0.002711565027639598
-0.0026128372651753142
-0.0025321097529086376
-0.002467432019483028
-0.0024173107858402407
-0.0023806310253179285
-0.002356599949212176
-0.0023447087497179236
-0.0017970043159322901
-0.0018061178302985266
-0.0018245354472267014
-0.0018526471212659118
-0.001891060452289846
-0.0019406300060203201
-0.002002500243982155
-0.002078166023654698
-0.0021695566248945957
-0.002279152232959623
-0.002410146392246049
-0.0025666752275312513
-0.0027541461761070862
-0.0029797192775020084
-0.0032530300538777222
-0.0035873101034300096
-0.004001193490901512
-0.004521760162188741
-0.005189793083126094
-0.006068018353296868
-0.007246207235452902
-0.008796297868916041
-0.010476656075156528
-0.010595807542859813
-0.0029247331833843703
0.02908773846743603
0.11814749459648147
0.30957483018415183
0.636252601856072
1.0748043425982243
1.5166973001711277
1.7995252931248333
1.7995252931248928
1.5166973001712867
1.0748043425984586
0.6362526018563202
0.30957483018437304
0.11814749459666932
0.029087738467591894
-0.002924733183255962
-0.01059580754275333
-0.010476656075063429
-0.008796297868827217
-0.007246207235382485
-0.006068018353228427
-0.0051897930830705746
-0.004521760162137414
-0.004001193490845101
-0.0035873101033864208
-0.0032530300538332856
-0.002979719277468512
-0.002754146176069068
-0.0025666752275022514
-0.0024101463922180225
-0.002279152232941669
-0.002169556624871673
-0.0020781660236381724
-0.002002500243962312
-0.001940630006011138
-0.001891060452282831
-0.0018526471212607204
-0.001824535447222278
-0.0018061178302951134
-0.0017970043159390842
-0.001261868191468485
-0.0012682677609723177
-0.0012812007322598818
-0.0013009409339757212
-0.0013279150267423902
-0.001362723092220118
-0.0014061687788089585
-0.0014593017852483519
-0.0015234768645333641
-0.0016004356190554838
-0.0016924205766946708
-0.0018023361514821565
-0.0019339794814972034
-0.002092378393677408
-0.0022842990152627833
-0.0025190326619429692
-0.00280966429756107
-0.0031752096421663414
-0.0036443067858636198
-0.004261002560061471
-0.005088335840322361
-0.006176826697291424
-0.007356818025317224
-0.007440617168527841
-0.0020543768176863766
0.02042374653303272
0.08295913189467713
0.21737481007040957
0.4467605864906688
0.7547021455107615
1.0649900801849381
1.2635860298634622
1.263586029863497
1.064990080185052
0.7547021455109428
0.44676058649085876
0.21737481007057524
0.0829591318948201
0.020423746533152445
-0.002054376817586
-0.007440617168446324
-0.007356818025242872
-0.006176826697220692
-0.005088335840265702
-0.0042610025600084275
-0.003644306785821133
-0.0031752096421270573
-0.002809664297516455
-0.0025190326619103694
-0.0022842990152287307
-0.002092378393654351
-0.0019339794814678326
-0.0018023361514608754
-0.0016924205766720493
-0.0016004356190414228
-0.0015234768645154134
-0.0014593017852336104
-0.00140616877879277
-0.001362723092212731
-0.0013279150267383666
-0.0013009409339722212
-0.001281200732257192
-0.001268267760970057
-0.0012618681914742106
-0.0007362353986811541
-0.0007399692195400587
-0.0007475149455386501
-0.0007590323416656749
-0.0007747703425497076
-0.0007950790651091298
-0.0008204273970370487
-0.0008514277838015417
-0.0008888706544232053
-0.0009337721447490771
-0.0009874406550307766
-0.0010515707622350853
-0.0011283779021904628
-0.0012207955547781316
-0.0013327714093596284
-0.0014697264739175354
-0.0016392951570603016
-0.0018525721646929843
-0.0021262663915541814
-0.0024860771282331166
-0.0029687856204612165
-0.0036038743246030566
-0.0042923853916573464
-0.00434146285034066
-0.001199490695901102
0.011913572126828332
0.04839554914488662
0.12681186345652556
0.2606331522351209
0.44028362943672833
0.6213033027638611
0.7371628210869705
0.7371628210870074
0.6213033027639541
0.4402836294368406
0.2606331522352515
0.12681186345663847
0.04839554914498906
0.011913572126912188
-0.0011994906958293081
-0.004341462850284546
-0.00429238539160234
-0.003603874324550955
-0.0029687856204188203
-0.002486077128195493
-0.0021262663915240666
-0.001852572164665794
-0.0016392951570274369
-0.0014697264738956573
-0.0013327714093357317
-0.0012207955547648176
-0.0011283779021693558
-0.0010515707622211871
-0.0009874406550131722
-0.0009337721447381347
-0.0008888706544090132
-0.00085142778378874
-0.0008204273970241447
-0.0007950790651031833
-0.0007747703425482664
-0.0007590323416641844
-0.0007475149455368265
-0.0007399692195397341
-0.0007362353986850439
-0.00021724961648446556
-0.00021835139906167995
-0.0002205780054741265
-0.00022397657947473303
-0.00022862057717820965
-0.0002346133117547745
-0.00024209314349276983
-0.0002512407939904692
-0.0002622895046003993
-0.00027553911870490137
-0.0002913757216897263
-0.0003102993527852191
-0.00033296374742466906
-0.00036023452310164194
-0.00039327657268629587
-0.00043368953962178466
-0.0004837262040465603
-0.0005466604256873339
-0.0006274227593284435
-0.0007335969779606235
-0.0008760387612339548
-0.0010634590541038925
-0.0012667054993830014
-0.0012815023051445168
-0.00035542477221773465
0.0035109848411608476
0.014268965206659774
0.0373939579000622
0.07685905318702144
0.1298405282280619
0.18322637325936747
0.21739555653115272
0.2173955565311736
0.18322637325941188
0.12984052822812758
0.0768590531870984
0.03739395790013034
0.01426896520672185
0.003510984841211094
-0.00035542477217333744
-0.0012815023051124773
-0.0012667054993471608
-0.0010634590540701044
-0.0008760387612064191
-0.0007335969779384238
-0.0006274227593109523
-0.0005466604256722184
-0.0004837262040255361
-0.00043368953960976216
-0.0003932765726720447
-0.0003602345230963842
-0.0003329637474113965
-0.00031029935277737805
-0.00029137572167694105
-0.00027553911869645197
-0.00026228950458911384
-0.0002512407939798747
-0.00024209314348309062
-0.00023461331174978598
-0.00022862057717888933
-0.00022397657947500105
-0.00022057800547241107
-0.00021835139906346748
-0.00021724961648620766
0.00029780311226274513
0.00029931342145792645
0.00030236562447641955
0.00030702434531802453
0.0003133902765414465
0.00032160503835755225
0.00033185829302599505
0.000344397771058326
0.00035954319619812126
0.00037770558920239585
0.0003994141899083726
0.000425354444171599
0.0004564224818039335
0.0004938048766543102
0.0005390984432449713
0.0005944959428758354
0.0006630854397398239
0.0007493546506546487
0.0008600620992779877
0.0010056022415388661
0.0012008484811001385
0.0014577039314890238
0.0017360443045474094
0.0017552672166306666
0.0004822389319833805
-0.004827942484763797
-0.019599044352511932
-0.05134642144026495
-0.10552256646550129
-0.17825030160284694
-0.2515311833002113
-0.2984333550652303
-0.2984333550652156
-0.25153118330020174
-0.1782503016028384
-0.10552256646548042
-0.05134642144024548
-0.019599044352491317
-0.004827942484746746
0.00048223893200115514
0.0017552672166400531
0.0017360443045645146
0.0014577039315048766
0.0012008484811123206
0.0010056022415461567
0.000860062099282655
0.0007493546506576959
0.0006630854397492445
0.0005944959428787683
0.0005390984432504194
0.000493804876652953
0.00045642248181062975
0.0004253544441750615
0.00039941418991712874
0.00037770558920879904
0.0003595431962072303
0.0003443977710660701
0.00033185829303248823
0.0003216050383610653
0.0003133902765387395
0.00030702434531566564
0.0003023656244782923
0.0002993134214535773
0.00029780311226326284
