-0.037620699647940015
-0.03781149313059742
-0.038197070102059014
-0.03878559434576632
-0.0395897860974962
-0.04062753587674256
-0.04192280323361797
-0.04350688333243376
-0.045420166061012214
-0.04771457462692662
-0.05045696655729842
-0.05373393249039977
-0.057658678242890685
-0.0623811006981037
-0.06810292142888824
-0.07510114649536867
-0.08376588343051884
-0.09466405493398722
-0.10864945294604571
-0.12703521383208485
-0.151700442210399
-0.184149777559695
-0.2193185164627491
-0.221773560967804
-0.061044934597272144
0.6095218579862608
2.474911128604652
6.484277106288354
13.326265047861249
22.511243359279593
31.766130131485863
37.68957916579976
37.689579165799856
31.766130131485912
22.511243359279717
13.326265047861346
6.484277106288378
2.4749111286047074
0.6095218579862862
-0.06104493459723914
-0.22177356096775452
-0.21931851646269876
-0.1841497775596611
-0.15170044221036932
-0.12703521383202426
-0.10864945294603016
-0.09466405493394
-0.08376588343052192
-0.07510114649532007
-0.06810292142890534
-0.06238110069807184
-0.05765867824287641
-0.05373393249039338
-0.05045696655731984
-0.04771457462696478
-0.045420166061075136
-0.0435068833324828
-0.041922803233625655
-0.040627535876735066
-0.039589786097442806
-0.03878559434576303
-0.03819707010200198
-0.037811493130634644
-0.03762069964781756
-0.03308665916714609
-0.033254458237434184
-0.03359356550858553
-0.03411116086462784
-0.034818431498240335
-0.03573111176283812
-0.03687027360244926
-0.038263440486220573
-0.03994613450947574
-0.04196402108941065
-0.04437590007524672
-0.04725792618717768
-0.05070966165336487
-0.05486293774569419
-0.059895164486823464
-0.0660499630507522
-0.0736704250004282
-0.08325514712393724
-0.09555502172628166
-0.11172492578194622
-0.13341750014538464
-0.16195608543679166
-0.19288655361925597
-0.1950467973547689
-0.05369263716427556
0.5360484590105465
2.176601704826469
5.702724557035142
11.720065811270006
19.798010810229776
27.93744372379252
33.14696549484613
33.146965494846114
27.937443723792466
19.79801081022991
11.72006581127018
5.70272455703525
2.1766017048265667
0.5360484590106163
-0.053692637164219376
-0.195046797354686
-0.19288655361918622
-0.16195608543673995
-0.13341750014535259
-0.11172492578186802
-0.09555502172626419
-0.0832551471238764
-0.07367042500042398
-0.06604996305068948
-0.059895164486835434
-0.05486293774565859
-0.05070966165332567
-0.04725792618714993
-0.044375900075235473
-0.041964021089426734
-0.03994613450951495
-0.038263440486257655
-0.03687027360243481
-0.03573111176281152
-0.03481843149816416
-0.03411116086462273
-0.0335935655085087
-0.033254458237484574
-0.03308665916702515
-0.02851799573325819
-0.02866262480055209
-0.0289549075180257
-0.0294010323570588
-0.030010641760497607
-0.030797297450708513
-0.03177916171515789
-0.032979957526256494
-0.03443030201516555
-0.036169555022683784
-0.038248397189697914
-0.04073246762703408
-0.04370758078844993
-0.04728736438069509
-0.05162473122683029
-0.056929662678674414
-0.06349787530199544
-0.07175911821632554
-0.08236059831619447
-0.09629772465398907
-0.11499494490390953
-0.1395929160367735
-0.1662527464169062
-0.1681159279506813
-0.046284145755525335
0.4620141596829573
1.8760147588943636
4.915204912715837
10.101603280704822
17.064062746705467
24.07952529909759
28.569668968518513
28.569668968518563
24.07952529909755
17.064062746705744
10.101603280705005
4.915204912715992
1.8760147588945033
0.46201415968307064
-0.04628414575544328
-0.16811592795056596
-0.16625274641682036
-0.1395929160367085
-0.11499494490387117
-0.0962977246538971
-0.0823605983161738
-0.07175911821625934
-0.0634978753019815
-0.05692966267860375
-0.05162473122683452
-0.04728736438066254
-0.04370758078838944
-0.04073246762699335
-0.03824839718965591
-0.0361695550226749
-0.034430302015178466
-0.03297995752627918
-0.03177916171512428
-0.03079729745066528
-0.030010641760409077
-0.02940103235705149
-0.028954907517945723
-0.028662624800601274
-0.02851799573314977
-0.023890818184234427
-0.024011980493651025
-0.02425683894168314
-0.0246305778893707
-0.025141275244933214
-0.02580029227322984
-0.02662284433902973
-0.027628805242244404
-0.02884382432833847
-0.030300875101505448
-0.03204241500549948
-0.03412343286044635
-0.036615819267504526
-0.039614765221269825
-0.04324837259055515
-0.047692552053270075
-0.05319503840828242
-0.06011585131711164
-0.0689971842732815
-0.08067293594214264
-0.09633643803457415
-0.11694332350987835
-0.13927781438467912
-0.1408401114414585
-0.03878068257493905
0.3870319230301722
1.5715787291157879
4.11760068618505
8.462415386746693
14.295104792235524
20.17220381755144
23.93375729159904
23.933757291599207
20.172203817551527
14.2951047922358
8.462415386746878
4.117600686185246
1.5715787291159788
0.3870319230303228
-0.038780682574824386
-0.14084011144131722
-0.13927781438457787
-0.11694332350980421
-0.09633643803452503
-0.08067293594204412
-0.0689971842732524
-0.0601158513170474
-0.053195038408255825
-0.04769255205319901
-0.04324837259055063
-0.03961476522124194
-0.03661581926743034
-0.034123432860401655
-0.03204241500543445
-0.030300875101476117
-0.02884382432833029
-0.027628805242255222
-0.026622844338984118
-0.025800292273175183
-0.025141275244838814
-0.02463057788935493
-0.024256838941609973
-0.02401198049367983
-0.02389081818414724
-0.019179982115241138
-0.019277253391793574
-0.01947383014763806
-0.01977387447933463
-0.020183871473902056
-0.020712942154743827
-0.021373301683984346
-0.022180905096543982
-0.023156344135289157
-0.024326090503696628
-0.025724229774012036
-0.027394907919686157
-0.029395839947565477
-0.031803446806215795
-0.0347205708303241
-0.03828843602850427
-0.04270592792460948
-0.048262076013957364
-0.05539216173995867
-0.06476565323561694
-0.07734058749411504
-0.09388422738438204
-0.11181517068599137
-0.11307111769550152
-0.0311414328661338
0.31069441849002655
1.2616396400067043
3.3055784594223825
6.79359628426843
11.476092928923837
16.1942504065391
19.21404308389994
19.214043083899814
16.194250406539226
11.47609292892411
6.793596284268757
3.30557845942268
1.261639640006941
0.31069441849021096
-0.031141432865981637
-0.1130711176953351
-0.1118151706858703
-0.0938842273842965
-0.07734058749404527
-0.06476565323551332
-0.05539216173991794
-0.04826207601390395
-0.04270592792456793
-0.038288436028440904
-0.03472057083030765
-0.03180344680618946
-0.029395839947485534
-0.027394907919644815
-0.02572422977393434
-0.024326090503656465
-0.02315634413526873
-0.022180905096547465
-0.02137330168393324
-0.02071294215468416
-0.020183871473806382
-0.01977387447930915
-0.019473830147576497
-0.019277253391792468
-0.019179982115179368
-0.01435850629861473
-0.014431325431732558
-0.014578486539889253
-0.014803105445982071
-0.015110037006405105
-0.015506109388164484
-0.01600046708715472
-0.01660505433608679
-0.017335286490913357
-0.01821098075121389
-0.019257654193425545
-0.02050835528589281
-0.022006290508593332
-0.023808669924527757
-0.02599248307995941
-0.028663452650112817
-0.031970467589879564
-0.03612989992067825
-0.041467608040034756
-0.04848476760525798
-0.05789859440885339
-0.07028355593600302
-0.08370751984475627
-0.08464988704304624
-0.023322596131821742
0.23256457289922755
0.9444227280686939
2.4744883393017947
5.085589716061262
8.590884439870514
12.122885799069405
14.38349947155784
14.383499471557887
12.122885799069309
8.590884439870862
5.085589716061643
2.474488339302167
0.9444227280689663
0.23256457289944715
-0.02332259613162757
-0.08464988704286391
-0.08370751984461017
-0.070283555935898
-0.057898594408753876
-0.04848476760514757
-0.04146760803997582
-0.03612989992064025
-0.031970467589826856
-0.028663452650063675
-0.025992483079930948
-0.023808669924497948
-0.022006290508513188
-0.02050835528585182
-0.019257654193343514
-0.018210980751167935
-0.017335286490890306
-0.016605054336083995
-0.016000467087102864
-0.01550610938810245
-0.015110037006307649
-0.014803105445944348
-0.014578486539837565
-0.014431325431698724
-0.014358506298576535
-0.009396898480690273
-0.009444554789512422
-0.009540864025998921
-0.009687865330246716
-0.009888735946722856
-0.010147944545974008
-0.010471475711228098
-0.010867146302191565
-0.011345044840305088
-0.011918140613296158
-0.012603133165069856
-0.013421650918321495
-0.01440197014664716
-0.015581531677107317
-0.01701072087450415
-0.01875872725844327
-0.020922990096301844
-0.023645112187336434
-0.027138348551055208
-0.03173069097543521
-0.037891534403167004
-0.0459969459493991
-0.054782927116820646
-0.055402555174077384
-0.015276289741657359
0.1521646550449366
0.6179881109385863
1.6192478057389543
3.327950299582886
5.621834665967736
7.933211309766058
9.412584958131177
9.412584958131486
7.93321130976625
5.621834665968109
3.3279502995832573
1.6192478057393611
0.6179881109388901
0.15216465504519117
-0.015276289741417946
-0.05540255517387788
-0.05478292711664426
-0.045996945949271895
-0.037891534403036
-0.031730690975317624
-0.027138348550981156
-0.0236451121873172
-0.020922990096239935
-0.01875872725840834
-0.017010720874464494
-0.015581531677069375
-0.01440197014656941
-0.013421650918274824
-0.012603133164985382
-0.01191814061324431
-0.01134504484028024
-0.01086714630217598
-0.010471475711170672
-0.01014794454590942
-0.009888735946620937
-0.009687865330201273
-0.009540864025951619
-0.009444554789453233
-0.009396898480667944
-0.004262351474142979
-0.004283967895776099
-0.004327652793046602
-0.0043943310948349815
-0.004485443959622852
-0.004603018319915449
-0.004749768705761374
-0.004929240741921713
-0.005146010445456296
-0.005405960504271459
-0.005716665589385647
-0.006087936025201288
-0.006532597477212548
-0.007067632467007437
-0.007715894871162685
-0.008508767664443084
-0.009490447108383149
-0.010725160635265019
-0.012309634982856477
-0.014392641511214069
-0.017187115899953836
-0.02086380756267145
-0.024850131647288443
-0.025135713185330727
-0.006949241216276235
0.06896326154721477
0.2801779315712434
0.7342032224972481
1.5090589057910506
2.5493162130639924
3.5975303790524222
4.268438458338174
4.268438458338217
3.597530379052614
2.5493162130644116
1.5090589057914503
0.7342032224977126
0.2801779315715942
0.06896326154750687
-0.006949241215992552
-0.02513571318511479
-0.024850131647081886
-0.020863807562523845
-0.017187115899797323
-0.014392641511090681
-0.012309634982771003
-0.010725160635257469
-0.009490447108313232
-0.008508767664412858
-0.0077158948711088665
-0.007067632466952779
-0.006532597477137372
-0.006087936025135264
-0.0057166655892973775
-0.005405960504207684
-0.005146010445429498
-0.0049292407418890585
-0.00474976870569712
-0.004603018319848336
-0.004485443959515965
-0.004394331094785188
-0.00432765279299871
-0.004283967895700708
-0.004262351474128213
0.0010822419423836965
0.0010877306605646883
0.0010988228850805082
0.001115753479082264
0.0011388883908208178
0.0011687423138333417
0.0012060045444362288
0.0012515754229610251
0.001306616945468117
0.0013726229267352064
0.0014515168544959253
0.0015457899648206458
0.001658699263827515
0.001794557457587928
0.0019591684354203914
0.002160502386122795
0.002409784162622941
0.0027233270425798817
0.003125699638449081
0.003654682844069765
0.0043642922314155175
0.005297497847031096
0.0063071967837883824
0.006369400869161629
0.001718814796514069
-0.017640628716620865
-0.07144840579883383
-0.1870398544657439
-0.38422608974674866
-0.6488701682484113
-0.915482745559622
-1.0861070351458366
-1.0861070351456519
-0.9154827455594479
-0.6488701682479743
-0.3842260897462708
-0.18703985446524207
-0.07144840579843947
-0.017640628716286355
0.0017188147968386983
0.006369400869396413
0.006307196784023722
0.005297497847197963
0.0043642922315924315
0.0036546828442031026
0.0031256996385427976
0.0027233270425842393
0.002409784162698672
0.002160502386156629
0.001959168435487234
0.0017945574576636522
0.0016586992639059245
0.001545789964917263
0.001451516854591224
0.0013726229268116036
0.00130661694549708
0.0012515754230066067
0.0012060045445057357
0.0011687423138995387
0.0011388883909295017
0.0011157534791294
0.001098822885130031
0.0010877306606417517
0.0010822419423975119
0.006679525419242181
0.006713400797693038
0.006781859984997328
0.006886352470959006
0.007029136750000088
0.007213389308981584
0.007443364202482268
0.007724617939848001
0.008064321821906244
0.00847169492520291
0.008958607966799918
0.009540435358196847
0.010237277162595364
0.011075748148474507
0.012091664906554452
0.013334211403937063
0.01487265391875238
0.016807654414028025
0.019290811740471356
0.02255527940194607
0.026934646365606607
0.032695709898949155
0.03893766615828037
0.03936419236351901
0.010797149269512217
-0.10833766527966537
-0.4396955136612686
-1.1518296396728562
-2.3670064871625875
-3.9982349298054736
-5.641826316398486
-6.693762302120739
-6.693762302120625
-5.6418263163981806
-3.9982349298049833
-2.3670064871620156
-1.1518296396722754
-0.4396955136608165
-0.10833766527927846
0.01079714926987533
0.039364192363776696
0.03893766615853811
0.03269570989912868
0.026934646365793208
0.02255527940209001
0.01929081174056997
0.016807654414039197
0.014872653918832746
0.01333421140398626
0.012091664906632292
0.011075748148574198
0.010237277162680178
0.009540435358327104
0.0089586079669004
0.00847169492529326
0.00806432182194168
0.0077246179399068846
0.0074433642025578395
0.007213389309047309
0.007029136750104456
0.006886352470997684
0.006781859985041647
0.006713400797758708
0.006679525419256954
0.012579264873424437
0.012643060821158424
0.012771986867518258
0.012968772762963057
0.013237671814383595
0.013584666135572875
0.014017767165981194
0.01454743918647411
0.01518718752381084
0.015954373961734374
0.016871353959415525
0.017967081264942286
0.01927940913828613
0.020858459536395313
0.022771683535139503
0.025111705934379183
0.0280089708071896
0.03165304674320585
0.03632942718665787
0.042477195759945824
0.050724622932358854
0.06157443202015023
0.07333140802125512
0.074142061297779
0.020366621567901873
-0.2039337886642414
-0.8278362605983047
-2.1687412463735516
-4.456905596380269
-7.528547954718665
-10.623509149589104
-12.604369465023147
-12.604369465023062
-10.623509149588646
-7.528547954718135
-4.456905596379716
-2.1687412463729165
-0.8278362605977772
-0.20393378866378997
0.02036662156830444
0.07414206129806325
0.07333140802153121
0.06157443202033683
0.050724622932544844
0.04247719576009695
0.03632942718675573
0.031653046743227053
0.02800897080727119
0.025111705934448336
0.022771683535221576
0.020858459536513024
0.01927940913838034
0.017967081265100396
0.016871353959520108
0.015954373961835973
0.01518718752385826
0.01454743918654161
0.014017767166062012
0.013584666135638343
0.013237671814481884
0.012968772762993144
0.012771986867557816
0.012643060821205712
0.012579264873443498
0.018840424755633606
0.018935974220782803
0.0191290713544574
0.019423804597269168
0.019826544271965715
0.020346249993614
0.020994920766212684
0.021788229295219452
0.022746402959767667
0.02389544507833917
0.02526883815462532
0.026909947153073918
0.028875466104536243
0.0312404642235148
0.034105965026733305
0.03761069537310484
0.041950024947188
0.04740787549575652
0.05441183765116153
0.06361954091816618
0.07597199088025774
0.09222229499804133
0.10983218273900142
0.11105064589705221
0.03052306268701125
-0.30538382372598183
-1.2397482319402209
-3.2479342451456734
-6.674803095157532
-11.275079911070296
-15.910302323177227
-18.876980322610443
-18.876980322610443
-15.910302323176623
-11.275079911069675
-6.67480309515679
-3.2479342451449593
-1.239748231939612
-0.30538382372546224
0.03052306268745336
0.11105064589737296
0.10983218273929343
0.09222229499823556
0.07597199088044174
0.06361954091832714
0.0544118376512584
0.04740787549579292
0.041950024947266185
0.03761069537319363
0.03410596502680675
0.031240464223636077
0.028875466104635476
0.026909947153245385
0.02526883815472792
0.02389544507844811
0.022746402959827133
0.021788229295292977
0.020994920766296728
0.020346249993684055
0.019826544272057572
0.01942380459729485
0.019129071354492155
0.01893597422081214
0.018840424755659314
0.02553394251220885
0.025663438203366563
0.025925137697133165
0.02632458194748425
0.026870404481814755
0.02757474802538116
0.028453874504809254
0.02952902471381008
0.03082761227008337
0.032384878761635136
0.03424620210686225
0.03647035364346929
0.0391341692108858
0.042339388000009366
0.04622292429697216
0.0509727905796659
0.05685376556660557
0.0642506397175582
0.07374291343074192
0.0862218540711052
0.10296279961642296
0.12498653834649487
0.14885355565818464
0.1505081841688937
0.041381798840608
-0.41383636105368504
-1.6800960549517945
-4.401630404363564
-9.045816889635361
-15.280260854143247
-21.56207966258151
-25.582633260513326
-25.582633260513155
-21.562079662581073
-15.280260854142536
-9.045816889634532
-4.401630404362793
-1.6800960549511075
-0.41383636105310007
0.04138179884108939
0.1505081841692523
0.14885355565849429
0.12498653834670184
0.1029627996166102
0.08622185407127932
0.07374291343084256
0.06425063971761663
0.05685376556668058
0.05097279057977709
0.046222924297033195
0.04233938800012456
0.03913416921098869
0.0364703536436363
0.034246202106957224
0.03238487876174154
0.030827612270149463
0.029529024713882024
0.02845387450489336
0.027574748025454884
0.026870404481900867
0.026324581947507496
0.02592513769716613
0.025663438203379706
0.02553394251224457
0.03274651587156767
0.032912590186476964
0.033248211886553414
0.033760487076112435
0.034460487990301915
0.03536378730294872
0.03649124043721396
0.037870088059850746
0.03953548729372407
0.04153263439074318
0.04391972513087778
0.04677213193495573
0.0501883943783032
0.054298989794255896
0.059279506448926336
0.06537106438225125
0.07291323380897628
0.08239949599593276
0.09457304137277711
0.11057689353095647
0.13204665118651435
0.16029154970447085
0.19090097875889275
0.19302584948410798
0.053083830613884955
-0.5306950088707812
-2.1545802444770565
-5.644765741519237
-11.600643226844719
-19.595944005308333
-27.652012201831294
-32.80814337557097
-32.80814337557066
-27.652012201830665
-19.595944005307476
-11.600643226843815
-5.644765741518359
-2.154580244476306
-0.5306950088701374
0.05308383061440516
0.19302584948449975
0.1909009787592243
0.16029154970469991
0.13204665118671177
0.11057689353114644
0.0945730413728898
0.0823994959960209
0.07291323380905229
0.06537106438238671
0.05927950644897634
0.05429898979436067
0.05018839437840596
0.046772131935105855
0.043919725130962435
0.04153263439084206
0.03953548729379002
0.037870088059920384
0.036491240437298116
0.0353637873030285
0.03446048799038412
0.033760487076137144
0.033248211886586956
0.03291259018647945
0.03274651587161484
0.040585894288028744
0.04079172607803888
0.0412076941657409
0.04184260582488658
0.04271018393386137
0.04382972919420894
0.04522708972281464
0.04693602747779836
0.04900011603590299
0.05147537142262259
0.05443392121589255
0.05796918163796133
0.062203282166283756
0.0672979357716296
0.07347076567589134
0.08102061482068787
0.09036834472650628
0.10212557335885172
0.11721340693992673
0.1370485049481441
0.16365803804324836
0.19866476754172957
0.2366026428308147
0.2392389589405326
0.06580447325367428
-0.6577039490299446
-2.6702848165301787
-6.995901392157069
-14.377428743805392
-24.286568104127294
-34.27103063653449
-40.661397028991104
-40.66139702899103
-34.27103063653374
-24.28656810412641
-14.37742874380448
-6.995901392156156
-2.6702848165293527
-0.6577039490292447
0.06580447325423881
0.23923895894095804
0.2366026428311755
0.19866476754199153
0.16365803804347281
0.1370485049483543
0.1172134069400629
0.10212557335897428
0.09036834472659114
0.0810206148208499
0.07347076567594238
0.06729793577172741
0.06220328216638851
0.057969181638093385
0.054433921215975026
0.05147537142271667
0.04900011603596916
0.04693602747786864
0.04522708972290531
0.04382972919429603
0.04271018393394612
0.04184260582491944
0.0412076941657822
0.040791726078035905
0.04058589428808826
0.04918847048763281
0.04943793032302686
0.049942066883346986
0.05071155422874645
0.05176302393369317
0.05311986766889395
0.0548134123078651
0.05688457597960229
0.05938616809788544
0.062386077820464715
0.0659717208538045
0.07025631387770392
0.07538787287122985
0.08156238739775262
0.08904360796735794
0.0981937200743952
0.1095227907364621
0.1237720759789136
0.14205791919433858
0.16609725664784622
0.19834695616495351
0.2407738437283764
0.28675374168382217
0.2899517512907019
0.07976576619978304
-0.7970706393487041
-3.236175882258691
-8.478530129958344
-17.424455688064466
-29.43369341104034
-41.53422615695059
-49.27894621963814
-49.27894621963793
-41.53422615694977
-29.433693411039325
-17.42445568806333
-8.478530129957292
-3.236175882257789
-0.797070639347941
0.0797657662004058
0.28995175129116835
0.28675374168422496
0.24077384372869007
0.1983469561652215
0.16609725664808372
0.142057919194511
0.12377207597908034
0.10952279073656915
0.09819372007458672
0.08904360796742632
0.08156238739785712
0.07538787287134391
0.07025631387782967
0.06597172085389885
0.062386077820565176
0.05938616809795557
0.05688457597968122
0.05481341230796584
0.05311986766898918
0.05176302393378283
0.050711554228792005
0.0499420668833961
0.0494379303230188
0.04918847048769958
0.05873052337418553
0.05902837582852257
0.059630309649162425
0.06054906955306969
0.06180451346749158
0.0634245708043174
0.06544664552524085
0.06791959345134237
0.07090646847424276
0.07448832954312043
0.07876955010347916
0.08388530969481
0.09001233785809906
0.09738464409518255
0.10631714377329524
0.11724228260678317
0.13076907531338555
0.14778257392748922
0.16961568132832378
0.19831840519022714
0.23682424278841518
0.2874816814368456
0.3423820295703965
0.34620371338571015
0.09525489141851574
-0.9516474060637542
-3.8638397072716493
-10.123010485626024
-20.804117077063673
-35.1427167764585
-49.59032621770692
-58.83725127140836
-58.83725127140818
-49.59032621770602
-35.142716776457384
-20.804117077062386
-10.123010485624903
-3.8638397072706687
-0.9516474060629184
0.09525489141920947
0.34620371338622613
0.3423820295708515
0.28748168143721764
0.23682424278873968
0.19831840519050006
0.16961568132854754
0.14778257392771044
0.1307690753135325
0.11724228260700963
0.10631714377340037
0.09738464409530764
0.09001233785822786
0.08388530969493958
0.07876955010359524
0.07448832954323606
0.07090646847432486
0.06791959345143898
0.06544664552535986
0.06342457080442127
0.061804513467587564
0.06054906955312898
0.05963030964921708
0.059028375828504696
0.05873052337425449
0.0694455582747913
0.06979775215146079
0.07050950524545566
0.07159588747295607
0.07308037972430306
0.07499600696985786
0.07738699730654619
0.08031112001618067
0.08384293280735194
0.08807828336558537
0.0931405874694933
0.09918968738855957
0.10643455595706361
0.11515189637855612
0.1257140785492174
0.1386324454834858
0.1546271232762802
0.17474463697741205
0.2005610711538871
0.23450045121784274
0.28003150324502246
0.3399313255439028
0.40484894762846213
0.40937193752721623
0.1126527934748451
-1.1252108627047193
-4.568619304441629
-11.969545869699896
-24.599040156820486
-41.55321616037273
-58.63629218983603
-69.57000060955032
-69.5700006095501
-58.63629218983493
-41.553216160371534
-24.59904015681911
-11.969545869698644
-4.56861930444054
-1.125210862703804
0.1126527934756186
0.4093719375277918
0.40484894762897916
0.3399313255443463
0.2800315032454146
0.23450045121816177
0.20056107115416585
0.17474463697768716
0.15462712327647082
0.13863244548374498
0.1257140785493674
0.11515189637871295
0.10643455595721255
0.09918968738870823
0.09314058746963988
0.08807828336572651
0.08384293280745139
0.08031112001629936
0.07738699730668197
0.07499600696997055
0.07308037972440332
0.07159588747303296
0.070509505245515
0.06979775215143341
0.06944555827485599
0.08165257340701532
0.08206667532149627
0.08290353915924958
0.08418088380279988
0.0859263175770612
0.08817867053087136
0.09098994510873863
0.09442806519000387
0.09858069412707679
0.10356052757278447
0.10951267515703218
0.11662507600489981
0.1251434359212726
0.13539309665498028
0.14781188285289082
0.16300102087555302
0.1818072199637956
0.20546096276602488
0.23581537829329607
0.2757205931159299
0.329255103809197
0.3996843636371856
0.47601456346522897
0.48133835171362005
0.13248216649425665
-1.3229133380001485
-5.371456649180533
-14.073017409363619
-28.922023834170982
-48.85574144703159
-68.9410161140372
-81.79622767535686
-81.79622767535653
-68.94101611403599
-48.85574144703021
-28.922023834169437
-14.073017409362222
-5.371456649179352
-1.32291333799914
0.13248216649511613
0.48133835171426514
0.4760145634658098
0.39968436363769877
0.32925510380965695
0.27572059311630204
0.23581537829363136
0.20546096276635406
0.18180721996403382
0.1630010208758448
0.1478118828530895
0.13539309665517532
0.12514343592144378
0.1166250760050743
0.10951267515720921
0.10356052757295378
0.09858069412719819
0.09442806519014596
0.09098994510889266
0.08817867053099407
0.08592631757716537
0.08418088380289251
0.08290353915930977
0.08206667532145756
0.08165257340707177
0.09580570853419905
0.09629158829370517
0.09727350889571743
0.09877226050800166
0.10082023691810393
0.10346299874497408
0.1067615622295302
0.11079562477716653
0.11566804479433163
0.12151105194656085
0.12849490833692204
0.1368401293978942
0.14683501021548273
0.15886128551127976
0.17343267014705382
0.19125460401306538
0.2133205608928258
0.24107431008268335
0.2766901964292817
0.3235123896798352
0.3863264130414526
0.4689641238237223
0.5585277780757164
0.5647855162763644
0.15549905420789562
-1.5520536535375649
-6.302071224376167
-16.51134628987159
-33.93325527053398
-57.32092379540958
-80.88641717425924
-95.96908089322179
-95.96908089322127
-80.886417174258
-57.32092379540813
-33.93325527053222
-16.511346289870048
-6.302071224374836
-1.5520536535364362
0.15549905420885302
0.5647855162770938
0.5585277780763624
0.4689641238243047
0.38632641304197346
0.3235123896802644
0.2766901964296697
0.2410743100830657
0.2133205608931112
0.19125460401339164
0.17343267014729824
0.15886128551151685
0.14683501021567658
0.13684012939810059
0.12849490833712404
0.12151105194675757
0.1156680447944749
0.11079562477732963
0.10676156222969753
0.1034629987451059
0.10082023691820904
0.09877226050810713
0.09727350889577566
0.09629158829365735
0.09580570853424411
0.1125888224400307
0.1131598180769551
0.11431375044511226
0.11607505171921312
0.11848179040851639
0.12158750841162086
0.1254639107574531
0.1302046561985959
0.1359306218267053
0.14279720124589093
0.15100448302120936
0.1608116124361796
0.17255738809725074
0.18669041706858097
0.20381440697662764
0.2247583771664623
0.2506898393406569
0.2833054854149433
0.3251605725946687
0.3801851503533151
0.45400331427649904
0.5511193776958457
0.6563812919197168
0.6637690466712778
0.18289906333228245
-1.8234496175141515
-7.404768124665325
-19.400880452754855
-39.87208606706642
-67.35328963614162
-95.04348333111699
-112.76609948207201
-112.7660994820715
-95.04348333111554
-67.35328963614
-39.87208606706447
-19.400880452753093
-7.40476812466387
-1.8234496175128891
0.1828990633333482
0.6637690466721098
0.6563812919204433
0.5511193776965025
0.4540033142770796
0.3801851503538047
0.3251605725951025
0.2833054854153697
0.250689839340986
0.224758377166821
0.20381440697691275
0.18669041706885858
0.17255738809746868
0.16081161243641803
0.1510044830214296
0.14279720124611062
0.1359306218268695
0.13020465619877591
0.125463910757633
0.12158750841176176
0.11848179040862765
0.11607505171933108
0.11431375044517121
0.11315981807690376
0.11258882244006846
0.13310316773894112
0.13377820232210155
0.13514238833031206
0.13722460964489003
0.1400698711147651
0.14374147033644064
0.14832417748636412
0.1539287165898328
0.16069798939107421
0.16881570331317458
0.1785184045048609
0.19011245643472247
0.20399838938288084
0.2207065501275396
0.24095064672973743
0.26571075294650914
0.29636711194377263
0.33492557195369677
0.3844070057428206
0.44945770912227556
0.5367274449083638
0.6515458529290052
0.7760198729911647
0.7848830500473598
0.21683139069743487
-2.1538453696734843
-8.749150268907902
-22.925141953562317
-47.116739196750956
-79.59268135572484
-112.3158180962694
-133.25975577538225
-133.25975577538156
-112.31581809626763
-79.59268135572293
-47.11673919674886
-22.925141953560352
-8.749150268906241
-2.1538453696720543
0.2168313906986276
0.7848830500483122
0.7760198729919776
0.65154585292974
0.5367274449090049
0.4494577091228332
0.384407005743301
0.3349255719541666
0.2963671119441499
0.2657107529469054
0.24095064673006325
0.22070655012786206
0.20399838938312856
0.19011245643499755
0.17851840450509454
0.16881570331341383
0.16069798939126012
0.15392871659003055
0.14832417748655993
0.14374147033659398
0.14006987111489208
0.13722460964502486
0.13514238833038045
0.13377820232205728
0.13310316773897685
0.15921560313559566
0.16002306743293326
0.1616548823457707
0.16414559826550612
0.1675490492026016
0.1719409506326266
0.17742270315754763
0.1841267529236836
0.19222403651004577
0.20193430154959538
0.21354050045960962
0.22740909995690584
0.24401920752406078
0.264005214994384
0.28822084798855363
0.31783845458892745
0.3545090600929466
0.40063203705051786
0.45982098198309684
0.5376342700167299
0.642029595216352
0.7793994359404908
0.9284146485905618
0.939498671437546
0.2616230802891144
-2.569562620934519
-10.44789962673978
-27.383573224477395
-56.286489129597896
-95.0886669597256
-134.18714124679445
-159.21184691412432
-159.21184691412375
-134.18714124679258
-95.08866695972344
-56.286489129595424
-27.383573224475143
-10.447899626737886
-2.569562620932879
0.2616230802904653
0.9394986714386461
0.9284146485914838
0.7793994359413194
0.6420295952170709
0.537634270017368
0.459820981983639
0.40063203705104394
0.354509060093388
0.3178384545893714
0.2882208479889269
0.26400521499475793
0.2440192075243503
0.2274090999572247
0.21354050045986328
0.2019343015498567
0.1922240365102593
0.1841267529239044
0.17742270315776595
0.17194095063279663
0.16754904920275293
0.16414559826565936
0.16165488234585274
0.16002306743290212
0.15921560313563402
0.19405038533032637
0.1950345142338737
0.19702335288902764
0.20005901090957895
0.20420710055617824
0.20955990295650867
0.21624100395612494
0.2244118273221646
0.23428070846815735
0.24611547307772236
0.2602609799668849
0.27716387400395964
0.2974080849682827
0.32176680080878484
0.35128052990673286
0.3873781122486498
0.4320717927001885
0.48828591032183977
0.5604248838744943
0.6552649013496412
0.7825154710976798
0.9500235462944816
1.1320340195813925
1.1471010871866962
0.326131358866499
-3.1097794398165597
-12.677069761389642
-33.24982201573387
-68.36620736214476
-115.5152424602107
-163.02759288227193
-193.43869597165113
-193.4386959716503
-163.02759288226972
-115.51524246020833
-68.36620736214185
-33.24982201573119
-12.677069761387417
-3.109779439814642
0.326131358868069
1.1471010871879928
1.1320340195824599
0.9500235462954377
0.7825154710985084
0.6552649013503846
0.5604248838751205
0.48828591032244106
0.43207179270071605
0.38737811224915997
0.35128052990717096
0.3217668008092256
0.2974080849686342
0.2771638740043354
0.26026097996717323
0.24611547307801343
0.23428070846840682
0.22441182732241546
0.21624100395637258
0.20955990295669852
0.2042071005563595
0.20005901090974543
0.19702335288912617
0.19503451423385518
0.19405038533037275
0.2421871918310025
0.24341544431049766
0.2458976353202954
0.24968632001005242
0.25486338612869613
0.2615440056204985
0.2698824203872193
0.2800800960296744
0.29239704626415186
0.30716753158799215
0.3248219534898964
0.34591774703975703
0.37118368469813723
0.40158474052202175
0.43841951381522637
0.4834712535624961
0.5392513169258948
0.6094094310309405
0.6994430319741524
0.8178135904629593
0.9766677430822028
1.185948626649313
1.414157636571411
1.437133054894366
0.426467265435844
-3.8224972956421106
-15.670514960631479
-41.1651022517396
-84.70015724906543
-143.1671283358873
-202.09376324962136
-239.8140022409171
-239.81400224091612
-202.09376324961875
-143.16712833588437
-84.70015724906202
-41.165102251736414
-15.670514960628832
-3.8224972956398204
0.42646726543771185
1.4371330548959258
1.4141576365726871
1.1859486266504538
0.9766677430831969
0.8178135904638537
0.6994430319749043
0.6094094310316522
0.5392513169265385
0.48347125356309395
0.4384195138157513
0.40158474052254334
0.3711836846985702
0.3459177470402023
0.3248219534902408
0.3071675315883226
0.29239704626444385
0.28008009602995887
0.269882420387497
0.26154400562070984
0.25486338612890813
0.24968632001023172
0.24589763532041428
0.2434154443104961
0.24218719183106102
0.3082247097910676
0.30978786336271147
0.31294685996282245
0.31776858409779885
0.3243572504673902
0.3328594329100416
0.34347142756286264
0.35644962957282444
0.3721249448713103
0.3909227686780692
0.41339084849322116
0.44023859840447677
0.4723934803327915
0.5110835498852964
0.5579614359482371
0.6152965298486632
0.6862848083053863
0.7755710237881971
0.8901524127336427
1.0408067973340236
1.2430542098192066
1.5098724133338088
1.802570296323663
1.8408226430697139
0.5847185317535558
-4.738105251020395
-19.61732645422358
-51.67306362560489
-106.45054450146338
-180.04833704972913
-254.2450787984156
-301.7472402781153
-301.74724027811436
-254.24507879841238
-180.04833704972566
-106.45054450145919
-51.673063625600975
-19.617326454220322
-4.738105251017606
0.5847185317558276
1.8408226430716337
1.8025702963252224
1.5098724133352073
1.2430542098204267
1.040806797335121
0.890152412734574
0.7755710237890622
0.686284808306182
0.6152965298493742
0.5579614359488793
0.5110835498859111
0.47239348033332995
0.44023859840499785
0.4133908484936454
0.3909227686784455
0.3721249448716616
0.3564496295731391
0.3434714275631777
0.3328594329102717
0.32435725046763964
0.3177685840979747
0.31294685996296456
0.3097878633627158
0.3082247097911473
0.3917178234210721
0.3937043933951354
0.3977190769412162
0.4038468746099944
0.41222022814043663
0.4230254113844363
0.43651188759319204
0.4530054963558515
0.47292676830288516
0.49681631396206083
0.5253702320621121
0.559490069776163
0.6003544707533591
0.6495240712241491
0.7090990459822522
0.7819633270753052
0.8721783086748558
0.9856465745703852
1.1312619942116977
1.3227372656532168
1.5799012221566915
1.9198012953245134
2.2956601166391097
2.3597167853714165
0.8149844728509781
-5.804717318527248
-24.373504305219527
-64.44555985902542
-132.98895390968823
-225.13925569680686
-318.0752748015667
-377.58734984929515
-377.5873498492941
-318.0752748015627
-225.1392556968027
-132.98895390968306
-64.4455598590207
-24.373504305215572
-5.804717318523846
0.8149844728537547
2.3597167853737595
2.295660116641028
1.9198012953262333
1.5799012221581892
1.3227372656545682
1.1312619942128517
0.9856465745714447
0.8721783086758337
0.781963327076165
0.7090990459830355
0.6495240712248807
0.6003544707540214
0.5594900697767753
0.5253702320626298
0.4968163139625016
0.4729267683032937
0.453005496356206
0.436511887593544
0.4230254113846952
0.41222022814071496
0.40384687461016944
0.39771907694137965
0.39370439339514496
0.3917178234211613
0.47832861846729424
0.48075440380627793
0.4856567022115425
0.4931393054256107
0.5033639341224304
0.5165580414729009
0.5330262387173283
0.5531663968106357
0.5774920091054274
0.6066631915416649
0.6415299163947807
0.6831930134291593
0.7330916506346696
0.7931314081605749
0.8658766318052492
0.9548486020010449
1.065006218604417
1.2035565720666712
1.3813614199563784
1.6151856757117145
1.9293827351780792
2.345514788123233
2.8096850020562623
2.9086781143999474
1.0918360089157948
-6.7966327478305555
-29.013094772751927
-77.04998291044183
-159.31027634183727
-269.98028822089583
-381.6433747228506
-453.16495120262806
-453.16495120262687
-381.6433747228459
-269.9802882208907
-159.31027634183118
-77.04998291043628
-29.01309477274726
-6.796632747826555
1.0918360089190655
2.9086781144027194
2.809685002058534
2.3455147881252687
1.92938273517986
1.61518567571331
1.3813614199577695
1.2035565720679189
1.0650062186055727
0.9548486020020568
0.8658766318061863
0.7931314081614145
0.7330916506354516
0.683193013429865
0.641529916395398
0.606663191542166
0.5774920091058914
0.553166396811024
0.5330262387177109
0.5165580414731958
0.5033639341227367
0.4931393054257893
0.48565670221170937
0.4807544038063082
0.47832861846739244
0.5329718816719587
0.5356747548530203
0.5411370224126073
0.5494743297907642
0.5608668670549564
0.5755680634454317
0.5939173174335267
0.6163579366564427
0.6434620535674483
0.6759651644398446
0.7148142980561496
0.7612359791922653
0.8168336926971282
0.8837305710127024
0.9647836913643344
1.0639162525475814
1.1866530897335545
1.3410239194425855
1.539132640045496
1.799680309770907
2.149949111715344
2.6147461055029204
3.137398953552478
3.2694836089794244
1.317892233187505
-7.267502445772875
-31.542229442288487
-84.12951141199052
-174.28204533130884
-295.65449273847554
-418.16924196136154
-496.66029842314515
-496.66029842314384
-418.1692419613565
-295.65449273847
-174.28204533130224
-84.12951141198445
-31.542229442283396
-7.2675024457685335
1.3178922331910488
3.2694836089824397
3.1373989535549534
2.6147461055051395
2.1499491117172758
1.799680309772655
1.5391326400470102
1.341023919443938
1.186653089734796
1.0639162525486983
0.964783691365346
0.883730571013617
0.8168336926979612
0.7612359791930452
0.7148142980568089
0.6759651644403902
0.6434620535679345
0.6163579366568467
0.5939173174339054
0.5755680634457571
0.5608668670552643
0.5494743297909437
0.5411370224127836
0.5356747548530585
0.5329718816720602
0.5064920976344385
0.5090606588451781
0.514251492985766
0.5221744970970499
0.5330009043789995
0.5469715463538402
0.5644089498200277
0.5857343845172074
0.6114915394466235
0.6423793436785079
0.6792977384837038
0.7234122588262157
0.7762466464129003
0.8398184333807724
0.9168425668063818
1.011047035738513
1.1276817089041264
1.274376755053206
1.4626356900815316
1.7102471891294533
2.0432560637610546
2.4858672361195553
2.9869521636301464
3.130042733967848
1.3341262161409886
-6.660050451639877
-29.342097857588037
-78.56152403908771
-163.02276619704946
-276.8026362476484
-391.6971729082765
-465.32175360219094
-465.32175360218963
-391.6971729082719
-276.80263624764336
-163.02276619704327
-78.56152403908204
-29.342097857583298
-6.660050451635733
1.3341262161442886
3.1300427339707007
2.9869521636324334
2.485867236121655
2.04325606376284
1.7102471891311177
1.462635690082963
1.274376755054471
1.1276817089053
1.0110470357395653
0.9168425668073402
0.8398184333816285
0.7762466464137141
0.7234122588269079
0.6792977384843486
0.6423793436789758
0.6114915394470842
0.5857343845175722
0.5644089498203984
0.5469715463541126
0.5330009043792963
0.5221744970971751
0.5142514929859527
0.5090606588452031
0.5064920976345482
0.36223122814694275
0.3640681876049532
0.3677805190629396
0.37344681659595336
0.3811895394189978
0.39118092053887704
0.40365161781991227
0.4189029054824651
0.4373236059620239
0.45941356122757415
0.4858163658459486
0.5173655508450181
0.5551508130168659
0.6006149721315467
0.6556995825253265
0.7230706336537738
0.8064824151893734
0.9113914726687997
1.0460254735648211
1.2231169430339945
1.4613663226183746
1.778478213770354
2.1395910349925744
2.2529025960857814
1.0051917197189881
-4.609153593647186
-20.589183155929454
-55.31775354115306
-114.96467390091397
-195.3606075613619
-276.57187104638905
-328.6219841062063
-328.6219841062053
-276.5718710463856
-195.360607561358
-114.96467390090953
-55.31775354114889
-20.589183155926023
-4.609153593644152
1.0051917197213633
2.252902596087863
2.1395910349941882
1.778478213771879
1.4613663226196423
1.2231169430352191
1.046025473565896
0.9113914726697282
0.8064824151902326
0.7230706336545413
0.6556995825260432
0.6006149721321546
0.5551508130174656
0.5173655508455371
0.48581636584640886
0.45941356122789945
0.43732360596234976
0.41890290548273673
0.40365161782013165
0.3911809205390827
0.3811895394192159
0.3734468165960178
0.36778051906304854
0.3640681876050092
0.3622312281470108
0.10905456788573084
0.10960759998943102
0.11072522831126207
0.11243111361516576
0.1147621222220577
0.11777010473466465
0.12152450031866194
0.1261160067576088
0.1316616774746323
0.13831198706533052
0.14626068475356946
0.1557586966515504
0.16713406170578815
0.18082111644872423
0.19740432364767685
0.21768620524167842
0.2427968638125335
0.27437885925090266
0.3149097987297569
0.3682306693202562
0.44002446231553183
0.5359025567303961
0.6465850877822298
0.6885362595415117
0.339099792485752
-1.277606575401018
-5.91565944892665
-16.032943594044774
-33.44690120206313
-56.94995124042978
-80.71105296489404
-95.94704073950376
-95.94704073950346
-80.71105296489259
-56.949951240428284
-33.44690120206135
-16.032943594043235
-5.915659448925323
-1.2776065753999544
0.3390997924866127
0.6885362595422614
0.6465850877827901
0.5359025567309454
0.4400244623159272
0.36823066932074655
0.31490979873011576
0.27437885925126426
0.24279686381283067
0.21768620524198093
0.19740432364791818
0.18082111644897741
0.16713406170604173
0.15575869665176034
0.14626068475371273
0.1383119870654288
0.13166167747474095
0.1261160067576783
0.12152450031871885
0.11777010473470584
0.11476212222213572
0.11243111361518231
0.1107252283113267
0.10960759998947606
0.1090545678856959
-0.18881854649598673
-0.18977610185227448
-0.19171123635082926
-0.1946649197353045
-0.19870098796595398
-0.2039092234001342
-0.2104098646107067
-0.2183599618706175
-0.22796220386658708
-0.23947715358077035
-0.25324031260130137
-0.26968619785468567
-0.2893828690211361
-0.31308247634430736
-0.3417971758325224
-0.3769168020400618
-0.4203985697368511
-0.4750870374080087
-0.5452700356289565
-0.6375726835350373
-0.7616620729346667
-0.9263397022556368
-1.1115872674335743
-1.1587425804109046
-0.46852335750908614
2.56993801608236
11.16303720482554
29.781075076870284
61.70157103387291
104.6788130813342
148.06232300343382
175.85733172683257
175.85733172683223
148.0623230034327
104.67881308133293
61.70157103387125
29.781075076868802
11.163037204824263
2.569938016081247
-0.4685233575100508
-1.1587425804116784
-1.1115872674342533
-0.9263397022562023
-0.7616620729352332
-0.6375726835354791
-0.5452700356293759
-0.475087037408383
-0.4203985697371322
-0.3769168020403738
-0.3417971758327906
-0.31308247634448877
-0.28938286902127996
-0.26968619785490205
-0.25324031260145785
-0.23947715358097532
-0.22796220386672367
-0.2183599618707791
-0.2104098646107871
-0.20390922340029938
-0.19870098796601504
-0.1946649197353527
-0.19171123635081272
-0.18977610185228433
-0.18881854649607577
-0.4419952067571723
-0.44423668946782346
-0.4487665271024717
-0.45568062271607385
-0.4651284051628889
-0.4773200392044072
-0.4925369821118676
-0.5111468605955257
-0.5336241323539439
-0.5605787277429976
-0.5927959936936564
-0.6312930520481486
-0.6773996203321286
-0.7328763320270699
-0.8000924347101762
-0.8823012304520822
-0.9840841211136957
-1.1120996508258496
-1.2763857104640628
-1.4924589572487152
-1.7830039332375236
-2.1689153592955615
-2.604593214643854
-2.7231089169551663
-1.1346152847423223
5.9014850343284415
25.836560911828155
69.06588502397801
143.21934373272262
243.08946940226446
343.923141084926
408.5322750935319
408.5322750935313
343.9231410849228
243.08946940226065
143.21934373271822
69.06588502397392
25.83656091182467
5.901485034325445
-1.134615284744834
-2.7231089169572513
-2.604593214645617
-2.1689153592970882
-1.7830039332388967
-1.492458957249975
-1.2763857104650955
-1.1120996508268424
-0.9840841211144664
-0.8823012304529394
-0.8000924347108231
-0.7328763320276845
-0.6773996203326742
-0.6312930520486355
-0.5927959936941238
-0.5605787277434008
-0.533624132354336
-0.511146860595801
-0.4925369821121942
-0.4773200392046566
-0.46512840516311016
-0.4556806227161421
-0.4487665271025919
-0.44423668946779116
-0.4419952067573548
-0.5862560762446856
-0.5892291607080071
-0.5952375010253143
-0.6044083032171887
-0.6169397701229022
-0.6331106650193674
-0.6532943141120255
-0.6779783396302548
-0.7077920658385357
-0.7435445101939625
-0.7862773663314
-0.8373397600293547
-0.8984954537281797
-0.9720797932763001
-1.0612354189912012
-1.1702776325368398
-1.3052834148284176
-1.475084933210253
-1.6929959269807333
-1.9795892033441813
-2.364893674380189
-2.876304381644757
-3.451954343281467
-3.600249054837227
-1.4635497811643665
7.952381892321004
34.58947561348632
92.30965552191174
191.27743602885624
324.531498088548
459.0484429468095
545.2320445895117
545.2320445895105
459.0484429468052
324.5314980885429
191.2774360288502
92.30965552190611
34.58947561348159
7.95238189231687
-1.4635497811677758
-3.6002490548400745
-3.4519543432838558
-2.876304381646861
-2.3648936743820848
-1.9795892033458453
-1.6929959269821802
-1.4750849332115483
-1.3052834148295314
-1.1702776325379523
-1.0612354189921231
-0.972079793277111
-0.8984954537289473
-0.8373397600300078
-0.7862773663320587
-0.7435445101944681
-0.7077920658390506
-0.6779783396306194
-0.6532943141124693
-0.6331106650196817
-0.61693977012318
-0.6044083032173153
-0.5952375010254778
-0.5892291607079841
-0.5862560762448779
-0.6127358602822361
-0.615843256715842
-0.6221230304521637
-0.6317081359109208
-0.6448057327988646
-0.6617071821109731
-0.6828026817255409
-0.7086018917694679
-0.7397625799593479
-0.7771303309553315
-0.8217939259038307
-0.8751634803954222
-0.9390825000123904
-1.015991930908239
-1.1091765435491132
-1.2231468493459199
-1.364254795657826
-1.5417320975996187
-1.7694928769446874
-2.0690223239856413
-2.471586722334523
-3.0051832510281007
-3.6024011332038475
-3.739689929848815
-1.4473157982109557
8.55983388645389
36.789607198186346
97.87764289481365
202.5367151631138
343.3833545793721
485.52051199989046
576.5705894104607
576.5705894104597
485.5205119998855
343.3833545793668
202.53671516310735
97.87764289480764
36.789607198181294
8.559833886449514
-1.4473157982145763
-3.739689929851835
-3.6024011332063637
-3.005183251030353
-2.4715867223365215
-2.0690223239874097
-1.769492876946232
-1.5417320976009892
-1.3642547956590196
-1.223146849347068
-1.109176543550114
-1.0159919309090526
-0.9390825000132242
-0.8751634803961212
-0.821793925904522
-0.7771303309558609
-0.7397625799598628
-0.7086018917698702
-0.6828026817259711
-0.6617071821112995
-0.6448057327991237
-0.6317081359110759
-0.6221230304523225
-0.6158432567158452
-0.6127358602823871
-0.558092597077539
-0.5609229056690845
-0.5666427102510718
-0.5753731115457639
-0.5873027998663416
-0.602697160138425
-0.6219116030093672
-0.6454103519236685
-0.6737925354973204
-0.7078283580571226
-0.7485095442424756
-0.7971205146322868
-0.8553404579499271
-0.9253927680560852
-1.010269483990046
-1.1140791987993546
-1.2426079245286878
-1.4042647502236894
-1.6117216568555686
-1.8845276899264423
-2.2510203457972846
-2.7359519336484075
-3.2746871817076277
-3.378884435269342
-1.2212595739393035
8.088964188511445
34.260472528649444
90.79811439326407
187.5649461736405
317.7091500617896
448.99464476137564
533.0752421899394
533.0752421899379
448.9946447613713
317.7091500617845
187.56494617363458
90.79811439325857
34.260472528644804
8.088964188507429
-1.2212595739426289
-3.3788844352721243
-3.274687181709937
-2.735951933650476
-2.251020345799109
-1.8845276899280858
-1.6117216568569874
-1.4042647502249674
-1.2426079245297654
-1.1140791988004288
-1.0102694839909274
-0.9253927680568481
-0.8553404579506796
-0.7971205146329311
-0.7485095442430921
-0.7078283580576321
-0.6737925354977741
-0.6454103519240242
-0.621911603009716
-0.6026971601387261
-0.5873027998665705
-0.5753731115458853
-0.5666427102512333
-0.5609229056690535
-0.5580925970777005
-0.4714818020313023
-0.47387289525790427
-0.4787050849807327
-0.4860806807301355
-0.49615909388433976
-0.5091645300499508
-0.5253972518852396
-0.5452494514688975
-0.5692272946947711
-0.5979814804775212
-0.632349859909799
-0.6734175709792849
-0.7226032780686215
-0.7817854311196525
-0.8534918981670474
-0.9411939238736067
-1.0497800145991265
-1.1863547527274003
-1.3616222311108783
-1.5920792798679466
-1.9015388327758949
-2.310238440849699
-2.76066229629048
-2.829923106240809
-0.9444080378745165
7.097048759208045
29.620882061116788
78.19369134184706
161.2436237414903
272.8681175376985
385.4265448400889
457.4976408366033
457.4976408366023
385.4265448400853
272.8681175376944
161.24362374148512
78.19369134184237
29.620882061112844
7.097048759204633
-0.9444080378773456
-2.8299231062431613
-2.7606622962924283
-2.31023844085144
-1.9015388327774425
-1.5920792798693335
-1.3616222311120842
-1.1863547527284852
-1.0497800146000236
-0.9411939238745306
-0.8534918981677768
-0.7817854311203
-0.7226032780692342
-0.6734175709798377
-0.6323498599103108
-0.597981480477956
-0.5692272946951376
-0.5452494514691859
-0.5253972518855075
-0.5091645300501998
-0.4961590938845224
-0.48608068073022714
-0.4787050849808716
-0.47387289525786025
-0.4714818020314342
-0.3879886884013015
-0.3899563652254668
-0.39393286800233757
-0.4000023902179366
-0.40829611621128276
-0.4189985515755502
-0.4323567918548954
-0.44869358468587905
-0.4684254712631899
-0.4920879351935412
-0.520370476340895
-0.5541660996076145
-0.5946422876480592
-0.6433449097808088
-0.7023542881330287
-0.7745271266469755
-0.8638865142296503
-0.976279201945212
-1.1205126496328108
-1.3101488115487416
-1.5646918204384108
-1.90030955885898
-2.267572475975035
-2.3110289639390973
-0.7141420967771155
6.0304366917011505
24.86470421012067
65.4211951084262
134.70521433326476
227.77719889061973
321.5963488369364
381.65753126542154
381.65753126542074
321.5963488369333
227.77719889061626
134.70521433326059
65.4211951084223
24.864704210117456
6.030436691698336
-0.7141420967794266
-2.3110289639410353
-2.2675724759766123
-1.9003095588604064
-1.5646918204396716
-1.3101488115498807
-1.1205126496338003
-0.9762792019460946
-0.8638865142303738
-0.7745271266477227
-0.7023542881336262
-0.6433449097813208
-0.5946422876485538
-0.5541660996080608
-0.5203704763413346
-0.4920879351938876
-0.4684254712634829
-0.4486935846861097
-0.4323567918551158
-0.4189985515757424
-0.4082961162114294
-0.40000239021799683
-0.3939328680024441
-0.389956365225417
-0.38798868840140643
-0.3219511704412491
-0.3235839461732517
-0.3268836433598225
-0.33192012613019933
-0.3388022518725847
-0.3476831242860115
-0.3587677846792452
-0.3723240511427408
-0.3886975726560292
-0.40833269810347783
-0.4318015813375735
-0.4598452482429128
-0.49343249201341827
-0.5338461004175507
-0.582812366000014
-0.6427018503608259
-0.7168530228501404
-0.8101176091879522
-0.9298032688732933
-1.0871556046776558
-1.298305353701389
-1.5763857721744663
-1.8791598162227734
-1.9073393757637336
-0.5558908304594063
5.114828736322844
20.917892716528492
54.91323373456069
112.95482708086647
190.89599017677713
269.4450332881412
319.724293228222
319.7242932282212
269.4450332881385
190.8959901767744
112.95482708086307
54.91323373455757
20.91789271652585
5.114828736320527
-0.5558908304613065
-1.9073393757653259
-1.8791598162240608
-1.5763857721756331
-1.298305353702422
-1.0871556046785913
-0.9298032688741127
-0.8101176091886615
-0.7168530228507171
-0.6427018503614137
-0.5828123660005002
-0.5338461004179483
-0.4934324920138067
-0.45984524824328016
-0.4318015813379476
-0.40833269810377193
-0.3886975726562658
-0.37232405114294037
-0.3587677846794252
-0.34768312428617043
-0.33880225187270097
-0.33192012613024224
-0.3268836433599004
-0.32358394617321173
-0.32195117044131605
-0.273814363940575
-0.27520301609660974
-0.2780093609285592
-0.2822928170297219
-0.28814596630005873
-0.29569902162201955
-0.3051263682481428
-0.31665578243523296
-0.3305812348600333
-0.3472806395932125
-0.36724060781456574
-0.3910913752071159
-0.41965689228357006
-0.45402816070431146
-0.4956733820915154
-0.5466087090469978
-0.6096734986244203
-0.6889940884788667
-0.7907851207736236
-0.9246069155643335
-1.1041530817168597
-1.340460691819631
-1.5970361992327475
-1.6173074080560577
-0.455554923890064
4.402110880497281
17.924447517286616
46.99795349855482
96.6208771939455
163.24410430110026
230.37886292079116
273.3489869589554
273.3489869589548
230.37886292078912
163.24410430109793
96.6208771939427
46.99795349855222
17.924447517284392
4.402110880495339
-0.45555492389165936
-1.6173074080573886
-1.5970361992338193
-1.3404606918206015
-1.1041530817177174
-0.9246069155651173
-0.790785120774316
-0.688994088479443
-0.6096734986248863
-0.5466087090474622
-0.4956733820919152
-0.45402816070463464
-0.4196568922838771
-0.3910913752074323
-0.36724060781489287
-0.3472806395934773
-0.33058123486023494
-0.3166557824354186
-0.30512636824830364
-0.2956990216221577
-0.2881459663001529
-0.28229281702975173
-0.2780093609286096
-0.27520301609658526
-0.2738143639406043
-0.23897958174585482
-0.24019156929566793
-0.24264089038531403
-0.24637940438565314
-0.251487914946473
-0.25808006929813665
-0.2663080674495566
-0.27637070803674996
-0.28852456290191786
-0.30309946806508536
-0.32052012830729637
-0.3413366011600557
-0.36626801483934934
-0.396266574889905
-0.43261370017333756
-0.47706905138730615
-0.5321107660171787
-0.6013402152075822
-0.69018121888223
-0.806976284231435
-0.96366720583554
-1.1698365814656446
-1.3934168282419126
-1.409704992306906
-0.3910466453126803
3.8618940616152364
15.695277382636736
41.13170470729831
84.5411589613986
142.81752880061492
201.5384112853135
239.12213790142852
239.12213790142803
201.53841128531167
142.81752880061308
84.54115896139616
41.131704707296095
15.695277382634828
3.861894061613582
-0.39104664531404454
-1.4097049923080376
-1.3934168282428252
-1.1698365814664693
-0.9636672058362629
-0.806976284232104
-0.690181218882828
-0.6013402152080525
-0.5321107660175625
-0.47706905138767386
-0.4326137001736746
-0.39626657489018147
-0.36626801483960364
-0.3413366011603401
-0.32052012830759
-0.3030994680653344
-0.2885245629021002
-0.2763707080369297
-0.2663080674497123
-0.2580800692982636
-0.25148791494655276
-0.24637940438567268
-0.24264089038534453
-0.24019156929565694
-0.23897958174585773
-0.21286714634918852
-0.21394670418482165
-0.21612839636985462
-0.2194584157650384
-0.22400873685862893
-0.22988058900195638
-0.23720954177837222
-0.24617267170290058
-0.25699851578294514
-0.2699808698286661
-0.28549803235256016
-0.30403995763786984
-0.32624719669817104
-0.3529679100230546
-0.3853434989145238
-0.4249413497449096
-0.4739688178680001
-0.5356337501107908
-0.6147672426419541
-0.7187997233369945
-0.8583650555275664
-1.041982998454174
-1.2410220526425222
-1.25508937091673
-0.34625495572101495
3.446176810354193
13.99652802480485
36.673273436383184
75.37140902855164
127.32154319661396
179.66708813478834
213.17004676268618
213.1700467626858
179.66708813478655
127.32154319661225
75.37140902854948
36.67327343638128
13.996528024803183
3.4461768103527572
-0.3462549557221999
-1.2550893709177042
-1.2410220526433167
-1.0419829984548885
-0.8583650555281863
-0.7187997233375791
-0.6147672426424788
-0.5356337501111759
-0.47396881786831907
-0.42494134974520287
-0.385343498914807
-0.35296791002329886
-0.32624719669838886
-0.3040399576381305
-0.285498032352825
-0.2699808698289043
-0.2569985157831157
-0.24617267170307203
-0.23720954177852852
-0.22988058900207312
-0.2240087368587021
-0.21945841576505037
-0.21612839636988013
-0.2139467041848218
-0.2128671463491828
-0.1923528010502562
-0.19332831993965427
-0.19529975848464376
-0.19830885783935742
-0.20242065615237384
-0.207726627077142
-0.21434927504946721
-0.2224486113116687
-0.23223114821858185
-0.24396236776138855
-0.2579841108689245
-0.2747391136393268
-0.2948061954125367
-0.318951776964089
-0.34820725916141093
-0.3839889739648681
-0.42829154526487145
-0.48401366357204545
-0.5555208094937903
-0.6495271645680286
-0.7756409248957006
-0.9415565232210101
-1.121383471571062
-1.13397536754064
-0.31232262835586166
3.1157810581948673
12.652145880562282
33.14901193557574
68.12675589886709
115.0821514770309
162.3947533696359
192.67639046937583
192.67639046937546
162.39475336963443
115.08215147702936
68.12675589886513
33.14901193557402
12.652145880560802
3.1157810581936047
-0.31232262835690106
-1.1339753675414934
-1.1213834715717657
-0.9415565232216376
-0.7756409248962309
-0.6495271645685395
-0.5555208094942456
-0.4840136635723591
-0.42829154526513846
-0.3839889739651069
-0.34820725916164824
-0.31895177696430493
-0.29480619541272857
-0.27473911363956205
-0.25798411086915757
-0.24396236776161
-0.23223114821873997
-0.22244861131182547
-0.2143492750496253
-0.2077266270772492
-0.20242065615244387
-0.19830885783936528
-0.1952997584846739
-0.19332831993966262
-0.1923528010502541
-0.1755696871444243
-0.17646009015640302
-0.17825951693525102
-0.18100606662815022
-0.18475910266196482
-0.18960211741050176
-0.19564692652155186
-0.20303957989024507
-0.21196857118621376
-0.22267621846206684
-0.23547453618464986
-0.2507676306010491
-0.2690838175307627
-0.2911226454067899
-0.31782552233183836
-0.3504852008114707
-0.3909222668170339
-0.44178248823978805
-0.5070504333284
-0.5928544038945474
-0.7079640236606569
-0.8594012693488858
-1.023529957727059
-1.0349918371457274
-0.28492261923148077
2.8443850942182842
11.549448980273116
30.25947777269252
62.18792510233453
105.04978563629885
148.2376872127781
175.87937188052564
175.87937188052535
148.23768721277673
105.04978563629743
62.187925102332876
30.259477772690957
11.549448980271785
2.844385094217159
-0.2849226192323935
-1.0349918371464788
-1.0235299577276786
-0.85940126934944
-0.7079640236611069
-0.5928544038949918
-0.5070504333287916
-0.4417824882400466
-0.39092226681726217
-0.3504852008116775
-0.31782552233203687
-0.2911226454069775
-0.26908381753093563
-0.25076763060125273
-0.23547453618484987
-0.22267621846226238
-0.21196857118636053
-0.2030395798903794
-0.1956469265217123
-0.18960211741059835
-0.1847591026620346
-0.18100606662815483
-0.17825951693529038
-0.17646009015641598
-0.17556968714443047
-0.16141655201725366
-0.1622351771841934
-0.16388954719878693
-0.16641468992294595
-0.16986518332092787
-0.17431778919639584
-0.17987530940076096
-0.18667202030307795
-0.19488122051895573
-0.20472569408829078
-0.2164923030047633
-0.2305525772080633
-0.24739224323654624
-0.26765445655050424
-0.2922047350376824
-0.32223161767395736
-0.359408925888005
-0.40616914092312834
-0.4661756151924257
-0.5450626073306478
-0.6508927144284059
-0.7901215091623492
-0.9410167431165712
-0.951544672582973
-0.261905731517836
2.615244778680883
10.61883440507749
27.82114889218455
57.176693665971655
96.58460328792088
136.29228615255602
161.7065186626607
161.70651866266053
136.29228615255482
96.58460328791963
57.176693665970106
27.821148892183146
10.618834405076308
2.615244778679873
-0.2619057315186395
-0.9515446725836435
-0.941016743117117
-0.79012150916284
-0.6508927144287837
-0.5450626073310278
-0.4661756151927513
-0.4061691409233442
-0.3594089258882024
-0.3222316176741483
-0.2922047350378477
-0.2676544565506618
-0.24739224323670633
-0.23055257720823627
-0.21649230300493494
-0.2047256940884579
-0.1948812205190918
-0.18667202030318378
-0.17987530940091728
-0.17431778919648133
-0.1698651833209945
-0.16641468992295072
-0.16388954719883198
-0.16223517718421449
-0.1614165520172604
-0.1492095368850397
-0.14996625401414698
-0.15149551328499172
-0.15382969359309606
-0.1570192454681821
-0.1611351256353853
-0.166272361598575
-0.1725550751292606
-0.18014345919923508
-0.18924344988109615
-0.20012021531722313
-0.21311718859173098
-0.2286833632723217
-0.24741325627408695
-0.27010693073399966
-0.2978630422818681
-0.33222882920047436
-0.3754528151344868
-0.43092130805300927
-0.5038424654325449
-0.6016691138642151
-0.730368471069055
-0.8698511272798009
-0.8795782583965601
-0.24207635849841672
2.417542303385459
9.815997060338574
25.717677352520823
52.853709988621105
89.28207800126191
125.98756222835468
149.48029159685427
149.480291596854
125.9875622283537
89.28207800126081
52.85370998861968
25.717677352519562
9.815997060337525
2.417542303384547
-0.24207635849912423
-0.8795782583971605
-0.86985112728028
-0.7303684710694918
-0.6016691138645354
-0.5038424654328695
-0.43092130805327905
-0.3754528151346743
-0.3322288292006439
-0.29786304228205107
-0.2701069307341343
-0.24741325627420968
-0.22868336327246824
-0.21311718859186918
-0.20012021531736685
-0.18924344988122896
-0.1801434591993603
-0.17255507512933527
-0.1662723615987253
-0.16113512563546253
-0.1570192454682472
-0.15382969359310608
-0.15149551328504088
-0.1499662540141829
-0.14920953688503594
-0.1384945019844519
-0.13919687769119743
-0.14061631768870247
-0.14278287567320455
-0.14574337921139086
-0.14956368946985038
-0.1543320098172794
-0.16016354856443102
-0.1672069948661374
-0.1756534960586368
-0.18574917795121143
-0.1978128108979896
-0.2122611451733461
-0.2296460039907186
-0.25070999595806526
-0.27647287940513626
-0.308370781237562
-0.3484907520845263
-0.3999759182274325
-0.4676604194049073
-0.5584618534075827
-0.677918826961984
-0.8073842092217316
-0.8164100342550491
-0.2246784564420814
2.243978846744494
9.111217463168593
23.871141968446974
49.05878690886426
82.87157861734775
116.94159625622576
138.74754225871243
138.74754225871203
116.94159625622487
82.87157861734678
49.05878690886304
23.871141968445812
9.111217463167659
2.24397884674367
-0.22467845644270246
-0.8164100342555838
-0.8073842092221486
-0.6779188269623702
-0.5584618534078585
-0.4676604194051847
-0.3999759182276551
-0.34849075208469626
-0.3083707812377074
-0.27647287940531595
-0.25070999595817667
-0.22964600399081253
-0.2122611451734799
-0.19781281089809766
-0.18574917795132925
-0.17565349605873765
-0.1672069948662508
-0.1601635485644799
-0.1543320098174207
-0.1495636894699229
-0.14574337921145136
-0.14278287567322276
-0.14061631768874816
-0.13919687769125302
-0.1384945019844241
-0.12895244909791176
-0.12960643218568776
-0.1309280749228824
-0.1329453603488673
-0.1357018896775975
-0.13925898633441838
-0.14369877659989916
-0.14912853109268953
-0.15568669448978872
-0.16355124433598117
-0.17295134870153922
-0.18418381508089038
-0.19763668018647051
-0.213823747293291
-0.23343646015211805
-0.2574243168727232
-0.287124496660631
-0.3244802541359225
-0.37241815609344436
-0.43543927086251494
-0.519984566784102
-0.631210989253509
-0.7517559213351523
-0.7601580721600352
-0.20918933122333566
2.0894020800294455
8.483553638155634
22.22666161277925
45.67912551986501
77.1625552519296
108.88549619546927
129.18923720694212
129.18923720694193
108.88549619546852
77.16255525192875
45.679125519863945
22.226661612778226
8.483553638154802
2.08940208002871
-0.20918933122387667
-0.7601580721605028
-0.7517559213355108
-0.6312109892538409
-0.5199845667843416
-0.4354392708627539
-0.3724181560936276
-0.32448025413608034
-0.2871244966607559
-0.25742431687289935
-0.23343646015221597
-0.21382374729336587
-0.1976366801865959
-0.18418381508097972
-0.17295134870164136
-0.16355124433605864
-0.15568669448989492
-0.14912853109272384
-0.14369877660003416
-0.13925898633448927
-0.1357018896776559
-0.13294536034889531
-0.13092807492292444
-0.12960643218575973
-0.12895244909785586
-0.12034987289830412
-0.12096022794067798
-0.12219370220526315
-0.12407641194498842
-0.1266490496777656
-0.12996884785971977
-0.13411245401484523
-0.13917998259087777
-0.1453006424278152
-0.1526405379381343
-0.16141354906363697
-0.17189668284115628
-0.1844520894815317
-0.1995592956671734
-0.2178636178606507
-0.24025121161899687
-0.2679700506506729
-0.3028337515158386
-0.34757364383903455
-0.4063905191628086
-0.4852956486623896
-0.5891019130668653
-0.7016048224821502
-0.7094452798098738
-0.1952280382772259
1.9500353897106724
7.9176625724270995
20.74403287497798
42.63209857560598
72.01542994501658
101.62230067505332
120.57168801629501
120.57168801629477
101.62230067505254
72.01542994501582
42.63209857560503
20.744032874977023
7.917662572426364
1.950035389710013
-0.19522803827769902
-0.70944527981028
-0.7016048224824522
-0.5891019130671444
-0.4852956486625982
-0.4063905191630207
-0.3475736438391891
-0.30283375151599184
-0.26797005065078305
-0.24025121161916557
-0.21786361786074163
-0.1995592956672393
-0.18445208948165068
-0.1718966828412404
-0.16141354906373084
-0.15264053793819965
-0.1453006424279174
-0.13917998259091036
-0.13411245401497301
-0.12996884785978902
-0.126649049677821
-0.12407641194502718
-0.12219370220530326
-0.12096022794076033
-0.12034987289822366
-0.11251049448184006
-0.11308109204911022
-0.1142342199260688
-0.1159942931962056
-0.1183993537342084
-0.12150290596844945
-0.1253766047292485
-0.1301140431729249
-0.13583601368564785
-0.1426978009062525
-0.1508993529786394
-0.16069963313815783
-0.17243720169355947
-0.18656034968979915
-0.20367235863368435
-0.2246016611805423
-0.2505149397331425
-0.2831076741529043
-0.32493327827188734
-0.3799189077456193
-0.4536842618056518
-0.5507286952296108
-0.6559031584102223
-0.6632321703534483
-0.18250739563742552
1.8230264495515096
7.401958000373989
19.3928972243401
39.85531305864529
67.32480584619756
95.00328224035002
112.71843436287472
112.7184343628745
95.00328224034942
67.3248058461968
39.85531305864437
19.392897224339293
7.401958000373337
1.8230264495509225
-0.1825073956378402
-0.663232170353799
-0.6559031584104809
-0.5507286952298378
-0.4536842618058349
-0.3799189077458106
-0.32493327827202023
-0.28310767415305105
-0.25051493973323985
-0.2246016611806993
-0.20367235863377345
-0.18656034968986568
-0.17243720169367432
-0.16069963313824526
-0.1508993529787292
-0.1426978009063088
-0.1358360136857474
-0.13011404317296205
-0.1253766047293686
-0.1215029059685127
-0.11839935373426233
-0.11599429319625153
-0.11423421992611048
-0.11308109204919164
-0.11251049448174497
-0.10529792112248397
-0.10583194006600966
-0.1069111457366551
-0.10855838806758283
-0.11080927022573314
-0.11371386669088168
-0.11733923879686375
-0.12177297982688441
-0.1271281386620175
-0.1335500452771415
-0.14122582995464283
-0.15039785484667167
-0.1613829765261499
-0.17460074789555136
-0.19061577648173542
-0.21020338737794847
-0.2344554714907759
-0.2649588178745227
-0.304103150329858
-0.3555638682857708
-0.42460041023556316
-0.5154236838716375
-0.6138557353095081
-0.6207145050382312
-0.17080536386414052
1.706167801734416
6.927473810848731
18.14976188718446
37.300486721436016
63.009122695032474
88.91334970110033
105.49292424781697
105.49292424781692
88.91334970109986
63.00912269503182
37.300486721435206
18.149761887183704
6.927473810848142
1.7061678017339004
-0.17080536386450226
-0.6207145050385334
-0.6138557353097325
-0.5154236838718214
-0.4246004102357287
-0.35556386828594483
-0.304103150329972
-0.2649588178746587
-0.23445547149085832
-0.2102033873780862
-0.19061577648181982
-0.1746007478956242
-0.1613829765262616
-0.15039785484676899
-0.14122582995472782
-0.13355004527718706
-0.12712813866211167
-0.1217729798269239
-0.11733923879696821
-0.11371386669093281
-0.11080927022578482
-0.10855838806763327
-0.10691114573669937
-0.10583194006608601
-0.10529792112238148
-0.09860440336590545
-0.09910447608343345
-0.10011507939397576
-0.10165761071736258
-0.10376541001588033
-0.10648536865910427
-0.10988028505827759
-0.11403218440828926
-0.11904692935169822
-0.1250606115938431
-0.13224846600242324
-0.14083744835627346
-0.15112427341980694
-0.16350182411905673
-0.17849881721150662
-0.19684129217138574
-0.2195517308713687
-0.24811605365272224
-0.28477207455028675
-0.3329615551328409
-0.39760960149940816
-0.4826594405231924
-0.5748343623903214
-0.5812569667663898
-0.1599466277105444
1.597715264406713
6.487125987837162
16.996065727966545
34.92947292695812
59.0039417519596
83.26157236169573
98.78727130991419
98.78727130991412
83.26157236169522
59.003941751959076
34.929472926957395
16.99606572796592
6.48712598783664
1.5977152644062627
-0.15994662771086382
-0.5812569667666518
-0.5748343623905271
-0.4826594405233437
-0.3976096014995633
-0.3329615551330032
-0.28477207455039
-0.2481160536528474
-0.21955173087143476
-0.19684129217150392
-0.17849881721158223
-0.1635018241191377
-0.1511242734199137
-0.14083744835637735
-0.13224846600249782
-0.1250606115938702
-0.11904692935178436
-0.11403218440832447
-0.10988028505836067
-0.10648536865913874
-0.103765410015929
-0.10165761071741183
-0.10011507939402274
-0.09910447608350544
-0.09860440336579995
-0.09234324348369574
-0.09281156268381485
-0.09375799490703099
-0.09520257888304934
-0.09717653755829106
-0.09972378480105715
-0.10290313145806144
-0.10679139429955173
-0.1114877139157407
-0.11711954047724744
-0.12385098180723415
-0.13189458246813854
-0.14152821645356425
-0.15311981943193723
-0.1671645357199235
-0.18434230273266272
-0.20561067673138356
-0.23236122490017774
-0.2666896640857908
-0.3118192099746304
-0.372362233551519
-0.4520115775453092
-0.5383335876725701
-0.5443483821671133
-0.1497901865914384
1.4962652293449772
6.075214016495272
15.91687272919443
32.71157542818095
55.2574097956079
77.9747791881079
92.51466045232677
92.51466045232655
77.97477918810739
55.25740979560739
32.71157542818028
15.916872729193852
6.075214016494799
1.4962652293445848
-0.14979018659172563
-0.5443483821673465
-0.538333587672772
-0.45201157754544097
-0.37236223355167275
-0.31181920997478135
-0.2666896640858899
-0.23236122490029376
-0.20561067673143069
-0.18434230273276198
-0.16716453571998366
-0.1531198194320223
-0.14152821645365946
-0.13189458246824232
-0.12385098180728868
-0.11711954047724915
-0.11148771391581488
-0.10679139429957613
-0.10290313145811918
-0.09972378480107863
-0.0971765375583381
-0.09520257888309716
-0.0937579949070792
-0.0928115626838891
-0.0923432434835864
-0.08644350402951126
-0.08688190266035292
-0.08776786802450118
-0.08912015859104275
-0.09096800249390066
-0.09335250797446706
-0.09632872849457429
-0.09996857305293952
-0.10436484821383057
-0.10963686144072463
-0.115938235814625
-0.12346793656137817
-0.1324860844778716
-0.14333710804400784
-0.1564845170913453
-0.1725648082022304
-0.192474359842967
-0.21751583257101786
-0.24965104863961435
-0.29189729361664174
-0.3485722569847701
-0.42313285542411194
-0.5039398458095845
-0.5095705132328503
-0.1402207142930511
1.400669105960402
5.68707326955823
14.899961122493698
30.621676318963182
51.72709677069483
72.99309635491716
86.60405328942448
86.60405328942444
72.99309635491664
51.72709677069433
30.621676318962578
14.899961122493231
5.687073269557824
1.4006691059600604
-0.14022071429331337
-0.5095705132330601
-0.5039398458097901
-0.4231328554242364
-0.3485722569849293
-0.2918972936167825
-0.249651048639715
-0.2175158325711266
-0.1924743598429977
-0.17256480820231507
-0.15648451709139
-0.14333710804409638
-0.13248608447795246
-0.12346793656147584
-0.11593823581465404
-0.1096368614406977
-0.10436484821388814
-0.09996857305294707
-0.0963287284946053
-0.09335250797447966
-0.09096800249394452
-0.08912015859108612
-0.08776786802454967
-0.08688190266043061
-0.08644350402939634
-0.08084622055266699
-0.08125623252323859
-0.08208483092458434
-0.08334955959917474
-0.08507775413471452
-0.08730786097931759
-0.0900913688365238
-0.09349553053605196
-0.09760714333737208
-0.10253778944224864
-0.10843114470230425
-0.11547329116796917
-0.12390750657908894
-0.13405591735309721
-0.14635202062020247
-0.1613910991844205
-0.18001149008684939
-0.2034315051995847
-0.2334859365375914
-0.27299669705876695
-0.3260019028505748
-0.39573464337219344
-0.4713093764350774
-0.4765757217384877
-0.1311423798200511
1.3099720693973609
5.3188261616957915
13.93517133728659
28.63889592154735
48.37773200913756
68.26675278407836
80.99639802244951
80.99639802244934
68.26675278407802
48.377732009137176
28.638895921546847
13.935171337286196
5.3188261616954335
1.3099720693970642
-0.1311423798202921
-0.476575721738681
-0.4713093764352858
-0.3957346433723177
-0.32600190285073455
-0.27299669705889534
-0.23348593653769223
-0.20343150519968062
-0.1800114900868625
-0.16139109918449077
-0.14635202062023378
-0.13405591735318798
-0.12390750657915614
-0.11547329116806274
-0.10843114470231471
-0.10253778944220472
-0.09760714333741852
-0.09349553053604853
-0.09009136883653521
-0.08730786097932727
-0.08507775413475133
-0.08334955959920959
-0.08208483092463079
-0.08125623252331665
-0.08084622055254549
-0.07550162713614547
-0.07588453396690044
-0.07665835524644526
-0.07783947502526445
-0.07945342178425736
-0.0815361003455658
-0.08413559558631124
-0.087314714371161
-0.0911545159464261
-0.09575920601123022
-0.10126296225840287
-0.10783956517792233
-0.1157162098380452
-0.12519372742848642
-0.13667695731361484
-0.1507218291338715
-0.1681112588158559
-0.1899830175217635
-0.21805060191628434
-0.25494937270348217
-0.3044504947191957
-0.3695733379624878
-0.4401520480039931
-0.44507060768399664
-0.12247432380725962
1.2233681791335225
4.967199824325717
13.013928260323624
26.745610926009547
45.17954562782516
63.75373965946625
75.64185252896544
75.64185252896544
63.75373965946581
45.17954562782487
26.745610926009093
13.013928260323247
4.9671998243253945
1.223368179133256
-0.12247432380748421
-0.44507060768417706
-0.44015204800419705
-0.3695733379626147
-0.3044504947193498
-0.2549493727035938
-0.2180506019163787
-0.18998301752184032
-0.16811125881585293
-0.15072182913392362
-0.13667695731363613
-0.12519372742857793
-0.11571620983810144
-0.1078395651780172
-0.10126296225840999
-0.09575920601118879
-0.09115451594647275
-0.08731471437115773
-0.08413559558631617
-0.08153610034557804
-0.07945342178428814
-0.0778394750252897
-0.07665835524649378
-0.07588453396697187
-0.07550162713602063
-0.07036708012959537
-0.07072394707315127
-0.07144514401346846
-0.07254594078984752
-0.07405012979713066
-0.07599117411949421
-0.07841388858081802
-0.08137680881087186
-0.08495548155155577
-0.08924702590218847
-0.0943764946826957
-0.10050585028478289
-0.10784683716861238
-0.11667982821837676
-0.12738213131027193
-0.14047186953989937
-0.15667871582795348
-0.17706306596972998
-0.2032218883480946
-0.2376113232392691
-0.28374607621598247
-0.34444019957575794
-0.41021925253446057
-0.4148037656952479
-0.1141472752818731
1.1401667856357935
4.629389644958357
12.128883677081888
24.926719532217692
42.10702717492146
59.41805872875263
70.49770602917226
70.49770602917229
59.418058728752364
42.1070271749212
24.926719532217287
12.128883677081586
4.629389644958087
1.1401667856355533
-0.1141472752820801
-0.41480376569541816
-0.41021925253464764
-0.3444401995758851
-0.2837460762161167
-0.23761132323936193
-0.20322188834817637
-0.17706306596978572
-0.15667871582794057
-0.1404718695399324
-0.12738213131028936
-0.11667982821846892
-0.10784683716866413
-0.10050585028488598
-0.09437649468271583
-0.08924702590216405
-0.08495548155161112
-0.08137680881087672
-0.07841388858082884
-0.07599117411951223
-0.07405012979715958
-0.07254594078986515
-0.07144514401352245
-0.07072394707320946
-0.07036708012947127
-0.06540547231167892
-0.06573717643092356
-0.06640752149956151
-0.06743070067410892
-0.06882882873742457
-0.0706330092772911
-0.0728848972048605
-0.07563890077694779
-0.07896523990091944
-0.08295418576424218
-0.08772197365430598
-0.09341914591719139
-0.10024251680665938
-0.10845268997094627
-0.11840036910480609
-0.13056714414824644
-0.14563123833436978
-0.1645782782364078
-0.18889262885910982
-0.22085724660944273
-0.2637390162102894
-0.3201535895891492
-0.3812946598065339
-0.3855564338262836
-0.10610096889171021
1.0597668677814918
4.302955027828233
11.273643143519037
23.169080115739238
39.13797740101871
55.22838423944936
65.52679151574571
65.52679151574569
55.22838423944906
39.13797740101849
23.169080115738964
11.273643143518736
4.302955027828004
1.059766867781279
-0.10610096889188891
-0.3855564338264359
-0.3812946598066932
-0.32015358958927215
-0.2637390162103978
-0.2208572466095164
-0.1888926288591739
-0.16457827823644308
-0.14563123833435193
-0.13056714414825743
-0.11840036910482182
-0.10845268997103366
-0.10024251680671137
-0.09341914591730469
-0.08772197365435033
-0.0829541857642437
-0.07896523990098996
-0.07563890077696499
-0.07288489720488547
-0.07063300927731349
-0.0688288287374557
-0.06743070067411983
-0.06640752149962284
-0.06573717643096186
-0.06540547231156055
-0.06058399649505532
-0.060891248470845705
-0.061512177891797165
-0.062459931640746036
-0.06375499426991091
-0.06542617651070505
-0.06751206260800743
-0.07006305001646443
-0.07314418225651692
-0.0768390760117269
-0.08125539807368118
-0.08653259328338253
-0.09285296736767422
-0.1004579130892494
-0.10967228135442536
-0.12094216076985786
-0.13489577799962446
-0.15244610214313803
-0.17496807515918844
-0.20457636097908755
-0.24429702312503515
-0.2965529181407737
-0.353187008965327
-0.3571352031738412
-0.09828213215740775
0.9816370221906829
3.98573811589021
10.442553023398416
21.461073547532052
36.252768911965205
51.15701963197963
60.696247903403815
60.69624790340406
51.157019631979324
36.25276891196505
21.461073547531825
10.442553023398194
3.9857381158900274
0.9816370221904962
-0.09828213215755219
-0.35713520317397257
-0.3531870089654465
-0.29655291814088336
-0.2442970231251082
-0.20457636097914061
-0.17496807515923135
-0.1524461021431569
-0.13489577799960972
-0.12094216076985506
-0.10967228135444526
-0.10045791308932694
-0.09285296736772855
-0.08653259328349872
-0.08125539807375046
-0.07683907601175433
-0.07314418225660399
-0.07006305001649556
-0.0675120626080488
-0.0654261765107297
-0.06375499426994348
-0.06245993164075031
-0.06151217789186002
-0.06089124847086061
-0.060583996494944434
-0.05587316042605803
-0.056156521368961876
-0.056729169097732055
-0.05760322823068619
-0.05879759049886117
-0.060338826392207806
-0.062262519952936045
-0.06461514987073813
-0.06745670206344415
-0.07086429141389292
-0.07493721284216683
-0.07980406834262946
-0.08563298804773234
-0.0926465946742086
-0.10114447959419408
-0.11153804474509685
-0.12440666751594395
-0.14059232683999184
-0.16136305262588108
-0.18866907827257262
-0.22530117258458582
-0.27349382201528205
-0.32572436526665893
-0.32936620942788863
-0.09064288244860869
0.9052995176505326
3.67579902678112
9.630530796635798
19.79225444505378
33.43375704865359
47.17906622096713
55.976533695704404
55.97653369570453
47.17906622096706
33.43375704865354
19.792254445053576
9.630530796635595
3.67579902678098
0.9052995176503793
-0.09064288244871598
-0.32936620942799155
-0.3257243652667411
-0.27349382201536876
-0.22530117258462423
-0.1886690782726015
-0.16136305262589998
-0.14059232683999506
-0.12440666751593267
-0.1115380447450826
-0.10114447959421557
-0.09264659467426618
-0.08563298804778571
-0.07980406834273573
-0.07493721284225244
-0.07086429141394102
-0.06745670206354432
-0.0646151498707842
-0.062262519952992784
-0.060338826392236714
-0.05879759049889532
-0.05760322823068874
-0.0567291690977906
-0.056156521368959295
-0.05587316042595373
-0.05124598287701383
-0.05150587706202049
-0.052031100521362714
-0.05283277376296287
-0.05392822398327626
-0.055341821214712456
-0.05710620257677798
-0.059263997586693345
-0.061870224376586375
-0.06499561149268523
-0.06873123065794157
-0.07319503357605436
-0.07854122652678602
-0.08497399551480467
-0.09276812095792669
-0.10230093411969021
-0.11410383062222518
-0.128949059940773
-0.14799963858298665
-0.17304428956074158
-0.20664266571526838
-0.25084422948839763
-0.2987494332344584
-0.30209039291866935
-0.08313941926802554
0.8303172809977525
3.371362997002548
8.832926570104968
18.153066551095634
30.66479909418361
43.27174473942118
51.34062201878509
51.3406220187852
43.27174473942087
30.664799094183493
18.153066551095534
8.832926570104856
3.3713629970024623
0.8303172809976352
-0.08313941926809058
-0.30209039291873485
-0.2987494332344955
-0.2508442294884507
-0.20664266571527412
-0.17304428956074536
-0.14799963858298798
-0.12894905994076555
-0.11410383062222018
-0.10230093411966909
-0.09276812095794904
-0.08497399551483531
-0.07854122652683149
-0.07319503357613918
-0.06873123065802908
-0.06499561149274544
-0.06187022437669247
-0.0592639975867512
-0.05710620257683911
-0.055341821214742626
-0.05392822398330277
-0.052832773762965295
-0.052031100521405
-0.0515058770620118
-0.051245982876911234
-0.046677319443126766
-0.04691404362512373
-0.04739244253079932
-0.048122645255378016
-0.04912043424552938
-0.0504080069025752
-0.052015090689465
-0.05398051462670325
-0.05635439188225119
-0.05920114542593362
-0.06260372777237161
-0.06666957501592388
-0.07153914566186806
-0.0773984221498242
-0.08449768769793724
-0.093180633747599
-0.1039312809237801
-0.11745303103314327
-0.13480521517290822
-0.15761708843278643
-0.18822011047380055
-0.22848106008838276
-0.2721156260321226
-0.27515952351458606
-0.07573092785927885
0.7562829816701699
3.0707760510704496
8.045406925785686
16.534604020530466
27.930851030659426
39.41382631472615
46.763325492457454
46.76332549245745
39.41382631472597
27.930851030659348
16.53460402053043
8.045406925785597
3.070776051070414
0.7562829816701004
-0.07573092785930315
-0.27515952351460893
-0.272115626032121
-0.22848106008840047
-0.18822011047378287
-0.1576170884327659
-0.13480521517289662
-0.11745303103312311
-0.10393128092378123
-0.09318063374757218
-0.08449768769795969
-0.07739842214982774
-0.0715391456619002
-0.06666957501597937
-0.06260372777244767
-0.05920114542599727
-0.056354391882352015
-0.05398051462676566
-0.0520150906895166
-0.05040800690259761
-0.049120434245532904
-0.04812264525537731
-0.04739244253081127
-0.046914043625122
-0.046677319443019366
-0.042143278962334454
-0.042357008731953985
-0.042788937937327326
-0.04344821177423452
-0.04434907964627767
-0.045511582788675134
-0.04696256105829569
-0.0487370717804876
-0.05088036033071206
-0.05345059188841319
-0.056522661290314295
-0.06019356871271376
-0.0645901290723415
-0.06988025919742383
-0.07628993075587225
-0.08412945030296805
-0.09383582249367783
-0.10604412322307527
-0.12171078395314386
-0.14230680038264615
-0.1699371684087867
-0.20628736796547953
-0.24568366318863671
-0.24843275990155522
-0.06837863042629116
0.6828095826944561
2.7724666272922693
7.263854376532503
14.928404783939209
25.21761848160954
35.585139907032755
42.2207118215038
42.220711821503684
35.58513990703277
25.217618481609563
14.928404783939213
7.263854376532473
2.77246662729228
0.6828095826944338
-0.06837863042628348
-0.24843275990154204
-0.24568366318860682
-0.20628736796546843
-0.16993716840875955
-0.14230680038260396
-0.12171078395312769
-0.10604412322304144
-0.09383582249368164
-0.08412945030293167
-0.07628993075589255
-0.0698802591974047
-0.06459012907235283
-0.06019356871273728
-0.05652266129036757
-0.053450591888469
-0.05088036033079735
-0.048737071780545885
-0.04696256105832694
-0.045511582788685
-0.04434907964625342
-0.04344821177423344
-0.04278893793730432
-0.04235700873197133
-0.042143278962218936
