0.00036271168109738665
0.000364551174419602
0.00036826862982772653
0.0003739427566434581
0.0003816961942204727
0.00039170143006408086
0.0004041894649036645
0.0004194620241777827
0.00043790851810312804
0.00046002955286197146
0.0004864697205972282
0.0005180638659066134
0.0005559034377888035
0.0006014336341075522
0.0006565993091107391
0.0007240711559409769
0.0008076103108685952
0.0009126826351045862
0.0010475197779903818
0.0012247820639775687
0.001462586511305254
0.0017754399849295602
0.002114513182887631
0.0021381890567595723
0.0005885802227038949
-0.005876481548401238
-0.02386107496113906
-0.0625161988317807
-0.12848123167402722
-0.21703553551789675
-0.30626384822225083
-0.36337307016859927
-0.3633730701686002
-0.3062638482222504
-0.21703553551789748
-0.12848123167402753
-0.06251619883178075
-0.0238610749611393
-0.005876481548401435
0.0005885802227036739
0.0021381890567593927
0.002114513182887603
0.001775439984929575
0.0014625865113052517
0.0012247820639776068
0.0010475197779904314
0.0009126826351043155
0.0008076103108687685
0.0007240711559408078
0.0006565993091108625
0.0006014336341074419
0.0005559034377887941
0.0005180638659068012
0.0004864697205971818
0.0004600295528621757
0.00043790851810321613
0.00041946202417798086
0.00040418946490355066
0.0003917014300643878
0.00038169619422049044
0.0003739427566436807
0.00036826862982753403
0.00036455117441990925
0.00036271168109743945
0.0003508500980491431
0.00035262943524377616
0.0003562253203675942
0.0003617138887411066
0.0003692137690894297
0.00037889180812304083
0.0003909714522386911
0.0004057445596553075
0.00042358780584171704
0.00044498542582240827
0.0004705609318469368
0.0005011218668372966
0.0005377239864316272
0.0005817652265357376
0.0006351268392202323
0.0007003921783500073
0.000781199380080174
0.0008828355558162353
0.001013263157459569
0.0011847285010535018
0.0014147562773485036
0.001717379749695912
0.002045369980378234
0.002068294043213528
0.000569435887102389
-0.005683995300278894
-0.023079967958205466
-0.06047004783459999
-0.124276391747504
-0.2099328753349987
-0.29624137418394636
-0.3514818362389711
-0.351481836238972
-0.2962413741839467
-0.20993287533500002
-0.12427639174750488
-0.060470047834600624
-0.023079967958206098
-0.0056839953002794305
0.0005694358871019475
0.0020682940432131137
0.002045369980378002
0.0017173797496957107
0.001414756277348315
0.0011847285010533363
0.0010132631574594736
0.0008828355558158613
0.00078119938008019
0.0007003921783497486
0.0006351268392202655
0.0005817652265354431
0.0005377239864314571
0.0005011218668373198
0.0004705609318467858
0.0004449854258225206
0.0004235878058417421
0.00040574455965545407
0.0003909714522385797
0.0003788918081233559
0.00036921376908946216
0.00036171388874130825
0.00035622532036740627
0.00035262943524412386
0.000350850098049203
0.00033889793709747357
0.0003406166587975001
0.00034409004529638147
0.0003493916382576776
0.00035663602515176583
0.0003659843688197349
0.00037765250363885195
0.000391922345259835
0.0004091577371577524
0.000429826418184853
0.0004545306597257079
0.0004840504945437735
0.0005194057123524369
0.0005619466261943641
0.0006134904002788637
0.0006765323822454526
0.000754586768868661
0.0008527605567591563
0.0009787449446947449
0.0011443690787724021
0.0013665607988657261
0.0016588761492480652
0.0019756987732909436
0.001997865256734479
0.0005501452272233902
-0.005490039603735098
-0.022292897391304474
-0.05840827463095513
-0.12003944796367626
-0.20277598637279262
-0.2861423785445167
-0.33949981270915475
-0.3394998127091552
-0.2861423785445176
-0.2027759863727944
-0.12003944796367781
-0.05840827463095613
-0.022292897391305484
-0.005490039603735963
0.0005501452272227215
0.0019978652567338587
0.0019756987732905003
0.0016588761492476606
0.0013665607988653655
0.001144369078772065
0.0009787449446945237
0.0008527605567586711
0.000754586768868489
0.0006765323822450812
0.0006134904002787832
0.0005619466261938433
0.000519405712352082
0.0004840504945435936
0.0004545306597254483
0.00042982641818486246
0.00040915773715771594
0.0003919223452599477
0.0003776525036387716
0.00036598436882004425
0.0003566360251518145
0.0003493916382578627
0.0003440900452961901
0.0003406166587978871
0.0003388979370975043
0.0003267926960172223
0.0003284500258747706
0.0003317993448174137
0.0003369115676328379
0.0003438971887772279
0.00035291161442465896
0.000364162969439924
0.00037792309956349087
0.0003945428519274127
0.000414473257932483
0.0004382950760500479
0.0004667604765409793
0.0005008528225499942
0.0005418741943128882
0.0005915768473530096
0.0006523669959171767
0.0007276333100045936
0.000822300364546426
0.000943784631011821
0.001103492742428365
0.0013177480430848181
0.0015996232444746782
0.001905135217852008
0.0019265343721808859
0.0005306072689057746
-0.005293600498267027
-0.021495748214470704
-0.056320099397001694
-0.11574824762273911
-0.1955274490153482
-0.2759140589164545
-0.32736435180898277
-0.3273643518089835
-0.2759140589164546
-0.19552744901535044
-0.115748247622741
-0.05632009939700338
-0.021495748214472067
-0.0052936004982682364
0.0005306072689048718
0.0019265343721800682
0.0019051352178513713
0.001599623244474076
0.0013177480430842958
0.0011034927424278464
0.0009437846310114776
0.0008223003645458069
0.0007276333100042405
0.0006523669959166837
0.0005915768473528395
0.0005418741943121622
0.0005008528225494962
0.00046676047654061316
0.00043829507604972566
0.00041447325793242287
0.00039454285192734486
0.0003779230995635793
0.00036416296943986835
0.0003529116144249041
0.00034389718877724787
0.0003369115676329648
0.0003317993448171783
0.0003284500258751513
0.0003267926960171721
0.0003144685939347841
0.0003160634219933963
0.00031928643025467163
0.0003242058591367943
0.0003309280360805015
0.0003396025065128887
0.00035042954639915495
0.0003636707495065021
0.00037966373165141553
0.0003988425147140203
0.0004217659553009363
0.00044915785741861885
0.0004819644990534955
0.0005214388555883815
0.0005692671003149406
0.0006277647025585283
0.0007001925360199686
0.0007912894557616006
0.0009081922388460987
0.0010618773660812796
0.0012680527563966992
0.0015392990475794643
0.0018332958574958644
0.0018539137412360732
0.0005107157337299717
-0.005093610858359488
-0.020684189586086917
-0.05419417698931263
-0.11137947627230772
-0.18814788124540943
-0.26550084378772176
-0.31500952032010265
-0.31500952032010315
-0.2655008437877224
-0.18814788124541246
-0.11137947627231037
-0.05419417698931502
-0.020684189586088808
-0.005093610858361035
0.000510715733728812
0.001853913741235054
0.0018332958574950175
0.001539299047578689
0.0012680527563960226
0.0010618773660805894
0.0009081922388456248
0.000791289455760844
0.0007001925360194626
0.0006277647025579179
0.0005692671003147362
0.0005214388555875296
0.0004819644990529171
0.00044915785741812895
0.00042176595530058354
0.00039884251471392155
0.00037966373165130565
0.0003636707495065576
0.0003504295463990777
0.0003396025065130385
0.000330928036080446
0.00032420585913686765
0.000319286430254383
0.0003160634219937529
0.000314468593934611
0.0003018550446044156
0.0003033859029285504
0.00030647963393874196
0.00031120174087265586
0.0003176542862876516
0.00032598081721642855
0.00033637357638279517
0.00034908366479937015
0.0003644351562119635
0.0003828446634885678
0.0004048486269762464
0.00043114181820694253
0.0004626325590130943
0.0005005235666291287
0.0005464333800812506
0.0006025845924996602
0.0006721072798045448
0.0007595502152783258
0.0008717639125052242
0.001019284597162068
0.0012171903079807574
0.0014775580488910645
0.001759769222817186
0.0017795873942539043
0.0004903565683693024
-0.004888925639041895
-0.019853574388265717
-0.052018333714250964
-0.1069081167576918
-0.18059502488605975
-0.25484310312647546
-0.30236456976344644
-0.30236456976344717
-0.2548431031264764
-0.18059502488606344
-0.10690811675769507
-0.05201833371425375
-0.01985357438826798
-0.004888925639043751
0.0004903565683679118
0.0017795873942527106
0.001759769222816128
0.0014775580488901009
0.0012171903079799202
0.0010192845971612008
0.0008717639125046118
0.0007595502152774438
0.0006721072798039444
0.0006025845924989444
0.0005464333800810589
0.0005005235666282241
0.000462632559012494
0.00043114181820637576
0.0004048486269758847
0.00038284466348844606
0.0003644351562118068
0.0003490836647993958
0.00033637357638267575
0.00032598081721648764
0.00031765428628751085
0.00031120174087269315
0.000306479633938415
0.00030338590292884946
0.0003018550446041131
0.00028887489260162645
0.0002903399219609271
0.0002933006183775903
0.00029781966835472926
0.0003039947456106228
0.00031196322444463866
0.0003219090808589981
0.0003340726181474226
0.0003487639743946004
0.00036638184747589376
0.00038743960996611766
0.00041260215711394515
0.00044273875142820376
0.00047900039127519404
0.0005229360156692661
0.0005766726421557494
0.000643205747311434
0.0007268884980079926
0.0008342768242126322
0.0009754539004983426
0.0011648495774061816
0.0014140225831510934
0.001684105549386721
0.0017031006445827827
0.00046940508953851657
-0.00467829327970761
-0.01899882314918215
-0.04977926323570359
-0.10230682429867287
-0.1728226899958965
-0.24387565882744522
-0.28935216910733064
-0.28935216910733247
-0.2438756588274474
-0.17282268999590028
-0.10230682429867641
-0.04977926323570678
-0.018998823149184864
-0.004678293279709787
0.0004694050895368622
0.0017031006445814073
0.0016841055493854442
0.0014140225831499797
0.001164849577405203
0.0009754539004973449
0.0008342768242119013
0.0007268884980070514
0.0006432057473107904
0.000576672642154965
0.0005229360156691089
0.00047900039127431215
0.0004427387514276139
0.00041260215711336705
0.0003874396099657621
0.0003663818474757755
0.00034876397439439566
0.00033407261814742564
0.0003219090808588138
0.00031196322444462007
0.00030399474561037447
0.0002978196683547482
0.00029330061837723465
0.000290339921961147
0.0002888748926012171
0.0002754423101898178
0.00027683921607731026
0.00027966224090184824
0.00028397115625310144
0.00028985909403442386
0.0002974570406573134
0.00030694041726049836
0.00031853835305735195
0.00033254656473475014
0.0003493452107365378
0.0003694237918224141
0.00039341628559932696
0.0004221515338121491
0.00045672701326020303
0.0004986196369849167
0.0005498575155839002
0.0006132968347165979
0.0006930883368010128
0.0007954831001568293
0.0009300954565059613
0.0011106844739172438
0.001348272534795633
0.0016058045173655258
0.0016239476926381432
0.0004477225786185429
-0.004460321609889821
-0.018114285643326726
-0.047462164002385454
-0.09754518138472854
-0.1647794962556921
-0.23252600869471005
-0.27588629759870453
-0.2758862975987053
-0.23252600869471263
-0.1647794962556962
-0.09754518138473257
-0.04746216400238934
-0.018114285643329918
-0.004460321609892358
0.0004477225786165855
0.00162394769263655
0.001605804517364019
0.001348272534794353
0.0011106844739161223
0.0009300954565048206
0.0007954831001559691
0.0006930883368000456
0.000613296834715943
0.0005498575155830832
0.0004986196369847998
0.0004567270132593857
0.0004221515338115833
0.0003934162855987594
0.0003694237918220604
0.0003493452107363967
0.00033254656473449384
0.00031853835305731395
0.00030694041726027176
0.00029745704065726124
0.00028985909403412153
0.0002839711562531568
0.00027966224090153637
0.0002768392160774546
0.00027544231018937493
0.0002614602201603389
0.0002627862157404642
0.00026546593702116665
0.0002695561214336094
0.0002751451732666466
0.00028235742972393987
0.00029135940711265336
0.00030236860344903804
0.0003156657240616562
0.0003316116295389743
0.00035067097226034724
0.00037344554738966455
0.00040072212234503244
0.0004335424628570318
0.0004733085094975126
0.0005219454197464687
0.0005821643901053457
0.0006579054575525712
0.0007551023775211495
0.0008828814586878161
0.0010543035442253895
0.001279832722861183
0.0015243002276199558
0.0015415564356208342
0.0004251521072422983
-0.004233436075280027
-0.017193571310853906
-0.04505029498534117
-0.09258878479139519
-0.15640733077688995
-0.22071215026973537
-0.26186966282785
-0.261869662827852
-0.2207121502697389
-0.15640733077689487
-0.09258878479140009
-0.04505029498534545
-0.017193571310857525
-0.0042334360752829215
0.00042515210724001405
0.0015415564356189941
0.0015243002276182059
0.0012798327228596984
0.001054303544224069
0.0008828814586864932
0.0007551023775201344
0.000657905457551604
0.000582164390104675
0.0005219454197456494
0.000473308509497386
0.00043354246285627537
0.00040072212234443786
0.0003734455473890908
0.00035067097225995205
0.0003316116295387695
0.0003156657240613246
0.000302368603448929
0.0002913594071123852
0.0002823574297238753
0.0002751451732663052
0.00026955612143373287
0.00026546593702094553
0.00026278621574054667
0.00026146022015993285
0.0002468170612465023
0.00024806879389890587
0.0002505984362823151
0.00025445954821507567
0.0002597355828507972
0.0002665439138120312
0.00027504173155548856
0.00028543435297940806
0.000297986762319253
0.00031303960990847223
0.00033103152491769934
0.0003525305984854111
0.00037827953443217953
0.0004092617534032573
0.00044680067880319455
0.0004927136473660842
0.0005495600113297823
0.0006210591400273754
0.0007128124628273793
0.0008334351911391095
0.0009952569292577113
0.0012081570677639681
0.00143894234512086
0.0014552694016385674
0.00040151329586692123
-0.003995827314138281
-0.016229336436199907
-0.04252441812947676
-0.08739809978456987
-0.14763941264763977
-0.20833984973003983
-0.2471904603930994
-0.2471904603931009
-0.20833984973004416
-0.14763941264764502
-0.0873980997845756
-0.04252441812948173
-0.016229336436204035
-0.0039958273141415665
0.000401513295864292
0.0014552694016364207
0.001438942345118871
0.0012081570677622588
0.0009952569292561797
0.0008334351911375857
0.0007128124628262133
0.0006210591400263877
0.0005495600113290533
0.0004927136473652223
0.0004468006788029551
0.0004092617534024841
0.0003782795344314793
0.0003525305984847745
0.00033103152491722034
0.0003130396099081469
0.00029798676231883206
0.0002854343529791691
0.0002750417315551775
0.0002665439138119174
0.00025973558285039607
0.0002544595482152196
0.0002505984362821806
0.0002480687938989021
0.0002468170612461899
0.0002313826393407445
0.00023255609616330733
0.00023492754992426146
0.0002385472111220064
0.00024349331423294788
0.0002498758930108829
0.00025784230812557653
0.0002675850371319562
0.00027935249365883193
0.00029346402569205163
0.000310330832988296
0.00033048548140950643
0.00035462423013019284
0.0003836690019357104
0.00041886046025273985
0.0004619022947819978
0.0005151938083061567
0.0005822217782865749
0.0006682373500183879
0.0007813170189890496
0.0009330196344323816
0.001132608283025508
0.0013489719126197235
0.0013643192943265335
0.00037659558785465376
-0.0037453839270151093
-0.015213011203905065
-0.03986208328825522
-0.08192699061366329
-0.13839781067063572
-0.19529913919139036
-0.23171821809938967
-0.2317182180993913
-0.19529913919139485
-0.13839781067064133
-0.0819269906136695
-0.039862083288260984
-0.015213011203909756
-0.003745383927018858
0.0003765955878516404
0.0013643192943240791
0.0013489719126175172
0.0011326082830235733
0.0009330196344306304
0.0007813170189873185
0.0006682373500170727
0.00058222177828553
0.0005151938083053137
0.0004619022947810479
0.0004188604602522945
0.00038366900193486335
0.00035462423012930244
0.0003304854814087572
0.0003103308329876608
0.00029346402569155344
0.0002793524936582739
0.00026758503713152386
0.0002578423081251847
0.00024987589301069235
0.00024349331423247154
0.00023854721112216113
0.0002349275499242045
0.00023255609616325236
0.00023138263934053963
0.0002150026956691244
0.0002160930814334321
0.000218296655833603
0.00022166007486610354
0.0002262560346300533
0.00023218677936451374
0.00023958923777180844
0.00024864226151520276
0.00025957667848803076
0.00027268922932902295
0.00028836200403147233
0.00030708986687079127
0.00032951978713341635
0.0003565084223259409
0.0003892086059352476
0.00042920341848436756
0.00047872230847363216
0.0005410052125848637
0.000620931533022893
0.0007260060462501478
0.0008669696260848144
0.001052431286385369
0.0012534896841487056
0.0012677969731483413
0.00035014943889490643
-0.003479604469758161
-0.014134442385202416
-0.03703669211502596
-0.07612079673929734
-0.12859019376173772
-0.18145973122411937
-0.21529835547798482
-0.21529835547798798
-0.18145973122412526
-0.12859019376174421
-0.07612079673930426
-0.03703669211503232
-0.014134442385207724
-0.003479604469762419
0.00035014943889146474
0.0012677969731455189
0.0012534896841462858
0.0010524312863832276
0.0008669696260828667
0.0007260060462482311
0.0006209315330214596
0.0005410052125837195
0.0004787223084726423
0.00042920341848328596
0.00038920860593456044
0.0003565084223249707
0.00032951978713230716
0.0003070898668698948
0.0002883620040306518
0.0002726892293283235
0.00025957667848733383
0.0002486422615145555
0.00023958923777135676
0.00023218677936425656
0.00022625603462954693
0.00022166007486626373
0.00021829665583360914
0.00021609308143335463
0.0002150026956690168
0.0001974916483708775
0.0001984932266663074
0.00020051732892029453
0.00020360681117318028
0.00020782844869762654
0.00021327615831765622
0.0002200757163946797
0.00022839140777197763
0.000238435260234149
0.0002504798459340413
0.0002648761349411615
0.0002820786864781908
0.0003026817762502249
0.0003274722896136881
0.00035750916504289916
0.00039424654523678314
0.00043973229513040793
0.000496942464987175
0.0005703590429763019
0.000666875605587328
0.0007963585621522319
0.000966717669503656
0.0011514138092494754
0.0011646086642173187
0.000321874536541345
-0.0031954798745709896
-0.012981415931552245
-0.03401624731159337
-0.0699137624372027
-0.11810548907942878
-0.16666489207799162
-0.19774491463069965
-0.19774491463070137
-0.16666489207799676
-0.11810548907943605
-0.06991376243721055
-0.03401624731160051
-0.012981415931558202
-0.003195479874575795
0.00032187453653745687
0.001164608664214145
0.0011514138092468431
0.0009667176695013179
0.0007963585621501021
0.0006668756055852459
0.0005703590429747628
0.0004969424649858995
0.0004397322951292514
0.00039424654523556276
0.0003575091650419752
0.00032747228961260905
0.000302681776248918
0.00028207868647718375
0.00026487613494018624
0.00025047984593320533
0.00023843526023335174
0.00022839140777116768
0.00022007571639417773
0.00021327615831733443
0.0002078284486970883
0.000203606811173312
0.00020051732892029377
0.00019849322666624133
0.00019749164837081575
0.0001786226843513844
0.00017952856847973803
0.00018135928117116754
0.00018415358383631788
0.00018797187178171587
0.00019289908865402987
0.00019904899364777648
0.00020657017517887954
0.00021565440303830858
0.00022654820670765433
0.00023956902308550142
0.0002551279808162653
0.0002737625758051276
0.00029618451064646615
0.00032335154752879665
0.00035657889257428605
0.00039771874584407284
0.0004494628074406875
0.0005158648328163891
0.0006031598004159139
0.0007202718377940108
0.0008743571968197114
0.0010414220686816252
0.0010534175475016873
0.00029140370794596566
-0.0028893329844842794
-0.011739005389178707
-0.030761645521454654
-0.0632255285401225
-0.10680795592819284
-0.15072307942058322
-0.17883063876744937
-0.17883063876745253
-0.15072307942058902
-0.10680795592820169
-0.06322552854013136
-0.030761645521462495
-0.011739005389185455
-0.0028893329844896162
0.0002914037079416624
0.0010534175474981808
0.0010414220686787616
0.0008743571968171868
0.0007202718377917034
0.0006031598004136728
0.000515864832814751
0.00044946280743926137
0.0003977187458427681
0.00035657889257294034
0.0003233515475277045
0.000296184510645295
0.0002737625758036952
0.00025512798081518245
0.0002395690230844481
0.00022654820670675634
0.00021565440303748725
0.00020657017517798106
0.00019904899364727466
0.00019289908865364683
0.00018797187178117556
0.0001841535838363787
0.0001813592811711376
0.00017952856847970513
0.0001786226843513509
0.0001581139159823118
0.0001589157896454728
0.000160536306261156
0.0001630097767657478
0.0001663896620476254
0.0001707511527604818
0.0001761949465775523
0.00018285257138566632
0.00019089377845604618
0.00020053679135262966
0.00021206259959128494
0.00022583512688597527
0.00024233015486619216
0.0002621776695635021
0.00028622546408601677
0.0003156377335791958
0.00035205400876695437
0.00039785692774095614
0.00045663479680272117
0.0005339067586085907
0.0006375727623483417
0.0007739700409919925
0.0009218711667234195
0.0009325621392770715
0.0002582804175130983
-0.0025565944174749007
-0.010388661697187482
-0.02722429262457097
-0.05595623163130499
-0.09452890738402078
-0.13339626080134195
-0.1582731125729629
-0.15827311257296556
-0.13339626080134848
-0.09452890738403022
-0.05595623163131486
-0.027224292624579892
-0.010388661697195024
-0.0025565944174807858
0.00025828041750834826
0.0009325621392732258
0.0009218711667202712
0.0007739700409892399
0.0006375727623458246
0.0005339067586061765
0.0004566347968009315
0.0003978569277393706
0.0003520540087654802
0.00031563773357773535
0.000286225464084789
0.00026217766956225747
0.0002423301548646619
0.0002258351268848246
0.00021206259959016588
0.00020053679135169497
0.00019089377845519682
0.000182852571384744
0.00017619494657708246
0.0001707511527600801
0.00016638966204713692
0.00016300977676575348
0.0001605363062611026
0.00015891578964550483
0.0001581139159822873
0.0001356085202806511
0.0001362962575431745
0.00013768611445049014
0.000139807518187869
0.0001427063201235784
0.00014644700841334653
0.00015111594760108604
0.00015682594411146802
0.00016372258707536216
0.00017199303840512712
0.0001818782918823256
0.00019369047062940795
0.00020783763376832048
0.0002248600951916785
0.00024548497278994606
0.0002707107488951815
0.00030194358018165775
0.000341226953443535
0.00039163841082690226
0.0004579115658755606
0.000546822470196305
0.0006638095608458871
0.0007906809378271521
0.0007999391861891083
0.00022192644702591705
-0.002191481117418616
-0.008906907655566485
-0.02334268319649857
-0.047979474448936923
-0.08105483598633878
-0.11438315793435377
-0.1357148822873907
-0.13571488228739292
-0.11438315793436143
-0.08105483598634938
-0.047979474448947235
-0.023342683196508347
-0.008906907655574812
-0.0021914811174251316
0.00022192644702064143
0.0007999391861848505
0.0007906809378236154
0.0006638095608428409
0.0005468224701935317
0.00045791156587295003
0.0003916384108249097
0.0003412269534417623
0.0003019435801799819
0.00027071074889357884
0.0002454849727886064
0.00022486009519034715
0.00020783763376672296
0.00019369047062818242
0.00018187829188117153
0.00017199303840414863
0.00016372258707447447
0.00015682594411053745
0.00015111594760065474
0.00014644700841290992
0.00014270632012316684
0.0001398075181877795
0.0001376861144504322
0.00013629625754325923
0.00013560852028064014
0.000110645325343301
0.0001112064614223511
0.00011234046838192228
0.00011407135630237724
0.00011643653599717322
0.00011948862430530207
0.0001232980873213762
0.0001279569654374125
0.00013358404689604527
0.00014033203971221898
0.000148397573992377
0.00015803531511114432
0.00016957820368192683
0.00018346708831638197
0.00020029523265954112
0.00022087730857170537
0.000246360611585105
0.0002784124378375681
0.0003195437832746273
0.00037361694060083117
0.00044616130895639675
0.0005416183144519547
0.0006451628501866068
0.0006528302030205887
0.0001815939237903813
-0.0017865206302708466
-0.007263405373543377
-0.019037336881768327
-0.039131919379079685
-0.06610983508084442
-0.09329444157992167
-0.11069402551142277
-0.11069402551142615
-0.09329444157992955
-0.06610983508085605
-0.03913191937909129
-0.019037336881779075
-0.007263405373552603
-0.0017865206302780465
0.00018159392378452627
0.0006528302030158559
0.0006451628501826191
0.0005416183144485347
0.00044616130895330287
0.0003736169405979692
0.00031954378327233614
0.00027841243783554377
0.00024636061158311937
0.00022087730856988402
0.000200295232658028
0.00018346708831492838
0.00016957820368023623
0.0001580353151098352
0.00014839757399118432
0.0001403320397111897
0.00013358404689508885
0.00012795696543648567
0.00012329808732094945
0.00011948862430481412
0.00011643653599679858
0.00011407135630214993
0.00011234046838183283
0.00011120646142247139
0.00011064532534327325
8.261344470734098e-05
8.303241668773778e-05
8.387912240448203e-05
8.517148891319963e-05
8.693744888241099e-05
8.92162885033154e-05
9.206062103746466e-05
9.553916809106061e-05
9.974062240311507e-05
0.00010477900269357127
0.00011080112178809529
0.00011799712405241494
0.00012661559728699233
0.00013698569755406632
0.00014955037951447055
0.0001649179086226719
0.0001839448971841073
0.0002078762048634764
0.00023858663404948506
0.00027896003960964735
0.0003331258969598563
0.0004044059724504761
0.00048175545985705104
0.00048763377678594493
0.00013629077086918647
-0.001331819105765633
-0.005417980195490876
-0.0142029988980647
-0.029197257952287906
-0.04932851900673921
-0.06961451864041665
-0.08259881287143628
-0.08259881287143839
-0.06961451864042595
-0.04932851900675164
-0.029197257952300673
-0.014202998898076614
-0.0054179801955011285
-0.0013318191057736161
0.0001362907708626758
0.0004876337767806393
0.0004817554598525295
0.00040440597244656776
0.00033312589695632983
0.00027896003960644873
0.00023858663404680643
0.00020787620486112574
0.0001839448971817548
0.00016491790862057125
0.00014955037951274244
0.0001369856975524283
0.00012661559728515255
0.00011799712405095289
0.00011080112178682601
0.0001047790026924211
9.974062240205889e-05
9.553916809009415e-05
9.206062103701238e-05
8.921628850276945e-05
8.693744888209885e-05
8.517148891284938e-05
8.387912240441644e-05
8.303241668789244e-05
8.261344470728802e-05
5.0678326145286035e-05
5.093533864465409e-05
5.1454738375752073e-05
5.224752234593962e-05
5.3330825305623246e-05
5.472874658695142e-05
5.647356071969005e-05
5.860742352257163e-05
6.118474160912257e-05
6.427545714279164e-05
6.796962889165346e-05
7.2383896012375e-05
7.767074780252488e-05
8.403209513754221e-05
9.173965385444365e-05
0.00010116654175310741
0.0001128382112615048
0.0001275182622655156
0.00014635671377543952
0.00017112273053109862
0.00020435089397598727
0.0002480872375703626
0.0002955929279282413
0.00029942820393972255
8.465568678303831e-05
-0.0008138786883246513
-0.00331579702815335
-0.008695987452146135
-0.01788019584728537
-0.030212068279404564
-0.04263950021976781
-0.05059410587261248
-0.050594105872616146
-0.04263950021977703
-0.030212068279418247
-0.01788019584729962
-0.008695987452159389
-0.0033157970281646396
-0.0008138786883335495
8.465568677578229e-05
0.0002994282039337475
0.0002955929279231475
0.0002480872375659063
0.0002043508939719612
0.0001711227305275125
0.00014635671377232005
0.0001275182622627795
0.00011283821125873108
0.00010116654175067359
9.173965385241099e-05
8.403209513564681e-05
7.767074780045563e-05
7.238389601069882e-05
6.796962889024579e-05
6.427545714147716e-05
6.118474160793239e-05
5.860742352153725e-05
5.6473560719135646e-05
5.4728746586339336e-05
5.3330825305321404e-05
5.224752234546745e-05
5.145473837569022e-05
5.093533864482957e-05
5.067832614516661e-05
1.365186143668912e-05
1.3721093521064278e-05
1.3861005407977012e-05
1.407455920425136e-05
1.4366370237689171e-05
1.474292975014649e-05
1.5212930946797694e-05
1.578772848698283e-05
1.648197663177718e-05
1.731451386809054e-05
1.830959660149747e-05
1.9498639817909383e-05
2.0922713262244393e-05
2.2636195784749447e-05
2.4712263517686706e-05
2.7251396473721096e-05
3.039508928283927e-05
3.4348952342953755e-05
3.942266233797028e-05
4.609295444488941e-05
5.504513350749118e-05
6.684560494401833e-05
7.974584563773366e-05
8.119788863149443e-05
2.4719416090987815e-05
-0.00021357827154462952
-0.0008790376325378997
-0.0023123008852665924
-0.0047613822529217475
-0.008052028026085317
-0.01136962259124924
-0.013493691915484662
-0.013493691915488437
-0.011369622591260897
-0.008052028026100694
-0.004761382252937735
-0.0023123008852814694
-0.0008790376325505597
-0.0002135782715545981
2.4719416082864213e-05
8.119788862476825e-05
7.97458456320082e-05
6.684560493896074e-05
5.5045133502940134e-05
4.609295444090713e-05
3.942266233441594e-05
3.434895233980762e-05
3.039508927965887e-05
2.725139647091995e-05
2.4712263515313062e-05
2.263619578254418e-05
2.0922713259934175e-05
1.9498639815984653e-05
1.8309596599927654e-05
1.7314513866560134e-05
1.6481976630439328e-05
1.578772848580414e-05
1.5212930946060708e-05
1.474292974940495e-05
1.4366370237334258e-05
1.4074559203622957e-05
1.3861005407902636e-05
1.3721093521206797e-05
1.365186143650356e-05
-3.0255032949484315e-05
-3.0408475648622537e-05
-3.0718570086578096e-05
-3.119188215529832e-05
-3.1838642392103395e-05
-3.2673239699928895e-05
-3.371494424209956e-05
-3.498892620698666e-05
-3.65276707555305e-05
-3.8372939544313285e-05
-4.0578506435968184e-05
-4.3214017662776376e-05
-4.6370527967427215e-05
-5.0168606270187006e-05
-5.4770510741480676e-05
-6.039906365033635e-05
-6.736807993183952e-05
-7.613363307218759e-05
-8.738256379520215e-05
-0.0001021708152551884
-0.00012200643012933625
-0.0001480796852172102
-0.00017623046506518936
-0.00017766363975503735
-4.6632931859736954e-05
0.0004974223681067438
0.0020083073711797995
0.005252664655090104
0.01078577419468564
0.01821056155594883
0.025689803741299255
0.03047602462003418
0.030476024620029962
0.025689803741285766
0.01821056155593126
0.010785774194667488
0.005252664655073638
0.002008307371165599
0.0004974223680954725
-4.663293186889575e-05
-0.00017766363976266992
-0.0001762304650716601
-0.0001480796852229259
-0.00012200643013445
-0.00010217081525959698
-8.738256379917857e-05
-7.613363307574649e-05
-6.736807993536469e-05
-6.039906365348487e-05
-5.477051074420723e-05
-5.016860627270821e-05
-4.6370527969984414e-05
-4.3214017664971235e-05
-4.057850643776037e-05
-3.837293954607766e-05
-3.6527670757041555e-05
-3.498892620833454e-05
-3.37149442430742e-05
-3.26732397007807e-05
-3.183864239254553e-05
-3.1191882156044414e-05
-3.071857008668467e-05
-3.0408475648534554e-05
-3.0255032949724032e-05
-8.392332387934502e-05
-8.4348946650679e-05
-8.520909329124153e-05
-8.652197597667713e-05
-8.83159716748197e-05
-9.063099155482627e-05
-9.352048603154713e-05
-9.705427043760521e-05
-0.00010132244951993922
-0.00010644085787951549
-0.00011255864758477765
-0.00011986899437022898
-0.00012862445189712067
-0.00013915943201229305
-0.0001519239701258194
-0.00016753606927382314
-0.00018686608198145672
-0.00021117888125419366
-0.00024237941970144214
-0.00028339736121050976
-0.0003384234572634832
-0.00041080403738076696
-0.0004891946393942373
-0.000494401132687914
-0.0001350026476513729
0.001362990941310322
0.00552848793087873
0.014479374205329028
0.029751401369458655
0.05025064375897714
0.07090413223698794
0.08412241714926572
0.08412241714925939
0.07090413223697412
0.05025064375895755
0.029751401369437908
0.014479374205310237
0.0055284879308626494
0.0013629909412975162
-0.0001350026476618037
-0.0004944011326965636
-0.0004891946394015849
-0.0004108040373872145
-0.00033842345726923075
-0.0002833973612154201
-0.00024237941970588694
-0.0002111788812582115
-0.00018686608198532147
-0.00016753606927737076
-0.00015192397012894006
-0.00013915943201518375
-0.00012862445189994794
-0.0001198689943727394
-0.00011255864758684191
-0.00010644085788154268
-0.0001013224495216245
-9.705427043915144e-05
-9.352048603275824e-05
-9.063099155580325e-05
-8.831597167536376e-05
-8.652197597753977e-05
-8.520909329139364e-05
-8.434894665069917e-05
-8.392332387958067e-05
-0.0001522365139900847
-0.00015300858862773574
-0.00015456888428737022
-0.00015695043742359468
-0.00016020472316506602
-0.00016440413936616395
-0.00016964564366634923
-0.00017605587912819835
-0.00018379829307306667
-0.0001930830057412671
-0.0002041805737606688
-0.00021744141047305363
-0.00023332363739754692
-0.0002524338614794501
-0.0002755884220989785
-0.00030390833708967527
-0.00033897236110452117
-0.00038307487914591445
-0.00043967147708915387
-0.0005140778279725394
-0.0006139056520296224
-0.0007452778239262034
-0.0008878435044411899
-0.0008987497375812941
-0.00025167134971863455
0.0024520947672326777
0.009976555811189666
0.026151765322467456
0.05375662702545278
0.09081564633167669
0.12815716838041513
0.1520571417784597
0.15205714177845436
0.128157168380399
0.09081564633165431
0.05375662702542913
0.026151765322445772
0.009976555811171121
0.00245209476721791
-0.00025167134973066443
-0.0008987497375912493
-0.0008878435044496424
-0.0007452778239335548
-0.0006139056520361342
-0.0005140778279781172
-0.00043967147709416516
-0.00038307487915049693
-0.00033897236110879
-0.00030390833709370286
-0.00027558842210256916
-0.00025243386148276104
-0.00023332363740071247
-0.00021744141047591755
-0.00020418057376308862
-0.00019308300574356468
-0.00018379829307497373
-0.00017605587912995177
-0.00016964564366781572
-0.0001644041393672712
-0.0001602047231657764
-0.00015695043742457626
-0.00015456888428763915
-0.00015300858862788943
-0.00015223651399029855
-0.00024336633465777785
-0.00024460057451073465
-0.00024709486572350016
-0.00025090202015174345
-0.00025610432556911626
-0.0002628175166239483
-0.0002711965889627946
-0.00028144399295662776
-0.00029382101368555013
-0.0003086635466927223
-0.0003264040998083446
-0.00034760283774917973
-0.00037299210424147087
-0.00040354160642493646
-0.0004405563205559555
-0.00048582826593894166
-0.0005418811747822843
-0.0006123827839929856
-0.0007028575153068699
-0.0008218067815228295
-0.0009814241642958708
-0.001191632177745406
-0.0014204782093494431
-0.001441655536700883
-0.0004197385450830078
0.0038674089569783543
0.015813507805184535
0.041509821881123246
0.08537954614391637
0.1442873594085715
0.20365272868108597
0.24165180026233496
0.24165180026232785
0.20365272868106674
0.1442873594085454
0.08537954614388853
0.04150982188109773
0.015813507805162837
0.003867408956961022
-0.0004197385450971625
-0.0014416555367125136
-0.0014204782093593666
-0.0011916321777539578
-0.000981424164303437
-0.0008218067815293445
-0.000702857515312688
-0.0006123827839983289
-0.0005418811747871597
-0.0004858282659436044
-0.00044055632056013317
-0.0004035416064287533
-0.00037299210424505437
-0.000347602837752465
-0.00032640409981118034
-0.00030866354669532685
-0.00029382101368772857
-0.000281443992958634
-0.00027119658896452003
-0.0002628175166252407
-0.0002561043255700472
-0.0002509020201528817
-0.0002470948657239437
-0.00024460057451105807
-0.00024336633465794915
-0.00036928914578025074
-0.0003711619978035475
-0.0003749468682679404
-0.0003807238939389284
-0.0003886179383166053
-0.00039880461709417334
-0.00041151912038825454
-0.00042706864570794654
-0.00044584966563368137
-0.0004683718654453471
-0.0004952915278619383
-0.0005274586387329726
-0.0005659844425231991
-0.0006123403489044182
-0.000668506487126073
-0.0007372019936588476
-0.000822256256319757
-0.0009292345954213829
-0.0010665206981482467
-0.0012470243916835482
-0.0014893132360232725
-0.001808785618609932
-0.0021584312701113974
-0.0022000846450306827
-0.0006812291990248345
0.005734784320260794
0.02365171756782427
0.06223216617964121
0.12813885202816405
0.2166719639203882
0.3059142757115902
0.3630448467221245
0.36304484672211607
0.30591427571156743
0.21667196392035665
0.12813885202813036
0.06223216617961055
0.023651717567798193
0.005734784320239929
-0.0006812291990418728
-0.0022000846450446884
-0.002158431270123346
-0.0018087856186202085
-0.001489313236032308
-0.0012470243916914453
-0.0010665206981552255
-0.000929234595427814
-0.0008222562563255628
-0.000737201993664377
-0.0006685064871310516
-0.0006123403489088804
-0.0005659844425273842
-0.0005274586387367662
-0.000495291527865323
-0.0004683718654483099
-0.0004458496656362547
-0.0004270686457102583
-0.0004115191203902997
-0.0003988046170957101
-0.0003886179383178303
-0.0003807238939402377
-0.0003749468682686231
-0.00037116199780400983
-0.0003692891457804246
-0.0005420268131491648
-0.0005447756836820601
-0.0005503309103730469
-0.0005588101121022503
-0.0005703965542516077
-0.0005853479922541305
-0.000604009619924712
-0.0006268323171949991
-0.0006543979935998061
-0.0006874547209677953
-0.0007269657311189939
-0.0007741785508476666
-0.0008307241492593856
-0.0008987620956332843
-0.000981198578379059
-0.0010820243709213488
-0.00120685967148234
-0.0013638725639092714
-0.0015653698506426432
-0.0018303201194371688
-0.0021861129218401533
-0.0026560735758668634
-0.0031743305471652614
-0.0032556408995526856
-0.0010937675765581752
0.008134016068401032
0.033986399096518474
0.08974192921464183
0.18507632306808483
0.31321393618547405
0.4424244886543751
0.5251581329772701
0.5251581329772592
0.4424244886543465
0.3132139361854357
0.18507632306804345
0.08974192921460432
0.033986399096486514
0.008134016068375362
-0.0010937675765791874
-0.003255640899569894
-0.0031743305471800196
-0.002656073575879473
-0.002186112921851235
-0.0018303201194469175
-0.00156536985065127
-0.0013638725639171722
-0.001206859671489509
-0.0010820243709280448
-0.0009811985783851234
-0.0008987620956386477
-0.0008307241492643976
-0.0007741785508521778
-0.0007269657311230857
-0.0006874547209712813
-0.0006543979936029053
-0.0006268323171977537
-0.0006040096199271675
-0.0005853479922560252
-0.0005703965542532103
-0.0005588101121037892
-0.0005503309103739936
-0.0005447756836826802
-0.0005420268131493622
-0.0007604043808349388
-0.0007642607050298769
-0.0007720539972634877
-0.000783949259367314
-0.0008002035852335097
-0.0008211785666652948
-0.0008473584574110395
-0.0008793757711450544
-0.0009180468332046371
-0.0009644210642602879
-0.0010198497130776013
-0.0010860828364045168
-0.0011654083772966919
-0.0012608557812083829
-0.001376501809755193
-0.0015179445931941102
-0.0016930678692799626
-0.0019133296418479637
-0.002195997418910185
-0.0025677157190792813
-0.0030671412627296703
-0.0037282291877689076
-0.0044638949085744565
-0.004612292581182028
-0.0016941587808690403
0.010929385261510782
0.04644062028535692
0.12317984922472877
0.25454607285173864
0.43124242461741397
0.6094993715872781
0.7236661916104866
0.7236661916104731
0.6094993715872418
0.4312424246173664
0.2545460728516881
0.12317984922468249
0.04644062028531765
0.010929385261479088
-0.0016941587808948766
-0.004612292581203348
-0.004463894908592614
-0.003728229187784517
-0.003067141262743307
-0.002567715719091404
-0.0021959974189209083
-0.0019133296418577374
-0.001693067869288893
-0.0015179445932022532
-0.001376501809762675
-0.0012608557812148107
-0.0011654083773028074
-0.0010860828364098742
-0.0010198497130825925
-0.000964421064264361
-0.0009180468332084764
-0.0008793757711483108
-0.0008473584574140403
-0.0008211785666676702
-0.0008002035852355908
-0.0007839492593691101
-0.0007720539972647553
-0.000764260705030632
-0.0007604043808353144
-0.0009869103950854758
-0.000991915364478128
-0.0010020299656917607
-0.0010174683437990614
-0.0010385641637755566
-0.0010657867107442699
-0.0010997644630699659
-0.001141318312999812
-0.0011915077048466334
-0.0012516945936716845
-0.001323632643521279
-0.0014095930820707204
-0.0015125451855264199
-0.0016364205108071843
-0.0017865097403195157
-0.001970077829517289
-0.0021973557233077924
-0.0024832130508694534
-0.0028500638313859175
-0.0033325345217223336
-0.0039811118129126225
-0.004841542115413386
-0.005808052282354602
-0.006047372877074918
-0.002416132138149946
0.013529629615853843
0.058589876875431005
0.15617728665411423
0.3234453832008358
0.5486120467738993
0.7758806070234792
0.9214776348095173
0.921477634809502
0.7758806070234371
0.5486120467738439
0.3234453832007752
0.15617728665405917
0.05858987687538425
0.01352962961581607
-0.002416132138180791
-0.0060473728771002315
-0.005808052282376259
-0.004841542115432012
-0.003981111812928972
-0.003332534521736864
-0.0028500638313988104
-0.0024832130508811914
-0.0021973557233184674
-0.0019700778295269642
-0.0017865097403283357
-0.0016364205108148854
-0.0015125451855335938
-0.0014095930820770693
-0.0013236326435270985
-0.0012516945936763705
-0.0011915077048512183
-0.0011413183130035119
-0.0010997644630736068
-0.0010657867107470797
-0.001038564163778113
-0.0010174683438010836
-0.0010020299656933718
-0.0009919153644788693
-0.000986910395086037
-0.0011297794007675715
-0.0011355088392079314
-0.0011470875260771256
-0.0011647605990317551
-0.0011889100129881284
-0.0012200729699272958
-0.0012589689027111915
-0.0013065375021338438
-0.0013639915301295556
-0.0014328900310982703
-0.0015152404331499705
-0.001613642606643455
-0.0017314954518759167
-0.0018732993405627446
-0.002045110335779278
-0.0022552442586187623
-0.0025154117677056147
-0.0028426333658613835
-0.003262570813949639
-0.0038149126470521507
-0.004557801333036942
-0.005545456576997435
-0.006664800840664639
-0.006990339970664445
-0.0030057772102846493
0.014764949749707473
0.06521314836166654
0.1747102920533677
0.3626327711344278
0.6158065297209023
0.8714715953631433
1.035305881066367
1.0353058810663502
0.871471595363097
0.6158065297208406
0.36263277113436165
0.17471029205330707
0.06521314836161535
0.014764949749666257
-0.003005777210318708
-0.006990339970692004
-0.006664800840688569
-0.00554545657701787
-0.004557801333054938
-0.0038149126470682056
-0.0032625708139638536
-0.0028426333658742513
-0.002515411767717376
-0.0022552442586294113
-0.0020451103357888604
-0.001873299340571233
-0.0017314954518837878
-0.0016136426066503521
-0.0015152404331562216
-0.001432890031103576
-0.0013639915301342721
-0.0013065375021380776
-0.0012589689027149792
-0.0012200729699304983
-0.0011889100129908055
-0.0011647605990340957
-0.001147087526078845
-0.0011355088392088104
-0.0011297794007679813
-0.0010604626876425517
-0.001065840535171669
-0.001076708685810661
-0.0010932972295603436
-0.001115964674835999
-0.0011452152464252758
-0.0011817242120241438
-0.0012263735735941993
-0.001280301636377123
-0.001344971722503134
-0.001422267998778973
-0.0015146306822181143
-0.0016252499292511479
-0.0017583496816305868
-0.0019196139487553778
-0.002116847552598756
-0.0023610413758770894
-0.002668170034784676
-0.003062323695597187
-0.0035808026330545347
-0.0042785105517039075
-0.005208092096012931
-0.00627098606864049
-0.006625364596608684
-0.0030484090028534867
0.013174402607753984
0.05945273476434468
0.16013236454919147
0.333154232343739
0.5664494955394601
0.8021636668035342
0.9532567466388067
0.9532567466387916
0.8021636668034897
0.5664494955394014
0.3331542323436757
0.16013236454913377
0.059452734764296106
0.013174402607714781
-0.0030484090028852426
-0.0066253645966354024
-0.006270986068662974
-0.005208092096032442
-0.004278510551720808
-0.0035808026330698254
-0.003062323695610521
-0.0026681700347969397
-0.002361041375888241
-0.0021168475526088075
-0.001919613948764458
-0.0017583496816384924
-0.0016252499292587629
-0.0015146306822244287
-0.0014222679987850287
-0.0013449717225078846
-0.0012803016363817825
-0.0012263735735980473
-0.0011817242120279593
-0.0011452152464282354
-0.0011159646748387323
-0.001093297229562308
-0.0010767086858124047
-0.001065840535172358
-0.0010604626876434043
-0.000683107553910073
-0.0006865716881708638
-0.0006935723928449564
-0.0007042578759622331
-0.0007188590634446106
-0.0007377007407611623
-0.0007612178657183158
-0.0007899785570722612
-0.0008247160213842197
-0.0008663728102354657
-0.0009161625403903834
-0.0009756569747236578
-0.0010469108966299498
-0.0011326449163632114
-0.0012365200022433085
-0.0013635629939285471
-0.001520852627523338
-0.0017186777362183968
-0.0019725595507907394
-0.0023065730707804402
-0.0027564150280086222
-0.003357750482707874
-0.004054673030211719
-0.0043318212832494625
-0.002191071424571485
0.007800431060622514
0.036533317540464676
0.09928005448075855
0.20734846599611287
0.3532614739249664
0.5008116966240101
0.5954355516988865
0.595435551698875
0.5008116966239776
0.35326147392492346
0.20734846599606666
0.09928005448071628
0.03653331754042924
0.007800431060593703
-0.002191071424594659
-0.00433182128326913
-0.004054673030228162
-0.0033577504827222203
-0.002756415028021121
-0.002306573070791504
-0.0019725595508004214
-0.0017186777362274818
-0.001520852627531466
-0.0013635629939359835
-0.0012365200022497794
-0.0011326449163691792
-0.001046910896635172
-0.0009756569747286196
-0.0009161625403945727
-0.0008663728102387938
-0.0008247160213877241
-0.0007899785570748439
-0.0007612178657212538
-0.0007377007407632597
-0.0007188590634468136
-0.0007042578759635755
-0.0006935723928462693
-0.0006865716881711361
-0.0006831075539110318
-2.0913710296302523e-05
-2.101967622979259e-05
-2.1233820872020915e-05
-2.1560671475644568e-05
-2.2007281516863038e-05
-2.2583570283718425e-05
-2.3302819954285894e-05
-2.4182375859383093e-05
-2.5244618600589648e-05
-2.651831089266958e-05
-2.804047461115426e-05
-2.9859036971393367e-05
-3.203662131117795e-05
-3.4656089334785976e-05
-3.782885057015538e-05
-4.170772008715742e-05
-4.6507683111574136e-05
-5.254180559784757e-05
-6.029169695063552e-05
-7.057702742662331e-05
-8.505468000779659e-05
-0.000107803606561759
-0.0001500212944615365
-0.00024176145130414234
-0.00045461783280140275
-0.0009306132554090336
-0.0018899012691400222
-0.0035667571257518224
-0.006042710573278723
-0.009040625149490195
-0.011856321051484653
-0.013585809038042518
-0.013585809038047292
-0.01185632105149731
-0.009040625149507292
-0.006042710573296015
-0.003566757125767553
-0.0018899012691530707
-0.0009306132554197759
-0.00045461783281025385
-0.0002417614513111608
-0.0001500212944676501
-0.00010780360656688793
-8.505468001282794e-05
-7.057702743011552e-05
-6.029169695443901e-05
-5.2541805600890166e-05
-4.6507683114694145e-05
-4.1707720089767314e-05
-3.782885057261056e-05
-3.465608933688597e-05
-3.20366213130746e-05
-2.9859036973277982e-05
-2.8040474612677727e-05
-2.6518310893620695e-05
-2.5244618601776687e-05
-2.4182375860249642e-05
-2.3302819955330577e-05
-2.2583570284522036e-05
-2.2007281517592272e-05
-2.1560671476678463e-05
-2.1233820872523172e-05
-2.101967622996628e-05
-2.0913710296356625e-05
0.0007581686717197356
0.0007620136283615631
0.0007697839467976091
0.0007816441404192983
0.0007978505418978606
0.0008187636720701385
0.0008448663498082716
0.0008767892135991196
0.0009153461670330552
0.0009615835149642686
0.0010168484901615384
0.0010828859416978065
0.0011619769940414588
0.001257142047113659
0.0013724456603396453
0.001513469153574057
0.0016880724737765266
0.0019076787072765436
0.002189501279116687
0.0025600934703047104
0.0030579370304246894
0.0037165970453773185
0.004448016078496923
0.004587857884727983
0.001650874176847035
-0.011014349659502005
-0.04661138154551627
-0.1235066201381686
-0.2551139654077743
-0.4321151547951263
-0.6106685185969825
-0.7250215112795034
-0.7250215112795
-0.6106685185969705
-0.4321151547951115
-0.2551139654077575
-0.12350662013815339
-0.046611381545503566
-0.011014349659491565
0.0016508741768559002
0.004587857884734807
0.004448016078503144
0.0037165970453828722
0.003057937030429586
0.0025600934703090736
0.0021895012791204875
0.0019076787072800552
0.0016880724737796237
0.0015134691535768359
0.0013724456603422164
0.0012571420471159474
0.0011619769940429939
0.001082885941700014
0.0010168484901630906
0.0009615835149660465
0.0009153461670342864
0.0008767892136005008
0.0008448663498091379
0.0008187636720707574
0.0007978505418983498
0.0007816441404194767
0.0007697839467977374
0.0007620136283617099
0.0007581686717195083
0.0014203625153339616
0.0014275656403025848
0.0014421225187706654
0.0014643413449054675
0.0014947023238259763
0.0015338808425476172
0.0015827813955724217
0.0016425853948119655
0.0017148175698167402
0.0018014380143072163
0.0019049705559404393
0.0020286838794501246
0.0021768512693598955
0.0023551308741420153
0.0025711368120123652
0.0028353244274153325
0.003162417418187956
0.0035738146378971793
0.004101769132956172
0.004796089513658865
0.0057292973784249975
0.00696654392152319
0.008352667814246826
0.008677917716673231
0.003387327768616788
-0.01974539397553398
-0.08503460035512017
-0.22635343174467654
-0.46850514197716087
-0.7944172538695736
-1.1233365362724637
-1.3340428720164152
-1.334042872016406
-1.1233365362724304
-0.7944172538695327
-0.4685051419771145
-0.22635343174463518
-0.08503460035508521
-0.019745393975505194
0.0033873277686402026
0.00867791771669245
0.008352667814263196
0.006966543921537862
0.005729297378438013
0.004796089513670025
0.004101769132966428
0.0035738146379062597
0.0031624174181962565
0.002835324427422619
0.00257113681201931
0.0023551308741477546
0.0021768512693649475
0.00202868387945507
0.0019049705559450723
0.0018014380143108336
0.001714817569820328
0.001642585394815165
0.0015827813955752645
0.0015338808425495174
0.0014947023238275209
0.0014643413449067038
0.0014421225187714742
0.0014275656403031076
0.0014203625153337523
0.0017977176490658927
0.0018068344873035263
0.0018252588117361893
0.0018533806985036995
0.0018918079352169097
0.001941395348211715
0.002003287741877963
0.0020789804113338457
0.002170403184809465
0.0022800369265748017
0.002411076014329095
0.00256765758694435
0.002755190301981064
0.0029808356394091426
0.003254230758524545
0.0035886089860853263
0.00400260616654159
0.004523306936463067
0.005191533277762755
0.006070319075932512
0.007251392902120216
0.008816885534827977
0.010568980852675346
0.010971461030031826
0.004244665346898601
-0.02511936552266559
-0.10795401757899918
-0.2872057418131059
-0.5943109083247783
-1.0076052754840528
-1.4246885064519648
-1.6918640669563092
-1.691864066956295
-1.4246885064519206
-1.0076052754839955
-0.5943109083247151
-0.2872057418130486
-0.1079540175789512
-0.025119365522626294
0.004244665346930125
0.010971461030058517
0.010568980852697543
0.008816885534847916
0.007251392902137285
0.006070319075948235
0.005191533277776339
0.0045233069364756
0.004002606166552783
0.0035886089860952897
0.0032542307585337058
0.0029808356394170166
0.0027551903019883434
0.0025676575869506635
0.0024110760143351614
0.002280036926579843
0.002170403184814368
0.002078980411338093
0.002003287741881973
0.0019413953482143756
0.0018918079352193873
0.0018533806985050842
0.0018252588117376263
0.0018068344873041836
0.0017977176490662993
0.0018670343621907438
0.0018765027913399098
0.0018956376520027824
0.0019248440679750032
0.001964753273368782
0.002016253071713653
0.0020805324325648355
0.0021591443398734766
0.002254093078561764
0.0023679552351699128
0.0025040484486999947
0.0026666695113697104
0.0028614358246056904
0.0030957852983413536
0.0033797271455484742
0.003727005692105179
0.004156976558369921
0.004697770267539611
0.005391780396115152
0.006304429089930012
0.007530683683452973
0.00915425001581237
0.010962795624699085
0.011336436404087165
0.004202033554329607
-0.02670991266461905
-0.1137144311763198
-0.3017836693172783
-0.6237894471154581
-1.0569623096654797
-1.4939964350115524
-1.7739132013838417
-1.7739132013838275
-1.493996435011505
-1.0569623096654195
-0.6237894471153922
-0.301783669317218
-0.11371443117626928
-0.026709912664577798
0.004202033554363139
0.011336436404114966
0.010962795624722754
0.009154250015833185
0.007530683683471161
0.006304429089946353
0.005391780396129607
0.004697770267552613
0.0041569765583818275
0.0037270056921156255
0.0033797271455580295
0.0030957852983495857
0.002861435824613327
0.0026666695113763054
0.0025040484487062155
0.0023679552351754396
0.002254093078566929
0.0021591443398779092
0.0020805324325689793
0.002016253071716483
0.0019647532733713642
0.001924844067976643
0.001895637652004205
0.0018765027913407932
0.0018670343621909609
0.0017241653565087905
0.0017329093166099938
0.0017505800916174207
0.001777551812742157
0.001814407424156261
0.0018619668125304124
0.0019213279929236778
0.0019939251507392463
0.002081609253278869
0.002186759797743072
0.00231244065907124
0.0024626199867968327
0.0026424855582560325
0.002858906468585628
0.0031211265500886557
0.003441839263003417
0.00383892051397194
0.004338349952547543
0.0049792734135513566
0.005822050964600087
0.0069539941633284755
0.008450335554228156
0.010106047066388762
0.010393469310497547
0.003612388482194482
-0.02547459253076509
-0.1070911596900833
-0.2832506639180217
-0.5846020591818588
-0.9897678267184642
-1.3984054466718692
-1.6600849551269703
-1.6600849551269556
-1.398405446671826
-0.9897678267184093
-0.5846020591817984
-0.283250663917967
-0.10709115969003728
-0.025474592530727657
0.0036123884822251004
0.010393469310522756
0.010106047066410453
0.008450335554247056
0.006953994163345091
0.005822050964614901
0.004979273413564508
0.004338349952559412
0.003838920513982694
0.0034418392630130314
0.0031211265500971854
0.0028589064685930862
0.0026424855582628678
0.002462619986802742
0.0023124406590768545
0.002186759797748133
0.002081609253283639
0.0019939251507432847
0.0019213279929274248
0.0018619668125331836
0.0018144074241586792
0.0017775518127436992
0.0017505800916186734
0.0017329093166108481
0.0017241653565090317
0.0014976593422580656
0.0015052546571618875
0.001520604123188904
0.001544032728310521
0.0015760468456141176
0.0016173586684514914
0.001668921987264658
0.0017319826088844623
0.0018081483816367832
0.001899486268331666
0.0020086577286274783
0.0021391097411304627
0.0022953487500262048
0.0024833417389866115
0.0027111186195242273
0.00298970602668014
0.003334632659943962
0.003768466543525853
0.004325207001075528
0.005057232161956873
0.006040023613145374
0.007337022626583467
0.008761889692608488
0.008958389014604457
0.002890415124913423
-0.02287434817642213
-0.09494190310000862
-0.25025322648863424
-0.5157027488327572
-0.8723982045619697
-1.2320242112356556
-1.462273511927924
-1.4622735119279127
-1.2320242112356197
-0.8723982045619235
-0.5157027488327066
-0.25025322648858817
-0.09494190309997008
-0.022874348176390655
0.002890415124939004
0.008958389014625633
0.008761889692626519
0.007337022626599406
0.006040023613159237
0.00505723216196937
0.004325207001086478
0.0037684665435359027
0.003334632659952908
0.002989706026688167
0.0027111186195312525
0.0024833417389928413
0.0022953487500318977
0.0021391097411353572
0.0020086577286321035
0.0018994862683359252
0.001808148381640809
0.0017319826088879587
0.001668921987267903
0.0016173586684538482
0.001576046845616275
0.0015440327283117099
0.0015206041231901057
0.0015052546571624498
0.0014976593422584433
0.0012792817745721752
0.0012857696358140338
0.0012988810362983244
0.0013188935810454273
0.0013462398146321646
0.0013815280940402707
0.0014255731497782908
0.0014794391549344484
0.001544499542031885
0.0016225199250392577
0.0017157737466688087
0.001827205455573623
0.001960664521988841
0.0021212480534115777
0.002315815388148009
0.00255378580440737
0.0028484244621462583
0.003219009465587152
0.00369457943280793
0.004319836562314728
0.0051589952722558155
0.006264867014681343
0.007472325331199223
0.007601737332974964
0.0022900239206024805
-0.020078978983312394
-0.08248768191116976
-0.21681530647854583
-0.4462329990491
-0.7543697161300249
-1.0649493283027462
-1.2637654532946998
-1.263765453294691
-1.064949328302717
-0.7543697161299883
-0.4462329990490592
-0.21681530647850855
-0.08248768191113859
-0.02007897898328685
0.0022900239206232057
0.007601737332992054
0.0074723253312137545
0.006264867014694278
0.005158995272267026
0.004319836562324893
0.0036945794328168014
0.0032190094655953224
0.0028484244621534652
0.0025537858044138643
0.0023158153881536574
0.0021212480534165525
0.0019606645219934797
0.0018272054555775459
0.00171577374667264
0.0016225199250427449
0.0015444995420353124
0.00147943915493733
0.0014255731497810657
0.0013815280940421813
0.0013462398146339319
0.0013188935810463614
0.0012988810362993515
0.00128576963581436
0.0012792817745725118
0.0011065441072031636
0.0011121559499354175
0.0011234969941930832
0.0011408073628820835
0.0011644611986971073
0.0011949847188802963
0.0012330826502418588
0.0012796754834474551
0.0013359512140657752
0.0014034370695169109
0.0014840995434117338
0.0015804855434589848
0.0016959248152526832
0.0018348263066827655
0.002003123296895
0.002208963427144893
0.002463821046983672
0.0027843714970992566
0.0031957302803134816
0.003736540834561044
0.0044621955864388736
0.0054175790574243435
0.006456426054145207
0.0065461810784528274
0.0018774855430690575
-0.01767974723517221
-0.07215300038247541
-0.18930554344354478
-0.38929552800917805
-0.6578277438649368
-0.9284391153599579
-1.1016521670395496
-1.101652167039542
-0.9284391153599334
-0.6578277438649069
-0.3892955280091449
-0.1893055434435142
-0.07215300038245001
-0.017679747235151443
0.0018774855430858492
0.006546181078466697
0.006456426054156967
0.005417579057434865
0.004462195586447924
0.0037365408345693394
0.003195730280320673
0.0027843714971059327
0.002463821046989488
0.00220896342715021
0.0020031232968996367
0.0018348263066867777
0.0016959248152565423
0.0015804855434621685
0.0014840995434149962
0.0014034370695197936
0.0013359512140687516
0.0012796754834498568
0.0012330826502442323
0.0011949847188818703
0.0011644611986986173
0.0011408073628827841
0.0011234969941940065
0.0011121559499355927
0.0011065441072034888
0.0009806212960805885
0.000985594526642446
0.0009956449916484903
0.0010109854890948363
0.001031947585949552
0.0010589976184100707
0.0010927601188163996
0.0011340508306962034
0.001183922562117688
0.001243728750764375
0.0013152121153581146
0.0014006297424752228
0.001502932476970973
0.0016260275642032756
0.0017751731303247943
0.0019575896994249217
0.0021834459654461575
0.002467519685670756
0.0028320670974719825
0.0033113232244002047
0.003954306514711428
0.004800425616559764
0.005718472993383208
0.005787751970122995
0.0016159948891272657
-0.015812371871889785
-0.06431479061983561
-0.16858319914502629
-0.3465362221249298
-0.5854431393531186
-0.8261775683294508
-0.9802591205797587
-0.9802591205797522
-0.8261775683294315
-0.5854431393530943
-0.3465362221249021
-0.16858319914500097
-0.06431479061981456
-0.01581237187187257
0.0016159948891411756
0.005787751970134469
0.005718472993392927
0.00480042561656851
0.003954306514718939
0.003311323224407186
0.0028320670974779968
0.0024675196856763916
0.002183445965451013
0.0019575896994294406
0.0017751731303287405
0.0016260275642066408
0.001502932476974273
0.0014006297424779164
0.0013152121153609708
0.0012437287507668271
0.0011839225621203143
0.0011340508306982664
0.0010927601188185222
0.0010589976184113875
0.0010319475859508925
0.001010985489095414
0.0009956449916493592
0.0009855945266425627
0.0009806212960808886
0.0008894914754129066
0.0008940025407593324
0.0009031190102122997
0.0009170339063666503
0.0009360479835454686
0.0009605842411522862
0.0009912091735199506
0.0010286627168678195
0.0010738998415052844
0.0011281482098129782
0.0011929885893104464
0.0012704683151991323
0.001363264010127131
0.0014749198192577865
0.0016102052318677671
0.0017756697705755898
0.001980537151768395
0.002238211780823585
0.0025688810592541652
0.003003594270849834
0.003586788002445142
0.004354071262740541
0.005185838288474928
0.005244846171003427
0.0014479276937628999
-0.014397057682144124
-0.058477838625840745
-0.15322514258637066
-0.31491330300646575
-0.5319714262762237
-0.7506820080287808
-0.8906644620958831
-0.8906644620958779
-0.7506820080287635
-0.5319714262762025
-0.3149133030064425
-0.15322514258634912
-0.0584778386258228
-0.014397057682129517
0.0014479276937746886
0.005244846171013129
0.005185838288483183
0.004354071262748008
0.0035867880024516036
0.0030035942708559137
0.0025688810592593737
0.0022382117808285307
0.001980537151772626
0.0017756697705795942
0.001610205231871256
0.0014749198192607128
0.0013632640101300351
0.0012704683152015115
0.0011929885893130214
0.0011281482098151351
0.0010738998415076475
0.0010286627168696392
0.000991209173521877
0.0009605842411534035
0.0009360479835466787
0.0009170339063671422
0.0009031190102131242
0.000894002540759436
0.0008894914754131581
0.0008211782853022413
0.0008253428987822179
0.0008337592192161753
0.0008466054449197094
0.0008641592320551932
0.0008868110933409439
0.0009150840158851084
0.0009496611081772474
0.000991423997952223
0.0010415060619512447
0.0011013666631345294
0.001172895899096295
0.0012585648246267493
0.001361645389790581
0.0014865407798945326
0.0016392975027596525
0.0018284308726453113
0.002066315782931759
0.002371589001866356
0.0027729138040877253
0.0033113058076789667
0.0040195974761950675
0.004787189423427954
0.0048404975661100556
0.0013312589916956693
-0.013307953856221775
-0.05402977074552976
-0.14155275146923202
-0.29090807735047153
-0.4914064237035235
-0.693428971885353
-0.8227297374666882
-0.822729737466684
-0.6934289718853387
-0.4914064237035053
-0.29090807735045104
-0.1415527514692132
-0.05402977074551425
-0.013307953856209122
0.0013312589917058733
0.004840497566118445
0.00478718942343513
0.004019597476201604
0.003311305807684666
0.0027729138040931576
0.002371589001870982
0.0020663157829362254
0.0018284308726491563
0.0016392975027633265
0.0014865407798977314
0.001361645389793211
0.0012585648246293646
0.0011728958990984495
0.001101366663136869
0.0010415060619531548
0.0009914239979543556
0.0009496611081788662
0.0009150840158868817
0.0008868110933418926
0.0008641592320563097
0.0008466054449201431
0.000833759219216948
0.000825342898782351
0.0008211782853024202
0.000767509994372473
0.000771402427780149
0.0007792686960115657
0.0007912753510983079
0.0008076819027724787
0.0008288533414860292
0.0008552784740956112
0.0008875957639466034
0.0009266292191878502
0.0009734381436160072
0.0010293865219856895
0.0010962409223888017
0.0011763109006971018
0.0012726545640484215
0.0013893873205101472
0.0015321604971360973
0.0017089328705956577
0.0019312705347496848
0.0022165921459600686
0.0025916872581323897
0.003094888780544795
0.0037568731240314865
0.004474225249098877
0.004523760073177167
0.0012428892759040007
-0.012442385283018229
-0.050509590185830816
-0.13232604191899322
-0.2719424501756985
-0.4593663415004953
-0.6482146433896634
-0.7690833449374573
-0.7690833449374526
-0.6482146433896504
-0.4593663415004797
-0.27194245017568075
-0.13232604191897668
-0.05050959018581716
-0.012442385283007089
0.0012428892759129666
0.004523760073184551
0.004474225249105219
0.003756873124037284
0.0030948887805499013
0.0025916872581373046
0.0022165921459642215
0.0019312705347537872
0.0017089328705992383
0.0015321604971395078
0.0013893873205131058
0.001272654564050823
0.0011763109006994801
0.0010962409223907762
0.0010293865219878093
0.0009734381436177049
0.0009266292191897575
0.0008875957639480432
0.0008552784740972162
0.0008288533414868167
0.0008076819027735064
0.0007912753510987104
0.0007792686960122783
0.0007714024277803311
0.0007675099943725817
0.00072360309998636
0.0007272728586105094
0.0007346891205170583
0.0007460089097387297
0.0007614768901426931
0.0007814371720359637
0.0008063505989067026
0.0008368191092526701
0.0008736195718006053
0.0009177506902036226
0.0009704984189482351
0.001033528264908099
0.0011090176594674545
0.001199849761993447
0.0013099045462509414
0.0014445100370120009
0.0016111697013808954
0.0018207879493344872
0.0020897869198268433
0.002443423488432288
0.002917837216907914
0.003541947833870192
0.004218248938395921
0.0042648985447905855
0.001171536927953261
-0.0117313846433669
-0.047622245182113096
-0.12476107637863633
-0.256395293728091
-0.4331037519184612
-0.6111552170571142
-0.7251136284019386
-0.7251136284019347
-0.6111552170571031
-0.43310375191844686
-0.25639529372807546
-0.12476107637862147
-0.047622245182100995
-0.011731384643356955
0.0011715369279612325
0.00426489854479719
0.004218248938401583
0.0035419478338754046
0.0029178372169125105
0.002443423488436754
0.002089786919830575
0.0018207879493382585
0.001611169701384263
0.0014445100370151418
0.0013099045462536762
0.0011998497619956422
0.0011090176594696238
0.0010335282649098778
0.0009704984189501189
0.0009177506902050847
0.0008736195718022789
0.0008368191092539127
0.0008063505989081303
0.0007814371720366017
0.0007614768901436629
0.0007460089097391279
0.0007346891205177217
0.0007272728586107183
0.0007236030999864394
0.0006865766352777343
0.0006900586134869424
0.0006970953875492843
0.0007078359465969629
0.0007225124350747892
0.0007414513551991637
0.0007650899691338657
0.0007939994142171668
0.0008289168068233638
0.0008707897469289835
0.0009208383866581461
0.0009806430087136268
0.001052269624927189
0.001138453862640612
0.0012428771559141786
0.0013705948917326141
0.0015287265794021827
0.0017276186394119641
0.0019828528683894175
0.002318393712346158
0.0027685314564394447
0.0033607062012438686
0.00400240185610544
0.0040466682294823305
0.0011116006572612085
-0.011131084226586898
-0.04518548578649763
-0.11837738981175666
-0.24327648013372766
-0.41094371166514215
-0.5798853394285972
-0.6880132144448106
-0.6880132144448072
-0.579885339428587
-0.41094371166512944
-0.2432764801337131
-0.11837738981174348
-0.04518548578648676
-0.011131084226577909
0.0011116006572683798
0.004046668229488359
0.004002401856110561
0.0033607062012485866
0.0027685314564435764
0.0023183937123501886
0.0019828528683927464
0.0017276186394153902
0.0015287265794053
0.001370594891735439
0.0012428771559166447
0.0011384538626425973
0.0010522696249291245
0.000980643008715188
0.0009208383866597572
0.0008707897469301996
0.0008289168068247884
0.0007939994142182239
0.0007650899691351049
0.0007414513551996826
0.000722512435075701
0.0007078359465973761
0.0006970953875498937
0.00069005861348714
0.0006865766352778224
0.0006546415167156551
0.000657961535443943
0.0006646710035205768
0.0006749119800296818
0.000688905811498099
0.0007069638132828349
0.0007295029088161733
0.0007570676696487795
0.0007903609260294411
0.0008302862013783009
0.0008780068937618168
0.0009350297806736453
0.0010033247754427758
0.001085500260224106
0.0011850664302541624
0.0013068435248630556
0.0014576198934794882
0.0016472606968139926
0.0018906229481153152
0.0022105564032676075
0.0026397564534555128
0.003204387466363709
0.003816239324176629
0.0038584626566360667
0.0010599655731750668
-0.01061314380914594
-0.04308330261916002
-0.11287037836583809
-0.23195941802872477
-0.39182726093780673
-0.5529103210079472
-0.6560085074459874
-0.6560085074459843
-0.552910321007938
-0.3918272609377952
-0.23195941802871162
-0.11287037836582611
-0.04308330261915015
-0.010613143809137717
0.0010599655731815868
0.003858462656641629
0.003816239324181312
0.0032043874663680444
0.0026397564534592333
0.0022105564032712244
0.0018906229481182673
0.0016472606968170427
0.001457619893482305
0.0013068435248655163
0.0011850664302563315
0.00108550026022587
0.001003324775444461
0.0009350297806749654
0.000878006893763137
0.0008302862013792665
0.0007903609260306308
0.0007570676696496663
0.0007295029088172371
0.0007069638132832798
0.0006889058114989613
0.0006749119800301205
0.0006646710035211526
0.000657961535444098
0.0006546415167157902
0.0006266096360796917
0.0006297874907094049
0.0006362096575431557
0.0006460121126404671
0.0006594067243834417
0.0006766914774808193
0.0006982654425323094
0.0007246498723024685
0.0007565175015365321
0.0007947331643597249
0.0008404104415576639
0.0008949915896149809
0.0009603621690479284
0.0010390188694618392
0.0011343215771091604
0.0012508841249140622
0.0013952041790784618
0.0015767244638399134
0.0018096657988901231
0.002115899502276418
0.0025267210414589084
0.0030671751243621843
0.003652831933847028
0.003693266230401381
0.0010146624202538768
-0.010158442284640738
-0.041237877441107545
-0.10803604038213444
-0.22202475660193266
-0.3750459448637017
-0.5292303980684423
-0.6279132948059997
-0.6279132948059964
-0.5292303980684343
-0.37504594486369097
-0.22202475660192092
-0.1080360403821237
-0.04123787744109862
-0.010158442284633197
0.0010146624202598338
0.0036932662304065295
0.0036528319338513457
0.0030671751243661763
0.002526721041462265
0.002115899502279664
0.0018096657988927543
0.0015767244638425991
0.001395204179080968
0.0012508841249161818
0.0011343215771110523
0.0010390188694634338
0.0009603621690493986
0.0008949915896161191
0.0008404104415587203
0.0007947331643604799
0.0007565175015375094
0.0007246498723032294
0.0006982654425332138
0.0006766914774812424
0.0006594067243842265
0.000646012112640932
0.0006362096575436805
0.0006297874907095103
0.0006266096360798619
0.000601646441142292
0.0006046976945886019
0.0006108640114745522
0.0006202759507549391
0.0006331369402571447
0.0006497330933727673
0.0006704475822526605
0.0006957808936284784
0.0007263789613572427
0.0007630721656669133
0.0008069297236678458
0.0008593364340967937
0.0009221027389616206
0.0009976258625866167
0.0010891318369788505
0.0012010506845906766
0.001339621210481954
0.0015139099482340355
0.0017375711713378634
0.0020316048770017523
0.0024260598802189966
0.002944983877968242
0.00350731384620644
0.003546157247232843
0.0009743298970183133
-0.009753481797492976
-0.03959437515908444
-0.1037306940674042
-0.21317720153207576
-0.3601009439582067
-0.5081416817140096
-0.6028924380300316
-0.602892438030029
-0.5081416817140022
-0.3601009439581973
-0.2131772015320649
-0.10373069406739445
-0.03959437515907632
-0.009753481797486058
0.0009743298970237978
0.003546157247237598
0.0035073138462104456
0.002944983877971952
0.002426059880222039
0.0020316048770046757
0.0017375711713402365
0.0015139099482363804
0.0013396212104841592
0.0012010506845924669
0.0010891318369804768
0.000997625862588072
0.0009221027389629442
0.0008593364340978292
0.0008069297236687319
0.0007630721656675392
0.0007263789613580895
0.0006957808936291687
0.0006704475822534495
0.0006497330933731892
0.0006331369402578264
0.0006202759507554059
0.0006108640114750168
0.0006046976945886695
0.0006016464411424879
0.0005791410454405658
0.0005820781624862665
0.0005880138196638173
0.0005970736921769822
0.0006094535983331514
0.0006254289490255536
0.0006453685832761871
0.0006697542663542472
0.0006992077699765255
0.00073452841271942
0.0007767454159589571
0.0008271917778402539
0.0008876102178638151
0.0009603082882148643
0.001048391345682897
0.0011561236999067586
0.0012895107818967368
0.0014572799739366996
0.0016725747853620731
0.0019556096842687633
0.002335309588066934
0.0028348233978221175
0.003376123617310092
0.0034135342941448627
0.0009379759265310923
-0.009388368497436666
-0.03811262111746347
-0.09984908463933173
-0.20520044434970713
-0.3466268725605247
-0.4891285788470221
-0.5803342077444589
-0.5803342077444562
-0.4891285788470152
-0.3466268725605164
-0.20520044434969748
-0.09984908463932286
-0.03811262111745599
-0.009388368497430338
0.0009379759265361549
0.0034135342941492342
0.00337612361731381
0.002834823397825567
0.002335309588069702
0.0019556096842713875
0.0016725747853642038
0.0014572799739387384
0.001289510781898677
0.0011561236999082871
0.0010483913456843159
0.000960308288216223
0.0008876102178650424
0.0008271917778412591
0.0007767454159597491
0.0007345284127200105
0.000699207769977326
0.0006697542663549429
0.0006453685832769243
0.0006254289490260317
0.0006094535983337476
0.0005970736921774776
0.0005880138196642283
0.0005820781624863487
0.0005791410454407703
0.0005586322770715056
0.0005614653836520279
0.0005671908447537845
0.0005759298851063912
0.0005878713885990971
0.0006032810131319361
0.0006225145362059243
0.0006460366625609537
0.000674447145394198
0.0007085169973643475
0.0007492389924647464
0.0007978989239099744
0.0008561777969249229
0.0009263014471319996
0.0010112652622402346
0.0011151825409117743
0.0012438460448197064
0.0014056740942370608
0.0016133447493484679
0.0018863566424614973
0.0022526105126212635
0.00273443624199442
0.003256572715351854
0.003292678885920275
0.0009048526360981991
-0.009055629930427245
-0.0367622774254723
-0.09631173174244807
-0.19793114744088988
-0.33434782401635255
-0.471801760227781
-0.5597766815499716
-0.5597766815499707
-0.47180176022777476
-0.33434782401634533
-0.19793114744088125
-0.0963117317424401
-0.03676227742546548
-0.00905562993042149
0.0009048526361028592
0.00329267888592425
0.0032565727153552877
0.0027344362419976197
0.002252610512623802
0.001886356642463851
0.0016133447493503822
0.0014056740942388498
0.0012438460448214298
0.0011151825409130849
0.0010112652622414726
0.0009263014471332475
0.0008561777969260805
0.0007978989239109766
0.0007492389924655123
0.0007085169973649608
0.000674447145395017
0.0006460366625616759
0.0006225145362066579
0.0006032810131324709
0.000587871388599629
0.0005759298851068998
0.0005671908447541449
0.0005614653836521423
0.0005586322770717173
0.0005397633130520428
0.0005425007254654423
0.0005480327970046369
0.0005564766577694795
0.0005680148116831757
0.0005829039434682394
0.0006014878134590183
0.0006242154299677853
0.0006516662881983531
0.0006845853581379023
0.0007239318806090812
0.0007709482182480506
0.0008272585964798608
0.0008950136681648801
0.0009771076447262557
0.0010775148882493962
0.0012018324955334857
0.0013581944366906713
0.0015588505391886571
0.00182264083729013
0.002176523788263074
0.002642075769310537
0.0031465809747840134
0.0031814877692046715
0.0008743818075027936
-0.008749483040340525
-0.035519866883098855
-0.09305712995230947
-0.1912429135438097
-0.3230502908651173
-0.45585994757037296
-0.5408624056867224
-0.5408624056867218
-0.45585994757036713
-0.3230502908651105
-0.1912429135438022
-0.09305712995230217
-0.03551986688309271
-0.008749483040335364
0.0008743818075070229
0.003181487769208246
0.003146580974787123
0.002642075769313468
0.002176523788265405
0.0018226408372922563
0.0015588505391903765
0.0013581944366922532
0.0012018324955350224
0.0010775148882505082
0.0009771076447273332
0.00089501366816601
0.0008272585964809523
0.0007709482182490635
0.0007239318806098442
0.0006845853581385582
0.0006516662881991856
0.0006242154299685176
0.0006014878134597421
0.0005829039434688133
0.0005680148116836474
0.0005564766577699793
0.0005480327970049299
0.0005425007254655964
0.0005397633130522388
0.0005222522657538542
0.0005249008706982685
0.0005302534700913129
0.0005384233940764964
0.0005495872257506597
0.0005639933224212703
0.0005819742920818262
0.0006039645762244141
0.000630524869944399
0.0006623759747427802
0.0007004460115186819
0.0007459370378553934
0.0008004205855966272
0.0008659775354526797
0.0009454082038339472
0.0010425580150019028
0.0011628424821903548
0.0013141316890930956
0.0015082780491421845
0.0017635103966273692
0.0021059127243305484
0.0025563621524288937
0.0030445050998848208
0.0030782994602736595
0.0008461069051492235
-0.00846535844515332
-0.0343668404294487
-0.09003668514887679
-0.18503587924171533
-0.3125655861828082
-0.44106510842424396
-0.5233089648394367
-0.5233089648394347
-0.44106510842423874
-0.3125655861828025
-0.18503587924170845
-0.09003668514887042
-0.034366840429443136
-0.008465358445148747
0.0008461069051529967
0.003078299460276856
0.003044505099887594
0.0025563621524315374
0.002105912724332671
0.001763510396629266
0.0015082780491437109
0.0013141316890944912
0.0011628424821917473
0.0010425580150028564
0.0009454082038349225
0.0008659775354536948
0.0008004205855976588
0.0007459370378564061
0.0007004460115194325
0.0006623759747434498
0.000630524869945208
0.0006039645762250997
0.000581974292082513
0.0005639933224218328
0.0005495872257510882
0.0005384233940769611
0.0005302534700915517
0.0005249008706984595
0.0005222522657540124
0.0005058723220823784
0.0005084378559683249
0.0005136225760006973
0.0005215362578205338
0.0005323499461476545
0.0005463042087747781
0.0005637212217280012
0.0005850218006075091
0.0006107490547735475
0.0006416011783796347
0.000678477182561824
0.0007225414233166787
0.0007753161425998715
0.0008388169558429931
0.0009157563495164927
0.0010098591387043801
0.0011263709823579353
0.0012729151233915096
0.0014609722321468027
0.0017081994238885062
0.002039862715983024
0.0024761851557887895
0.0029490228714138074
0.0029817771390954046
0.0008196607561894224
-0.00819957898789638
-0.033288271610746045
-0.08721129397564734
-0.17922968536734904
-0.30275796927391063
-0.4272257004569738
-0.506889102218032
-0.5068891022180317
-0.4272257004569692
-0.3027579692739053
-0.17922968536734313
-0.0872112939756417
-0.033288271610741105
-0.008199578987892319
0.0008196607561927938
0.0029817771390982773
0.0029490228714162594
0.0024761851557911435
0.0020398627159849197
0.001708199423890186
0.0014609722321481543
0.0012729151233927226
0.0011263709823592207
0.0010098591387051907
0.0009157563495173922
0.0008388169558438637
0.0007753161426007991
0.0007225414233176435
0.0006784771825625156
0.0006416011783802807
0.0006107490547742872
0.0005850218006081238
0.0005637212217286303
0.0005463042087753144
0.0005323499461480511
0.000521536257820959
0.0005136225760008893
0.0005084378559685613
0.0005058723220824509
0.0004904379001767189
0.0004929251582325694
0.0004979516896426424
0.0005056239207273648
0.000516107677529652
0.0005296361879735232
0.0005465217982980456
0.0005671724847599628
0.0005921147861131064
0.0006220255941631487
0.0006577764906323987
0.0007004963062407765
0.0007516608382978861
0.0008132242043755051
0.0008878161309660284
0.0009790477861203856
0.0010920047793343828
0.0012340777616508289
0.0014163971193378864
0.0016560812517384853
0.0019776254211577573
0.0024006363710503886
0.0028590524389127164
0.002890827031783337
0.0007947430481771282
-0.00794913560077323
-0.032271946378451224
-0.08454895913442576
-0.17375857619644253
-0.2935163672969061
-0.4141849899183245
-0.4914168599243231
-0.49141685992432194
-0.4141849899183197
-0.29351636729690156
-0.17375857619643725
-0.08454895913442102
-0.0322719463784469
-0.007949135600769642
0.0007947430481801152
0.0028908270317859162
0.0028590524389148714
0.0024006363710524616
0.0019776254211594365
0.0016560812517399737
0.0014163971193391109
0.001234077761651865
0.0010920047793356018
0.0009790477861210752
0.0008878161309668774
0.000813224204376221
0.0007516608382986918
0.0007004963062416524
0.0006577764906329764
0.0006220255941637145
0.0005921147861137296
0.0005671724847604858
0.0005465217982986146
0.0005296361879740285
0.0005161076775300514
0.0005056239207277692
0.0004979516896428236
0.0004929251582328541
0.0004904379001766783
0.0004757947412630469
0.00047820773639091615
0.0004830841889038554
0.0004905273475087791
0.0005006980871137105
0.0005138226720615786
0.0005302041227408863
0.0005502382342902904
0.0005744358243706998
0.000603453574532589
0.0006381370432897095
0.0006795813573364747
0.0007292182503849793
0.0007889434949217134
0.0008613083002716425
0.0009498160137400439
0.0010594004005588487
0.0011972314441256909
0.0013741072046441155
0.001606634984189757
0.0019185788061900795
0.002328960715953211
0.002773694556413682
0.0028045399978010857
0.000771104236801786
-0.007711526839631477
-0.03130771150379716
-0.08202308227856153
-0.1685678911896173
-0.28474844916765607
-0.4018126893786287
-0.47673765748957253
-0.47673765748957153
-0.40181268937862585
-0.2847484491676519
-0.16856789118961257
-0.08202308227855722
-0.03130771150379338
-0.007711526839628327
0.0007711042368044108
0.0028045399978033907
0.0027736945564155787
0.0023289607159550424
0.0019185788061915848
0.0016066349841910863
0.0013741072046452335
0.0011972314441265582
0.0010594004005600195
0.000949816013740651
0.0008613083002724682
0.0007889434949222996
0.0007292182503856723
0.0006795813573372505
0.0006381370432901412
0.0006034535745330504
0.0005744358243711706
0.0005502382342907335
0.0005302041227413837
0.0005138226720620591
0.0005006980871141253
0.0004905273475091998
0.0004830841889040502
0.00047820773639125356
0.0004757947412628896
0.0004618126512336569
0.00046415473605401303
0.00046888788502323116
0.00047611231268925014
0.00048598416634584125
0.0004987230611281782
0.0005146231125930017
0.000534068484681926
0.0005575549836975771
0.0005857199933350036
0.0006193842237276468
0.0006596106191268447
0.0007077888389178861
0.0007657589445185816
0.00083599717278421
0.0009219039179026464
0.0010282679559475985
0.0011620485648772732
0.0013337264820084014
0.0015594209863715944
0.001862197876498209
0.0022605209040187663
0.002692190266668117
0.0027221487407837787
0.0007485337654255452
-0.007484641305021673
-0.030386997171324315
-0.07961121326151696
-0.16361149459628396
-0.2763762836888541
-0.3899988309536542
-0.46272102271871807
-0.46272102271871784
-0.38999883095365157
-0.27637628368885103
-0.1636114945962801
-0.07961121326151333
-0.03038699717132099
-0.007484641305018926
0.0007485337654278474
0.002722148740785817
0.0026921902666697767
0.002260520904020363
0.0018621978764995278
0.0015594209863727718
0.0013337264820094297
0.0011620485648780056
0.0010282679559487455
0.0009219039179032152
0.0008359971727850226
0.0007657589445190668
0.0007077888389184904
0.0006596106191275288
0.0006193842237279592
0.0005857199933354046
0.0005575549836979452
0.0005340684846823513
0.0005146231125934559
0.0004987230611286453
0.00048598416634627737
0.00047611231268970404
0.0004688878850234444
0.00046415473605437136
0.0004618126512334179
0.00044838006882185074
0.00045065403017037893
0.00045524950754753744
0.00046226380058758535
0.00047184851476956847
0.00048421687734084693
0.0004996544489944759
0.0005185342195918133
0.0005413375740376916
0.0005686833565956235
0.0006013684055839521
0.0006404247476122514
0.0006872016213018712
0.0007434855665036158
0.0008116807940998463
0.0008950887913307891
0.000998359043352734
0.0011282484036702926
0.00129493275795257
0.0015140625423792292
0.0018080327730092896
0.0021947708556633227
0.002613889234646909
0.0026429957888391455
0.0007268512545055423
-0.0072666696352039085
-0.029502459665468973
-0.0772941140281991
-0.15884985168233978
-0.2683330899486498
-0.3786491808209192
-0.44925515121009196
-0.44925515121009074
-0.37864918082091636
-0.2683330899486472
-0.1588498516823363
-0.07729411402819591
-0.029502459665466052
-0.00726666963520156
0.0007268512545075391
0.0026429957888409
0.002613889234648329
0.002194770855664679
0.0018080327730104302
0.0015140625423802753
0.0012949327579535284
0.0011282484036709217
0.000998359043353846
0.0008950887913313284
0.0008116807941006128
0.0007434855665040068
0.0006872016213024009
0.0006404247476128568
0.0006013684055841805
0.0005686833565960044
0.000541337574037993
0.0005185342195922608
0.0004996544489948805
0.0004842168773412915
0.00047184851476999337
0.0004622638005880581
0.0004552495075477339
0.00045065403017071785
0.0004483800688215814
0.0004353999168189215
0.0004376080492027304
0.00044207049198637956
0.00044888172806960335
0.00045818897409246034
0.0004701992845690643
0.0004851899534706769
0.000503523172939852
0.0005256663922202955
0.0005522205405829306
0.000583959388573826
0.000621885086519252
0.0006673078137170094
0.0007219623911496793
0.0007881834296878604
0.0008691768409868632
0.0009694575108595748
0.0010955866863999412
0.0012574456696599243
0.00147023184571549
0.0017556920424347086
0.0021312353899233475
0.002538225561216439
0.002566509039168086
0.0007058997756747695
-0.00705603727586962
-0.028647708426385414
-0.07505504354965165
-0.15424855922332054
-0.2605607550584865
-0.36768173652188885
-0.43624275055397593
-0.4362427505539748
-0.36768173652188574
-0.2605607550584843
-0.154248559223318
-0.0750550435496489
-0.028647708426382933
-0.007056037275867651
0.0007058997756764458
0.0025665090391695346
0.0025382255612176317
0.0021312353899244837
0.0017556920424356818
0.001470231845716425
0.001257445669660807
0.001095586686400463
0.0009694575108605965
0.0008691768409873433
0.0007881834296885382
0.0007219623911499926
0.000667307813717476
0.0006218850865197904
0.0005839593885740009
0.0005522205405833007
0.0005256663922205537
0.0005035231729403227
0.0004851899534710209
0.0004701992845694727
0.00045818897409285705
0.0004488817280700806
0.00044207049198654116
0.0004376080492030346
0.00043539991681868585
0.0004227863674884531
0.0004249305301379747
0.0004292636956705391
0.00043587760980550236
0.00044491522429962227
0.00045657759527265756
0.0004711339834543763
0.0004889360882327227
0.0005104378167807959
0.0005362226893574123
0.0005670420602490799
0.0006038690473074489
0.0006479758736765294
0.0007010471021902842
0.0007653497094540734
0.0008439967309278902
0.0009413722546440123
0.0010638474459166007
0.0012210173433189545
0.0014276390767962214
0.0017048295940187586
0.0020694943912349557
0.0024646989265378135
0.0024921826921860675
0.0006855406103142452
-0.006851352056551905
-0.02781709322856419
-0.07287920027458997
-0.14977719970870457
-0.25300789869913676
-0.35702399586064343
-0.4235977999973209
-0.4235977999973196
-0.3570239958606406
-0.2530078986991358
-0.14977719970870262
-0.0728792002745878
-0.027817093228562136
-0.006851352056550351
0.0006855406103155777
0.0024921826921872263
0.0024646989265388027
0.0020694943912358925
0.0017048295940195783
0.001427639076797051
0.0012210173433197416
0.001063847445916992
0.0009413722546449059
0.0008439967309282861
0.0007653497094546495
0.0007010471021905415
0.0006479758736769588
0.0006038690473079473
0.0005670420602492366
0.0005362226893577766
0.0005104378167810299
0.0004889360882331866
0.00047113398345463467
0.0004565775952730159
0.00044491522429996266
0.0004358776098059575
0.0004292636956706383
0.00042493053013824516
0.0004227863674882878
0.0004104622654058609
0.0004125439262566568
0.0004167507811078408
0.00042317190130946366
0.0004319460716028977
0.00044326848736091917
0.0004574005604136993
0.0004746837381757765
0.0004955586965047905
0.0005205919461389411
0.0005505129394999816
0.0005862664281850161
0.000629087550180022
0.0006806117634656957
0.0007430399624159966
0.0008193944375692408
0.0009139314806593074
0.0010328365371318118
0.0011854249511531905
0.0013860237004491036
0.0016551343073306244
0.002009170194339713
0.002392859566181657
0.0024195620612413064
0.0006656490751385145
-0.006651362416644329
-0.027005534600180344
-0.0707532778669008
-0.14540842835827333
-0.2456283309291984
-0.3466107807319101
-0.4112429685084401
-0.41124296850843944
-0.3466107807319084
-0.24562833092919756
-0.14540842835827172
-0.07075327786689908
-0.02700553460017877
-0.006651362416643146
0.0006656490751394829
0.002419562061242171
0.0023928595661824393
0.0020091701943404637
0.001655134307331287
0.001386023700449815
0.001185424951153855
0.0010328365371320494
0.0009139314806600468
0.0008193944375695278
0.0007430399624164677
0.0006806117634659136
0.0006290875501804073
0.0005862664281854874
0.0005505129395001389
0.0005205919461392986
0.0004955586965050161
0.0004746837381762105
0.0004574005604138681
0.0004432684873612335
0.00043194607160316264
0.0004231719013098748
0.00041675078110785447
0.0004125439262569021
0.0004104622654057711
0.0003983570243254888
0.00040037729333397304
0.00040446008062892664
0.00041069183068465835
0.0004192072352284228
0.00043019573296590615
0.00044391102621492456
0.00046068449247951577
0.00048094381127446954
0.000505238785886572
0.0005342773558243469
0.0005689764101821452
0.0006105346603775855
0.0006605393315841698
0.0007211264094901871
0.0007952290512410385
0.0008869780217951987
0.0010023763449191706
0.0011504646374702562
0.001345147364105057
0.0016063215515497147
0.0019499172895663045
0.002322296010742737
0.0023482311766877748
0.0006461111168209815
-0.0064549233111762085
-0.02620838542334654
-0.06866510263294763
-0.14111722801733617
-0.23837979357175396
-0.3363824611038468
-0.3991075076082673
-0.3991075076082669
-0.33638246110384573
-0.23837979357175373
-0.14111722801733495
-0.06866510263294635
-0.026208385423345464
-0.006454923311175405
0.0006461111168216166
0.0023482311766883576
0.0023222960107433122
0.001949917289566866
0.001606321551550218
0.0013451473641056283
0.0011504646374707816
0.00100237634491925
0.0008869780217957792
0.0007952290512411998
0.000721126409490566
0.0006605393315843617
0.0006105346603779308
0.0005689764101825922
0.0005342773558244951
0.0005052387858869003
0.00048094381127466746
0.0004606844924798743
0.00044391102621498663
0.0004301957329661827
0.00041920723522859935
0.00041069183068501527
0.00040446008062886235
0.0004003772933342209
0.0003983570243254627
0.0003864048633737569
0.00038836451688773854
0.0003923248055577473
0.00039836958020122895
0.0004066294912907722
0.00041728829366258685
0.0004305920776151561
0.00044686227808407277
0.0004665137425904989
0.0004900797782490195
0.0005182470837031536
0.000551905037888567
0.0005922163862983917
0.0006407207312427398
0.0006994899705488446
0.00077136925513656
0.0008603654105836581
0.0009723013458621996
0.0011159464247054497
0.0013047879418239547
0.0015581260730669077
0.0018914136891184019
0.0022526248036554334
0.002277802390208741
0.0006268204569420473
-0.00626096761463239
-0.02542131485644547
-0.06660332942930267
-0.13688028423350845
-0.23122290460954714
-0.3262834654644169
-0.3871254840784513
-0.38712548407845077
-0.32628346546441644
-0.23122290460954723
-0.13688028423350806
-0.0666033294293018
-0.025421314856444804
-0.006260967614631909
0.0006268204569423676
0.00227780239020906
0.002252624803655798
0.001891413689118795
0.0015581260730672488
0.001304787941824378
0.0011159464247058252
0.0009723013458621512
0.0008603654105841048
0.0007713692551365992
0.0006994899705491404
0.0006407207312428757
0.0005922163862986539
0.0005519050378889642
0.000518247083703263
0.000490079778249314
0.00046651374259066094
0.00044686227808435764
0.00043059207761512634
0.0004172882936628547
0.0004066294912908653
0.00039836958020153285
0.000392324805557617
0.00038836451688800005
0.0003864048633737698
0.00037454328032549206
0.0003764427777119397
0.0003802814960976433
0.00038614071229888924
0.00039414706615975635
0.00040447867172155734
0.0004173740649502636
0.0004331448135616734
0.0004521930303291721
0.0004750356512095601
0.0005023382949529847
0.0005349630388192964
0.0005740369349412533
0.0006210523236708965
0.0006780175006583266
0.0007476902775455934
0.0008339544797951787
0.0009424542665738762
0.0010816898041746048
0.0012647343788998442
0.001510295839110093
0.0018333534538846864
0.002183481601146002
0.0022079073766626952
0.0006076761213405746
-0.006068481366510037
-0.024640207853511797
-0.06455717843212198
-0.1326754443069854
-0.22412024442664952
-0.3162609914261123
-0.3752342501488237
-0.3752342501488242
-0.3162609914261121
-0.2241202444266497
-0.13267544430698544
-0.06455717843212162
-0.024640207853511627
-0.006068481366509904
0.0006076761213406126
0.002207907376662753
0.00218348160114618
0.0018333534538849023
0.0015102958391102848
0.0012647343789000897
0.0010816898041748307
0.0009424542665737147
0.0008339544797954968
0.0007476902775455194
0.0006780175006585287
0.0006210523236709199
0.000574036934941383
0.0005349630388195996
0.0005023382949530239
0.0004750356512098175
0.00045219303032930676
0.0004331448135619119
0.00041737406495017976
0.0004044786717218431
0.0003941470661597979
0.00038614071229914717
0.0003802814960974718
0.0003764427777122207
0.0003745432803255309
