-0.025049486573725854
-0.025176525114697396
-0.025433258914835066
-0.0258251237738922
-0.026360589374279982
-0.027051567996524504
-0.02791401294397918
-0.028968761888684694
-0.030242708162400444
-0.0317704244794651
-0.03359642746907683
-0.0357783729183158
-0.03839163814970334
-0.04153603098276688
-0.045345866354183625
-0.050005586864432454
-0.05577494296201422
-0.06303141628095464
-0.07234349846220622
-0.08458553301731231
-0.10100871258572659
-0.12261490973031199
-0.14603190646509284
-0.1476671034792335
-0.040648800038732155
0.4058385469857572
1.6478834415642976
4.3174690638743325
8.873122177063811
14.988828099353487
21.151082718889448
25.095140091308153
25.095140091308238
21.151082718889427
14.988828099353547
8.873122177063866
4.317469063874411
1.64788344156435
0.40583854698579797
-0.040648800038700875
-0.14766710347919945
-0.1460319064650652
-0.12261490973028252
-0.10100871258568586
-0.084585533017292
-0.07234349846216558
-0.06303141628097807
-0.055774942961983966
-0.05000558686445454
-0.04534586635414935
-0.041536030982772594
-0.03839163814970048
-0.03577837291830212
-0.033596427469066645
-0.031770424479418954
-0.03024270816239906
-0.028968761888637146
-0.027914012943971025
-0.027051567996512964
-0.026360589374278633
-0.02582512377389973
-0.02543325891483135
-0.02517652511468661
-0.025049486573751528
-0.023142158862224146
-0.023259524377049885
-0.023496709835568542
-0.02385873714182883
-0.024353431074895127
-0.024991796883570845
-0.025788573145450504
-0.02676301089807246
-0.027939955744532282
-0.029351347941517728
-0.031038314503490462
-0.03305412115052458
-0.03546840576963911
-0.03837337653513037
-0.04189312126197621
-0.04619803855068519
-0.05152810066207106
-0.05823204659830475
-0.0668350813820262
-0.07814497492066208
-0.09331766228076968
-0.11327879593190658
-0.13491320996254824
-0.1364256916828751
-0.037561945723751544
0.37491247729076277
1.5223476479997518
3.988593082514349
8.197255307297073
13.847154113471788
19.540061722743687
23.183722678357924
23.183722678358052
19.540061722743864
13.847154113471992
8.197255307297288
3.9885930825145373
1.5223476479998985
0.37491247729087535
-0.037561945723653116
-0.13642569168278784
-0.13491320996247175
-0.11327879593182909
-0.09331766228068027
-0.0781449749205985
-0.06683508138195277
-0.058232046598297074
-0.05152810066200726
-0.046198038550674184
-0.04189312126192066
-0.03837337653512088
-0.03546840576961688
-0.033054121150493214
-0.03103831450346725
-0.02935134794145251
-0.027939955744511937
-0.026763010898006576
-0.025788573145433633
-0.024991796883550004
-0.024353431074887553
-0.02385873714183743
-0.023496709835564213
-0.023259524377036392
-0.02314215886225322
-0.02122026635495534
-0.02132788497811652
-0.021545372819245085
-0.02187733472608022
-0.02233094564969396
-0.02291629688085016
-0.02364690299543673
-0.02454041628054999
-0.02561961897365933
-0.026913798771682863
-0.028460667190392332
-0.030309066359167674
-0.03252285090170179
-0.03518657131415854
-0.03841401019274833
-0.0423614148941338
-0.04724882845951078
-0.05339602777174774
-0.061284600684144555
-0.07165523511727771
-0.08556788111868635
-0.1038713888812066
-0.12370960685339005
-0.12509843184647954
-0.03445149821810555
0.3437503163278165
1.39585341849491
3.657206157909212
7.516228209522179
12.696763452765198
17.91674058146493
21.257711591575443
21.257711591575593
17.91674058146522
12.69676345276555
7.5162282095225
3.657206157909519
1.3958534184951565
0.3437503163280051
-0.03445149821793672
-0.12509843184633565
-0.12370960685326243
-0.10387138888108041
-0.08556788111854943
-0.07165523511717187
-0.061284600684042
-0.05339602777171007
-0.04724882845941875
-0.042361414894091245
-0.03841401019267601
-0.035186571314133205
-0.03252285090166196
-0.030309066359118363
-0.02846066719035544
-0.02691379877159882
-0.025619618973617905
-0.024540416280465552
-0.023646902995407365
-0.0229162968808164
-0.022330945649677962
-0.021877334726086835
-0.021545372819239218
-0.0213278849780968
-0.021220266354987687
-0.01927375878524406
-0.019371505681183437
-0.019569043623151604
-0.019870555061029267
-0.020282556795057593
-0.020814214452224936
-0.02147780293000119
-0.022289355288641614
-0.02326956397291533
-0.02444503014662756
-0.0258500060819762
-0.027528853661329147
-0.029539570174349244
-0.03195895036122662
-0.034890339612363576
-0.03847565279428711
-0.042914748478800585
-0.048498070487192006
-0.05566303085938103
-0.06508237634238714
-0.07771884255159718
-0.0943434934855207
-0.1123625082683078
-0.11362608531949236
-0.031301176552906165
0.312189154508668
1.267739402211177
3.3215756586231615
6.826480159534889
11.531641329031537
16.272631795913043
19.307036722570103
19.307036722570277
16.272631795913416
11.531641329031935
6.82648015953535
3.321575658623553
1.2677394022115185
0.31218915450893187
-0.031301176552666385
-0.11362608531929148
-0.1123625082681304
-0.09434349348534903
-0.07771884255141784
-0.06508237634224072
-0.05566303085924977
-0.04849807048712161
-0.04291474847868111
-0.03847565279421185
-0.034890339612274224
-0.03195895036118293
-0.029539570174292477
-0.027528853661262922
-0.025850006081926707
-0.024445030146529434
-0.023269563972856674
-0.02228935528854302
-0.021477802929959728
-0.020814214452177654
-0.02028255679503249
-0.019870555061029267
-0.019569043623142036
-0.01937150568115468
-0.019273758785278563
-0.017292058685560743
-0.017379755374974788
-0.01755698272668294
-0.017827493155809313
-0.018197133412475607
-0.01867412672402477
-0.019269485896271563
-0.019997595487213363
-0.020877020365719996
-0.021931626590277552
-0.023192144646769643
-0.024698375168146096
-0.026502352210012636
-0.028672974533175896
-0.03130296161831941
-0.03451963671119349
-0.03850230897963185
-0.04351155884133742
-0.04993982382060304
-0.05839068109764488
-0.06972789414206731
-0.08464333402436561
-0.10081025188238332
-0.10194630566646494
-0.02809384452354888
0.28005754038556974
1.137309566625781
2.9798780898944894
6.124263698316655
10.345457519884249
14.598802755718562
17.321099854625757
17.32109985462592
14.598802755719005
10.34545751988473
6.124263698317223
2.9798780898949992
1.1373095666262272
0.28005754038591407
-0.028093844523237856
-0.10194630566620544
-0.10081025188215478
-0.08464333402415003
-0.06972789414184838
-0.05839068109746039
-0.04993982382044263
-0.04351155884123187
-0.03850230897948459
-0.03451963671108599
-0.03130296161821221
-0.028672974533112874
-0.026502352209938813
-0.024698375168064363
-0.02319214464670786
-0.0219316265901688
-0.020877020365648206
-0.0199975954871048
-0.019269485896218925
-0.01867412672396325
-0.018197133412440704
-0.017827493155797663
-0.01755698272666806
-0.01737975537493617
-0.01729205868559558
-0.015263815893166659
-0.01534122633426565
-0.015497666075858351
-0.01573644739838381
-0.016062731264845802
-0.01648377636947328
-0.017009303784558918
-0.01765201084861981
-0.018428284885724924
-0.019359192611502454
-0.02047186001171965
-0.02180141934289492
-0.02339380137204399
-0.025309823432815414
-0.027631329532124174
-0.030470708590369697
-0.03398623773934361
-0.0384079326069391
-0.044082199904478585
-0.051541822673704635
-0.06154926762826855
-0.07471535246133913
-0.08898667073278989
-0.0899921914768523
-0.024811112334678868
0.24717150342911104
1.0038170487473332
2.6301567848044076
5.405557682243279
9.131419492269666
12.885668480896157
15.288528758142657
15.288528758142846
12.885668480896616
9.13141949227037
5.405557682244003
2.630156784805047
1.0038170487478826
0.2471715034295433
-0.02481111233429273
-0.08999219147653163
-0.08898667073251028
-0.07471535246108021
-0.061549267628016435
-0.051541822673485754
-0.044082199904291734
-0.038407932606798485
-0.03398623773917202
-0.03047070859023302
-0.027631329531999434
-0.0253098234327337
-0.023393801371953585
-0.021801419342799184
-0.020471860011644402
-0.019359192611385263
-0.018428284885641917
-0.01765201084850316
-0.01700930378449514
-0.016483776369399315
-0.01606273126480186
-0.015736447398359908
-0.015497666075840077
-0.015341226334222195
-0.015263815893199577
-0.01317662393335364
-0.013243449164756706
-0.013378497121377283
-0.013584627156789986
-0.013866294515013085
-0.014229765323759393
-0.014683431378561325
-0.015238253760717604
-0.015908378960814325
-0.01671199299083657
-0.017672512574322966
-0.018820265908421004
-0.020194903083879296
-0.021848925126177983
-0.02385298448022804
-0.026304101684617963
-0.029338910551782012
-0.03315597357074444
-0.03805432877359332
-0.044493907441505665
-0.05313293526244785
-0.06449882014471238
-0.07681943978113365
-0.07769061440966694
-0.021432876267696268
0.21332995956376888
0.8664454996425293
2.27027302778762
4.66596683577664
7.882102725748123
11.122752189862986
13.196893113276868
13.196893113277188
11.12275218986359
7.882102725748917
4.665966835777473
2.270273027788368
0.8664454996431921
0.21332995956429557
-0.021432876267235758
-0.07769061440928376
-0.07681943978080248
-0.06449882014441086
-0.05313293526216327
-0.04449390744125381
-0.0380543287733806
-0.03315597357057013
-0.029338910551589825
-0.026304101684456155
-0.023852984480087276
-0.02184892512607975
-0.020194903083772947
-0.018820265908312976
-0.01767251257423357
-0.016711992990713433
-0.015908378960723953
-0.015238253760597703
-0.014683431378490791
-0.014229765323678534
-0.013866294514963174
-0.013584627156756256
-0.013378497121357632
-0.013243449164713785
-0.013176623933381211
-0.011016681839815173
-0.011072552908360098
-0.01118546345786946
-0.01135780412801344
-0.011593299845583396
-0.011897189575280815
-0.01227648950315265
-0.01274036393498552
-0.013300640422272199
-0.013972523864650761
-0.01477559243476512
-0.015735202821809288
-0.01688450552315655
-0.01826739538552309
-0.019942943201985107
-0.021992265452895288
-0.02452959823614575
-0.027720954574983622
-0.031816352737925595
-0.037200332896259
-0.04442324612717617
-0.05392618241928267
-0.0642281043700751
-0.0649602255356155
-0.01793676961982941
0.1783092333462084
0.7242868414570385
1.897847778631729
3.900601986725076
6.589248404424124
9.298399821102592
11.032365800250165
11.032365800250478
9.298399821103263
6.589248404425041
3.9006019867260617
1.8978477786326198
0.7242868414578152
0.17830923334683574
-0.017936769619292896
-0.0649602255351708
-0.06422810436969419
-0.053926182418941634
-0.04442324612686345
-0.0372003328959771
-0.03181635273768915
-0.02772095457477714
-0.024529598235936555
-0.021992265452708777
-0.01994294320182568
-0.018267395385404485
-0.01688450552303058
-0.01573520282168761
-0.014775592434659889
-0.013972523864524324
-0.013300640422177525
-0.012740363934867504
-0.012276489503078532
-0.011897189575198617
-0.011593299845528288
-0.011357804127971678
-0.011185463457846972
-0.011072552908320418
-0.011016681839832714
-0.008768379752548464
-0.008812848539456929
-0.00890271607290611
-0.009039885104231055
-0.009227320366747272
-0.009469191642334788
-0.009771083233292129
-0.01014028916628804
-0.010586223189113637
-0.011120987135816315
-0.011760163598207054
-0.012523934379755575
-0.013438684494615185
-0.014539350543013939
-0.01587294787528601
-0.01750403829767813
-0.019523543928558942
-0.022063596760510264
-0.025323189941595596
-0.029608388314196044
-0.03535725508784443
-0.04292103012354055
-0.05112166429417683
-0.051709012260588216
-0.014297489651929826
0.14185634625508142
0.5763140131781312
1.5101902665408478
3.1039333174233326
5.243515526862877
7.399430233679237
8.779307874957652
8.779307874957908
7.399430233680018
5.243515526863948
3.103933317424465
1.5101902665418958
0.5763140131790285
0.14185634625581095
-0.014297489651316088
-0.0517090122600829
-0.05112166429374569
-0.04292103012316108
-0.03535725508750459
-0.029608388313885875
-0.025323189941335
-0.02206359676027332
-0.019523543928334358
-0.017504038297466072
-0.015872947875105285
-0.014539350542870533
-0.01343868449446698
-0.012523934379618552
-0.011760163598084333
-0.01112098713568625
-0.010586223189013609
-0.01014028916617241
-0.009771083233215221
-0.009469191642255063
-0.009227320366689142
-0.009039885104186289
-0.008902716072883083
-0.008812848539422574
-0.008768379752554005
-0.006413778803474494
-0.006446306212739443
-0.006512041264132153
-0.006612375753422127
-0.00674947827870823
-0.00692639888835311
-0.007147222301811612
-0.007417283840284419
-0.00774346932378607
-0.00813463080850084
-0.008602166395148828
-0.009160838333804013
-0.009829946284389005
-0.010635045055832341
-0.011610524575337615
-0.012803609270441565
-0.014280804993734048
-0.01613876080588425
-0.018523032245933428
-0.021657498440233958
-0.025862625463610026
-0.03139555361476534
-0.03739554154958899
-0.037831231933890014
-0.010485952504129113
0.10368059393208029
0.4213467669354456
1.1042083758364716
2.2696061947703603
3.834169803470825
5.41069620803934
6.419747712366725
6.419747712367062
5.4106962080402035
3.8341698034720775
2.269606194771641
1.1042083758376702
0.4213467669364699
0.10368059393291595
-0.010485952503435113
-0.0378312319333214
-0.037395541549101685
-0.031395553614342875
-0.02586262546323677
-0.021657498439891412
-0.018523032245644132
-0.016138760805617464
-0.014280804993494725
-0.012803609270206108
-0.011610524575136734
-0.010635045055663844
-0.009829946284218592
-0.009160838333650168
-0.008602166395005939
-0.008134630808363363
-0.007743469323675478
-0.007417283840168713
-0.007147222301730215
-0.006926398888278416
-0.006749478278650613
-0.006612375753381184
-0.006512041264112575
-0.006446306212712947
-0.0064137788034690744
-0.003931944001650638
-0.00395188476513466
-0.003992183303851694
-0.004053692847806423
-0.004137742839591157
-0.004246203087655276
-0.004381577696510982
-0.0045471374404158875
-0.004747103611356631
-0.004986902881121188
-0.005273522744118384
-0.005616013043233826
-0.006026205216056339
-0.006519765320219174
-0.0071177756243390525
-0.007849186322383059
-0.008754767624185013
-0.009893768268883434
-0.011355418565954345
-0.013276970784387956
-0.015854938922633538
-0.019247277209807484
-0.022927691036610215
-0.023203478659998306
-0.006468208772314354
0.0634427444634148
0.25800780162539105
0.6762937141019436
1.3902049684222018
2.3486846605931913
3.314521419895584
3.9327129965216194
3.9327129965219605
3.314521419896554
2.3486846605945892
1.390204968423637
0.6762937141032963
0.2580078016265479
0.06344274446435916
-0.006468208771533486
-0.0232034786593609
-0.022927691036061196
-0.01924727720933879
-0.01585493892222313
-0.013276970784010786
-0.011355418565632165
-0.009893768268587157
-0.008754767623926303
-0.007849186322121449
-0.007117775624114198
-0.006519765320022006
-0.006026205215862598
-0.005616013043059892
-0.005273522743955303
-0.004986902880974385
-0.004747103611233934
-0.004547137440298655
-0.004381577696424287
-0.004246203087584197
-0.004137742839533453
-0.00405369284776913
-0.003992183303833569
-0.003951884765113128
-0.003931944001636125
-0.001298070808866101
-0.0013046538617993708
-0.0013179576331978186
-0.0013382637944147485
-0.0013660112253248112
-0.0014018171921799973
-0.0014465083550158839
-0.0015011644655777284
-0.001567179056963467
-0.0016463435750250985
-0.0017409647108076742
-0.00185402995347856
-0.0019894450088581844
-0.002152381389794844
-0.0023497984667591038
-0.002591252702089722
-0.0028902020682855245
-0.003266203790073731
-0.003748712370735041
-0.0043830462502670725
-0.005234173436266282
-0.006354783710626741
-0.007573508412623942
-0.007679533538530681
-0.002204022986085366
0.02074089850627764
0.08466533707168011
0.22217115219893246
0.4569437524437161
0.7722189034545046
1.0899633664380701
1.2933562093923925
1.2933562093928863
1.089963366439207
0.7722189034561247
0.456943752445353
0.22217115220045347
0.0846653370729753
0.020740898507336458
-0.0022040229852120785
-0.007679533537818625
-0.0075735084120076845
-0.006354783710106837
-0.005234173435811895
-0.004383046249851655
-0.0037487123703752803
-0.003266203789746888
-0.0028902020679995727
-0.0025912527017987533
-0.0023497984665050917
-0.0021523813895661104
-0.0019894450086391166
-0.0018540299532818494
-0.0017409647106257815
-0.001646343574868505
-0.0015671790568293174
-0.001501164465459004
-0.001446508354922757
-0.0014018171921088458
-0.0013660112252636587
-0.001338263794377563
-0.0013179576331756107
-0.0013046538617798482
-0.0012980708088445453
0.0015176819956324028
0.0015253790583150094
0.0015409341544166295
0.0015646766397947702
0.0015971196944436147
0.001638985087702629
0.0016912394387491765
0.0017551453178847529
0.0018323322198836797
0.001924894952995481
0.002035530859525299
0.002167733436337846
0.0023260700165742207
0.0025165883279829673
0.002747427149360805
0.003029762978368024
0.0033793361222109394
0.0038190217709599752
0.004383269074727164
0.0051250420442075645
0.006120003156865131
0.007427998836817107
0.008840974508535243
0.008916517150964032
0.002355025726230059
-0.02490840185933163
-0.10064361266567579
-0.2633022080063441
-0.5407467283716336
-0.9130811908731484
-1.2881714555545614
-1.5282138241868424
-1.528213824186377
-1.2881714555533925
-0.9130811908713898
-0.5407467283698093
-0.263302208004637
-0.10064361266423227
-0.024908401858153906
0.0023550257272015387
0.008916517151758438
0.008840974509223165
0.0074279988373947975
0.006120003157370504
0.005125042044667752
0.004383269075129453
0.003819021771319764
0.003379336122531329
0.0030297629786903563
0.0027474271496459174
0.0025165883282415383
0.0023260700168157462
0.0021677334365566778
0.0020355308597236436
0.0019248949531638498
0.001832332220029327
0.0017551453180082131
0.0016912394388502484
0.0016389850877781727
0.0015971196945097806
0.001564676639834249
0.0015409341544456098
0.0015253790583319785
0.001517681995657938
0.004551785517494331
0.004574870064803494
0.004621521924588399
0.004692728862872555
0.004790029948318356
0.004915589823251187
0.005072307448441119
0.005263969354968177
0.005495462490602718
0.005773069283078386
0.006104879153494867
0.0065013691630501184
0.006976236739544731
0.007547618866538229
0.00823992328534081
0.009086667231002557
0.010135053532560535
0.011453680317675699
0.013145855983329485
0.015370448700906272
0.018354657711583844
0.022279596074273364
0.026528378548413473
0.026799676503777403
0.007268138122327093
-0.07409595480592451
-0.3003179593131271
-0.7864114155705186
-1.6157830397912605
-2.7290344269616114
-3.850671704933287
-4.5685267270242385
-4.568526727023709
-3.850671704931923
-2.7290344269596343
-1.615783039789231
-0.7864114155686299
-0.3003179593115377
-0.074095954804619
0.007268138123404197
0.026799676504662612
0.026528378549179443
0.022279596074917474
0.018354657712147282
0.015370448701419043
0.013145855983779556
0.011453680318071868
0.010135053532921198
0.00908666723135567
0.008239923285654108
0.007547618866820795
0.006976236739803535
0.006501369163287488
0.006104879153707055
0.005773069283260442
0.005495462490761278
0.00526396935510029
0.005072307448553033
0.0049155898233357136
0.004790029948392477
0.004692728862917776
0.004621521924628301
0.0045748700648167336
0.004551785517522451
0.007849566707813262
0.007889375985400036
0.007969827065702859
0.008092623344021995
0.008260418932507747
0.008476946739325482
0.008747205996996205
0.00907772654225944
0.009476935865044077
0.009955667938054247
0.010527872860602385
0.011211618166323257
0.012030524831117141
0.013015869715617558
0.014209743385776762
0.015669945350192407
0.017477875237393914
0.019751827719866583
0.022669954780842126
0.026506232698757973
0.031652567962826686
0.038421883782637944
0.045752955349517066
0.04623716354281837
0.012608922744132334
-0.12755591028226398
-0.5173388242002293
-1.35496696231461
-2.7842167712162116
-4.702755346549241
-6.635798893212602
-7.872978386883101
-7.872978386882561
-6.635798893211071
-4.702755346547045
-2.784216771213977
-1.354966962312513
-0.5173388241984676
-0.1275559102808198
0.012608922745322299
0.04623716354379831
0.04575295535036264
0.03842188378335182
0.031652567963450964
0.026506232699329224
0.022669954781344474
0.019751827720304496
0.0174778752377987
0.01566994535057869
0.01420974338611914
0.013015869715924
0.012030524831393136
0.011211618166578573
0.010527872860827733
0.009955667938251474
0.009476935865216137
0.009077726542404622
0.008747205997122028
0.008476946739425333
0.00826041893259373
0.008092623344077968
0.007969827065756344
0.007889375985409095
0.00784956670784201
0.011468401916043792
0.011526564155149556
0.011644104969319263
0.011823513053191292
0.012068666117430907
0.012385018014558342
0.012779872720842338
0.01326277045334269
0.013846023933961261
0.014545461796673945
0.015381465386523133
0.016380431682128656
0.017576871318179775
0.019016480271493462
0.020760753455240796
0.022894136672478832
0.02553555561861625
0.028857839795045852
0.033121271343605825
0.03872614147344984
0.04624510060425567
0.056135721025922694
0.06684920745780061
0.0675672473092518
0.01847060652352566
-0.18621741678901677
-0.7554793580040897
-1.9788545638211343
-4.066364440412919
-6.868562889479355
-9.691980707693567
-11.499026482099204
-11.499026482098646
-9.691980707691876
-6.8685628894769675
-4.066364440410444
-1.9788545638188286
-0.7554793580021397
-0.18621741678742493
0.018470606524835974
0.06756724731033399
0.06684920745873099
0.056135721026714255
0.0462451006049472
0.038726141474085055
0.03312127134416544
0.0288578397955295
0.025535555619065523
0.022894136672899516
0.02076075345561474
0.019016480271826675
0.017576871318479265
0.016380431682404967
0.015381465386766251
0.014545461796889255
0.013846023934151006
0.0132627704535049
0.012779872720984669
0.012385018014675925
0.012068666117531227
0.01182351305326032
0.01164410496938792
0.011526564155154444
0.011468401916072388
0.015482446478335098
0.015560965991110662
0.015719647079247726
0.01596184949887901
0.016292808187821056
0.016719885886533475
0.017252943015176367
0.01790485893367507
0.01869225590090851
0.019636502677861937
0.02076511421060907
0.022113726580883862
0.02372892934238339
0.02567241230272188
0.028027193878720214
0.03090727622710209
0.034473209370041585
0.038958313472870765
0.04471397048433972
0.05228058201375445
0.062431283635646276
0.0757841029412174
0.09024946562022144
0.09122714458346139
0.024973768568289444
-0.25128105549934077
-1.019615332798851
-2.6708490325848255
-5.488480187260574
-9.270805963554476
-13.08179819815269
-15.520921129517706
-15.520921129517006
-13.081798198150821
-9.27080596355184
-5.488480187257795
-2.6708490325822676
-1.0196153327967032
-0.2512810554975865
0.024973768569732616
0.09122714458465533
0.09024946562124614
0.07578410294209419
0.062431283636411414
0.05228058201445858
0.04471397048496128
0.03895831347340451
0.03447320937053326
0.030907276227558136
0.028027193879127207
0.02567241230308473
0.023728929342712722
0.022113726581187133
0.020765114210876748
0.019636502678103254
0.018692255901124485
0.017904858933863177
0.017252943015338598
0.016719885886670165
0.01629280818793463
0.01596184949895984
0.015719647079327683
0.015560965991111377
0.015482446478361136
0.019989929311242133
0.020091308581095577
0.02029618724401988
0.020608903196052998
0.021036215444316938
0.021587630274356985
0.022275878810705765
0.023117590033037507
0.024134225503805323
0.0253533751531407
0.026810564455173106
0.028551804350417317
0.030637248165510635
0.0331465456536815
0.03618688461608927
0.039905456930931525
0.04450955385335424
0.050300422416455444
0.057731743530731114
0.06750125380308623
0.080607222749151
0.0978478716694198
0.11652642862090667
0.1177960728318836
0.03227835806608387
-0.32433645021264446
-1.3162034455459866
-3.4478678861449277
-7.085332442838393
-11.96821621668459
-16.888128135474194
-20.036992624725134
-20.036992624724412
-16.888128135472066
-11.96821621668168
-7.085332442835351
-3.44786788614211
-1.3162034455436011
-0.3243364502107042
0.03227835806767729
0.11779607283320442
0.11652642862203866
0.09784787167039335
0.08060722274999854
0.06750125380386453
0.057731743531422124
0.050300422417047796
0.044509553853895066
0.039905456931430765
0.03618688461653811
0.03314654565408042
0.030637248165880072
0.028551804350754707
0.026810564455472714
0.025353375153411368
0.024134225504051456
0.02311759003325168
0.022275878810887394
0.02158763027451008
0.021036215444444093
0.02060890319614474
0.020296187244109816
0.020091308581094692
0.019989929311265114
0.02512504390617208
0.02525246598427892
0.025509974891025786
0.025903022861648355
0.02644010518889933
0.027133170177611705
0.02799821938311356
0.029056153514638437
0.03033394727979797
0.03186627803600213
0.03369779720158905
0.035886335212224334
0.0385074978439404
0.041661395618567625
0.04548275118331683
0.0501565676509023
0.05594338603915536
0.06322183886841862
0.07256215105968286
0.0848413037935249
0.10131405521495904
0.12298393775141672
0.14646254689692323
0.1480655898942132
0.04060384613924672
-0.4075522772088715
-1.6540565621673216
-4.333004991858317
-8.904385464123884
-15.040973279990173
-21.224114059152484
-25.181482349703053
-25.18148234970218
-21.22411405915014
-15.040973279986897
-8.904385464120516
-4.333004991855212
-1.6540565621646781
-0.40755227720671944
0.04060384614101267
0.14806558989567897
0.1464625468981791
0.12298393775249818
0.10131405521589854
0.08484130379438416
0.07256215106045084
0.06322183886908153
0.055943386039754996
0.050156567651456846
0.04548275118381827
0.0416613956190117
0.03850749784435783
0.03588633521260305
0.03369779720192507
0.03186627803630565
0.030333947280076327
0.02905615351488042
0.02799821938331481
0.0271331701777796
0.026440105189038794
0.025903022861749593
0.025509974891121504
0.02525246598428019
0.02512504390619027
0.031078834179928082
0.03123645100613597
0.031554980865449334
0.03204116798960204
0.032705520770304905
0.03356281885917926
0.03463285564255965
0.03594148459561179
0.037522072525552584
0.039417514158780476
0.04168304180030345
0.0443901897573419
0.04763247983690149
0.05153374539490644
0.05626063382650598
0.06204198777998343
0.06920008777901401
0.07820328973269705
0.08975694417279752
0.10494585758542085
0.12532218592411026
0.1521275861136585
0.18117210067914633
0.18316401039752409
0.05026769839913789
-0.5040006943624732
-2.045681316563079
-5.359049408899039
-11.01304381789931
-18.60295336797534
-26.250458668580272
-31.14506390906162
-31.145063909060696
-26.250458668577686
-18.602953367971804
-11.013043817895532
-5.359049408895558
-2.0456813165601324
-0.5040006943600738
0.05026769840110222
0.18316401039915792
0.1811721006805468
0.15212758611486593
0.1253221859251579
0.10494585758637243
0.0897569441736513
0.07820328973344057
0.06920008777968195
0.06204198778060138
0.05626063382706824
0.05153374539540261
0.047632479837374064
0.044390189757768844
0.04168304180068258
0.039417514159119815
0.037522072525866965
0.035941484595881826
0.03463285564278252
0.03356281885935841
0.03270552077045369
0.03204116798970717
0.031554980865545576
0.031236451006140992
0.031078834179940305
0.03813897979604142
0.03833240229280864
0.03872329229038894
0.03931992610312812
0.04013519930730715
0.04118724903870362
0.04250036513528229
0.04410627419138892
0.04604592293411739
0.048371950464176625
0.051152136186015135
0.05447426483053256
0.058453103529606476
0.06324061684491929
0.06904130946100757
0.07613601025787536
0.08492021240589209
0.0959686689381584
0.11014696856647471
0.12878637538190182
0.1537917757195839
0.18668753762711113
0.2223346461789804
0.22479716964723612
0.061772002268527165
-0.6182350576133218
-2.509722286574786
-6.5749600197449665
-13.512023217866094
-22.824372865828078
-32.20741996814286
-38.21282846192513
-38.21282846192407
-32.20741996813999
-22.82437286582413
-13.51202321786186
-6.574960019741065
-2.509722286571493
-0.6182350576106295
0.06177200227072785
0.22479716964906926
0.22233464618055254
0.1866875376284689
0.1537917757207628
0.12878637538296459
0.11014696856742717
0.0959686689389963
0.08492021240663958
0.07613601025856753
0.06904130946163703
0.06324061684547572
0.05845310353013672
0.054474264831014994
0.05115213618644186
0.04837195046455605
0.0460459229344676
0.04410627419168755
0.0425003651355281
0.04118724903889525
0.04013519930746595
0.03931992610323956
0.03872329229048643
0.03833240229282356
0.03813897979604798
0.04676874029855356
0.04700592882387997
0.047485266149973504
0.04821690128988501
0.04921664772889009
0.050506746530902605
0.05211698364798322
0.054086264521183106
0.05646480098679019
0.0593171429189371
0.0627264063343522
0.06680023924108187
0.07167937744242657
0.07755017096327453
0.08466339840637863
0.09336343278038237
0.10413525713049301
0.11768367746325459
0.13507015269107642
0.1579272448178744
0.1885912687053222
0.22893357409450177
0.2726611843076314
0.27573858521059097
0.07601943577035872
-0.757303314184055
-3.0754699551081366
-8.057962146633615
-16.56047373860565
-27.974462850566667
-39.47521044070131
-46.83604228239798
-46.83604228239684
-39.475210440697964
-27.974462850562183
-16.560473738600837
-8.057962146629201
-3.0754699551044133
-0.7573033141810042
0.07601943577284537
0.2757385852126649
0.2726611843094072
0.22893357409604032
0.18859126870666032
0.15792724481907294
0.13507015269215109
0.11768367746420969
0.1041352571313436
0.09336343278116613
0.08466339840709067
0.07755017096390199
0.07167937744302201
0.06680023924162426
0.06272640633483344
0.05931714291935856
0.056464800987179264
0.054086264521511676
0.052116983648258196
0.050506746531110855
0.04921664772906385
0.048216901290005644
0.04748526615007655
0.0470059288239086
0.04676874029855719
0.057753416380517106
0.05804631391455026
0.05863823428997006
0.0595417102431019
0.06077626941099555
0.0623693766705799
0.0643578138736699
0.06678962427858515
0.06972681310102569
0.0732490912070618
0.07745909628489447
0.08248975990986662
0.08851487287570578
0.09576455374151929
0.10454848217823853
0.11529191509813216
0.1285937453146154
0.14532432248489593
0.16679444554913647
0.1950203529205675
0.23288851579042286
0.2827171214865552
0.3367665935573436
0.340770864799525
0.09482768362600622
-0.9322852998333281
-3.790343611585713
-9.93405926969145
-20.418973675624613
-34.494852773352456
-48.67813267732643
-57.75601093071794
-57.756010930716556
-48.67813267732258
-34.494852773347276
-20.418973675619085
-9.934059269686383
-3.7903436115814437
-0.9322852998298227
0.09482768362886002
0.34077086480190316
0.3367665935593763
0.2827171214883206
0.23288851579196246
0.19502035292193914
0.16679444555036407
0.14532432248599655
0.1285937453155948
0.11529191509903186
0.10454848217905302
0.0957645537422386
0.08851487287637767
0.0824897599104819
0.07745909628543887
0.07324909120753655
0.06972681310145994
0.06678962427895449
0.06435781387398236
0.06236937667081651
0.06077626941119157
0.05954171024324058
0.05863823429008545
0.058046313914597455
0.05775341638052102
0.0724071722096306
0.072774386290095
0.07351649391701695
0.07464920772542037
0.07619701004763355
0.0781943343475652
0.08068729502884922
0.08373612521657672
0.08741856250300865
0.09183454250381667
0.09711274476065622
0.10341982899315769
0.11097368107655613
0.12006280626328492
0.1310754572490304
0.1445447882248409
0.16122164465034
0.18219721153445215
0.20911495854575635
0.2445034060188698
0.2919858852231991
0.35449207186965415
0.4224189942710419
0.42808884982314754
0.12191790147919056
-1.1596740464125497
-4.728431481181042
-12.40255790383302
-25.501931391338722
-43.089901803119915
-60.813447389975195
-72.15772492356734
-72.15772492356574
-60.81344738997069
-43.08990180311383
-25.501931391332242
-12.402557903827082
-4.728431481176045
-1.1596740464084403
0.12191790148253304
0.42808884982593565
0.42241899427341717
0.3544920718717243
0.29198588522500657
0.24450340602047418
0.20911495854719037
0.18219721153574114
0.16122164465149036
0.14454478822588837
0.1310754572499824
0.12006280626412397
0.11097368107733384
0.10341982899386573
0.09711274476128873
0.09183454250436288
0.08741856250351004
0.08373612521700394
0.0806872950292191
0.07819433434784626
0.07619701004786603
0.07464920772558536
0.07351649391715198
0.07277438629016145
0.07240717220963785
0.09265622831066783
0.09312613456975291
0.09407577409192082
0.0955252534974106
0.09750590151283284
0.10006178077934869
0.10325190137925275
0.10715334030855783
0.11186557399248237
0.11751648431011082
0.12427073492392358
0.13234159023023362
0.14200786520723646
0.1536387413153544
0.16773103908892684
0.1849669975205408
0.20630741749418102
0.2331486241098315
0.2675938718746142
0.31288059418005015
0.37365722279434105
0.45373469850504444
0.5410918054513779
0.5500742249865844
0.16405929063431107
-1.45968046275028
-5.988147599765279
-15.733272083800156
-32.37496595215319
-54.72512203912155
-77.25135649203132
-91.67102219484758
-91.67102219484565
-77.2513564920259
-54.72512203911428
-32.374965952145416
-15.733272083793022
-5.988147599759289
-1.4596804627453475
0.1640592906383274
0.5500742249899294
0.5410918054542242
0.4537346985075299
0.3736572227965151
0.312880594181977
0.2675938718763329
0.2331486241113822
0.20630741749556547
0.1849669975217965
0.1677310390900673
0.1536387413163662
0.14200786520816003
0.13234159023107708
0.12427073492467208
0.11751648431076364
0.11186557399307284
0.10715334030907142
0.10325190137969725
0.10006178077969885
0.09750590151311737
0.09552525349761873
0.09407577409208667
0.09312613456984288
0.09265622831068032
0.12043452290212608
0.12104530339563642
0.12227963733129005
0.12416365889530459
0.12673808852509816
0.1300601978989317
0.13420668698713228
0.13927773860587786
0.1454026496150154
0.1527476372364348
0.16152672612416974
0.17201710987269833
0.18458118118694783
0.19969878549631626
0.2180156642048427
0.24041854988104105
0.2681562256935827
0.3030435699915267
0.34781472023222504
0.4066814535745138
0.485711069377895
0.5899902795539408
0.704469217263304
0.719857532953351
0.23053286785866678
-1.845107782863495
-7.649071895394213
-20.154956759663868
-41.52706837825869
-70.2436553024254
-99.1948705824127
-117.73031369694897
-117.73031369694661
-99.19487058240594
-70.24365530241654
-41.52706837824917
-20.154956759655136
-7.649071895386879
-1.8451077828574531
0.23053286786358634
0.7198575329574488
0.7044692172667821
0.5899902795569845
0.48571106938056086
0.4066814535768799
0.3478147202343369
0.3030435699934316
0.26815622569529074
0.24041854988257996
0.21801566420624907
0.1996987854975597
0.18458118118808314
0.17201710987372035
0.16152672612508717
0.15274763723722726
0.1454026496157369
0.13927773860650172
0.13420668698768343
0.1300601978993694
0.12673808852545904
0.12416365889557146
0.12227963733149969
0.1210453033957549
0.1204345229021462
0.15555411764582794
0.15634299929127782
0.15793725984086057
0.1603706536176392
0.16369577417591558
0.16798659217976272
0.1733421712432501
0.17989190454968157
0.18780278773825976
0.19728950097908693
0.20862846982955582
0.22217770474710075
0.23840525293747877
0.25793085317663256
0.28158849813637143
0.3105234148506149
0.3463484075892168
0.39140743734250255
0.4492324217633127
0.5252696118004553
0.6273985405722111
0.7624167754983255
0.9118689207302444
0.9380843364111264
0.32726450895412096
-2.294130449129105
-9.650613819785068
-25.529518016793908
-52.693758695696346
-89.21635411345426
-126.05208226637438
-149.6406439002282
-149.64064390022537
-126.05208226636613
-89.21635411344334
-52.69375869568465
-25.529518016783165
-9.650613819776066
-2.2941304491216954
0.3272645089601612
0.9380843364161522
0.9118689207345068
0.7624167755020601
0.6273985405754909
0.5252696118033666
0.449232421765918
0.39140743734485217
0.34634840759132635
0.31052341485251306
0.28158849813810416
0.2579308531781686
0.23840525293887144
0.22217770474835863
0.20862846983067648
0.19728950098006673
0.1878027877391362
0.17989190455045387
0.1733421712439214
0.16798659218031503
0.1636957741763637
0.16037065361797903
0.15793725984112209
0.15634299929142642
0.1555541176458553
0.19198338776146595
0.19295700740819133
0.19492460689304297
0.19792784429434407
0.20203162816766093
0.20732724959537283
0.21393696796958975
0.22202047356718888
0.23178386305962717
0.24349208177494833
0.2574862760215938
0.2742082765310924
0.2942357097234827
0.3183334013983879
0.34753057952811733
0.38324054691799936
0.42745360901428237
0.48306241767649893
0.5544266054783198
0.6482761943349056
0.7743936058780352
0.9414743035062301
1.1280637497001411
1.168944233833865
0.44357406129390176
-2.711749591954482
-11.6031133945257
-30.83332342488954
-63.768959408230074
-108.08359158144465
-152.79850772243992
-181.4398890272903
-181.43988902728677
-152.79850772243012
-108.08359158143168
-63.76895940821615
-30.833323424876784
-11.603113394515008
-2.7117495919456847
0.44357406130106897
1.1689442338398357
1.1280637497052055
0.941474303510655
0.774393605881935
0.6482761943383699
0.5544266054814286
0.4830624176792911
0.4274536090168006
0.3832405469202533
0.3475305795301833
0.3183334014002158
0.29423570972514285
0.27420827653259094
0.2574862760229357
0.24349208177611253
0.23178386306067186
0.2220204735681079
0.21393696797038825
0.20732724959604382
0.20203162816819384
0.19792784429476323
0.19492460689334437
0.1929570074083825
0.19198338776148094
0.21496451935690286
0.21605467300250744
0.2182577770309831
0.22162047480189506
0.22621544250023984
0.23214489590400433
0.23954572479306407
0.24859672865161747
0.2595286658768432
0.27263818435750153
0.2883072492837571
0.30703055473669044
0.3294548336517386
0.35643640755899564
0.38912761827427844
0.429110803308251
0.4786142837303987
0.5408766840419137
0.620780044275504
0.7258686560085587
0.8671565737280378
1.0547032362428914
1.265883659461286
1.3206612955817296
0.5385530222798618
-2.910060315326734
-12.6674908144626
-33.812267300338924
-70.06841331415075
-118.88577855461074
-168.16613778543467
-199.7396484830873
-199.73964848308344
-168.16613778542393
-118.88577855459646
-70.06841331413543
-33.81226730032493
-12.6674908144509
-2.9100603153171116
0.5385530222877102
1.3206612955882535
1.2658836594668241
1.054703236247747
0.8671565737323056
0.7258686560123572
0.6207800442789064
0.5408766840449762
0.47861428373315407
0.42911080331072343
0.38912761827653275
0.35643640756100314
0.3294548336535601
0.3070305547383383
0.28830724928523443
0.27263818435878573
0.2595286658779834
0.24859672865262872
0.23954572479393937
0.23214489590473242
0.22621544250082254
0.22162047480236313
0.21825777703131344
0.21605467300271491
0.21496451935690625
0.2038225044599531
0.20485614310068898
0.20694503496457478
0.2101334046356773
0.2144901594843564
0.22011221450008162
0.22712936030695546
0.23571112342328593
0.246076293993663
0.2585061333974583
0.2733627936528492
0.29111530595776064
0.3123768494753971
0.33795931198217427
0.36895523080081627
0.4068648045575603
0.4538006561303165
0.5128332917629663
0.5885921285613847
0.688237557719494
0.822263002178151
1.0004746182187159
1.202580406959268
1.2619910875079605
0.5453934114218151
-2.6544314503087714
-11.741655846800304
-31.46922664460898
-65.33045597414744
-110.95283367392707
-157.026573540724
-186.5522483251147
-186.55224832511112
-157.02657354071377
-110.95283367391362
-65.33045597413295
-31.469226644595754
-11.741655846789211
-2.654431450299676
0.5453934114292533
1.2619910875141163
1.2025804069644974
1.0004746182233284
0.8222630021821793
0.6882375577230992
0.5885921285645856
0.5128332917658829
0.45380065613292453
0.40686480455990404
0.3689552308029506
0.33795931198407003
0.3123768494771285
0.29111530595931734
0.273362793654254
0.25850613339866724
0.24607629399475894
0.23571112342422684
0.22712936030780292
0.22011221450074925
0.21449015948492006
0.21013340463610647
0.20694503496491612
0.20485614310085892
0.20382250445996603
0.14313970339075432
0.14386559634091117
0.14533256127484917
0.14757165528635802
0.1506312691277381
0.15457946204466444
0.15950738028864825
0.1655340746432851
0.17281319111676605
0.18154224571161973
0.19197555897676546
0.20444250562769145
0.21937368506404495
0.23733923386300315
0.259106363666069
0.28572854546585225
0.3186892899577351
0.3601447731318193
0.4133464369095363
0.4833278563485419
0.5774933598205465
0.7029163583098414
0.8461544230882678
0.8930830454382208
0.4072340685093869
-1.7911107041783803
-8.058193534893533
-21.688372895407724
-45.10857299545181
-76.68430624522827
-108.58557350338745
-129.03368352963943
-129.03368352963673
-108.58557350337993
-76.6843062452184
-45.10857299544118
-21.688372895398043
-8.058193534885406
-1.7911107041717358
0.40723406851482247
0.8930830454427239
0.8461544230920923
0.7029163583132241
0.577493359823483
0.48332785635120695
0.413346436911862
0.36014477313397414
0.31868928995964285
0.2857285454675717
0.2591063636676333
0.23733923386438888
0.21937368506532035
0.2044425056288273
0.19197555897779395
0.1815422457125116
0.17281319111758012
0.16553407464397107
0.15950738028924025
0.1545794620451708
0.1506312691281405
0.14757165528668229
0.14533256127509503
0.14386559634106655
0.14313970339072263
0.036645931103251456
0.0368317650434868
0.03720731868099049
0.037780542464026436
0.03856382413131571
0.03957458636997646
0.04083616186008217
0.04237902641284587
0.04424251155625106
0.04647717850984842
0.04914812884317218
0.05233967541598156
0.056162040411378164
0.060761160516094426
0.06633341153519179
0.07314843031794954
0.08158590953100647
0.0921977385598915
0.10581670305136914
0.12373638491303725
0.14788610041207345
0.1802554303651011
0.21817530601826268
0.23517006882943967
0.12743792276420193
-0.3886116388193332
-1.8831306497553497
-5.157605138978776
-10.807850246885737
-18.44569032089901
-26.17482790146567
-31.13349755133139
-31.133497551330443
-26.174827901462884
-18.44569032089528
-10.807850246881799
-5.157605138975223
-1.883130649752334
-0.38861163881689925
0.1274379227662281
0.23517006883108882
0.21817530601968405
0.18025543036633673
0.1478861004131723
0.12373638491403595
0.10581670305224382
0.09219773856068697
0.0815859095317091
0.0731484303185955
0.06633341153575859
0.06076116051661771
0.05616204041183603
0.05233967541641395
0.04914812884353821
0.04647717851019835
0.044242511556544954
0.042379026413108804
0.04083616186029057
0.039574586370180145
0.03856382413146692
0.037780542464153
0.03720731868105687
0.03683176504360644
0.03664593110318362
-0.08864741060712546
-0.08909697020400825
-0.09000549036887322
-0.09139220599926301
-0.09328708747169687
-0.09573228677334161
-0.09878425484603774
-0.10251672546890692
-0.10702485938599227
-0.11243098904856627
-0.11889263033116848
-0.12661378663742076
-0.13586115972262897
-0.14698788234744412
-0.16046916145948745
-0.17695752760854738
-0.1973719025497519
-0.22304780891240186
-0.2559981928215384
-0.29933172852342527
-0.3575751343319387
-0.43479776356432387
-0.5213297089938831
-0.5417172695014477
-0.21181456722412892
1.231136649434718
5.304116056687127
14.120588054102523
29.228253287933576
49.56213503723848
70.08394263617717
83.23036422420907
83.23036422420805
70.08394263617434
49.562135037234874
29.228253287929675
14.120588054098947
5.3041160566841405
1.2311366494322868
-0.21181456722613312
-0.5417172695030928
-0.5213297089953104
-0.43479776356554606
-0.35757513433302224
-0.29933172852438855
-0.2559981928224032
-0.2230478089131822
-0.19737190255044765
-0.17695752760918312
-0.16046916146005427
-0.14698788234794313
-0.13586115972310508
-0.12661378663782077
-0.11889263033154526
-0.11243098904891746
-0.10702485938625808
-0.10251672546919491
-0.09878425484621114
-0.0957322867735468
-0.09328708747181763
-0.09139220599941011
-0.09000549036893377
-0.08909697020403992
-0.08864741060717511
-0.1951411828946207
-0.19613080150138873
-0.19813073296272626
-0.20118331882162788
-0.20535453246813448
-0.21073716244805518
-0.21745547327458592
-0.22567177369937846
-0.2355955389465404
-0.24749605625031879
-0.26172006046478574
-0.2787166168491272
-0.29907280437530936
-0.3235659556943509
-0.3532421135903972
-0.38953764275643743
-0.43447528297649163
-0.4909948434843566
-0.5635279266797091
-0.6589231999589548
-0.7871823937404427
-0.9574586915090977
-1.1493088260639173
-1.1996302461102872
-0.49161071296933284
2.633635714793791
11.479178941825579
30.651355810532223
63.52897603650135
107.80075096157069
152.49468823810307
181.1305502025221
181.13055020251937
152.49468823809565
107.80075096156087
63.52897603649072
30.651355810522553
11.47917894181748
2.63363571478717
-0.4916107129747761
-1.199630246114762
-1.1493088260677562
-0.9574586915124303
-0.7871823937433844
-0.6589231999615875
-0.5635279266820679
-0.4909948434864776
-0.4344752829783818
-0.3895376427581708
-0.3532421135919295
-0.32356595569572744
-0.29907280437657124
-0.27871661685024884
-0.26172006046580654
-0.24749605625123097
-0.23559553894731605
-0.22567177370009295
-0.2174554732751891
-0.21073716244855095
-0.20535453246854007
-0.20118331882195173
-0.19813073296293687
-0.19613080150148873
-0.19514118289472543
-0.25582398396385764
-0.2571213482611908
-0.2597432066524847
-0.2637450681709607
-0.2692134228247733
-0.2762699149034791
-0.28507745329292894
-0.2958488224793867
-0.30885864182343736
-0.32445994393617905
-0.34310729514088556
-0.3653894171792095
-0.3920759687866796
-0.42418603381353237
-0.4630909807251638
-0.5106739018481583
-0.5695866491490937
-0.6436833621155172
-0.7387736183315945
-0.8638329013299297
-1.0319520360980896
-1.2550169514180145
-1.505734809934994
-1.5685382881800827
-0.6297700558818285
3.4969564609242525
15.162641253732781
40.43220955973477
83.75085901519975
142.06927839027435
200.9356882754466
238.64911499800579
238.64911499800212
200.9356882754364
142.06927839026093
83.75085901518524
40.43220955972156
15.162641253721738
3.4969564609151655
-0.6297700558892348
-1.5685382881862378
-1.5057348099402188
-1.255016951422602
-1.0319520361021086
-0.8638329013335277
-0.738773618334811
-0.6436833621184184
-0.5695866491516894
-0.5106739018505198
-0.46309098072726956
-0.4241860338154233
-0.3920759687884029
-0.3653894171807659
-0.34310729514227245
-0.3244599439374135
-0.308858641824512
-0.2958488224803545
-0.2850774532937618
-0.276269914904155
-0.2692134228253197
-0.26374506817139315
-0.2597432066528068
-0.25712134826130734
-0.25582398396396666
-0.2669659988608325
-0.268319878163029
-0.2710559487188987
-0.2752321383372104
-0.28093870584066893
-0.2883025963074305
-0.2974938177790599
-0.3087344277077438
-0.3223110137066339
-0.33859199489624303
-0.35805175077180934
-0.38130466595816875
-0.4091539529630384
-0.442663129390373
-0.4832633681986446
-0.5329199005988627
-0.5944002767491962
-0.6717267543944818
-0.7709615340457563
-0.9014639996190221
-1.0768456076480244
-1.309245569442233
-1.5690380624370848
-1.6272084962539293
-0.6229296667399178
3.7525853259422792
16.088476221395588
42.7752502154661
88.48881635520607
150.00222327096313
212.07525252016467
251.83651515598706
251.83651515598314
212.07525252015395
150.002223270949
88.48881635519082
42.775250215452154
16.08847622138391
3.7525853259326922
-0.622929666747744
-1.6272084962604394
-1.569038062442615
-1.3092455694470777
-1.0768456076522779
-0.9014639996228413
-0.7709615340491607
-0.6717267543975457
-0.5944002767519465
-0.5329199006013607
-0.4832633682008779
-0.4426631293923744
-0.4091539529648664
-0.3813046659598112
-0.358051750773275
-0.338591994897553
-0.32231101370777615
-0.3087344277087687
-0.29749381777992273
-0.28830259630815147
-0.28093870584124814
-0.2752321383376687
-0.2710559487192481
-0.26831987816317715
-0.26696599886092254
-0.24398486726540447
-0.24522221256870397
-0.24772277858095545
-0.25153950782967455
-0.2567548915080912
-0.2634849499988122
-0.2718850609555873
-0.28215817262332893
-0.2945662108894167
-0.3094458923137033
-0.3272307775096567
-0.3484823877525902
-0.3739348290347969
-0.4045601232297764
-0.44166632945250206
-0.4870496442086252
-0.543239602033097
-0.6139124880290769
-0.7046080952486022
-0.8238715379453959
-0.9840826397980582
-1.196016636705613
-1.4312181526759895
-1.4754914345061327
-0.5279507057539908
3.5542746025700938
15.02409880145909
39.79630634001786
82.18936244928777
139.20003629780126
196.7076224571758
233.53675570019703
233.5367557001935
196.70762245716605
139.20003629778842
82.18936244927386
39.79630634000514
15.024098801448428
3.5542746025613456
-0.527950705761149
-1.4754914345120764
-1.4312181526810441
-1.1960166367100444
-0.9840826398019482
-0.823871537948901
-0.7046080952517131
-0.6139124880318878
-0.54323960203562
-0.48704964421091534
-0.44166632945454776
-0.4045601232316097
-0.3739348290364774
-0.3484823877540829
-0.3272307775110018
-0.3094458923148987
-0.29456621089048024
-0.28215817262425125
-0.27188506095639053
-0.2634849499994604
-0.2567548915086344
-0.2515395078300764
-0.24772277858129144
-0.24522221256883764
-0.2439848672655026
-0.2075555971497904
-0.2086082044517767
-0.21073543152878987
-0.21398231715296206
-0.21841903751634978
-0.2241442925831867
-0.23129026422925303
-0.24002960360581416
-0.2505851355680483
-0.2632433115178483
-0.27837297131762406
-0.29645181596860415
-0.3181043722488041
-0.3441575750080287
-0.3757242480607698
-0.4143325121412564
-0.46213440060804034
-0.522257507695098
-0.599413911533606
-0.7008649554109697
-0.8370875744922492
-1.0169591086977399
-1.2150233237061236
-1.2446315370834293
-0.41164115341422736
3.136655459744768
13.071599226718721
34.492500931923
71.1141617367557
120.33279882981358
169.9611970011143
201.73751057313984
201.73751057313694
169.96119700110617
120.33279882980281
71.11416173674402
34.4925009319123
13.071599226709772
3.136655459737404
-0.4116411534202583
-1.2446315370884309
-1.215023323710383
-1.0169591087014738
-0.8370875744955398
-0.700864955413924
-0.5994139115362387
-0.52225750769747
-0.4621344006101813
-0.414332512143187
-0.37572424806249644
-0.34415757500957445
-0.31810437225022314
-0.29645181596986325
-0.2783729713187539
-0.26324331151886315
-0.25058513556894735
-0.24002960360660114
-0.2312902642299307
-0.2241442925837399
-0.2184190375168014
-0.21398231715329538
-0.21073543152907048
-0.20860820445188993
-0.20755559714986388
-0.17243600240610318
-0.17331050855614077
-0.17507780901922101
-0.1777753224306284
-0.18146135186552792
-0.18621789830235125
-0.19215477997313568
-0.19941543766201017
-0.20818499744481134
-0.21870144777520367
-0.23127122761224742
-0.246291221094202
-0.26428030049828743
-0.28592550732771915
-0.3121514141292524
-0.34422764717169146
-0.3839422187124162
-0.4338936403441297
-0.497996210002532
-0.5822767971850419
-0.6954001032979468
-0.8445326127533697
-1.007623620239209
-1.0264047336256763
-0.31490951231878067
2.6876327934791857
11.07005730232803
29.117939674793412
59.94747141931901
101.36010001878637
143.10398531715492
169.8271803698633
169.82718036986103
143.1039853171483
101.36010001877767
59.94747141930953
29.117939674784722
11.070057302320745
2.687632793473195
-0.3149095123236977
-1.0264047336297524
-1.0076236202426858
-0.844532612756423
-0.6954001033006327
-0.5822767971874608
-0.49799621000468086
-0.433893640346073
-0.38394221871416556
-0.3442276471732693
-0.3121514141306602
-0.28592550732898225
-0.26428030049944273
-0.2462912210952355
-0.2312712276131712
-0.21870144777603662
-0.20818499744555088
-0.19941543766265854
-0.192154779973696
-0.186217898302803
-0.18146135186590034
-0.17777532243089067
-0.1750778090194548
-0.17331050855622446
-0.17243600240616228
-0.14465770781464943
-0.14539133973024937
-0.14687394577985324
-0.14913691703272688
-0.1522291648532592
-0.15621948118276663
-0.16119999436525856
-0.16729103936469697
-0.17464792182228459
-0.18347029484888933
-0.19401523641200547
-0.20661570145174368
-0.22170698451858434
-0.239865463146763
-0.2618667890133435
-0.2887760948112019
-0.3220934105130192
-0.36399869446244454
-0.4177753616449312
-0.48847593779058396
-0.5833462567143983
-0.7082770317044799
-0.8442462084272924
-0.8566214256589136
-0.24843593509442152
2.3022054733659987
9.40913300669919
24.69625499892992
50.795368993214
85.84156675548331
121.16047122677469
143.76788886776325
143.76788886776134
121.16047122676933
85.84156675547621
50.79536899320624
24.696254998922825
9.409133006693246
2.302205473361108
-0.24843593509844095
-0.8566214256622444
-0.8442462084301354
-0.7082770317069781
-0.5833462567165955
-0.4884759377925648
-0.41777536164668927
-0.36399869446403754
-0.3220934105144524
-0.288776094812493
-0.26186678901449273
-0.23986546314780133
-0.2217069845195304
-0.20661570145259417
-0.19401523641276341
-0.18347029484958055
-0.1746479218228962
-0.16729103936523423
-0.1611999943657209
-0.1562194811831432
-0.15222916485356616
-0.149136917032941
-0.14687394578004148
-0.14539133973031707
-0.14465770781469206
-0.12440865171361695
-0.12503959145059285
-0.12631466560495258
-0.12826087126073143
-0.13092027338805312
-0.13435203475097895
-0.13863538801485228
-0.14387382427271425
-0.1502009103328168
-0.15778835304259856
-0.1668572462487426
-0.17769394021466908
-0.1906728003879146
-0.2062895280946963
-0.22521120717345605
-0.24835388551551152
-0.27700763766918474
-0.3130472818870702
-0.3592964483160832
-0.42009874962940236
-0.5016749191432568
-0.6090344050690892
-0.7255733972469618
-0.73463605049548
-0.20629454593930197
2.0021990570282777
8.149416888114985
21.365540818962884
43.922334432399715
74.20634651948203
104.72256212471908
124.2545915964836
124.25459159648202
104.72256212471464
74.20634651947617
43.9223344323933
21.365540818956994
8.14941688811003
2.0021990570242023
-0.20629454594265464
-0.7346360504982582
-0.7255733972493353
-0.6090344050711769
-0.5016749191450877
-0.42009874963105887
-0.3592964483175468
-0.3130472818884056
-0.27700763767037906
-0.2483538855165911
-0.22521120717441012
-0.20628952809557047
-0.19067280038870485
-0.177693940215386
-0.16685724624937925
-0.15778835304318584
-0.1502009103333365
-0.1438738242731719
-0.13863538801524497
-0.13435203475129642
-0.13092027338831475
-0.12826087126090666
-0.1263146656051076
-0.1250395914506438
-0.1244086517136528
-0.10975489588450967
-0.11031151907504907
-0.11143640597791105
-0.11315337377840448
-0.11549953275140379
-0.11852707707398019
-0.12230590685965914
-0.12692732333471202
-0.13250916093083118
-0.13920290174584504
-0.14720359777298314
-0.15676387113138676
-0.16821399218707783
-0.18199127557294395
-0.19868423210267863
-0.2191010123888188
-0.24437973833346793
-0.27617439283752077
-0.3169759353194693
-0.37061569653109505
-0.44257754971047425
-0.5372594546859856
-0.6399209965332631
-0.6473180654718563
-0.17920432808611966
1.7748103104490605
7.211329018519677
18.89704218482137
38.83937671668572
65.61129748971481
92.58724741207054
109.85287760363445
109.85287760363309
92.58724741206663
65.61129748970978
38.8393767166802
18.89704218481634
7.211329018515451
1.7748103104455835
-0.1792043280889819
-0.6473180654742281
-0.6399209965352917
-0.5372594546877725
-0.4425775497120359
-0.37061569653251
-0.31697593532071344
-0.27617439283866246
-0.24437973833448334
-0.21910101238973895
-0.19868423210348463
-0.18199127557369504
-0.16821399218775424
-0.15676387113200604
-0.14720359777353242
-0.13920290174636046
-0.13250916093128737
-0.1269273233351184
-0.1223059068600041
-0.11852707707425886
-0.11549953275163138
-0.11315337377855406
-0.1114364059780371
-0.11031151907508763
-0.10975489588453806
-0.0987702198025536
-0.09927113398438064
-0.10028343783792648
-0.10182856482518828
-0.10393991106930076
-0.1066644469343025
-0.11006507663397377
-0.11422396357731004
-0.11924714881660306
-0.12527095345772438
-0.1324709078224453
-0.1410743504626063
-0.15137849675380677
-0.16377689279470442
-0.17879914833082644
-0.19717253007107355
-0.2199212501493491
-0.24853374781588086
-0.2852516424614172
-0.33352258842840155
-0.39828030262537295
-0.4834759072939362
-0.5758155872835562
-0.5822857858829273
-0.1603960802304806
1.599828324799783
6.49645536204209
17.02094506176354
34.98087677966678
59.09090756692909
83.38432517544553
98.93290895531467
98.93290895531354
83.3843251754422
59.090907566924756
34.980876779662
17.020945061759186
6.496455362038417
1.5998283247967566
-0.16039608023296908
-0.5822857858849895
-0.5758155872853167
-0.48347590729549106
-0.3982803026267256
-0.3335225884296308
-0.28525164246248896
-0.24853374781687365
-0.2199212501502238
-0.1971725300718719
-0.17879914833151533
-0.1637768927953607
-0.15137849675439355
-0.14107435046314948
-0.1324709078229252
-0.12527095345818254
-0.11924714881700804
-0.11422396357767747
-0.11006507663428255
-0.10666444693455315
-0.10393991106950523
-0.10182856482532383
-0.10028343783803431
-0.09927113398441216
-0.09877021980257851
-0.09014045930004516
-0.09059760745330486
-0.0915214639783526
-0.09293158963843279
-0.09485846264772445
-0.09734494944210695
-0.10044845812127931
-0.10424397324752048
-0.10882827076393847
-0.11432576100296785
-0.12089663767411032
-0.12874837605205983
-0.13815222284098944
-0.14946733867635412
-0.16317705938545946
-0.17994510754856793
-0.20070620542474904
-0.22681873929078414
-0.2603284583368217
-0.3043817189924336
-0.3634808096396375
-0.44122987082655385
-0.5254890491549126
-0.5313443703195782
-0.14614864672865685
1.4607600682290478
5.930707693508737
15.537942934874895
31.93242625892725
53.94081758219056
76.11653470288718
90.30969513484186
90.30969513484078
76.11653470288418
53.94081758218671
31.93242625892305
15.53794293487105
5.930707693505501
1.4607600682263762
-0.1461486467308457
-0.5313443703213896
-0.525489049156453
-0.441229870827917
-0.3634808096408213
-0.30438171899351196
-0.2603284583377563
-0.2268187392916585
-0.20070620542551193
-0.17994510754926857
-0.1631770593860538
-0.14946733867693157
-0.13815222284150191
-0.12874837605253792
-0.12089663767453082
-0.11432576100337506
-0.1088282707642976
-0.10424397324785462
-0.10044845812155798
-0.09734494944233582
-0.09485846264791056
-0.09293158963856288
-0.09152146397844854
-0.09059760745333405
-0.0901404593000668
-0.08308031368393445
-0.08350165616662461
-0.08435315255342063
-0.08565283152490555
-0.0874287841107261
-0.08972051926257893
-0.09258094862855745
-0.09607918365174192
-0.10030442035537852
-0.10537132469757385
-0.11142754328840335
-0.11866430097887345
-0.1273315991482898
-0.13776046722634971
-0.15039638375096587
-0.16585108507068047
-0.1849860807978784
-0.2090533600853257
-0.23993843394315229
-0.2805412011959588
-0.3350112198441657
-0.4066699193131085
-0.4843265036550822
-0.4897112110698708
-0.13464434285927465
1.3465257049781951
5.466666723497033
14.322032324028982
29.433446858960487
49.71939808433781
70.15957340332463
83.24193058197838
83.2419305819775
70.15957340332194
49.71939808433445
29.433446858956735
14.322032324025557
5.466666723494143
1.3465257049758177
-0.13464434286121596
-0.4897112110714743
-0.48432650365643837
-0.4066699193143103
-0.33501121984520876
-0.28054120119691084
-0.23993843394397218
-0.2090533600861023
-0.18498608079854706
-0.16585108507129992
-0.1503963837514791
-0.13776046722685892
-0.12733159914873485
-0.1186643009792922
-0.11142754328876915
-0.10537132469793262
-0.10030442035569365
-0.09607918365204543
-0.09258094862881025
-0.0897205192627899
-0.08742878411089625
-0.08565283152503395
-0.08435315255350917
-0.08350165616665367
-0.08308031368395244
-0.07712652341018639
-0.07751767114476521
-0.07830814657900481
-0.07951468639695429
-0.08116336852932433
-0.08329087058100593
-0.08594631236910844
-0.08919385257076481
-0.09311629510962498
-0.0978200885747965
-0.10344229868969146
-0.11016044643375869
-0.11820661715532979
-0.1278881174500197
-0.13961850110778445
-0.15396566494160746
-0.17172937905803007
-0.19407190922105383
-0.2227436408300456
-0.26043664740407135
-0.31100308913501573
-0.37752627095087193
-0.44961694987286044
-0.45461279056656484
-0.12498049059939123
1.2500772878245883
5.0750419691012745
13.295987906988262
27.32478850518509
46.15741799635265
65.13322879389682
77.27834902261982
77.27834902261904
65.1332287938944
46.157417996349594
27.324788505181694
13.295987906985205
5.075041969098686
1.2500772878224575
-0.12498049060112765
-0.45461279056799475
-0.44961694987406664
-0.3775262709519386
-0.31100308913594243
-0.2604366474049149
-0.22274364083076742
-0.19407190922174328
-0.17172937905861513
-0.15396566494215239
-0.1396185011082258
-0.12788811745046877
-0.11820661715571673
-0.11016044643412429
-0.10344229869000818
-0.09782008857510763
-0.09311629510989641
-0.08919385257103558
-0.08594631236933561
-0.08329087058119844
-0.0811633685294777
-0.07951468639707995
-0.07830814657908736
-0.07751767114479445
-0.07712652341019882
-0.07199140881525529
-0.07235651374157163
-0.07309435893199588
-0.0742205667313597
-0.07575947878474674
-0.07774533067775011
-0.08022397179670367
-0.08325528908916566
-0.08691657333363716
-0.09130718569193823
-0.09655506594328003
-0.10282591557195342
-0.11033636747689923
-0.11937326748513874
-0.13032263454056153
-0.1437145542216414
-0.16029554687223616
-0.1811504927690953
-0.20791323330109773
-0.24309659741363915
-0.290296256669207
-0.3523902048688762
-0.41968083159684166
-0.4243432735042355
-0.11665500252623234
1.1668614608283576
4.737188852479935
12.410850801274869
25.5057354838996
43.08466093304714
60.79724287021855
72.13385929764196
72.1338592976413
60.79724287021635
43.084660933044404
25.505735483896558
12.41085080127211
4.737188852477612
1.1668614608264432
-0.11665500252779282
-0.42434327350551765
-0.41968083159792313
-0.3523902048698303
-0.29029625667003583
-0.24309659741439033
-0.20791323330173545
-0.18115049276970793
-0.16029554687274725
-0.14371455422212012
-0.1303226345409403
-0.11937326748553642
-0.11033636747723727
-0.10282591557227366
-0.09655506594355438
-0.091307185692207
-0.08691657333386865
-0.08325528908940444
-0.0802239717969046
-0.07774533067792275
-0.07575947878488143
-0.07422056673147856
-0.0730943589320727
-0.07235651374160139
-0.07199140881526052
-0.06748392598235159
-0.0678261711515825
-0.06851781876721795
-0.0695735130341883
-0.07101607152825395
-0.07287758628992609
-0.07520103600117646
-0.0780425579898055
-0.08147460373074357
-0.08559031321666227
-0.0905096156987194
-0.09638783780241952
-0.10342804865376574
-0.11189913413417732
-0.12216294380318896
-0.13471637351780985
-0.15025920238892118
-0.16980838382551128
-0.19489546025470433
-0.22787592562431186
-0.2721203175557007
-0.3303264361406732
-0.3934038685961543
-0.3977743452558137
-0.10935041302844387
1.0938060661150502
4.440600739732799
11.633831947714754
23.908883228321727
40.387250679916974
56.99091293289706
67.6177878024345
67.61778780243387
56.99091293289508
40.38725067991456
23.908883228319
11.633831947712277
4.440600739730708
1.0938060661133262
-0.10935041302985216
-0.397774345256968
-0.3934038685971323
-0.33032643614153057
-0.2721203175564464
-0.22787592562498366
-0.1948954602552737
-0.1698083838260599
-0.15025920238937626
-0.13471637351823548
-0.12216294380352084
-0.1118991341345327
-0.10342804865406532
-0.0963878378026997
-0.09050961569895616
-0.08559031321689266
-0.08147460373093965
-0.07804255799001397
-0.07520103600135188
-0.07287758629007925
-0.07101607152837044
-0.06957351303429588
-0.06851781876728807
-0.06782617115161127
-0.06748392598234819
-0.06346988142006388
-0.0637917693156192
-0.06444227665728057
-0.0654351765885037
-0.0667919294578672
-0.06854271841795331
-0.0707279657068484
-0.07340046950947929
-0.07662837176380377
-0.08049927233548132
-0.08512596687464333
-0.09065454290366709
-0.0972759906295598
-0.10524320210294734
-0.11489650337970772
-0.12670323396318495
-0.1413215486374919
-0.15970791014768632
-0.1833027611139659
-0.2143214850840079
-0.25593413452430763
-0.310678054225376
-0.3700036104337322
-0.3741144479816039
-0.10284725098368613
1.028742427404725
4.176464764938042
10.941837478951069
22.486767481474125
37.985007605841886
53.60109544243802
63.59589315501603
63.59589315501551
53.60109544243622
37.9850076058397
22.486767481471666
10.941837478948845
4.1764647649361475
1.028742427403169
-0.10284725098495939
-0.3741144479826469
-0.370003610434619
-0.3106780542261502
-0.2559341345249788
-0.21432148508461163
-0.18330276111447635
-0.15970791014817992
-0.14132154863790353
-0.12670323396356736
-0.11489650338000575
-0.10524320210326923
-0.097275990629831
-0.0906545429039152
-0.08512596687484672
-0.08049927233567902
-0.07662837176396793
-0.07340046950965928
-0.07072796570699758
-0.0685427184180885
-0.06679192945796772
-0.06543517658859825
-0.0644422766573454
-0.0637917693156461
-0.06346988142005253
-0.05985104621183846
-0.060154581145872764
-0.060767998753654864
-0.061704286879338495
-0.06298368227294748
-0.06463464714272554
-0.06669529898300895
-0.06921542559840313
-0.07225928369488993
-0.07590947847686423
-0.08027237434872553
-0.08548572938785715
-0.09172964414248885
-0.09924259154706401
-0.10834549331023843
-0.11947904264089798
-0.1332638682562658
-0.150601898072511
-0.17285144455120002
-0.2021015763093184
-0.24134160188288065
-0.2929642169820898
-0.34890735832544895
-0.35278436421517
-0.09698556720429977
0.9700809208979696
3.9383242311341826
10.317949877444548
21.204619812277393
35.81920006291172
50.544913627957015
59.96984505979995
59.96984505979945
50.54491362795547
35.81920006290975
21.204619812275173
10.317949877442551
3.938324231132478
0.970080920896569
-0.09698556720544951
-0.3527843642161145
-0.34890735832625397
-0.2929642169827913
-0.24134160188348314
-0.20210157630986014
-0.17285144455165707
-0.15060189807295177
-0.13326386825663988
-0.11947904264124043
-0.10834549331051374
-0.09924259154735963
-0.09172964414274203
-0.08548572938808252
-0.08027237434890358
-0.07590947847703695
-0.07225928369503047
-0.06921542559855876
-0.06669529898313359
-0.06463464714284257
-0.06298368227303178
-0.061704286879416495
-0.06076799875371352
-0.06015458114589424
-0.059851046211821766
-0.0565532650215194
-0.05684007522527923
-0.057419693612530215
-0.05830439239819131
-0.05951329328876149
-0.06107329022665877
-0.06302040043446247
-0.0654016684111219
-0.06827781032045319
-0.07172687982189485
-0.075849380641626
-0.08077548038458662
-0.08667535605091747
-0.09377434069798293
-0.10237567320980032
-0.11289576452170919
-0.12592104655142694
-0.14230375067032003
-0.1633273457536798
-0.1909657923114616
-0.22804369163163585
-0.2768219292737174
-0.32968278152434066
-0.3333468771761241
-0.0916447825824967
0.9166209654216315
3.721303366247084
9.74939433070046
20.036186080852445
33.84547914332413
47.759786439677754
56.66539339994108
56.66539339994057
47.75978643967633
33.845479143322336
20.03618608085047
9.74939433069866
3.7213033662455537
0.9166209654203736
-0.09164478258352993
-0.3333468771769787
-0.329682781525068
-0.2768219292743538
-0.22804369163217483
-0.19096579231194866
-0.16332734575408864
-0.14230375067071124
-0.12592104655176622
-0.11289576452201178
-0.10237567321005644
-0.09377434069825365
-0.0866753560511555
-0.08077548038479415
-0.07584938064178424
-0.07172687982204959
-0.0682778103205782
-0.06540166841125852
-0.06302040043456696
-0.061073290226759704
-0.05951329328883184
-0.058304392398253635
-0.05741969361258303
-0.05684007522529294
-0.05655326502150183
-0.05351916149965483
-0.053790584218796594
-0.05433910584235052
-0.05517634017511374
-0.056320383034886665
-0.0577966854911156
-0.05963933242477351
-0.06189284437404584
-0.06461468004973303
-0.06787870549181789
-0.07178003234766231
-0.07644184465787947
-0.08202518932794964
-0.0887433101594255
-0.09688317707381319
-0.10683886026907094
-0.11916532914106596
-0.13466909212359826
-0.1545647588450651
-0.18072038565475562
-0.21580903707691687
-0.26197033203625714
-0.3119953774844607
-0.31546371782330973
-0.08673167018640371
0.8674334124750369
3.5216290195996267
9.226285123136297
18.96114976943285
32.029525907235666
45.19728619029904
53.62508049710374
53.625080497103255
45.19728619029777
32.02952590723408
18.961149769431053
9.226285123134687
3.5216290195982554
0.8674334124739144
-0.08673167018732507
-0.31546371782407717
-0.31199537748511275
-0.2619703320368301
-0.2158090370773971
-0.18072038565519363
-0.15456475884543372
-0.1346690921239465
-0.11916532914137654
-0.10683886026933598
-0.09688317707405172
-0.0887433101596682
-0.08202518932816853
-0.0764418446580668
-0.07178003234780259
-0.06787870549195599
-0.06461468004984805
-0.061892844374165965
-0.05963933242486312
-0.057796685491202066
-0.05632038303494736
-0.055176340175164845
-0.054339105842399836
-0.05379058421880317
-0.05351916149964184
-0.05070340869514446
-0.05096055129868381
-0.051480214054729634
-0.0522733997409022
-0.0533572521151191
-0.05475588321124081
-0.05650158463101277
-0.05863653459059232
-0.06121516877288315
-0.06430746696380167
-0.06800353677732901
-0.07242008126806493
-0.07770967430251718
-0.08407434044164405
-0.09178595145768613
-0.101217844588612
-0.11289579095056651
-0.12758386656256498
-0.14643277739959884
-0.17121229736028193
-0.2044548604837935
-0.24818754948881797
-0.29558089456330516
-0.2988676671338186
-0.08217262147409206
0.821784112109424
3.3363200698622704
8.74081176293101
17.96345928861748
30.34422581290802
42.81915136830637
50.80351046352444
50.80351046352401
42.819151368305235
30.344225812906572
17.96345928861591
8.740811762929575
3.336320069861051
0.821784112108426
-0.0821726214749097
-0.2988676671345035
-0.2955808945638845
-0.24818754948932908
-0.20445486048421896
-0.171212297360674
-0.14643277739993185
-0.12758386656287576
-0.11289579095085257
-0.10121784458884642
-0.09178595145790917
-0.0840743404418598
-0.07770967430271461
-0.07242008126823025
-0.06800353677745136
-0.06430746696392195
-0.061215168772989416
-0.0586365345906965
-0.05650158463109079
-0.054755883211314214
-0.053357252115173684
-0.05227339974094769
-0.05148021405477629
-0.05096055129868647
-0.05070340869513988
-0.048069535502334435
-0.04831332039534144
-0.04880598838406688
-0.04955797068750353
-0.0505855205008532
-0.05191149731577559
-0.05356651528952519
-0.05559056161576752
-0.05803524421848915
-0.060966907657711095
-0.06447097874401322
-0.06865809817830996
-0.07367291409531673
-0.07970695651121654
-0.08701797430010083
-0.09595991096832047
-0.10703122539467017
-0.12095630208375849
-0.13882607120437912
-0.1623183728261674
-0.19383409499743742
-0.235295055989649
-0.2802267119393256
-0.2833437220123604
-0.07790843568786784
0.7790822661522818
3.1629776053085594
8.28668920102801
17.030198072639024
28.767760055769358
40.59459331484883
48.16415367639529
48.164153676394996
40.59459331484786
28.76776005576805
17.03019807263759
8.286689201026732
3.1629776053074794
0.7790822661513996
-0.07790843568858966
-0.2833437220129644
-0.2802267119398374
-0.23529505599009787
-0.1938340949978149
-0.1623183728265151
-0.1388260712046811
-0.12095630208403721
-0.1070312253949354
-0.09595991096853039
-0.08701797430030962
-0.07970695651140719
-0.07367291409549215
-0.06865809817845123
-0.06447097874411722
-0.060966907657809516
-0.05803524421858498
-0.05559056161585506
-0.053566515289595135
-0.05191149731584073
-0.05058552050090881
-0.04955797068755256
-0.048805988384113985
-0.04831332039534571
-0.04806953550234103
-0.0455877007004927
-0.04581889894773765
-0.046286130423785876
-0.04699928778187963
-0.04797378506173458
-0.04923130151508073
-0.05080087068422676
-0.052720415215907354
-0.055038878506060235
-0.057819179730340065
-0.06114233509298228
-0.06511327288774724
-0.06986917302698757
-0.07559167677560522
-0.08252522534910098
-0.09100548802026251
-0.10150518802512687
-0.11471130954675929
-0.13165845752440047
-0.15393784517032677
-0.18382640845646914
-0.2231467795847006
-0.26575886142634786
-0.2687159687384731
-0.07389069195605262
0.7388444166836149
2.999638639998505
7.858774539293465
16.15079684629085
27.28227491289173
38.49841852670511
45.677118960550175
45.67711896054982
38.49841852670429
27.28227491289058
16.15079684628961
7.858774539292341
2.999638639997554
0.738844416682836
-0.07389069195668876
-0.26871596873900294
-0.26575886142679983
-0.22314677958509166
-0.18382640845680565
-0.15393784517063458
-0.13165845752467592
-0.11471130954701222
-0.10150518802537331
-0.091005488020455
-0.08252522534929252
-0.07559167677577089
-0.0698691730271389
-0.06511327288786334
-0.0611423350930682
-0.057819179730417156
-0.05503887850614533
-0.052720415215980754
-0.050800870684290456
-0.04923130151514196
-0.047973785061793964
-0.04699928778193746
-0.04628613042383309
-0.04581889894774635
-0.04558770070050974
-0.043233099751413206
-0.043452356621032404
-0.04389545561502087
-0.04457177843106597
-0.04549594297369537
-0.04668850876109646
-0.04817700975274271
-0.04999740988990385
-0.05219612464072784
-0.054832823403028315
-0.05798433788992095
-0.061750176841804276
-0.06626043481676702
-0.07168737128843014
-0.0782628020491542
-0.08630505899302432
-0.09626244909030632
-0.10878647359212923
-0.1248582998287355
-0.14598695529636513
-0.17433177883223616
-0.21162130307593105
-0.25203273868175835
-0.2548381884117783
-0.07007915480825011
0.7006686643606141
2.8446713937558217
7.452792648589092
15.316469723637894
25.872929189499672
36.50968450106514
43.31755879795925
43.317558797958995
36.50968450106441
25.872929189498635
15.316469723636782
7.452792648588115
2.844671393754995
0.7006686643599338
-0.0700791548088098
-0.25483818841224054
-0.2520327386821595
-0.21162130307627264
-0.17433177883254186
-0.1459869552966397
-0.12485829982898933
-0.10878647359236132
-0.09626244909053336
-0.08630505899320191
-0.07826280204932365
-0.07168737128856945
-0.06626043481689405
-0.0617501768418969
-0.05798433788999304
-0.054832823403087864
-0.05219612464080396
-0.049997409889965566
-0.04817700975279901
-0.046688508761153935
-0.04549594297375509
-0.044571778431129846
-0.04389545561506469
-0.04345235662104441
-0.04323309975143827
-0.04098479766414638
-0.0411926522521429
-0.041612708230068345
-0.0422538594072806
-0.043129963494863574
-0.04426051082814933
-0.04567160348288446
-0.04739733512120974
-0.04948170740757
-0.05198128667419781
-0.0549689090533593
-0.05853890839975483
-0.06281461378822799
-0.06795932644592695
-0.0741928067224591
-0.08181683183780611
-0.09125639478272835
-0.10312911577765616
-0.11836513703241214
-0.1383950107143102
-0.16526578779291212
-0.20061615078019857
-0.23892629860586354
-0.24158697513675353
-0.06643987484034844
0.6642157772694919
2.6966985654769187
7.065135136498224
14.519801054336135
24.527196311938447
34.610714913641814
41.06450087266668
41.06450087266648
34.61071491364124
24.527196311937523
14.519801054335169
7.06513513649737
2.696698565476203
0.6642157772688992
-0.06643987484083863
-0.24158697513715524
-0.23892629860621858
-0.20061615078049846
-0.16526578779319095
-0.13839501071455562
-0.11836513703264356
-0.10312911577786932
-0.09125639478293336
-0.08181683183797027
-0.0741928067226042
-0.06795932644604294
-0.06281461378833403
-0.058538908399827505
-0.054968909053419335
-0.0519812866742414
-0.04948170740763505
-0.04739733512126035
-0.045671603482931596
-0.04426051082820383
-0.04312996349492094
-0.04225385940734745
-0.041612708230107306
-0.041192652252156514
-0.04098479766417612
-0.03882485557061509
-0.03902175599576249
-0.03941967456657405
-0.040027036378506485
-0.0408569688254435
-0.04192793507967212
-0.043264661607482324
-0.04489944529548445
-0.04687396886903277
-0.04924181754801901
-0.05207198891380266
-0.05545384531314864
-0.05950421622750941
-0.06437779670528007
-0.0702827654442203
-0.07750499560607844
-0.08644708246709543
-0.0976940967818905
-0.11212716099674996
-0.13110143616906966
-0.15655609865764586
-0.19004351305477568
-0.2263349631948075
-0.22885658626270106
-0.06294376819247681
0.6291950510519398
2.5545399072914297
6.6927098873423425
13.754436205284577
23.23434199061447
32.786362544881406
38.89997355964
38.899973559639804
32.78636254488081
23.234341990613732
13.754436205283758
6.692709887341613
2.5545399072908235
0.6291950510514333
-0.06294376819290202
-0.22885658626304575
-0.22633496319511795
-0.19004351305503836
-0.15655609865789866
-0.13110143616928702
-0.11212716099695691
-0.09769409678208592
-0.086447082467278
-0.07750499560623003
-0.07028276544434195
-0.06437779670537605
-0.0595042162275987
-0.05545384531320468
-0.05207198891385255
-0.04924181754804792
-0.046873968869085854
-0.04489944529552253
-0.04326466160751771
-0.04192793507972098
-0.04085696882549439
-0.04002703637857016
-0.03941967456660792
-0.039021755995775245
-0.038824855570646404
-0.03673766361082357
-0.03692397882627655
-0.03730050561211226
-0.03787521613691933
-0.03866053207561942
-0.03967392403395384
-0.04093878920148422
-0.042485688207579725
-0.044354062944117895
-0.04659461792735152
-0.04927264147640405
-0.052472691878673774
-0.05630531793934643
-0.060916898398648334
-0.06650442039232762
-0.0733383887003175
-0.08179975527953119
-0.09244213774568485
-0.10609928986586536
-0.12405352093686829
-0.14813976629182224
-0.17982698073814668
-0.21416773224314936
-0.21655500919550982
-0.05956553212548729
0.5953535071866094
2.4171683581866326
6.332826130325559
13.014845358817915
21.98502522409286
31.02344625384827
36.80833791477427
36.80833791477411
31.023446253847837
21.98502522409222
13.014845358817244
6.332826130324939
2.4171683581861307
0.5953535071861872
-0.059565532125845075
-0.21655500919579718
-0.2141677322434124
-0.17982698073837444
-0.1481397662920463
-0.12405352093705924
-0.10609928986604475
-0.09244213774586264
-0.08179975527969016
-0.07333838870045645
-0.0665044203924263
-0.060916898398727576
-0.05630531793942273
-0.052472691878717545
-0.04927264147644575
-0.04659461792736945
-0.04435406294416112
-0.04248568820760606
-0.04093878920150705
-0.03967392403399303
-0.038660532075658595
-0.03787521613697124
-0.03730050561213813
-0.03692397882628447
-0.036737663610853025
-0.0347094208184404
-0.034885449785575735
-0.03524118896129386
-0.0357841703794896
-0.036526129927984194
-0.03748357367938641
-0.038678607089759794
-0.040140103568975516
-0.04190532746411122
-0.04402218394857095
-0.046552356841352255
-0.04957573605341805
-0.05319676710137862
-0.05755374729829178
-0.06283278830613788
-0.06928946057948522
-0.07728368403924119
-0.0873385115112766
-0.10024166594974329
-0.11720466251292391
-0.13996113977801797
-0.1698989991751125
-0.20234415109355136
-0.20460089500588874
-0.056282799936609895
0.5624674702301603
2.2836758403081916
5.983104825235488
12.296139342744583
20.770987196478387
29.310311979025826
34.775766818291196
34.775766818291096
29.31031197902543
20.770987196477854
12.296139342743995
5.983104825234989
2.283675840307784
0.5624674702298187
-0.05628279993690291
-0.20460089500612108
-0.2023441510937674
-0.1698989991753054
-0.13996113977820993
-0.11720466251308669
-0.10024166594988988
-0.08733851151143363
-0.07728368403937415
-0.06928946057960947
-0.0628327883062137
-0.05755374729835562
-0.053196767101444595
-0.04957573605345243
-0.04655235684138696
-0.04402218394858058
-0.041905327464147976
-0.040140103568991656
-0.038678607089773144
-0.03748357367941517
-0.03652612992801112
-0.03578417037952525
-0.03524118896130997
-0.03488544978557576
-0.03470942081846613
-0.03272772071876348
-0.03289369947936906
-0.03322912806482877
-0.033741108474265896
-0.03444070654539571
-0.035343485951173606
-0.03647029005602094
-0.037848343767540316
-0.03951278385690561
-0.041508780392217226
-0.04389449540614637
-0.046745257560228515
-0.0501595491370421
-0.054267771470240145
-0.05924541031209675
-0.06533344449637939
-0.07287124454006849
-0.08235199986541014
-0.09451845891096974
-0.11051296726817894
-0.13197019136848587
-0.1601988397139525
-0.1907918947076248
-0.19292111535285447
-0.053075467907246134
0.5303358561070688
2.1532460047228
5.641407256506832
11.593922881526307
19.58480338733107
27.63648293883133
32.78982995034679
32.789829950346736
27.636482938831072
19.58480338733062
11.59392288152587
5.641407256506437
2.153246004722492
0.5303358561068072
-0.05307546790747421
-0.19292111535303275
-0.19079189470779237
-0.16019883971410864
-0.13197019136863958
-0.11051296726831195
-0.09451845891107988
-0.08235199986554459
-0.07287124454017307
-0.06533344449648823
-0.05924541031215036
-0.054267771470290625
-0.05015954913709801
-0.04674525756025584
-0.04389449540617427
-0.041508780392220335
-0.039512783856938426
-0.03784834376754678
-0.03647029005602744
-0.035343485951191494
-0.03444070654541176
-0.03374110847428613
-0.033229128064835654
-0.03289369947936194
-0.03272772071878591
-0.030781213149060058
-0.03093732018244088
-0.03125279886874455
-0.03173432880921952
-0.03239231769075825
-0.03324140352254485
-0.0343011899905813
-0.03559728277562964
-0.037162728856153474
-0.03904001176716122
-0.04128383429773266
-0.043965044862383465
-0.047176268409688984
-0.05104015051730322
-0.055721739731713335
-0.061447682396519744
-0.06853716455935577
-0.07745404258084522
-0.08889688908621415
-0.10394010849329038
-0.12412115280139925
-0.15067094431826628
-0.17944479612254274
-0.1814487688258602
-0.04992514624203687
0.49877469428793025
2.025131988439076
5.305776757220773
10.904174831538993
18.41968126359731
25.992374153279435
30.839155081341417
30.839155081341374
25.992374153279187
18.419681263597077
10.904174831538736
5.305776757220502
2.025131988438858
0.498774694287747
-0.04992514624219871
-0.18144876882598282
-0.17944479612265893
-0.15067094431837857
-0.12412115280150787
-0.10394010849338943
-0.08889688908628625
-0.07745404258095537
-0.06853716455943093
-0.06144768239661418
-0.05572173973174691
-0.05104015051734321
-0.047176268409735045
-0.0439650448624044
-0.041283834297753494
-0.039040011767156664
-0.037162728856182076
-0.035597282775624205
-0.03430118999058156
-0.03324140352255113
-0.03239231769076491
-0.03173432880922748
-0.03125279886874401
-0.030937320182429232
-0.030781213149080725
-0.028859320641789324
-0.029005680783503015
-0.029301461852420798
-0.02975292639346692
-0.03036983226554726
-0.03116590351981608
-0.032159519840559814
-0.03337468815810281
-0.03484239208527112
-0.036602462597324
-0.038706186984634926
-0.041219990071019896
-0.04423071354175147
-0.04785334529632632
-0.05224262866248773
-0.057611058739958976
-0.06425789235679477
-0.0726180237542797
-0.08334640838833693
-0.09745036868990377
-0.11637137163931346
-0.14126353726756158
-0.16824119301338109
-0.17012150898945919
-0.046814698736384205
0.46761253332498837
1.8986377589342416
4.9743898326156355
10.223147733764108
17.269290602890752
24.369053012000784
28.913143994558993
28.91314399455899
24.369053012000606
17.269290602890692
10.223147733763941
4.974389832615486
1.8986377589341148
0.46761253332488306
-0.046814698736480115
-0.17012150898952688
-0.16824119301344753
-0.1412635372676281
-0.11637137163937396
-0.09745036868996709
-0.08334640838837028
-0.0726180237543636
-0.06425789235683729
-0.057611058740035886
-0.05224262866250038
-0.04785334529635694
-0.04423071354178487
-0.04121999007103352
-0.03870618698464746
-0.0366024625973093
-0.03484239208529329
-0.033374688158084156
-0.032159519840556164
-0.031165903519813912
-0.030369832265549023
-0.029752926393469777
-0.02930146185241629
-0.029005680783490192
-0.02885932064180991
-0.026951992930281044
-0.0270886800458466
-0.027364912773146666
-0.027786539761393395
-0.028362673966148316
-0.029106132406851486
-0.030034080042021485
-0.031168937167484312
-0.03253963966739423
-0.034183386059372725
-0.036148074019046225
-0.0384957383032233
-0.041307481161686546
-0.044690690848687646
-0.048789883570283674
-0.053803510426209476
-0.060011050056854
-0.06781865407162621
-0.07783799130815872
-0.09100981059324992
-0.10868032133435161
-0.13192742346915043
-0.15712249651083127
-0.1588800971930964
-0.04372784442139996
0.4366864636299939
1.773101965369698
4.645513851255657
9.547280863997402
16.1276166170091
22.758032015855022
27.001726581608704
27.001726581608807
22.758032015855008
16.127616617009096
9.547280863997354
4.645513851255613
1.773101965369661
0.43668646362996083
-0.04372784442143281
-0.15888009719311286
-0.157122496510851
-0.13192742346917002
-0.10868032133436219
-0.09100981059327252
-0.0778379913081538
-0.06781865407168065
-0.06001105005686037
-0.05380351042626191
-0.04878988357027328
-0.04469069084870746
-0.041307481161703706
-0.03849573830322556
-0.036148074019048675
-0.034183386059343984
-0.032539639667406875
-0.031168937167451782
-0.030034080042016503
-0.029106132406845026
-0.028362673966149204
-0.027786539761397867
-0.027364912773142267
-0.027088680045835218
-0.026951992930303672
