0.008693709265244074
0.008737799436361715
0.008826901822888599
0.008962902981013847
0.009148742410410974
0.009388554403650762
0.009687875736261177
0.01005393835954672
0.01049607591050605
0.01102628724325649
0.011660022360917099
0.012417291360977866
0.01332425480178447
0.014415552124137813
0.01573779885730157
0.017355007908140874
0.019357328631790002
0.021875770336694647
0.02510763453989118
0.029356372158671037
0.03505622396063425
0.04255490159687749
0.0506820399624105
0.05124956545577056
0.01410768939317182
-0.14085068080531102
-0.5719161014732871
-1.4984252972793994
-3.07951500168355
-5.202038181449735
-7.3407165423537375
-8.709545085798464
-8.70954508579848
-7.340716542353723
-5.202038181449723
-3.0795150016835318
-1.4984252972793852
-0.5719161014732685
-0.14085068080529775
0.01410768939318172
0.051249565455783665
0.05068203996241747
0.04255490159688177
0.03505622396063783
0.029356372158673778
0.02510763453989341
0.02187577033669374
0.01935732863179418
0.017355007908140797
0.01573779885730242
0.014415552124140812
0.013324254801785507
0.012417291360977578
0.011660022360911303
0.01102628724325785
0.010496075910500412
0.010053938359546913
0.009687875736255439
0.009388554403653637
0.009148742410409066
0.008962902981014388
0.008826901822884526
0.008737799436352209
0.00869370926524895
0.008361523036617725
0.00840392852221829
0.008489626306325306
0.008620430859663603
0.00879916936337491
0.00902981813833819
0.009317702399339177
0.00966977776403638
0.01009502123002589
0.010604973173565055
0.011214493250743363
0.01194282696963787
0.012815135288216421
0.013864734065787308
0.015136457638701483
0.016691872958198267
0.018617684734206278
0.021039896347717836
0.02414827038300549
0.028234663365989728
0.03371672783434368
0.04092891228579677
0.048745670872159017
0.04929214629685427
0.013571569372078617
-0.13545999692999383
-0.5500408629028589
-1.4411220253891819
-2.9617568525286657
-5.0031255262868335
-7.060033452406179
-8.376526708004857
-8.37652670800486
-7.060033452406133
-5.003125526286787
-2.961756852528606
-1.4411220253891397
-0.5500408629028133
-0.13545999692995925
0.013571569372105852
0.04929214629688096
0.04874567087217811
0.04092891228581112
0.03371672783435545
0.02823466336599886
0.02414827038301318
0.021039896347723373
0.018617684734216447
0.01669187295820409
0.015136457638708169
0.013864734065796518
0.012815135288222571
0.011942826969642321
0.011214493250741506
0.010604973173569185
0.010095021230022589
0.009669777764037692
0.00931770239933431
0.009029818138340636
0.008799169363374354
0.00862043085966393
0.008489626306321559
0.008403928522210084
0.008361523036624186
0.008026800153970257
0.008067508089380029
0.008149775272684817
0.008275343538681213
0.00844692689228636
0.008668342476374824
0.008944702329458083
0.00928268362539372
0.009690903998983624
0.010180441847567973
0.010765561972161506
0.011464739452820269
0.012302128013915354
0.013309709826031425
0.014530524430919655
0.016023674146177717
0.017872392732195104
0.020197639415687373
0.02318158027829731
0.027104388915045442
0.032367002955434945
0.03929050643694501
0.04679451490894866
0.0473197787557291
0.01303135166984681
-0.13002816033900808
-0.5279986121516522
-1.3833812473991787
-2.8430996225818905
-4.802694173876869
-6.777207346736904
-8.040965734082562
-8.040965734082544
-6.777207346736829
-4.802694173876789
-2.8430996225818026
-1.383381247399104
-0.5279986121515801
-0.13002816033895143
0.013031351669892034
0.04731977875576969
0.04679451490898104
0.03929050643697052
0.03236700295545675
0.027104388915061825
0.02318158027831173
0.020197639415700165
0.01787239273221148
0.016023674146189184
0.014530524430932019
0.013309709826046108
0.012302128013926267
0.011464739452829428
0.010765561972164307
0.0101804418475753
0.00969090399898346
0.009282683625396977
0.008944702329455139
0.008668342476377482
0.008446926892287904
0.008275343538682088
0.008149775272682014
0.00806750808937378
0.00802680015397813
0.007687790228799768
0.007726778872226766
0.00780557151646519
0.007925836430079398
0.00809017299222789
0.008302237129066026
0.008566924972520039
0.008890631686403703
0.009281610940087889
0.009750473235075057
0.010310880898534748
0.010980528715029796
0.01178255027490139
0.012747576978401285
0.01391683058530627
0.015346917213004843
0.017117555217009393
0.01934459506494684
0.022202509040522515
0.02595963817258756
0.03099999109115205
0.03763111615999057
0.04481836855310793
0.045322147837654696
0.012484208594961108
-0.12452677450775175
-0.505674105582768
-1.3249010700591293
-2.7229229170199
-4.599696173880146
-6.490759474968212
-7.701107690197872
-7.701107690197844
-6.49075947496811
-4.599696173880043
-2.722922917019774
-1.3249010700590151
-0.5056741055826678
-0.1245267745076722
0.012484208595026042
0.0453221478377107
0.044818368553154415
0.037631116160027456
0.030999991091184734
0.025959638172611287
0.022202509040544716
0.019344595064967475
0.017117555217031996
0.015346917213022162
0.013916830585324792
0.01274757697842128
0.011782550274917161
0.010980528715043639
0.010310880898542908
0.009750473235085887
0.009281610940091414
0.008890631686409443
0.008566924972519914
0.008302237129069402
0.008090172992231548
0.007925836430081323
0.007805571516463339
0.007726778872222372
0.007687790228808398
0.007342651053335552
0.0073798893202066595
0.007455144606168122
0.007570010283482944
0.007726969033129919
0.007929512649762663
0.00818231745515523
0.008491491504364752
0.008864917920870633
0.009312730850825391
0.009847979254878774
0.010487563514422538
0.011253578641819341
0.012175280845146245
0.013292041236799095
0.01465792460274257
0.016349070335120848
0.01847612777595374
0.021205736306358615
0.02479419045302438
0.02960826375631282
0.03594172411773962
0.042806493027432654
0.04328839739978425
0.011927163914845917
-0.1189259539960748
-0.48294605610904423
-1.2653637681192524
-2.600573805694453
-4.39302861817403
-6.1991335363665545
-7.3551060923331075
-7.355106092333086
-6.1991335363664435
-4.3930286181738865
-2.6005738056942915
-1.265363768119106
-0.4829460561089168
-0.11892595399597136
0.011927163914931004
0.04328839739985624
0.04280649302749356
0.03594172411778837
0.02960826375635722
0.02479419045305673
0.021205736306390235
0.018476127775983536
0.016349070335150137
0.014657924602766543
0.013292041236824594
0.01217528084517183
0.011253578641840085
0.010487563514441075
0.009847979254892874
0.009312730850840207
0.008864917920878436
0.00849149150437341
0.008182317455158399
0.007929512649766775
0.007726969033134714
0.007570010283485707
0.0074551446061663865
0.0073798893202034295
0.007342651053344317
0.006989405844305013
0.007024852624763677
0.007096487473013529
0.007205827105979366
0.00735523476564785
0.007548034260324335
0.007788676939098266
0.008082977005138551
0.00843843833326613
0.008864707526439409
0.009374205773046025
0.009983020393668735
0.010712183430264349
0.011589543600444356
0.012652577904177507
0.013952750109218093
0.015562536587174018
0.017587263398176546
0.020185553052472417
0.023601370640459595
0.02818384980269053
0.03421265423783862
0.04074736504957247
0.04120687815664338
0.011357023667532183
-0.11319363118642345
-0.45968431919004676
-1.2044284124520348
-2.4753516736287806
-4.181508050708909
-5.900659569851432
-7.00097960332424
-7.00097960332419
-5.9006595698513
-4.181508050708741
-2.4753516736285843
-1.2044284124518523
-0.4596843191898919
-0.11319363118629583
0.011357023667638232
0.04120687815673232
0.040747365049647974
0.034212654237900014
0.02818384980274738
0.023601370640501874
0.020185553052514803
0.01758726339821625
0.015562536587209694
0.013952750109248695
0.012652577904209511
0.011589543600475073
0.010712183430289708
0.00998302039369172
0.00937420577306664
0.008864707526458928
0.008438438333279272
0.008082977005150902
0.007788676939105476
0.007548034260329634
0.007355234765653287
0.007205827105983013
0.007096487473011889
0.007024852624760943
0.006989405844313583
0.0066258938471426285
0.006659497073034931
0.006727406258374964
0.0068310592368215
0.006972696339961397
0.007155468507352453
0.0073835955767336935
0.0076625893587951455
0.007999563457110908
0.008403662761352366
0.008886662441887377
0.00946381312744292
0.010155052995059932
0.01098678236410944
0.011994529070972863
0.013227080268193546
0.01475314284324454
0.016672564855867315
0.01913571893815355
0.02237388239033044
0.02671803623474112
0.032433329923824195
0.03862838887741838
0.03906485654783029
0.010770296208464135
-0.10729475543200413
-0.43574664202695396
-1.1417223538274675
-2.3464907198038474
-3.9638409049004832
-5.593512238495551
-6.636562539201521
-6.636562539201477
-5.59351223849539
-3.9638409049002687
-2.346490719803615
-1.1417223538272512
-0.43574664202677066
-0.10729475543185116
0.010770296208591901
0.03906485654793742
0.03862838887750892
0.032433329923899884
0.026718036234810682
0.022373882390384202
0.019135718938207254
0.01667256485591776
0.014753142843286875
0.013227080268231207
0.011994529071011319
0.010986782364145211
0.010155052995089677
0.009463813127469856
0.008886662441913946
0.00840366276137616
0.007999563457129105
0.007662589358810786
0.007383595576744638
0.007155468507358964
0.006972696339967353
0.006831059236826205
0.006727406258374114
0.006659497073032287
0.006625893847151147
0.006249711437289396
0.0062814068504431836
0.006345460512711984
0.006443228624964544
0.00657682432426666
0.006749219655979253
0.006964394877013119
0.00722754886549359
0.0075453913505875376
0.007926548021129243
0.008382125512071344
0.008926508596812472
0.009578503460042137
0.010363011537914704
0.011313543563652951
0.012476116779040248
0.013915537198858059
0.01572598394166783
0.01804929220298452
0.021103609241697983
0.025201130705330147
0.030591985749320486
0.03643555295456295
0.036848167588403875
0.010163096845973824
-0.1011903382292039
-0.4109747876179988
-1.0768310689207334
-2.2131390902145953
-3.7385882556924925
-5.275661091506426
-6.259445857154266
-6.259445857154215
-5.275661091506241
-3.738588255692234
-2.2131390902143258
-1.0768310689204807
-0.4109747876177864
-0.10119033822902461
0.010163096846123834
0.03684816758853006
0.03643555295466885
0.030591985749411185
0.025201130705411905
0.021103609241764035
0.018049292203049044
0.015725983941728812
0.013915537198907198
0.012476116779085446
0.011313543563698009
0.010363011537955937
0.00957850346007656
0.008926508596843035
0.008382125512103069
0.007926548021156273
0.007545391350610088
0.007227548865511827
0.006964394877027438
0.006749219655986698
0.006576824324273028
0.006443228624969327
0.006345460512711711
0.006281406850439401
0.0062497114372976606
0.005858139946244357
0.005887849500717475
0.005947889915874202
0.0060395324203058225
0.00616475775319932
0.006326351747397624
0.006528045278049743
0.00677471148905946
0.007072639713216769
0.007429915198688695
0.007856948696092037
0.008367223702456695
0.008978368101731221
0.00971372312937718
0.010604699898173486
0.011694432425266018
0.013043666272265428
0.014740679705726472
0.01691842122482576
0.019781370901792078
0.023622170479676782
0.02867531416961965
0.03415300916340976
0.034540789463005275
0.00953103094048856
-0.09483628331417189
-0.3851897855792558
-1.0092857185644615
-2.074333309414333
-3.50412262990693
-4.944809619726247
-5.866904847483695
-5.866904847483617
-4.944809619726034
-3.5041226299066404
-2.074333309414016
-1.0092857185641657
-0.38518978557901146
-0.09483628331396453
0.00953103094066129
0.03454078946315106
0.03415300916353141
0.028675314169726438
0.02362217047977056
0.019781370901871126
0.016918421224900195
0.01474067970579743
0.013043666272320885
0.011694432425318122
0.010604699898223744
0.009713723129423323
0.008978368101770155
0.008367223702491197
0.007856948696128675
0.007429915198718936
0.007072639713243542
0.006774711489080384
0.0065280452780673475
0.0063263517474061925
0.006164757753206574
0.0060395324203101316
0.005947889915874897
0.0058878495007121615
0.005858139946252084
0.005448055076283501
0.005475684881205566
0.005531522303993413
0.005616749583485814
0.005733208801245589
0.005883490773505088
0.006071065202925625
0.006300464098530571
0.006577536520460389
0.006909801724257122
0.007306941674880968
0.0077814959807420946
0.00834985851508555
0.009033736546467925
0.009862342297186608
0.010875790240750017
0.012130573506861154
0.013708790516311341
0.01573408290468382
0.018396617359155012
0.021968557156249374
0.02666802210894245
0.031762544742314894
0.032124309583363916
0.008869047122958593
-0.08818191851124729
-0.35818597199013535
-0.938547533382486
-1.9289661920685668
-3.258573803132173
-4.598318770129853
-5.455808386822246
-5.455808386822156
-4.598318770129617
-3.258573803131836
-1.9289661920682089
-0.9385475333821536
-0.35818597198985647
-0.08818191851101183
0.008869047123153909
0.03212430958352957
0.03176254474245248
0.026668022109065694
0.021968557156355227
0.018396617359247715
0.015734082904767754
0.013708790516391544
0.012130573506923379
0.010875790240809178
0.009862342297242227
0.009033736546519388
0.008349858515129881
0.007781495980781119
0.0073069416749220635
0.006909801724290093
0.006577536520490505
0.006300464098553638
0.006071065202946149
0.0058834907735150505
0.005733208801254834
0.00561674958349018
0.005531522303996159
0.005475684881199692
0.005448055076290519
0.005015810712887529
0.005041248386053957
0.0050926557018428605
0.005171121100642593
0.005278340513820956
0.005416699202982565
0.005589391585449022
0.005800590101617651
0.006055679748169137
0.006361583203724345
0.006727214266504177
0.007164117651760452
0.007687386540247795
0.008317005939475649
0.009079870360418124
0.010012911566486024
0.011168140467283184
0.012621141697262842
0.01448574711047114
0.016937036542874977
0.020225588147158625
0.0245522622228393
0.029242904942762014
0.02957723971209921
0.008171248941395596
-0.08116811291191658
-0.3297233454741155
-0.8639877881020572
-1.775745688854482
-2.999759283042947
-4.2331088514784625
-5.022502553386793
-5.022502553386713
-4.233108851478183
-2.9997592830425623
-1.7757456888540735
-0.8639877881016818
-0.32972334547380366
-0.08116811291165289
0.008171248941613278
0.029577239712284674
0.02924290494291585
0.024552262222978953
0.02022558814727669
0.016937036542981655
0.01448574711056451
0.012621141697352308
0.01116814046735294
0.010012911566553245
0.009079870360479659
0.008317005939533387
0.007687386540298175
0.007164117651804783
0.006727214266549221
0.006361583203760058
0.0060556797482018065
0.005800590101642883
0.0055893915854723425
0.005416699202994534
0.005278340513833026
0.005171121100647868
0.0050926557018481635
0.005041248386048547
0.005015810712893386
0.00455708680527127
0.004580198055258745
0.004626903872797911
0.004698193153659144
0.004795606725745595
0.004921311703597842
0.005078210355003462
0.00527009352427254
0.005501853715722762
0.005779780484253745
0.006111972402794786
0.0065089183453990555
0.0069843311187039875
0.007556367961780478
0.008249463688882384
0.009097172376942873
0.010146748129129227
0.011466862749769095
0.013160937346935388
0.015388040646624784
0.01837584326377712
0.022306888270688583
0.02656890620271924
0.02687411924672857
0.0074306481283615295
-0.07372481219040658
-0.2995175604827558
-0.7848615854588143
-1.6131410104828316
-2.7250933030988396
-3.8455311161548007
-4.562658264328898
-4.5626582643288
-3.8455311161545085
-2.7250933030984266
-1.61314101048238
-0.7848615854583942
-0.2995175604824043
-0.07372481219011315
0.007430648128602545
0.026874119246934135
0.026568906202890673
0.022306888270844424
0.018375843263908728
0.015388040646745826
0.013160937347039537
0.011466862749867947
0.010146748129207702
0.009097172377018566
0.00824946368895024
0.007556367961844546
0.006984331118760572
0.006508918345449033
0.006111972402843684
0.005779780484292826
0.005501853715758216
0.005270093524300661
0.005078210355030079
0.004921311703612957
0.004795606725761279
0.004698193153666583
0.004626903872805732
0.004580198055254852
0.004557086805275561
0.004066686092716271
0.004087310270089245
0.004128989930882177
0.004192607552251438
0.004279538148062665
0.004391715621773471
0.0045317299174231504
0.0047029639323303216
0.004909783669658262
0.005157801840553814
0.005454245497670278
0.005808474763221341
0.00623272674854981
0.006743204708365792
0.007361713906507193
0.008118197487858702
0.00905482426800605
0.010232875854295918
0.011744643688420705
0.013732079714260215
0.016398365023153706
0.01990646008207335
0.02371025108502854
0.02398431690293764
0.0066388346994050666
-0.06576774574058686
-0.2672265573220548
-0.7002728284064792
-1.4393106427735503
-2.43146522683644
-3.4311961775616773
-4.071067700355582
-4.071067700355473
-3.4311961775613247
-2.431465226835962
-1.4393106427730458
-0.7002728284060127
-0.2672265573216638
-0.06576774574026216
0.006638834699670849
0.02398431690316448
0.023710251085219188
0.019906460082246016
0.01639836502330043
0.013732079714396373
0.011744643688537063
0.010232875854404813
0.009054824268094083
0.008118197487943677
0.007361713906581972
0.006743204708436952
0.006232726748613042
0.005808474763278022
0.005454245497723789
0.0051578018405977494
0.004909783669697284
0.004702963932362305
0.0045317299174532765
0.004391715621792417
0.004279538148081595
0.004192607552262358
0.004128989930891887
0.004087310270088121
0.0040666860927188984
0.0035382566247439753
0.003556200866010657
0.0035924646097604644
0.0036478156621381408
0.003723450364668087
0.003821051325003367
0.003942871943799038
0.004091855536478122
0.004271800776661656
0.0044875910447739475
0.004745514289674362
0.005053714350709778
0.0054228382084808985
0.005866983607962848
0.006405122348921974
0.007063306626930645
0.007878225619850325
0.008903197646449479
0.01021852139816512
0.011947704643907035
0.014267539716847223
0.017319885271873142
0.02062991057687711
0.020870394856341595
0.005785526303174348
-0.05719393275038209
-0.23243231422106575
-0.6091264119143576
-1.2520040965480512
-2.1150735853181724
-2.98473982189591
-3.5413664515275034
-3.541366451527381
-2.9847398218955243
-2.115073585317638
-1.2520040965474868
-0.6091264119138424
-0.23243231422063027
-0.05719393275002389
0.00578552630346783
0.020870394856590667
0.020629910577088746
0.01731988527206301
0.014267539717010586
0.01194770464405815
0.010218521398295436
0.008903197646569362
0.007878225619949851
0.007063306627026356
0.006405122349005867
0.005866983608042503
0.005422838208551833
0.0050537143507738864
0.004745514289733275
0.0044875910448234965
0.004271800776704974
0.004091855536514363
0.003942871943832549
0.00382105132502641
0.003723450364689293
0.003647815662153141
0.0035924646097707713
0.003556200866013163
0.003538256624745051
0.002963904076449207
0.0029789354818586227
0.0030093126384770266
0.0030556787159342035
0.003119035855865475
0.003200793531207346
0.0033028393518608817
0.003427638849384988
0.0035783740639346463
0.0037591356625052124
0.003975190877016071
0.004233361562387841
0.004542566377401738
0.004914614576772789
0.005365398252050737
0.005916740503273647
0.006599374656847023
0.007457963682179304
0.008559771266125973
0.010008258047721496
0.011951534074340728
0.014508521479143513
0.017281863854532932
0.0174858230319715
0.004857938062752623
-0.04787540515294515
-0.19461535673645508
-0.5100614383510784
-1.0484246586719008
-1.7711942381600334
-2.49949586241846
-2.965645373135109
-2.965645373134965
-2.499495862418036
-1.7711942381594508
-1.0484246586712729
-0.5100614383505107
-0.19461535673597097
-0.047875405152550066
0.004857938063076425
0.01748582303224465
0.017281863854767217
0.014508521479351076
0.011951534074521378
0.010008258047887793
0.008559771266271166
0.007457963682310838
0.006599374656958911
0.005916740503380823
0.005365398252144814
0.004914614576861792
0.004542566377481154
0.004233361562460286
0.003975190877081321
0.0037591356625611555
0.003578374063983137
0.0034276388494258406
0.003302839351897566
0.003200793531234484
0.003119035855887714
0.00305567871595328
0.003009312638486316
0.002978935481865042
0.0029639040764490804
0.002333635541814828
0.0023454705323246988
0.0023693880132917167
0.0024058943838168
0.002455778679271145
0.0025201506467742527
0.002600496493813836
0.0026987574532888713
0.002817438899320639
0.002959761610546306
0.003129872729576856
0.0033331434244102294
0.0035765957701568395
0.0038695277336135703
0.004224451870388179
0.00465855045681602
0.00519602112782571
0.005872028846386365
0.006739533238205614
0.00787999603640573
0.009410052349188375
0.011423453642559714
0.01360785546753017
0.013771699536527036
0.003839877485521559
-0.037650205269139383
-0.15311819576729874
-0.4013554238805379
-0.8250325255474773
-1.3938478290961296
-1.9670268894036003
-2.333893841250978
-2.333893841250812
-1.9670268894031162
-1.3938478290954768
-0.8250325255467872
-0.4013554238799082
-0.153118195766763
-0.03765020526870447
0.003839877485878487
0.013771699536825985
0.013607855467788747
0.011423453642786609
0.009410052349388246
0.007879996036587938
0.006739533238367141
0.00587202884653058
0.00519602112795093
0.004658550456934812
0.004224451870492842
0.003869527733711421
0.0035765957702444742
0.00333314342449032
0.0031298727296481497
0.0029597616106076773
0.0028174388993741865
0.002698757453333419
0.002600496493853224
0.0025201506468052314
0.0024557786792942203
0.002405894383840081
0.0023693880132999974
0.0023454705323356275
0.0023336355418144246
0.001634535800319658
0.0016428252969528778
0.0016595776440861132
0.0016851475336047668
0.0017200876213049532
0.0017651751954638013
0.0018214512240238125
0.0018902753825810192
0.0019734024805062728
0.002073088407492849
0.002192237891698038
0.0023346129842932075
0.002505132050084938
0.002710307508859219
0.002958903298711261
0.003262954043372873
0.003639407914669055
0.004112894573750074
0.004720507396858677
0.005519306596046106
0.006591014569286353
0.00800146161553042
0.0095325925466343
0.009651892824753865
0.002710401052443837
-0.026309062900390354
-0.10709120561555024
-0.28078248959033814
-0.5772533649123641
-0.9753074891158189
-1.3764295936354296
-1.6331755493088833
-1.633175549308672
-1.3764295936349082
-0.9753074891151057
-0.5772533649115985
-0.28078248958964
-0.10709120561496
-0.026309062899911653
0.002710401052836717
0.009651892825081429
0.00953259254691928
0.008001461615778666
0.006591014569507132
0.005519306596245617
0.004720507397037301
0.004112894573908645
0.00363940791480891
0.0032629540435044173
0.0029589032988269516
0.0027103075089660554
0.0025051320501802265
0.0023346129843803444
0.0021922378917745428
0.0020730884075587253
0.0019734024805646237
0.0018902753826286652
0.0018214512240658023
0.0017651751954984723
0.0017200876213292393
0.0016851475336315041
0.001659577644093752
0.001642825296967688
0.0016345358003197257
0.0008494968421565146
0.0008538050020563534
0.0008625114149291976
0.0008758004162167246
0.000893959224198217
0.0009173917994241892
0.0009466391373430978
0.0009824078658366292
0.0010256099630973157
0.0010774178166334143
0.00113934101072455
0.0012133346715355407
0.001301954844845115
0.0014085859760868506
0.0015377825672656907
0.0016957987854046216
0.0018914421547415808
0.002137511910345471
0.0024532846896132415
0.0028684193496972335
0.0034254331911005853
0.004158800580709929
0.004956336143196655
0.005025544838644709
0.0014417265146611444
-0.013574895314253585
-0.05540927775295379
-0.14539493352076316
-0.2990293754783542
-0.5053404561939026
-0.7132645999202127
-0.8463587913858168
-0.8463587913856001
-0.7132645999196185
-0.5053404561931103
-0.2990293754775042
-0.14539493351999533
-0.055409277752299146
-0.013574895313724675
0.0014417265150950317
0.005025544839004727
0.004956336143510931
0.004158800580981954
0.0034254331913441093
0.002868419349915354
0.0024532846898097406
0.002137511910519481
0.0018914421548971647
0.0016957987855493722
0.0015377825673931027
0.0014085859762031673
0.0013019548449485392
0.0012133346716304214
0.0011393410108070153
0.0010774178167043316
0.0010256099631611709
0.0009824078658874306
0.0009466391373880636
0.000917391799462472
0.0008939592242247305
0.0008758004162462236
0.0008625114149376943
0.0008538050020742167
0.0008494968421577063
-4.48531516495862e-05
-4.5080702515955424e-05
-4.554056551882551e-05
-4.6242482734844444e-05
-4.720163394651353e-05
-4.8439369927441925e-05
-4.9984285869379697e-05
-5.187373459597522e-05
-5.415592838032418e-05
-5.689285334394868e-05
-6.0164335043489184e-05
-6.407377682217212e-05
-6.875639256133381e-05
-7.439126620960995e-05
-8.121947661823836e-05
-8.957221846954064e-05
-9.991617262809088e-05
-0.00011292988971647183
-0.00012963444844650562
-0.000151588120358339
-0.0001809388769147026
-0.00021893909230339542
-0.00025718253430694754
-0.00024517739825932056
-4.268199479602955e-06
0.0009303123725966367
0.0034632682029476225
0.008831109956040084
0.01790927294191258
0.030022895751218748
0.042180760262109374
0.04994479289716569
0.049944792897417045
0.04218076026275952
0.030022895752097156
0.017909272942850496
0.008831109956891847
0.0034632682036718765
0.0009303123731835561
-4.2681989989371005e-06
-0.00024517739786159704
-0.00025718253395994733
-0.0002189390920041348
-0.00018093887664589678
-0.00015158812011889164
-0.00012963444823076847
-0.00011292988952448998
-9.99161724547365e-05
-8.957221830979689e-05
-8.12194764776529e-05
-7.439126608190481e-05
-6.875639244869995e-05
-6.407377671800371e-05
-6.016433495388551e-05
-5.6892853266168886e-05
-5.415592830987012e-05
-5.187373454065489e-05
-4.998428582032692e-05
-4.843936988474691e-05
-4.720163391603704e-05
-4.6242482702796295e-05
-4.5540565507313016e-05
-4.508070249592544e-05
-4.485315164697457e-05
-0.0010817874134969544
-0.0010872737960633747
-0.001098361299363861
-0.0011152846846235838
-0.0011384097408027342
-0.0011682509371084846
-0.0012054972689005995
-0.0012510486822289706
-0.0013060666627190097
-0.0013720443661701907
-0.0014509044277404015
-0.0015451369723837247
-0.0016579975430126067
-0.0017937968903327436
-0.001958336241233429
-0.0021595820715223455
-0.002408753884562659
-0.0027221568490552947
-0.003124346013359449
-0.0036530744076517796
-0.004362279303562637
-0.005294649875581141
-0.0063020229640992145
-0.00635674660425474
-0.001682730431355875
0.01774205728012268
0.07170576548753199
0.18760878814456783
0.385306659709697
0.6506231098930533
0.9179052389376094
1.0889555227242802
1.08895552272456
0.9179052389383235
0.6506231098940392
0.3853066597107433
0.18760878814552173
0.07170576548833868
0.01774205728077799
-0.0016827304308199183
-0.006356746603812233
-0.006302022963713204
-0.005294649875249455
-0.004362279303264188
-0.0036530744073871857
-0.0031243460131212923
-0.002722156848842267
-0.0024087538843679257
-0.002159582071345154
-0.0019583362410765283
-0.0017937968901909785
-0.0016579975428880796
-0.0015451369722679284
-0.0014509044276411944
-0.0013720443660828942
-0.001306066662640215
-0.001251048682167303
-0.0012054972688463061
-0.0011682509370612984
-0.001138409740767698
-0.0011152846845895606
-0.0010983612993479249
-0.001087273796041923
-0.0010817874134931666
-0.0023114096192812647
-0.002323132058003631
-0.0023468220871421504
-0.0023829813016136413
-0.002432391252095072
-0.002496151160825707
-0.0025757331434414516
-0.002673060032363596
-0.0027906134630776083
-0.002931583711706747
-0.0031000786681957358
-0.0033014186991025193
-0.003542559522628658
-0.0038327113402119584
-0.004184268768109692
-0.004614252433566208
-0.005146632884380957
-0.005816245891686746
-0.006675554190657431
-0.007805233786911871
-0.009320647016168915
-0.011313678722913986
-0.013470690431064455
-0.013606198429802693
-0.0036808902478661955
0.037654023029237385
0.15256710657127737
0.3994686523243898
0.820710714114302
1.3861167494430573
1.955768164931368
2.3203435919737254
2.3203435919740283
1.9557681649321639
1.386116749444172
0.8207107141154708
0.39946865232546735
0.15256710657218286
0.03765402302997453
-0.0036808902472634727
-0.01360619842930462
-0.013470690430631191
-0.011313678722541437
-0.0093206470158348
-0.007805233786615726
-0.006675554190392299
-0.005816245891448118
-0.005146632884161175
-0.004614252433368261
-0.004184268767933562
-0.0038327113400531913
-0.0035425595224895454
-0.0033014186989728436
-0.0031000786680843995
-0.0029315837116070196
-0.0027906134629884054
-0.002673060032293036
-0.002575733143380268
-0.002496151160773118
-0.0024323912520544068
-0.0023829813015775964
-0.0023468220871206954
-0.002323132057981108
-0.002311409619276719
-0.003814401862926857
-0.00383374676420996
-0.003872841125802869
-0.003932512699349781
-0.004014051230298698
-0.004119270697542154
-0.004250600442157742
-0.004411213593614167
-0.004605205436534823
-0.004837840676096232
-0.005115898289806459
-0.0054481581150232945
-0.0058460986825876835
-0.0063249189120047275
-0.006905072684275296
-0.007614647750759174
-0.008493200616640455
-0.009598217660941901
-0.011016275106909217
-0.01288052289856486
-0.015381453080011195
-0.018671330491880127
-0.022235314287417846
-0.022476474421638387
-0.006155607984435036
0.06189474938354983
0.2511512792880491
0.6578663146066157
1.351850340708514
2.283411219080558
3.222012123599063
3.8227305102230185
3.8227305102233835
3.222012123599982
2.2834112190818328
1.351850340709842
0.6578663146078352
0.251151279289078
0.061894749384388326
-0.006155607983749837
-0.022476474421071438
-0.022235314286926017
-0.018671330491457118
-0.015381453079633383
-0.012880522898229413
-0.01101627510661005
-0.009598217660671801
-0.008493200616390558
-0.007614647750536349
-0.006905072684075314
-0.006324918911825364
-0.005846098682429517
-0.005448158114877118
-0.005115898289679585
-0.00483784067598147
-0.0046052054364322595
-0.004411213593531778
-0.004250600442086844
-0.004119270697482242
-0.004014051230250929
-0.0039325126993107985
-0.003872841125775197
-0.003833746764185915
-0.0038144018629223207
-0.005727527631416525
-0.0057565749926997345
-0.005815277180111174
-0.005904877102458115
-0.006027311374226906
-0.006185303770999502
-0.006382502063170276
-0.006623670853165735
-0.0069149594003968355
-0.00726427289992688
-0.0076817902904199546
-0.008180694882709777
-0.008778222180334957
-0.009497193985904793
-0.010368322603026763
-0.011433782822239643
-0.012752970104950079
-0.014412202538131705
-0.01654148216470003
-0.019340779607781536
-0.023096391709561816
-0.0280383401323
-0.03339955445850194
-0.03380031105952824
-0.00942281919480679
0.09239570576567059
0.37572133438577127
0.9847562510913679
2.0241258250705316
3.4194492299027948
4.825404478008768
5.725267347732689
5.725267347733097
4.825404478009821
3.4194492299042656
2.024125825072068
0.9847562510927699
0.3757213343869565
0.09239570576663826
-0.009422819194016368
-0.03380031105887266
-0.03339955445793543
-0.0280383401318118
-0.023096391709128625
-0.01934077960739534
-0.016541482164357402
-0.014412202537821526
-0.012752970104663579
-0.011433782821985199
-0.010368322602797271
-0.009497193985699317
-0.008778222180152015
-0.008180694882542475
-0.007681790290272786
-0.007264272899792978
-0.006914959400277417
-0.0066236708530686165
-0.006382502063087564
-0.0061853037709308795
-0.006027311374171256
-0.005904877102415785
-0.005815277180076978
-0.00575657499267385
-0.005727527631412337
-0.008279637796486886
-0.00832162819373956
-0.008406487126909279
-0.00853601131915386
-0.008713000299702966
-0.008941391500340063
-0.0092264580583079
-0.009575087575964963
-0.009996169280153714
-0.010501130730284114
-0.01110468634320204
-0.011825893562017104
-0.012689667542053544
-0.013728998784832021
-0.014988283974626655
-0.016528489442328254
-0.01843547494885056
-0.020834019596055207
-0.023912063615190837
-0.027958794918759078
-0.03338882612496252
-0.04053858737528763
-0.048316092751188006
-0.04900445895074573
-0.014129415718404498
0.13203237078554336
0.5391876838510714
1.4148646850980087
2.9097376552743683
4.916944364944845
6.939685270603851
8.234398361501388
8.23439836150186
6.939685270605075
4.916944364946579
2.909737655276162
1.4148646850996616
0.5391876838524663
0.1320323707866804
-0.014129415717475086
-0.049004458949973385
-0.048316092750522774
-0.04053858737471388
-0.033388826124455734
-0.027958794918305534
-0.02391206361478952
-0.020834019595692064
-0.018435474948516564
-0.016528489442032272
-0.014988283974358507
-0.013728998784592607
-0.012689667541838007
-0.011825893561822563
-0.011104686343028301
-0.010501130730126054
-0.009996169280011805
-0.009575087575848448
-0.009226458058209083
-0.00894139150025919
-0.008713000299637275
-0.008536011319106092
-0.00840648712686804
-0.008321628193710826
-0.008279637796483375
-0.011806132293066877
-0.011866007156921264
-0.011987009030347781
-0.012171699876282914
-0.0124240715660438
-0.012749738512521303
-0.013156219715781079
-0.013653336243573223
-0.014253763276818026
-0.014973795392660888
-0.01583441387028284
-0.0168627926539327
-0.018094458092999734
-0.019576450972880445
-0.021372075778048574
-0.023568262948812733
-0.02628743740354129
-0.02970752046247075
-0.03409652667559265
-0.03986710246796849
-0.047612364721512195
-0.05782209483624137
-0.06898260668128192
-0.0702443610214404
-0.02145229290266658
0.18432927968935547
0.7587001135631681
1.9952020629974223
4.107228076481743
6.944101765623459
9.803556917636378
11.634054316516373
11.634054316516943
9.803556917637867
6.944101765625534
4.107228076483907
1.9952020629994056
0.7587001135648475
0.18432927969072163
-0.02145229290154866
-0.07024436102051096
-0.06898260668048298
-0.05782209483555161
-0.04761236472090473
-0.03986710246742302
-0.03409652667511079
-0.02970752046203446
-0.02628743740314314
-0.023568262948458655
-0.02137207577772767
-0.019576450972593744
-0.01809445809274026
-0.016862792653701004
-0.015834413870074497
-0.014973795392470998
-0.014253763276647846
-0.01365333624343084
-0.013156219715661114
-0.012749738512422865
-0.012424071565964635
-0.012171699876226232
-0.011987009030297653
-0.011866007156889421
-0.011806132293063171
-0.016643684925931948
-0.016728092861959233
-0.016898673912767274
-0.017159039735349806
-0.017514817757328188
-0.017973922731310467
-0.018546954332778504
-0.019247757484257545
-0.020094200565407817
-0.021109254216019942
-0.0223224958858358
-0.023772232732249196
-0.025508546096513846
-0.02759774881064793
-0.03012907983009217
-0.03322508204109255
-0.037058332363929365
-0.041879643029320304
-0.048066896203004666
-0.05620241503659586
-0.06712637759138856
-0.08155055817572751
-0.09743304699535543
-0.0998053370558073
-0.03300520542850704
0.2515211667490718
1.048127304166476
2.7656236735031445
5.7017830806462655
9.64779461356843
13.62657410177001
16.174094324931296
16.174094324932
13.62657410177184
9.647794613570962
5.701783080648923
2.7656236735055852
1.0481273041685362
0.25152116675074637
-0.03300520542713672
-0.0998053370546667
-0.09743304699437728
-0.08155055817488305
-0.06712637759064502
-0.056202415035928606
-0.04806689620241361
-0.04187964302878686
-0.03705833236344476
-0.03322508204066019
-0.03012907982969964
-0.02759774881029646
-0.02550854609619481
-0.02377223273196577
-0.022322495885580808
-0.021109254215788912
-0.02009420056520058
-0.01924775748408314
-0.018546954332631177
-0.017973922731188925
-0.01751481775723148
-0.01715903973527933
-0.016898673912706594
-0.016728092861922936
-0.01664368492592728
-0.022759389474132165
-0.02287481185681426
-0.023108070351170865
-0.023464103582599843
-0.02395060655996223
-0.02457840199282585
-0.02536198395610815
-0.02632028405926639
-0.02747773554035962
-0.028865748369854234
-0.030524766484668505
-0.032507170487586654
-0.0348814403983444
-0.03773825009415827
-0.04119962065247896
-0.045433109289042796
-0.05067468377350648
-0.057267291162804386
-0.06572773910358896
-0.07685331654513652
-0.091799740157443
-0.11157647135504273
-0.13354751193271286
-0.13779851144991734
-0.04981888449486542
0.3298071766196675
1.3969131130544006
3.7020654939190627
7.647308818073499
12.953224368834615
18.305564631703845
21.7333814379424
21.733381437943258
18.305564631706112
12.95322436883774
7.647308818076759
3.702065493922057
1.3969131130569317
0.3298071766217223
-0.04981888449318524
-0.13779851144851754
-0.13354751193151537
-0.11157647135400613
-0.09179974015653332
-0.0768533165443182
-0.06572773910286428
-0.05726729116215028
-0.05067468377291577
-0.045433109288511866
-0.04119962065199741
-0.03773825009372675
-0.034881440397950575
-0.032507170487239404
-0.0305247664843546
-0.028865748369572647
-0.027477735540107687
-0.02632028405905375
-0.025361983955927956
-0.024578401992675934
-0.023950606559843803
-0.023464103582511026
-0.023108070351098586
-0.022874811856772294
-0.022759389474124946
-0.029102729376887976
-0.0292503197661273
-0.029548586918211713
-0.030003845723457587
-0.03062593557713298
-0.03142869515879927
-0.032430657578627925
-0.033656030020495074
-0.03513605431132894
-0.03691089300113251
-0.0390322597362389
-0.041567130601252014
-0.044603066468498584
-0.04825600500272122
-0.052681963343118185
-0.058095178433701766
-0.0647973519873006
-0.07322697421980401
-0.08404498170640201
-0.0982721988734056
-0.1173956421834837
-0.1427549865745864
-0.1711908440033941
-0.1779880689529127
-0.07003746934115089
0.40262868446876243
1.7371582621158155
4.626171262930557
9.576858694653733
16.240201366498205
22.96512784205676
27.273157782659403
27.273157782660434
22.965127842059474
16.240201366501932
9.576858694657622
4.626171262934106
1.7371582621188189
0.4026286844711977
-0.07003746933915994
-0.1779880689512559
-0.17119084400197454
-0.14275498657335972
-0.11739564218240228
-0.09827219887243853
-0.08404498170554091
-0.07322697421903011
-0.06479735198660128
-0.05809517843307202
-0.052681963342548425
-0.048256005002205934
-0.0446030664680325
-0.0415671306008386
-0.039032259735868796
-0.03691089300080065
-0.035136054311033976
-0.03365603002024105
-0.03243065757841295
-0.03142869515861922
-0.030625935576995725
-0.030003845723346932
-0.029548586918127864
-0.029250319766079835
-0.029102729376879174
-0.03310379599300081
-0.03327167524004927
-0.033610944317322415
-0.034128786066814853
-0.03483639225040923
-0.03574950356887928
-0.036889200325956
-0.03828301667560788
-0.03996648812644017
-0.04198529674329399
-0.04439826287101685
-0.04728156627914097
-0.050734799523581675
-0.05488983000820705
-0.0599241094666281
-0.06608130448473262
-0.07370455636909194
-0.08329259085911041
-0.095597297994861
-0.11178126637478303
-0.1335459132280846
-0.16246820740213208
-0.19518419201594822
-0.20439592577990612
-0.08655031435337145
0.43722474747261886
1.9226458313406756
5.1451948807270895
10.674314834464198
18.122004804576406
25.64218396827281
30.46095375134702
30.460953751348132
25.642183968275752
18.122004804580484
10.674314834468454
5.145194880730978
1.9226458313439594
0.43722474747527473
-0.0865503143511948
-0.20439592577810234
-0.19518419201439802
-0.1624682074007921
-0.13354591322690623
-0.11178126637372564
-0.09559729799392289
-0.08329259085826052
-0.07370455636833212
-0.06608130448404159
-0.059924109466009706
-0.05488983000764172
-0.05073479952307246
-0.04728156627868907
-0.044398262870613665
-0.041985296742934136
-0.03996648812611627
-0.03828301667533479
-0.03688920032571806
-0.0357495035686886
-0.03483639225025478
-0.03412878606669477
-0.03361094431722575
-0.033271675240005245
-0.033103795992990556
-0.03116256093860523
-0.0313205937782256
-0.03163996407829864
-0.032127433266767605
-0.03279353647932581
-0.03365309088070323
-0.03472593991610354
-0.036038002146717686
-0.03762272789948781
-0.03952311850881523
-0.0417945423503757
-0.04450870805461966
-0.04775936224391697
-0.051670630819434196
-0.05640954604193922
-0.06220546381632691
-0.06938136791298193
-0.07840669370904695
-0.08998931827987691
-0.1052249463165626
-0.125724292677868
-0.15302021692038556
-0.18415529974368555
-0.19417471005668163
-0.08774432717585716
0.39268071046362607
1.761322980044183
4.7369340077128586
9.848756405778083
16.739741233770758
23.701187716802806
28.163135002780855
28.163135002781928
23.701187716805574
16.739741233774623
9.848756405782103
4.7369340077165365
1.761322980047281
0.39268071046613484
-0.08774432717381034
-0.19417471005497283
-0.18415529974222222
-0.15302021691912118
-0.12572429267675944
-0.10522494631556073
-0.08998931827899133
-0.07840669370824578
-0.06938136791226703
-0.062205463815673864
-0.05640954604134735
-0.051670630818910025
-0.047759362243429075
-0.04450870805419801
-0.041794542349988
-0.039523118508477784
-0.037622727899180766
-0.03603800214646142
-0.03472593991588238
-0.03365309088051712
-0.0327935364791813
-0.032127433266650754
-0.03163996407821299
-0.031320593778183706
-0.03116256093859363
-0.020594654699230185
-0.02069909361459836
-0.02091015531406628
-0.021232308104518698
-0.02167251414830776
-0.022240565375980213
-0.02294957530601537
-0.023816672137368305
-0.02486396132702811
-0.026119859925523826
-0.0276209574198074
-0.029414641207595106
-0.031562861561028346
-0.03414764328031861
-0.037279362953674976
-0.041109578531996344
-0.04585171333182077
-0.051815971233053815
-0.05947025456409735
-0.06953989167287902
-0.0830977032688033
-0.10120103742618897
-0.12208705331909975
-0.12994375916144502
-0.06373509134807517
0.24217951902976492
1.1194548480482953
3.032741306641355
6.3255190026491785
10.76933316372267
15.261717728859425
18.142224937124382
18.142224937125192
15.261717728861454
10.769333163725493
6.325519002652111
3.0327413066440556
1.119454848050551
0.24217951903160156
-0.06373509134658259
-0.12994375916019607
-0.12208705331803671
-0.10120103742526643
-0.08309770326798674
-0.06953989167215657
-0.05947025456344104
-0.05181597123247504
-0.04585171333129281
-0.04110957853152416
-0.037279362953236486
-0.03414764327993702
-0.03156286156067182
-0.029414641207285694
-0.027620957419524278
-0.026119859925277454
-0.02486396132681332
-0.023816672137172718
-0.02294957530585439
-0.02224056537584029
-0.021672514148204272
-0.0212323081044316
-0.02091015531401169
-0.020699093614566476
-0.020594654699220095
-0.002049791036419958
-0.002060183813134748
-0.0020811866163408296
-0.002113243945587295
-0.002157048373005342
-0.002213573942207019
-0.002284125065903841
-0.0023704054290651366
-0.0024746136731425734
-0.0025995760185011183
-0.0027489311894590817
-0.002927391277516782
-0.003141115735002444
-0.003398258714104735
-0.0037097907359408752
-0.004090771767932926
-0.004562404479895348
-0.005155519497111384
-0.005916831724394951
-0.006920399861052619
-0.00828575392716168
-0.010185676216818089
-0.012736622821251646
-0.015401196105558214
-0.015106573813841059
-0.00233863085535084
0.043396073233025134
0.15247656099962725
0.34942062615220904
0.6229333080438657
0.9042693733698561
1.0863687896264436
1.086368789626695
0.9042693733706111
0.6229333080448898
0.34942062615329705
0.15247656100060802
0.04339607323386202
-0.0023386308546771567
-0.015106573813289611
-0.015401196105097409
-0.012736622820866898
-0.010185676216472435
-0.008285753926864682
-0.0069203998607841564
-0.0059168317241516735
-0.00515551949689997
-0.004562404479701691
-0.004090771767760378
-0.003709790735774786
-0.0033982587139691905
-0.003141115734877383
-0.002927391277393259
-0.002748931189359897
-0.002599576018409166
-0.002474613673069696
-0.0023704054289906094
-0.002284125065848911
-0.0022135739421516422
-0.002157048372963985
-0.0021132439455578463
-0.002081186616316631
-0.0020601838131317
-0.002049791036407931
0.01976855609207518
0.019868809637969734
0.02007141321045084
0.0203806563247204
0.02080322258681627
0.021348512197884292
0.02202911414765272
0.02286147165882812
0.02386680638471341
0.02507239957285494
0.026513378808526465
0.028235239034895044
0.03029745789454922
0.032778788656993615
0.03578520959222185
0.03946224625411202
0.044014835960466424
0.04974082122674231
0.057089039867385116
0.06675201749857149
0.07973431197152622
0.09691735850054026
0.11603217696865233
0.11985279784690595
0.04385671618715997
-0.28473979188897675
-1.2090482289319828
-3.2064856004239926
-6.6259111572542615
-11.225419593955259
-15.865676148637856
-18.837635667108124
-18.837635667108415
-15.86567614863861
-11.225419593956321
-6.625911157255361
-3.2064856004250055
-1.2090482289328197
-0.28473979188965604
0.04385671618659863
0.11985279784645267
0.1160321769682588
0.0969173585001999
0.07973431197121726
0.06675201749831267
0.057089039867137994
0.04974082122652272
0.044014835960266285
0.03946224625393536
0.035785209592067053
0.03277878865683664
0.030297457894427192
0.028235239034775275
0.026513378808427576
0.025072399572756685
0.023866806384641732
0.02286147165874669
0.022029114147593058
0.021348512197834978
0.02080322258677546
0.020380656324696295
0.020071413210440862
0.019868809637943095
0.01976855609207246
0.038313419754894884
0.0385077194394317
0.03890038190817724
0.03949972048365422
0.04031868836212284
0.04137550363165891
0.04269456438776039
0.04430773836712685
0.04625615403860042
0.048592683479879745
0.05138540503887431
0.05472248896498293
0.05871920372057485
0.06352817322320331
0.06935478180996286
0.07648105301818069
0.08530414481239643
0.09640127296268743
0.11064246270709445
0.12937150931041297
0.15454626131317384
0.18793271970992573
0.22538260746651345
0.23439536090280613
0.09248523372140495
-0.5292579417741007
-2.285107003747295
-6.086750346065884
-12.602009533751538
-21.37181944963462
-30.223124504128236
-35.89349181460705
-35.89349181460783
-30.22312450413026
-21.371819449637464
-12.602009533754497
-6.08675034606859
-2.2851070037495695
-0.5292579417759377
0.09248523371990136
0.23439536090156426
0.22538260746544106
0.18793271970900388
0.15454626131235485
0.12937150930968977
0.11064246270643627
0.09640127296210443
0.08530414481186332
0.07648105301770712
0.06935478180952612
0.06352817322281404
0.05871920372022961
0.05472248896466765
0.05138540503859302
0.04859268347963038
0.04625615403838547
0.04430773836692872
0.042694564387601955
0.041375503631515806
0.040318688362017116
0.03949972048357511
0.03890038190813515
0.03850771943937907
0.03831341975488232
0.048881325994266075
0.049129219603063996
0.04963019067241214
0.05039484564590388
0.051439710693136714
0.052788029136384876
0.05447092899785032
0.05652906837647884
0.059014920611058785
0.06199594206317376
0.06555898996944315
0.06981655581200824
0.07491570440346729
0.08105116076232324
0.08848496489822937
0.097576938302517
0.1088337993935643
0.12299199543868387
0.1411615264228814
0.1650565639540998
0.19717285072225002
0.23975189920412865
0.2874508538911092
0.2986263117980572
0.11649446954919437
-0.6797591332079724
-2.92697513574327
-7.790943047137629
-16.125246936880988
-27.342227519683654
-38.66259449207293
-45.91440188026508
-45.91440188026616
-38.66259449207571
-27.342227519687526
-16.125246936885034
-7.790943047141326
-2.9269751357463774
-0.679759133210485
0.11649446954714279
0.29862631179635435
0.2874508538896398
0.23975189920286916
0.1971728507211309
0.16505656395310314
0.14116152642198826
0.12299199543788125
0.10883379939284164
0.09757693830186151
0.08848496489764127
0.08105116076178845
0.07491570440298931
0.06981655581158358
0.06555898996905862
0.0619959420628298
0.059014920610758234
0.05652906837621628
0.054470928997631334
0.05278802913619553
0.05143971069299683
0.05039484564579012
0.04963019067234367
0.04912921960299868
0.04888132599425636
0.05082256104866549
0.05108030106489107
0.05160117091143901
0.05239619844595253
0.05348256646422082
0.05488444182456674
0.05663418940770186
0.058774082905367515
0.061358680838010125
0.06445812029765635
0.06816271049008595
0.07258941403653141
0.07789114168313435
0.08427035995109626
0.09199952832292226
0.10145277897092965
0.11315698784967755
0.1278778925887535
0.1467695061378712
0.17161288401232994
0.20499447127247333
0.2491998896858898
0.2984797461633773
0.3088475275213045
0.11530045672671743
-0.7243031702169804
-3.0882979870398524
-8.199203920152128
-16.95080536556768
-28.7244910904903
-40.60359074354437
-48.21222062883295
-48.21222062883406
-40.60359074354731
-28.724491090494396
-16.950805365571952
-8.199203920156036
-3.088297987043148
-0.7243031702196394
0.11530045672454439
0.30884752751949773
0.2984797461618297
0.24919988968454992
0.20499447127128917
0.17161288401127267
0.1467695061369307
0.1278778925878968
0.11315698784891584
0.10145277897023185
0.09199952832230388
0.08427035995052636
0.07789114168263275
0.0725894140360765
0.06816271048968538
0.06445812029728702
0.06135868083769657
0.0587740829050892
0.056634189407470795
0.05488444182436801
0.05348256646406932
0.05239619844583791
0.05160117091136186
0.051080301064827804
0.05082256104864942
0.04682149443255173
0.04705894559096111
0.04753881351232958
0.04827125810259898
0.049272109790947545
0.05056363341448205
0.052175646660377786
0.05414709625025054
0.056528247022901684
0.0593837165554894
0.06279670735531306
0.06687497835863943
0.07175940862805388
0.07763653494561235
0.08475738219941792
0.09346665291989953
0.10424978346789024
0.11781227594945473
0.13521718984941808
0.15810381651095756
0.18884420022788093
0.22948666885835484
0.27448639815083464
0.282439670694324
0.09878761171450848
-0.6897071072131352
-2.902810417815069
-7.680180302355804
-15.853349225757672
-26.842687652412877
-37.926534617329445
-45.02442466014672
-45.02442466014772
-37.92653461733214
-26.842687652416625
-15.853349225761583
-7.680180302359381
-2.902810417818083
-0.6897071072155747
0.09878761171251715
0.2824396706926675
0.27448639814941656
0.22948666885712665
0.18884420022679366
0.1581038165099932
0.13521718984855652
0.11781227594867294
0.10424978346719048
0.0934666529192659
0.08475738219884849
0.07763653494509591
0.07175940862758899
0.06687497835822884
0.06279670735494156
0.05938371655515839
0.05652824702261085
0.05414709624999906
0.05217564666016152
0.05056363341430235
0.04927210979080866
0.04827125810249141
0.04753881351226501
0.047058945590903845
0.04682149443253901
0.04047815452979187
0.04068343768164365
0.04109829694528914
0.0417315159617452
0.04259678077377294
0.04371334024851013
0.04510697303785797
0.04681135028902214
0.048869928251930414
0.0513385719242108
0.0542892141037419
0.05781501824497835
0.062037782557902155
0.06711878003705414
0.0732750395087821
0.08080458377524458
0.09012711525409964
0.1018525928924577
0.11689994724660879
0.13668493418269173
0.16324829820184614
0.1983081536388147
0.2368430660801617
0.24225011319133516
0.0785690268682275
-0.6168855993640494
-2.5625652687537084
-6.756074533344464
-13.923799349177749
-23.555710654749824
-33.26697140697729
-39.48464831543061
-39.48464831543146
-33.266971406979565
-23.555710654752986
-13.923799349181042
-6.756074533347481
-2.562565268756252
-0.6168855993661092
0.07856902686654582
0.2422501131899353
0.23684306607896372
0.19830815363777737
0.1632482982009283
0.13668493418187933
0.1168999472458805
0.10185259289180032
0.09012711525351033
0.0808045837747102
0.07327503950830394
0.06711878003661856
0.062037782557511835
0.057815018244632255
0.05428921410343058
0.05133857192393131
0.048869928251687136
0.04681135028880843
0.04510697303767608
0.043713340248358254
0.04259678077365816
0.0417315159616507
0.0410982969452391
0.04068343768159584
0.0404781545297819
0.034362449981591076
0.03453671868678555
0.03488890050688788
0.03542645211449598
0.03616099197113764
0.03710886098699167
0.03829194341452711
0.039738823714008956
0.04148639327697595
0.043582077770374136
0.046086943504909064
0.049080080489639646
0.05266488825607238
0.0569782787535431
0.06220449868639673
0.06859655652729556
0.07651076384452254
0.08646494475897507
0.09923910434602562
0.11603403267415502
0.13857493563579262
0.16828224045950488
0.20072860114280822
0.2042569387972314
0.06175534780187154
-0.5385995894934572
-2.2137794598658136
-5.819632712928636
-11.978273611750705
-20.250280899483943
-28.587980877043897
-33.92536120242005
-33.925361202420724
-28.587980877045734
-20.250280899486512
-11.978273611753398
-5.819632712931092
-2.21377945986789
-0.5385995894951392
0.061755347800497434
0.20425693879608825
0.2007286011418296
0.1682822404586588
0.13857493563504494
0.11603403267349316
0.0992391043454323
0.08646494475844103
0.07651076384404369
0.06859655652686027
0.06220449868600901
0.056978278753189705
0.052664888255754966
0.04908008048935994
0.046086943504656024
0.0435820777701485
0.041486393276778374
0.039738823713834505
0.03829194341437696
0.037108860986868164
0.036160991971043124
0.03542645211441576
0.03488890050684809
0.03453671868674813
0.0343624499815799
0.029524897348726115
0.02967463298174765
0.029977235624470362
0.03043911225543186
0.031070245779853255
0.03188467676820102
0.03290120879752672
0.03414440247332192
0.03564595598838225
0.03744661894701164
0.0395988614893532
0.042170640411321146
0.04525080025255625
0.04895698091577382
0.053447494634352416
0.05893973743501334
0.06573986888413173
0.07429282219212416
0.08526873481861286
0.0996987201055282
0.11906092276591583
0.1445537771200206
0.17227816082873615
0.17469596276286753
0.05020243527603213
-0.47140770243374336
-1.924352269262522
-5.049211102422955
-10.383718607586273
-17.546588051539132
-24.76496369291044
-29.38532119400537
-29.38532119400594
-24.764963692911962
-17.546588051541235
-10.383718607588467
-5.049211102424957
-1.9243522692642194
-0.47140770243511837
0.05020243527490856
0.17469596276193267
0.1722781608279366
0.14455377711932987
0.11906092276530696
0.09969872010498892
0.08526873481812958
0.07429282219168992
0.06573986888374336
0.058939737434658024
0.05344749463403796
0.048956980915486586
0.04525080025229841
0.042170640411093384
0.03959886148914869
0.037446618946828894
0.03564595598822291
0.03414440247317888
0.032901208797403894
0.03188467676809909
0.03107024577977529
0.030439112255361896
0.02997723562444015
0.02967463298171672
0.029524897348716092
0.025998402852146035
0.02613025401856644
0.0263967137210349
0.026803423698303356
0.02735917451351426
0.028076329756019622
0.028971447140053307
0.03006615380571405
0.03138836199171727
0.032973954284634815
0.03486913396227174
0.03713374131940477
0.039846009701609876
0.04310952872772436
0.04706370283092984
0.051899963928526444
0.05788790642943791
0.06541932132570698
0.07508427175820842
0.08779041255631836
0.10483738416936361
0.12727026965906646
0.1516116468986412
0.15345606069217332
0.04287955809176932
-0.4191107935299335
-1.7048398395504356
-4.468873724523567
-9.186228186378937
-15.51943065086059
-21.901092045878034
-25.985665238990485
-25.98566523899096
-21.901092045879274
-15.519430650862333
-9.186228186380765
-4.468873724525234
-1.7048398395518487
-0.41911079353107783
0.04287955809083388
0.15345606069139492
0.1516116468979761
0.12727026965849259
0.10483738416885856
0.08779041255587072
0.07508427175780769
0.06541932132534767
0.05788790642911698
0.05189996392823096
0.04706370283066949
0.04310952872748577
0.03984600970139558
0.03713374131921557
0.03486913396210331
0.03297395428448438
0.03138836199158675
0.030066153805596185
0.028971447139951978
0.028076329755935395
0.02735917451344804
0.02680342369824262
0.026396713721010455
0.02613025401854082
0.025998402852136684
0.023446292687074644
0.0235652008175282
0.023805503774239255
0.02417228948160688
0.024673485588039758
0.025320242026679887
0.026127491144916356
0.02711473708291759
0.02830715211196161
0.02973709645427893
0.03144623790948967
0.033488542640096826
0.03593456433989126
0.03887772392879593
0.042443741459329665
0.046805257308436196
0.05220540158553627
0.058997504267782885
0.06771369030771648
0.07917239724534121
0.09454494975396213
0.11477002241607884
0.13669510860595538
0.13825191280095658
0.038172961568172056
-0.37947412851006024
-1.5413734900851357
-4.038765290516932
-8.300616356175125
-14.021935515818567
-19.78681125328301
-23.476534225221858
-23.476534225222263
-19.78681125328407
-14.021935515820058
-8.300616356176686
-4.038765290518349
-1.5413734900863407
-0.3794741285110334
0.03817296156737711
0.13825191280029525
0.1366951086053903
0.11477002241559177
0.09454494975353353
0.07917239724496071
0.06771369030737645
0.058997504267477845
0.052205401585264564
0.04680525730818432
0.042443741459108966
0.03887772392859315
0.035934564339709665
0.03348854263993589
0.03144623790934862
0.02973709645415185
0.028307152111853078
0.027114737082817662
0.026127491144831906
0.02532024202660816
0.024673485587982512
0.024172289481553096
0.023805503774218126
0.023565200817505967
0.023446292687066952
0.02153316691858493
0.02164237258904034
0.02186306771993443
0.02219992507849644
0.022660225444112926
0.02325420895322274
0.023995589523904178
0.02490227982336867
0.025997398148101328
0.02731066423045065
0.028880345908877898
0.030756005872411722
0.03300244084214622
0.03570544885489668
0.03898049154057914
0.04298612223695557
0.04794563209722659
0.054183519390592655
0.06218848324992368
0.07271214053612368
0.08683001112440988
0.10540301277565776
0.12553086843486996
0.12692807616306587
0.03490575035779869
-0.3489731721279405
-1.4168034349874166
-3.7118753540321814
-7.628340871813119
-12.885897504996345
-18.183418898873324
-21.573997387712204
-21.573997387712556
-18.18341889887425
-12.885897504997642
-7.628340871814471
-3.7118753540334173
-1.4168034349884624
-0.3489731721287829
0.034905750357111485
0.12692807616249394
0.12553086843438138
0.10540301277523668
0.08683001112403921
0.07271214053579386
0.06218848324962952
0.054183519390327645
0.04794563209699111
0.042986122236736014
0.038980491540387324
0.03570544885472023
0.03300244084198889
0.030756005872271938
0.028880345908757522
0.027310664230341515
0.025997398148009675
0.024902279823282934
0.02399558952383335
0.023254208953161336
0.02266022544406309
0.022199925078450207
0.021863067719914926
0.021642372589021942
0.021533166918578907
0.0200301746749394
0.02013175788283562
0.02033704868127705
0.020650393680756912
0.021078565465908965
0.021631089416504996
0.022320722225186048
0.023164126262118417
0.024182806174643297
0.02540440726606074
0.026864526287266512
0.028609266456490465
0.030698901682188317
0.03321324128310387
0.0362596876244139
0.03998572691976199
0.044599064364967536
0.05040154762133642
0.05784776233367014
0.06763685142446876
0.08076920506056745
0.09804536100669103
0.11676624457851766
0.11805780017123069
0.03243103262123045
-0.3247324457736277
-1.3182192622706452
-3.4534776917499643
-7.0972012452189075
-11.988603035358853
-16.917174940205637
-20.071610469462918
-20.07161046946323
-16.917174940206447
-11.988603035359993
-7.097201245220103
-3.453477691751052
-1.3182192622715658
-0.324732445774368
0.03243103262062771
0.11805780017072975
0.11676624457808876
0.09804536100632233
0.08076920506024193
0.0676368514241797
0.05784776233341171
0.05040154762110259
0.04459906436475959
0.039985726919567935
0.0362596876242437
0.03321324128294707
0.030698901682048918
0.028609266456366418
0.026864526287161593
0.025404407265965365
0.024182806174565218
0.02316412626204389
0.022320722225126835
0.021631089416451886
0.02107856546586553
0.020650393680717954
0.020337048681257748
0.020131757882821084
0.020030174674935036
0.01880055246915594
0.018895899620896432
0.019088587893502332
0.01938269706376359
0.019784583954616585
0.0203031891927873
0.020950486350645198
0.021742114911986205
0.022698259374287325
0.02384486792052675
0.02521535204681334
0.026852984729773655
0.028814339702574937
0.03117432683322613
0.034033755097538226
0.037531056557718975
0.041861185365150655
0.0473074585787049
0.0542965541563709
0.0634846920452068
0.07581083734796118
0.09202633215935767
0.1095975771115529
0.11080834834568273
0.03043287280471909
-0.3048204800245136
-1.2373579211869035
-3.2416178275701424
-6.66179719081431
-11.253109395808838
-15.87931201421188
-18.8402224002135
-18.840222400213776
-15.879312014212612
-11.253109395809863
-6.66179719081537
-3.2416178275711065
-1.2373579211877201
-0.30482048002517165
0.03043287280418584
0.11080834834523898
0.10959757711117185
0.09202633215903061
0.07581083734767205
0.06348469204495039
0.0542965541561412
0.04730745857849551
0.04186118536496423
0.03753105655754545
0.034033755097385085
0.031174326833084652
0.02881433970244928
0.026852984729661782
0.025215352046719496
0.0238448679204413
0.022698259374218564
0.021742114911919866
0.020950486350594398
0.020303189192740535
0.019784583954577665
0.019382697063731136
0.01908858789348181
0.018895899620885826
0.018800552469152642
0.017763618207308728
0.017853706527348835
0.01803576715965908
0.018313654861871656
0.01869337584776001
0.01918337762560654
0.019794973367615695
0.020542939964357076
0.021446348639953705
0.022529716407704264
0.0238246119541196
0.02537192153421409
0.027225098552125647
0.029454921209102834
0.0321566383329214
0.03546104670466495
0.03955234765321586
0.04469823161936434
0.05130184259145608
0.059983205757909885
0.07162949692131262
0.08695062137607834
0.10355273668176082
0.1046967791396865
0.028754410572841945
-0.2880087351169882
-1.1691154239023218
-3.0628401493816124
-6.294399804046529
-10.632509181667015
-15.003587535536397
-17.80121167038639
-17.80121167038662
-15.003587535537047
-10.632509181667942
-6.294399804047478
-3.062840149382481
-1.1691154239030523
-0.28800873511757796
0.028754410572365656
0.10469677913928965
0.10355273668141862
0.08695062137578513
0.07162949692105294
0.05998320575768053
0.051301842591249466
0.0446982316191757
0.03955234765304676
0.0354610467045093
0.0321566383327824
0.029454921208974187
0.027225098552010427
0.025371921534111688
0.02382461195403278
0.022529716407625217
0.021446348639890547
0.020542939964296333
0.01979497336757084
0.019183377625564865
0.01869337584772457
0.018313654861844872
0.01803576715963721
0.017853706527341376
0.01776361820730627
0.016869268213504044
0.01695482082277751
0.017127715179212567
0.017391611962919166
0.017752214989615406
0.01821754645625499
0.01879834994440391
0.019508658363925492
0.020366582748478662
0.021395405737727746
0.022625106608352506
0.024094513085856854
0.025854387314720038
0.02797194396680628
0.030537636289035615
0.033675675700790664
0.037560989325846304
0.042447789819302015
0.04871892345339562
0.05696319828785199
0.06802312485329667
0.08257288170306401
0.09833921800425689
0.0994260569027814
0.027308415858699454
-0.27350352743013917
-1.110242877946424
-2.9086141059048134
-5.977461155626267
-10.0971458297219
-14.24814217535407
-16.904908086103383
-16.90490808610361
-14.24814217535466
-10.097145829722724
-5.977461155627115
-2.9086141059055945
-1.1102428779470792
-0.27350352743067147
0.02730841585827196
0.09942605690242375
0.098339218003947
0.08257288170279814
0.06802312485306156
0.05696319828764418
0.048718923453207816
0.04244778981913057
0.03756098932569163
0.03367567570064999
0.030537636288908786
0.027971943966688506
0.0258543873146136
0.02409451308576266
0.022625106608271224
0.021395405737653566
0.020366582748419244
0.019508658363868996
0.018798349944362566
0.0182175464562171
0.017752214989582
0.01739161196289641
0.01712771517918972
0.016954820822771735
0.016869268213502382
0.016084229255343648
0.016165800527883578
0.016330648950056387
0.016582264845532414
0.016926086592509146
0.017369763060215874
0.017923537857723916
0.018600790847180915
0.01941879023107112
0.020399735146867715
0.021572209727378996
0.022973234773098358
0.024651210109479745
0.026670222434033136
0.029116515557588415
0.03210852044282231
0.03581302356591992
0.04047240715589792
0.04645170074615204
0.05431231104150268
0.06485754347511169
0.07873022066824303
0.09376296160081962
0.09479970891667072
0.026039741320915598
-0.26076935984400396
-1.0585609500838287
-2.7732265498352398
-5.699237166192265
-9.627178796799985
-13.584977181638841
-16.11809132818032
-16.118091328180533
-13.58497718163938
-9.62717879680074
-5.699237166193022
-2.7732265498359485
-1.058560950084419
-0.260769359844486
0.026039741320529785
0.09479970891634693
0.09376296160053749
0.07873022066800134
0.06485754347489758
0.054312311041313455
0.04645170074597979
0.04047240715574253
0.03581302356577783
0.03210852044269542
0.02911651555747251
0.026670222433925625
0.024651210109381434
0.02297323477301186
0.021572209727302137
0.020399735146797604
0.019418790231014324
0.018600790847127634
0.01792353785768425
0.01736976306018043
0.016926086592476602
0.016582264845511813
0.01633064895003345
0.016165800527877743
0.016084229255342947
0.015385129513849329
0.015463155292513221
0.015620838580848596
0.01586151799532155
0.016190395534542133
0.01661478760890534
0.01714449258793361
0.01779230877647163
0.018574753812256196
0.01951306194381272
0.020634574889499206
0.021974704332980016
0.023579746389406398
0.025511002209278245
0.027850966985910407
0.03071292402937922
0.03425641035276429
0.0387132728832623
0.04443267490480793
0.05195162160114412
0.062038505695211146
0.07530822864121436
0.08968769867992508
0.09067990220489713
0.02491026488783784
-0.24942821747525545
-1.0125339599320813
-2.6526536155450398
-5.451458005557145
-9.208638456819676
-12.994379885870684
-15.41737303623822
-15.417373036238402
-12.994379885871165
-9.208638456820347
-5.451458005557836
-2.6526536155456766
-1.012533959932616
-0.2494282174756936
0.024910264887488244
0.09067990220460265
0.08968769867966783
0.07530822864099443
0.06203850569501637
0.05195162160097133
0.04443267490465004
0.03871327288312245
0.03425641035263502
0.030712924029265308
0.02785096698580522
0.025511002209180532
0.023579746389316383
0.021974704332900663
0.02063457488942688
0.01951306194374671
0.018574753812202617
0.017792308776421763
0.017144492587895317
0.016614787608871945
0.016190395534510276
0.01586151799530143
0.01562083858082625
0.015463155292505639
0.015385129513849505
0.014754860979215627
0.014829690342981254
0.014980913955660455
0.01521173366320578
0.015527138357946519
0.01593414472447184
0.016442149729885218
0.017063427380373104
0.01781381864764002
0.018713687891852168
0.01978925674205908
0.021074486195001137
0.022613775782159604
0.02446591536611848
0.026710020604247493
0.029454733982920804
0.03285305682374378
0.03712733804746897
0.04261243687689045
0.04982335958982938
0.059497023970059695
0.07222316080463019
0.08601369029292302
0.08696577870945098
0.023892204310606648
-0.2392030175914507
-0.9710367989629242
-2.543947601074498
-5.228065872432729
-8.831292047755777
-12.461910912855831
-14.785621504354083
-14.785621504354268
-12.46191091285626
-8.83129204775639
-5.228065872433351
-2.543947601075078
-0.9710367989634069
-0.23920301759184698
0.023892204310290013
0.0869657787091842
0.08601369029268852
0.07222316080443064
0.05949702396988199
0.04982335958967158
0.042612436876745236
0.037127338047343895
0.03285305682362638
0.029454733982818823
0.02671002060415181
0.02446591536603013
0.022613775782078134
0.02107448619492935
0.019789256741992396
0.018713687891791876
0.01781381864759143
0.017063427380327807
0.016442149729848934
0.015934144724440408
0.015527138357915658
0.015211733663185241
0.014980913955639389
0.014829690342971356
0.014754860979216428
0.014180508430920426
0.014252424958830726
0.014397761984374157
0.014619596717003913
0.014922723849143551
0.015313886930676743
0.01580211713794591
0.016399210693277853
0.017120391934909447
0.017985232509581044
0.019018933329398316
0.020254133406677005
0.021733503951077274
0.023513546334927943
0.025670296507376074
0.028308167859263118
0.03157420586074094
0.03568210408319835
0.04095368674485406
0.04788391299364658
0.05718101832755514
0.06941179701190199
0.08266564357058098
0.08358120688508092
0.02296461607018556
-0.2298844899940142
-0.9332198414783126
-2.444882627511222
-5.024486434556579
-8.487412700597636
-11.976666953378384
-14.209900425961688
-14.209900425961855
-11.976666953378768
-8.4874127005982
-5.02448643455714
-2.4448826275117446
-0.9332198414787476
-0.22988448999437144
0.02296461606989921
0.0835812068848393
0.08266564357036793
0.06941179701172144
0.057181018327393994
0.04788391299350316
0.04095368674472187
0.03568210408308746
0.03157420586063625
0.028308167859172402
0.02567029650729003
0.02351354633484876
0.021733503951005147
0.020254133406613042
0.01901893332933832
0.017985232509527195
0.017120391934866846
0.01639921069323745
0.01580211713791224
0.01531388693064702
0.014922723849114295
0.014619596716982694
0.014397761984354739
0.014252424958818684
0.01418050843092139
0.013652078962948962
0.01372131555475525
0.013861236663251758
0.01407480482689329
0.014366636065749571
0.014743222633907961
0.01521325916432048
0.015788102297423775
0.01648240904190935
0.017315021713799512
0.01831020212140074
0.019499372994164644
0.020923615411007068
0.022637325234526825
0.024713704949793438
0.027253276998336896
0.03039760721258771
0.034352425875353004
0.03942756445460101
0.046099537923296206
0.05505019302125014
0.06682522220170214
0.07958530306243025
0.08046728483848334
0.022111307673953966
-0.22131067700381196
-0.8984255983773219
-2.3537362110191014
-4.837179888331074
-8.17102105907938
-11.530210597712625
-13.680199177133645
-13.680199177133774
-11.530210597712973
-8.171021059079873
-4.837179888331585
-2.3537362110195703
-0.898425598377715
-0.2213106770041317
0.02211130767369513
0.08046728483826535
0.07958530306223685
0.06682522220153983
0.05505019302110431
0.0460995379231668
0.03942756445448173
0.03435242587525508
0.0303976072124953
0.027253276998256505
0.02471370494971644
0.02263732523445627
0.020923615410943827
0.019499372994108102
0.018310202121347208
0.01731502171375203
0.016482409041872554
0.01578810229738843
0.015213259164290087
0.014743222633880412
0.014366636065723054
0.0140748048268723
0.013861236663234302
0.013721315554741884
0.013652078962949721
0.013161678250391832
0.01322842776958633
0.01336332272133428
0.013569219225486286
0.013850567488067124
0.014213626552085419
0.01466677872673973
0.015220972705481277
0.015890338995843002
0.01669304307009887
0.017652475216274513
0.0187989294119858
0.02017201104085062
0.021824161981112276
0.023825955167418315
0.026274302109252967
0.029305683351464582
0.03311843897987961
0.03801127079608556
0.04444357699093334
0.05307271478062641
0.06442479401308727
0.07672664794473985
0.07757748249469225
0.021319494244997142
-0.21335361055399302
-0.8661345952166213
-2.269147453966768
-4.663349520621795
-7.877392982816968
-11.115875659119492
-13.188608613160303
-13.18860861316044
-11.115875659119794
-7.877392982817415
-4.663349520622251
-2.2691474539671868
-0.8661345952169746
-0.21335361055427848
0.021319494244764287
0.07757748249449659
0.07672664794456616
0.06442479401294238
0.05307271478049601
0.044443576990817316
0.038011270795979546
0.03311843897979218
0.0293056833513836
0.02627430210918112
0.023825955167349845
0.021824161981049403
0.020172011040795544
0.0187989294119357
0.017652475216226836
0.016693043070056826
0.015890338995810927
0.01522097270545043
0.014666778726712983
0.014213626552060522
0.013850567488044615
0.013569219225467583
0.013363322721319836
0.013228427769573217
0.013161678250392803
0.012702954342773569
0.012767377438791895
0.012897570892289136
0.013096291278503178
0.013367833699992879
0.01371823905270227
0.014155597496293484
0.014690476128135371
0.015336512963395124
0.01611124035062697
0.01703723335256304
0.018143730105622743
0.01946895561930449
0.021063524003415907
0.022995548495880966
0.02535856291970865
0.028284291013308857
0.03196416003238467
0.03668646103254729
0.042894581094684185
0.05122296989724396
0.06217942006093702
0.0740526492046974
0.07487436202932204
0.02057889343196377
-0.2059103098324825
-0.8359288102252586
-2.1900212513235275
-4.500744842250143
-7.602727002872873
-10.72829792379583
-12.728764324102421
-12.728764324102546
-10.728297923796113
-7.60272700287328
-4.50074484225056
-2.1900212513239015
-0.8359288102255744
-0.20591030983273634
0.020578893431754848
0.07487436202914714
0.07405264920454205
0.06217942006080848
0.05122296989712805
0.042894581094580546
0.03668646103245404
0.031964160032306066
0.028284291013238455
0.025358562919644424
0.02299554849582062
0.021063524003360302
0.01946895561925695
0.01814373010557893
0.017037233352521042
0.01611124035059016
0.015336512963366612
0.014690476128108483
0.014155597496269615
0.013718239052679628
0.013367833699973752
0.013096291278487344
0.012897570892277185
0.012767377438779681
0.012702954342775154
0.012270709979377677
0.012332940943642706
0.012458704290140954
0.012650662795661245
0.012912965412570736
0.013251447482182543
0.013673923878818404
0.014190602131224084
0.01481465619110593
0.015563021830095423
0.016457505944186577
0.017526351776641608
0.018806483644466177
0.02034679339642326
0.022213076559110895
0.02449568424544383
0.027321857973728193
0.030876511213335067
0.0354381252383307
0.041435000278404056
0.049480000888150556
0.060063660174833396
0.0715330094051432
0.07232729215805711
0.01988109525040082
-0.19889650423315175
-0.8074661837092383
-2.1154615060430935
-4.34752433903606
-7.343912482783644
-10.363088005144439
-12.295458490666975
-12.295458490667087
-10.363088005144686
-7.343912482783999
-4.347524339036424
-2.1154615060434274
-0.8074661837095201
-0.1988965042333763
0.01988109525021489
0.07232729215790135
0.07153300940500493
0.06006366017471948
0.049480000888048506
0.04143500027831135
0.03543812523824964
0.030876511213263635
0.02732185797366741
0.024495684245386392
0.02221307655905857
0.020346793396374435
0.018806483644425782
0.017526351776603402
0.016457505944149763
0.015563021830063027
0.014814656191079776
0.014190602131200462
0.013673923878796915
0.013251447482162077
0.012912965412554432
0.01265066279564866
0.012458704290131139
0.012332940943631885
0.012270709979380505
0.011860625109417548
0.011920776324133122
0.012042336678263588
0.012227879958842686
0.012481416460619944
0.012808586508292908
0.013216943803697213
0.013716354740697753
0.01431955299835363
0.015042908355665727
0.015907498922976868
0.016940624054927963
0.01817797405782056
0.019666806813513852
0.0214707189581234
0.023677042060928577
0.026408765208322683
0.02984462202392083
0.03425378691818726
0.04005024673576786
0.047826387564722024
0.05805636811415638
0.06914254498404754
0.06991081227841628
0.01921911143287226
-0.19224213943022653
-0.7804623701201161
-2.04472332086112
-4.20215722169029
-7.098363656008892
-10.016597155548066
-11.884362030005544
-11.88436203000563
-10.016597155548268
-7.098363656009218
-4.202157221690614
-2.0447233208614137
-0.7804623701203648
-0.19224213943042362
0.019219111432707874
0.069910812278279
0.06914254498392619
0.05805636811405719
0.04782638756463371
0.04005024673568598
0.034253786918117674
0.029844622023856023
0.026408765208270325
0.02367704206087736
0.021470718958078464
0.019666806813471535
0.01817797405778682
0.016940624054895135
0.015907498922944664
0.015042908355637711
0.014319552998329193
0.013716354740677292
0.01321694380367756
0.012808586508274765
0.012481416460605509
0.012227879958832922
0.012042336678255139
0.011920776324123715
0.011860625109421636
0.0114690536183727
0.011527218974408376
0.011644766081428701
0.011824183754185057
0.012069349889555044
0.01238571859971361
0.012780594204737003
0.013263517364265743
0.01384680136098696
0.014546275533226526
0.01538232210699895
0.01638133916057343
0.017577838699510195
0.019017518404977136
0.020761875292644436
0.02289535770715617
0.025536894281728686
0.028859317787980593
0.03312291594002747
0.03872800839586191
0.046247427339067296
0.056139696534455455
0.06686000119289291
0.06760343415301806
0.018587045527388192
-0.1858880845151938
-0.7546773680813722
-1.9771779705048476
-4.063351440890021
-6.8638980302233294
-9.68574568376787
-11.49182102033494
-11.491821020335024
-9.685745683768051
-6.863898030223605
-4.063351440890301
-1.9771779705051
-0.7546773680815898
-0.18588808451536526
0.018587045527245383
0.06760343415289888
0.06686000119278868
0.05613969653437048
0.04624742733899292
0.03872800839579074
0.03312291593996896
0.028859317787922528
0.025536894281683643
0.022895357707110087
0.020761875292605717
0.019017518404940287
0.017577838699482352
0.01638133916054564
0.015382322106971474
0.014546275533203356
0.01384680136096476
0.01326351736424892
0.012780594204719168
0.012385718599697757
0.012069349889541562
0.01182418375417708
0.011644766081421065
0.011527218974400087
0.011469053618377623
0.011092871208518752
0.011149128751816187
0.01126282033576713
0.011436353142328236
0.011673477873861512
0.011979469748341161
0.012361393505018586
0.012828476870964497
0.013392629254465865
0.014069160793003136
0.014877785177183765
0.01584403462994392
0.017001289164493366
0.018393747578783815
0.02008088978532654
0.02214439421800498
0.024699288637340694
0.02791273687378156
0.03203648920485756
0.03745773524722798
0.04473052180965428
0.0542983523599502
0.06466716527003459
0.06538674519359078
0.017979846164897936
-0.17978366731239417
-0.7299055136724182
-1.9122866855981142
-3.929999811300774
-6.638645381015337
-9.367894536778751
-11.114704338287687
-11.114704338287776
-9.367894536778904
-6.638645381015573
-3.929999811301014
-1.912286685598332
-0.7299055136726043
-0.17978366731254036
0.01797984616477612
0.06538674519348989
0.06466716526994712
0.05429835235987933
0.04473052180959392
0.037457735247168125
0.03203648920480995
0.027912736873731227
0.02469928863730255
0.022144394217964172
0.020080889785293356
0.01839374757875236
0.017001289164470874
0.015844034629921358
0.014877785177161021
0.014069160792985425
0.01339262925444647
0.012828476870951636
0.012361393505002458
0.011979469748327705
0.011673477873848282
0.011436353142321106
0.011262820335759927
0.011149128751808547
0.01109287120852379
0.010729359211357925
0.01078377320008855
0.010893739121129786
0.011061585273170246
0.01129093944817549
0.011586903995369442
0.011956312142656193
0.012408089224621666
0.012953754378312636
0.013608116027916298
0.014390241846026445
0.015324827363719184
0.016444158729289955
0.017790986342450583
0.019422840952125257
0.021418724376983764
0.023889894893411714
0.02699803833147476
0.030986655090539886
0.03623024699709815
0.043264708241703996
0.052519028045934696
0.06254818909787735
0.06324472358477642
0.017393118705828665
-0.17388479155797631
-0.7059678365093282
-1.849580626973548
-3.801138857475844
-6.420978235206912
-9.060747205422857
-10.75028727416501
-10.750287274165046
-9.060747205422999
-6.420978235207106
-3.8011388574760456
-1.8495806269737303
-0.7059678365094817
-0.1738847915580987
0.017393118705727007
0.06324472358469296
0.06254818909780596
0.052519028045877166
0.043264708241657235
0.03623024699704987
0.03098665509050285
0.026998038331432803
0.02388989489338053
0.0214187243769485
0.019422840952097266
0.01779098634242408
0.016444158729271748
0.015324827363701015
0.014390241846007533
0.013608116027903265
0.012953754378296076
0.012408089224612628
0.011956312142642115
0.011586903995359056
0.011290939448163107
0.011061585273163936
0.010893739121123305
0.010783773200080934
0.010729359211362394
0.010376114002327904
0.010428736504645295
0.010535081987973696
0.010697402095664438
0.010919205180692608
0.011205425605930595
0.01156267162660134
0.011999574725396447
0.012527274790709954
0.013160092703531641
0.01391646836419651
0.014820284242967847
0.01590276351773747
0.01720524909775116
0.01878337761950772
0.02071354988346215
0.023103361145465677
0.026109173953699726
0.029966471836655136
0.03503742718453307
0.04184029428808202
0.050789958166033246
0.06048906112001481
0.061163204341634664
0.016822978458514316
-0.16815246874832568
-0.6827060995903326
-1.7886452713063314
-3.6759167254101706
-6.209457667741793
-8.762273238907744
-10.396160785156107
-10.396160785156159
-8.762273238907854
-6.209457667741951
-3.675916725410335
-1.7886452713064747
-0.6827060995904568
-0.1681524687484245
0.01682297845843239
0.061163204341568675
0.06048906111995894
0.050789958165988316
0.04184029428804756
0.035037427184496255
0.02996647183662764
0.026109173953666093
0.02310336114544114
0.020713549883432388
0.018783377619484096
0.01720524909772895
0.015902763517722185
0.014820284242953181
0.013916468364180593
0.013160092703522646
0.012527274790696093
0.011999574725390745
0.011562671626589404
0.011205425605923768
0.010919205180681589
0.010697402095659276
0.010535081987967963
0.01042873650463704
0.01037611400233138
0.010030974826864585
0.010081846952625187
0.010184655077674208
0.010341575949064579
0.010556001221592306
0.010832701126624503
0.011178064109235929
0.01160043454335633
0.012110581771492178
0.01272235031928287
0.013453566720543614
0.014327319042363972
0.015373791884659363
0.01663295296449977
0.01815858827100542
0.020024557273203136
0.022334876263579113
0.025240706664709192
0.028969699102492488
0.03387197946497025
0.04044856695324347
0.04910056612378157
0.058477185594337275
0.059129453903761786
0.016265933778396767
-0.16255164823665064
-0.6599780501166111
-1.729107969366455
-3.5535676140847268
-6.002790112035671
-8.470647300306078
-10.050159187291353
-10.050159187291397
-8.470647300306162
-6.002790112035793
-3.5535676140848533
-1.7291079693665663
-0.6599780501167067
-0.16255164823672621
0.016265933778334483
0.059129453903713255
0.05847718559429603
0.04910056612374797
0.04044856695321916
0.03387197946494355
0.028969699102473087
0.025240706664683255
0.022334876263560878
0.020024557273179026
0.01815858827098616
0.0166329529644816
0.015373791884646553
0.014327319042352238
0.01345356672053014
0.012722350319277046
0.012110581771480795
0.01160043454335322
0.011178064109226036
0.01083270112662111
0.010556001221582994
0.010341575949060634
0.010184655077668843
0.010081846952615676
0.010030974826867033
0.009691964901695733
0.009741117735472768
0.009840451321453047
0.009992068840460064
0.010199247321532275
0.010466595779313127
0.010800286752296604
0.01120838260436444
0.011701288712594578
0.012292381706790003
0.012998885646918815
0.01384310830457603
0.014854214145648895
0.016070820116872907
0.01754489442539631
0.019347800340033427
0.021580038748396573
0.024387662313971804
0.027990627864719606
0.03272722872251421
0.03908155508896306
0.0474411758468285
0.0565010392384966
0.057131822985685955
0.015718790703509695
-0.15705026240539677
-0.6376535435477297
-1.6706277920264008
-3.4333909085227345
-5.799792112038954
-8.184199428537386
-9.71030114340665
-9.710301143406692
-8.18419942853744
-5.7997921120390314
-3.4333909085228216
-1.6706277920264818
-0.6376535435477961
-0.15705026240544973
0.015718790703465747
0.05713182298565378
0.056501039238468165
0.04744117584680495
0.03908155508894738
0.03272722872249692
0.027990627864707254
0.024387662313953052
0.021580038748384146
0.01934780034001516
0.01754489442538127
0.016070820116858935
0.014854214145638298
0.013843108304566644
0.012998885646907184
0.012292381706786542
0.011701288712585188
0.011208382604363104
0.01080028675228848
0.010466595779312826
0.010199247321525029
0.009992068840457733
0.009840451321448122
0.009741117735462336
0.009691964901697693
0.009357242019048702
0.009404697302634123
0.009500600287810175
0.009646981519474178
0.00984700485044136
0.010105120117346666
0.010427286682413462
0.010821288465719808
0.011297171481550518
0.011867850380793195
0.012549954368338898
0.013365020787760976
0.014341206871351151
0.015515795877120086
0.01693896121761771
0.01867960152801547
0.020834746746388504
0.023545405381944377
0.027023937760013446
0.03159695427157259
0.03773183021005723
0.04580276999797839
0.054549883275287384
0.05515945544455973
0.015178573001277364
-0.151618425814412
-0.6156112927965238
-1.6128870140363967
-3.3147336785759616
-5.599360759628985
-7.901373322868123
-9.374740169484358
-9.374740169484376
-7.901373322868147
-5.599360759629045
-3.3147336785760197
-1.6128870140364477
-0.615611292796562
-0.1516184258144439
0.015178573001250953
0.055159455444542996
0.05454988327527089
0.045802769997964676
0.03773183021004905
0.031596954271563886
0.027023937760007437
0.02354540538193245
0.02083474674638187
0.018679601528003048
0.016938961217607098
0.015515795877110586
0.014341206871343206
0.013365020787753795
0.012549954368328769
0.011867850380791438
0.011297171481542535
0.010821288465719265
0.01042728668240642
0.010105120117348362
0.009847004850436051
0.009646981519473435
0.00950060028780569
0.009404697302623555
0.009357242019051068
0.009025055790421233
0.00907082638848914
0.009163324771244352
0.009304509398120976
0.009497431803403403
0.009746383852032163
0.010057113345490358
0.010437127870208736
0.01089611680106983
0.011446536311102446
0.012104425258166747
0.012890556396422942
0.013832087357785475
0.014964977818771794
0.016337619999019726
0.018016466578074625
0.02009510284880689
0.02270953139296942
0.02606457360312888
0.03047524547889269
0.03639233408376813
0.04417678068689829
0.0526135141850364
0.053202036285642934
0.014642452980184411
-0.14622774193909457
-0.5937360542260947
-1.555583742146182
-3.196975529421081
-5.400448104466081
-7.620690232920542
-9.041721791690744
-9.041721791690776
-7.62069023292055
-5.400448104466102
-3.196975529421093
-1.5555837421462009
-0.5937360542261054
-0.1462277419391045
0.014642452980175934
0.05320203628564134
0.05261351418503164
0.04417678068689345
0.036392334083765784
0.030475245478890255
0.026064573603127424
0.02270953139296329
0.020095102848805717
0.0180164665780684
0.01633761999901443
0.014964977818768032
0.013832087357781315
0.012890556396418548
0.012104425258158219
0.011446536311101988
0.010896116801062792
0.010437127870208476
0.010057113345484009
0.009746383852034884
0.009497431803399944
0.009304509398121386
0.009163324771240308
0.009070826388478975
0.00902505579042466
