-0.0013033948893073472
-0.0013100050600840776
-0.0013233636381261506
-0.0013437534632968968
-0.0013716152368717716
-0.0014075687881332695
-0.0014524442120878837
-0.0015073257511126097
-0.0015736127404951835
-0.0016531040952809095
-0.0017481161402227796
-0.0018616488672060488
-0.0019976243691614184
-0.0021612359261021534
-0.002359472319822309
-0.0026019306145998854
-0.0029021263524164134
-0.003279700956906085
-0.003764234628394641
-0.004401221841059386
-0.00525576526452549
-0.006379993167596357
-0.007598431144101888
-0.007683459864432356
-0.0021148123297772686
0.02111770111639123
0.08574602761869567
0.22465452076563242
0.4617019312843058
0.7799244672066299
1.1005689990964789
1.3057926205380237
1.3057926205380241
1.100568999096474
0.7799244672066306
0.46170193128429743
0.2246545207656271
0.08574602761869031
0.021117701116387232
-0.0021148123297815655
-0.007683459864435613
-0.0075984311441045956
-0.006379993167597963
-0.005255765264526765
-0.004401221841059625
-0.003764234628395222
-0.003279700956905582
-0.0029021263524163367
-0.0026019306146002046
-0.002359472319823998
-0.002161235926101688
-0.0019976243691606586
-0.001861648867206346
-0.0017481161402231465
-0.0016531040952806
-0.0015736127404950592
-0.0015073257511142644
-0.0014524442120898906
-0.0014075687881355738
-0.0013716152368741167
-0.0013437534633004837
-0.00132336363812767
-0.0013100050600865604
-0.0013033948893072527
-0.0010771705950689962
-0.0010826334681837276
-0.0010936734577984713
-0.0011105243124926653
-0.0011335502429408787
-0.0011632634973484963
-0.0012003500947233164
-0.00124570609017048
-0.0013004879423536583
-0.0013661823363090974
-0.0014447035621062284
-0.0015385309156262382
-0.001650905748392329
-0.001786119964033642
-0.001949949329515218
-0.002150325184173455
-0.002398417228250933
-0.0027104577932088422
-0.003110892939006501
-0.003637320782955038
-0.004343544193624447
-0.005272643025189907
-0.006279596136409346
-0.006349844189984552
-0.0017476393628111796
0.01745277408378803
0.07086455282859494
0.1856648484733958
0.38157167893984545
0.6445654439020658
0.9095609344922415
1.0791672704073876
1.079167270407388
0.9095609344922314
0.6445654439020637
0.38157167893982974
0.18566484847338424
0.07086455282858446
0.017452774083780178
-0.0017476393628179617
-0.006349844189990051
-0.006279596136413813
-0.005272643025193584
-0.004343544193627221
-0.003637320782957026
-0.0031108929390085715
-0.002710457793209884
-0.0023984172282524733
-0.002150325184175742
-0.001949949329517579
-0.0017861199640343698
-0.001650905748392429
-0.0015385309156266524
-0.0014447035621069759
-0.0013661823363088836
-0.001300487942354233
-0.001245706090172012
-0.0012003500947258532
-0.0011632634973506274
-0.0011335502429434393
-0.0011105243124961443
-0.0010936734577994373
-0.001082633468186509
-0.0010771705950687821
-0.000849218801900571
-0.0008535256163276395
-0.0008622293122458186
-0.0008755141720788963
-0.0008936673317994413
-0.000917092637021353
-0.0009463309305550738
-0.0009820886431905415
-0.0010252775023028772
-0.0010770695786553462
-0.0011389740575977133
-0.0012129455628435422
-0.0013015395061955256
-0.00140813953175859
-0.001537299128770556
-0.0016952711917037032
-0.0018908616655610713
-0.0021368677567992693
-0.002452562179053342
-0.002867586393092917
-0.0034243571742526274
-0.0041568368488742605
-0.004950690015466158
-0.005006044023308443
-0.001377660086053529
0.013759868766000084
0.05586946147092672
0.1463774929482159
0.3008296339801821
0.5081729552920747
0.7170945235761351
0.8508116358313106
0.8508116358313061
0.7170945235761197
0.5081729552920653
0.3008296339801608
0.14637749294819977
0.05586946147091276
0.013759868765988274
-0.0013776600860628163
-0.005006044023316321
-0.004950690015472544
-0.004156836848879903
-0.0034243571742570336
-0.0028675863930966478
-0.0024525621790565666
-0.0021368677568014143
-0.0018908616655638508
-0.0016952711917072663
-0.001537299128773123
-0.0014081395317598895
-0.0013015395061963084
-0.0012129455628437282
-0.001138974057598688
-0.001077069578654952
-0.0010252775023040605
-0.000982088643191505
-0.000946330930557732
-0.000917092637022934
-0.0008936673318018294
-0.0008755141720819491
-0.0008622293122462648
-0.000853525616330536
-0.0008492188019005331
-0.0006183474694845493
-0.0006214834187549172
-0.0006278208983941239
-0.0006374940911218197
-0.0006507120710562229
-0.0006677688928279988
-0.000689058363673204
-0.0007150948614074132
-0.0007465422476639473
-0.0007842539494342631
-0.0008293288588712817
-0.0008831902076505528
-0.0009476986825073667
-0.0010253180352500168
-0.0011193638227356261
-0.0012343889974147627
-0.0013768054745441145
-0.0015559313390861368
-0.0017857996987632567
-0.0020879934489991445
-0.0024933974346491306
-0.0030267396496357563
-0.0036047633209440044
-0.003645031649932298
-0.001002937948769828
0.010019679361164768
0.0406823545513558
0.10658704320304074
0.21905363971657843
0.3700338768180299
0.5221634600954204
0.6195317644209495
0.619531764420939
0.5221634600954006
0.37003387681801114
0.21905363971655162
0.10658704320301865
0.040682354551336786
0.010019679361149031
-0.0010029379487817053
-0.0036450316499426517
-0.0036047633209524022
-0.0030267396496435695
-0.0024933974346551015
-0.0020879934490045425
-0.0017857996987673684
-0.0015559313390890736
-0.001376805474547826
-0.0012343889974190253
-0.0011193638227383936
-0.0010253180352515468
-0.0009476986825085519
-0.0008831902076504722
-0.0008293288588723578
-0.0007842539494336265
-0.0007465422476655953
-0.0007150948614078132
-0.0006890583636758167
-0.0006677688928292045
-0.0006507120710584323
-0.0006374940911245642
-0.000627820898394326
-0.0006214834187578783
-0.000618347469485006
-0.0003833020274789389
-0.0003852459425582025
-0.0003891744251468452
-0.00039517065246601375
-0.00040336422543311014
-0.00041393742269094634
-0.0004271343575209094
-0.0004432738824734536
-0.00046276751206402096
-0.0004861442684760259
-0.0005140853326202552
-0.0005474729366323908
-0.0005874604816351787
-0.0006355751955858194
-0.0006938723212614522
-0.0007651741342720262
-0.000853455236194834
-0.0009644916880292751
-0.0011069822592030022
-0.001294305579121963
-0.0015456060560922044
-0.0018762103529589387
-0.002234502038446797
-0.0022594106677647835
-0.0006214346757444545
0.0062118878016847075
0.025220721776756883
0.06607731600668779
0.1357994003272634
0.2293976854604598
0.32370866393723285
0.38407108916815313
0.3840710891681367
0.32370866393721476
0.22939768546042794
0.13579940032723203
0.06607731600665775
0.02522072177673383
0.0062118878016645535
-0.000621434675759217
-0.0022594106677778962
-0.002234502038457451
-0.0018762103529684996
-0.001545606056100041
-0.0012943055791289535
-0.001106982259208121
-0.0009644916880329501
-0.0008534552361992389
-0.0007651741342762381
-0.0006938723212645327
-0.0006355751955875459
-0.000587460481636823
-0.0005474729366325502
-0.0005140853326216803
-0.00048614426847540184
-0.00046276751206621625
-0.0004432738824736134
-0.00042713435752360536
-0.00041393742269214243
-0.00040336422543530174
-0.0003951706524683489
-0.00038917442514681006
-0.0003852459425607985
-0.0003833020274799962
-0.00014273625803495416
-0.00014346014253135953
-0.00014492304980544095
-0.0001471559536510242
-0.00015020711525638914
-0.00015414441207527814
-0.00015905874768319108
-0.00016506885720424963
-0.00017232798134330794
-0.00018103311841067464
-0.0001914379275894274
-0.00020387093539649408
-0.00021876164581481942
-0.00023667876744621003
-0.0002583876288220037
-0.00028493918140418475
-0.00031781346937068003
-0.00035916134018824887
-0.00041222193980554973
-0.0004819769399212826
-0.000575554559013731
-0.0006986592679426471
-0.0008320578417020091
-0.0008412443018641818
-0.00023096288585327477
0.0023146924274071168
0.009396027216608926
0.024616339986920033
0.05059017215858186
0.08545904579207508
0.12059370788978874
0.1430812730267892
0.14308127302677098
0.12059370788976187
0.08545904579203667
0.050590172158544
0.024616339986886726
0.009396027216580435
0.00231469242738256
-0.00023096288587099259
-0.000841244301880012
-0.0008320578417150941
-0.0006986592679541709
-0.0005755545590235079
-0.0004819769399298521
-0.00041222193981200854
-0.00035916134019299724
-0.00031781346937573545
-0.0002849391814083147
-0.00025838762882580534
-0.00023667876744871193
-0.00021876164581712313
-0.00020387093539762035
-0.00019143792759150798
-0.00018103311841049705
-0.00017232798134588704
-0.0001650688572044992
-0.00015905874768591265
-0.000154144412076747
-0.00015020711525866163
-0.00014715595365304016
-0.00014492304980533058
-0.00014346014253345377
-0.0001427362580363931
0.00010482134327995888
0.0001053529485078419
0.0001064272763783825
0.00010806707377494654
0.0001103077833114227
0.00011319925370046691
0.00011680824398769304
0.00012122195272762045
0.00012655291954645205
0.00013294582001881368
0.00014058694227192742
0.00014971755843492087
0.00016065310118462055
0.00017381123993043517
0.0001897540508169382
0.00020925338884610805
0.0002333962699392761
0.00026376242489279745
0.0003027310127015105
0.0003539613754888187
0.00042269074400429815
0.0005131165772714382
0.0006111480276892308
0.0006181429453458618
0.00017086866091128687
-0.001695736488665861
-0.00688850218834966
-0.018049438891233227
-0.03709514522881846
-0.06266230720667965
-0.08842357020245162
-0.10491147242254195
-0.10491147242256527
-0.08842357020247471
-0.06266230720672172
-0.0370951452288647
-0.0180494388912745
-0.006888502188382925
-0.0016957364886944874
0.00017086866089027547
0.0006181429453270028
0.0006111480276736825
0.0005131165772580175
0.00042269074399232335
0.0003539613754785743
0.0003027310126933495
0.0002637624248864722
0.0002333962699332076
0.00020925338884182024
0.000189754050811767
0.00017381123992652554
0.00016065310118125843
0.00014971755843247773
0.0001405869422690404
0.0001329458200184301
0.0001265529195435208
0.00012122195272705602
0.00011680824398485612
0.00011319925369852987
0.00011030778330875317
0.00010806707377307564
0.00010642727637804337
0.0001053529485062839
0.00010482134327823435
0.0003610076781024442
0.00036283853376062433
0.00036653853334327495
0.00037218601687437044
0.00037990304831088785
0.00038986130594147487
0.00040229070684895743
0.00041749156119916904
0.0004358514528706146
0.0004578686405617557
0.00048418469432757517
0.0005156305456148313
0.0005532925289826953
0.0005986090726830093
0.0006535159251041776
0.0007206712829061568
0.0008038186989202797
0.0009083985146289856
0.0010426040255440486
0.0012190367817317086
0.0014557304914749047
0.0017671297790649715
0.0021046586120578277
0.002128401808359457
0.0005867203696621173
-0.005845905898639165
-0.023740513394568175
-0.06220206620065652
-0.12783620827294817
-0.2159455541637758
-0.3047249146891031
-0.36154654572987743
-0.3615465457298963
-0.304724914689126
-0.21594555416382344
-0.12783620827299674
-0.06220206620070409
-0.02374051339460584
-0.005845905898671785
0.0005867203696377906
0.0021284018083378257
0.00210465861203992
0.0017671297790495186
0.0014557304914605846
0.001219036781719621
0.0010426040255338315
0.0009083985146207227
0.0008038186989128737
0.0007206712829010858
0.0006535159250971299
0.0005986090726771364
0.0005532925289780375
0.000515630545610936
0.0004841846943238774
0.00045786864056065134
0.0004358514528675064
0.0004174915611981228
0.00040229070684621245
0.0003898613059391139
0.0003799030483080106
0.0003721860168726173
0.0003665385333423445
0.0003628385337596065
0.0003610076781007435
0.0006276741964160249
0.0006308574528603131
0.0006372905363866261
0.0006471096543929655
0.0006605270357325351
0.0006778411721401157
0.0006994518132947653
0.0007258810990613182
0.0007578029092370289
0.0007960835502266504
0.0008418384989555699
0.0008965124683299949
0.0009619942313325183
0.0010407847329303853
0.0011362495888904466
0.001253010505386759
0.0013975762479057144
0.001579405701973974
0.0018127441506742385
0.0021195011734966808
0.002531030471824649
0.003072443156454014
0.0036592677994846234
0.0037004480886588167
0.0010196018641226328
-0.010165795362437322
-0.04128175807855236
-0.10816054453913662
-0.22228862783451775
-0.37549818161779314
-0.5298731254878348
-0.6286781625013085
-0.6286781625013271
-0.5298731254878617
-0.37549818161785
-0.22228862783457515
-0.10816054453919194
-0.04128175807859516
-0.010165795362473737
0.0010196018640948486
0.0037004480886343536
0.0036592677994644086
0.0030724431564364404
0.002531030471808122
0.002119501173482868
0.001812744150661859
0.0015794057019638394
0.001397576247896624
0.0012530105053803454
0.0011362495888810036
0.0010407847329223002
0.0009619942313262634
0.0008965124683248877
0.0008418384989512077
0.0007960835502252069
0.0007578029092340142
0.0007258810990601776
0.0006994518132924204
0.0006778411721378803
0.0006605270357298268
0.0006471096543916198
0.0006372905363850375
0.0006308574528600603
0.0006276741964143637
0.0009069485859160803
0.0009115481840973859
0.0009208435706496208
0.0009350315562949962
0.0009544187977483358
0.000979436595888526
0.0010106625626210527
0.0010488511555472306
0.0010949760863676835
0.00115028911038204
0.0012164020175740348
0.0012954023217417925
0.001390019173400665
0.0015038662698180097
0.0016418066980544545
0.001810518508343004
0.0020194064180381003
0.0022821378539188246
0.0026192962266642695
0.0030625392368681757
0.0036571703822470955
0.004439471725694389
0.00528737998936573
0.00534682643032107
0.0014729725011543065
-0.014689855201954143
-0.059652147276697626
-0.15629145769821307
-0.32120580424156003
-0.5425928669114573
-0.7656641072645045
-0.908437110201235
-0.9084371102012587
-0.7656641072645329
-0.5425928669115194
-0.3212058042416232
-0.15629145769827388
-0.05965214727674496
-0.01468985520199426
0.0014729725011230904
0.005346826430294005
0.005287379989343244
0.004439471725674648
0.003657170382228409
0.003062539236852595
0.0026192962266495612
0.0022821378539067197
0.002019406418027194
0.0018105185083349073
0.0016418066980428514
0.001503866269808295
0.0013900191733932036
0.0012954023217360998
0.0012164020175693523
0.001150289110380342
0.0010949760863649
0.0010488511555459892
0.0010106625626192314
0.0009794365958865475
0.0009544187977461936
0.000935031556293977
0.0009208435706476263
0.0009115481840977148
0.0009069485859146487
0.0012013138966398703
0.0012074063703309465
0.0012197187279862872
0.0012385116584328372
0.0012641913487818873
0.0012973290855748665
0.001338689953969078
0.0013892732829034033
0.0014503688178102176
0.0015236345911466154
0.0016112055249293334
0.0017158466685121502
0.0018411729609736156
0.0019919709811214896
0.002174682205498461
0.0023981521462811254
0.0026748379604269908
0.0030228430323674758
0.003469431394719086
0.004056535636050079
0.004844162894944117
0.005880370023516365
0.0070034714148933825
0.007082176925862572
0.0019508703513914025
-0.019458286579077517
-0.07901495147766004
-0.20702259634042766
-0.42546693118765366
-0.7187147838697507
-1.0141936236429345
-1.2033099500295559
-1.2033099500295756
-1.0141936236429767
-0.7187147838698167
-0.4254669311877247
-0.20702259634049364
-0.07901495147771333
-0.01945828657912161
0.001950870351356652
0.00708217692583271
0.007003471414868635
0.005880370023494339
0.004844162894923318
0.004056535636032702
0.003469431394701934
0.0030228430323534033
0.0026748379604140315
0.0023981521462710146
0.00217468220548469
0.0019919709811106892
0.0018411729609650888
0.0017158466685062979
0.001611205524924377
0.001523634591144902
0.0014503688178075231
0.0013892732829022072
0.0013386899539673828
0.001297329085573094
0.0012641913487800248
0.0012385116584317816
0.001219718727983728
0.0012074063703315372
0.001201313896638624
0.0015137121353085783
0.001521388938713179
0.0015369030884375655
0.0015605830646218985
0.0015929406820596873
0.0016346957885544865
0.0016868124272334968
0.0017505497993324586
0.0018275330444314677
0.0019198513609337655
0.0020301948502948557
0.002162047603708917
0.0023199646128581317
0.0025099771897073007
0.0027402018937230407
0.003021784479712103
0.00337042153981596
0.003808924168259008
0.004371646284842105
0.005111424829583493
0.006103871397349378
0.007409539214496932
0.00882469413894144
0.008923846046793894
0.0024580811537574404
-0.024518717169606515
-0.09956360810867654
-0.2608607956938207
-0.5361136564122039
-0.9056235320239399
-1.2779446870631912
-1.516242702368695
-1.5162427023687208
-1.2779446870632412
-0.9056235320240181
-0.5361136564122819
-0.260860795693895
-0.09956360810873739
-0.024518717169655563
0.0024580811537187742
0.008923846046760914
0.008824694138914076
0.007409539214472386
0.006103871397326403
0.005111424829564094
0.0043716462848225335
0.003808924168242638
0.003370421539800902
0.0030217844796996546
0.002740201893707274
0.002509977189695618
0.0023199646128485678
0.002162047603702762
0.0020301948502894785
0.0019198513609316235
0.0018275330444285452
0.0017505497993309665
0.0016868124272315513
0.0016346957885524877
0.0015929406820579153
0.0015605830646203034
0.0015369030884346637
0.0015213889387134948
0.0015137121353078432
0.0018476826957268273
0.0018570532331419142
0.0018759902714751886
0.0019048947634495799
0.0019443914455693748
0.0019953589856695104
0.0020589741237233066
0.00213677387852838
0.0022307419441863954
0.00234342845887285
0.0024781170409832656
0.0026390604764743295
0.0028318187243411785
0.0030637537840011433
0.0033447729698127264
0.00368848112148736
0.004114037964635385
0.004649287393915451
0.005336162811002859
0.006239158521464732
0.007450568209048032
0.009044304728986197
0.010771683168628816
0.010892703051455989
0.003000364216884857
-0.029928439898913316
-0.12153081702421137
-0.31841576881651623
-0.6543990648689366
-1.105435881719718
-1.5599043224408855
-1.8507793833428159
-1.85077938334284
-1.5599043224409457
-1.1054358817197971
-0.6543990648690226
-0.3184157688166007
-0.121530817024279
-0.02992843989896771
0.003000364216841858
0.010892703051419539
0.010771683168598282
0.009044304728958726
0.007450568209022706
0.006239158521443135
0.005336162810981036
0.004649287393896797
0.0041140379646184095
0.0036884811214727958
0.003344772969795346
0.0030637537839888177
0.002831818724330405
0.0026390604764675793
0.00247811704097699
0.0023434284588698916
0.0022307419441825816
0.002136773878526366
0.0020589741237205493
0.001995358985667226
0.0019443914455672656
0.0019048947634474405
0.0018759902714718048
0.0018570532331418645
0.0018476826957265252
0.0022075513234823783
0.002218746937302091
0.002241372295764949
0.0022759064441517816
0.0023230957973298227
0.002383990159061125
0.0024599954600088977
0.002552948080250269
0.00266521807298508
0.0027998522603500256
0.0029607738027655
0.0031530637904774003
0.003383365081467692
0.0036604735528291557
0.003996226140845243
0.004406877464225904
0.004915318937483284
0.005554817535433042
0.00637547391326679
0.00745434375773566
0.008901696579616918
0.010805841280105347
0.012869658225872254
0.013014254483561288
0.003584760995819616
-0.035757468258287635
-0.1452009544409989
-0.38043263579032605
-0.7818545344070311
-1.3207387105510962
-1.8637229345161272
-2.2112510893201893
-2.2112510893202204
-1.8637229345161965
-1.3207387105511925
-0.7818545344071278
-0.38043263579042025
-0.14520095444107473
-0.035757468258348316
0.0035847609957715665
0.013014254483520536
0.012869658225837643
0.010805841280074311
0.008901696579589065
0.00745434375771142
0.0063754739132430675
0.005554817535411805
0.004915318937464612
0.004406877464209171
0.003996226140826719
0.003660473552816008
0.0033833650814558006
0.003153063790469468
0.0029607738027581662
0.0027998522603455383
0.0026652180729798917
0.0025529480802470297
0.0024599954600050926
0.0023839901590582127
0.0023230957973272982
0.0022759064441491197
0.002241372295761283
0.0022187469373016033
0.0022075513234825657
0.002598694129663518
0.0026118734273378494
0.0026385076377531654
0.002679160685361325
0.0027347112378232133
0.0028063951073567543
0.00289586733308726
0.0030052896723108172
0.0031374521138089065
0.0032959413279472364
0.0034853755965372183
0.0037117362979024173
0.003982843298432867
0.004309050964279957
0.0047042935480008565
0.00518770572752565
0.005786234911181187
0.0065390424522228496
0.007505106047939929
0.008775134451484786
0.010478935325457583
0.012720465269787233
0.015149963124891159
0.015320201402733128
0.004220026571749929
-0.042092803940130555
-0.17092741402204303
-0.44783736467329804
-0.9203831287623057
-1.5547467682167613
-2.193936933578557
-2.6030401354428614
-2.603040135442899
-2.193936933578635
-1.5547467682168659
-0.9203831287624117
-0.44783736467339896
-0.17092741402212833
-0.04209280394019832
0.004220026571696185
0.015320201402687854
0.015149963124852294
0.01272046526975253
0.010478935325427109
0.008775134451457573
0.007505106047914311
0.0065390424521989034
0.005786234911160596
0.005187705727506741
0.004704293547981277
0.004309050964265722
0.003982843298419492
0.0037117362978928373
0.003485375596528463
0.0032959413279409766
0.0031374521138019347
0.0030052896723062206
0.002895867333082179
0.002806395107353309
0.0027347112378197785
0.002679160685358359
0.002638507637748866
0.0026118734273371702
0.002598694129663586
0.003027916366661036
0.0030432724686346698
0.003074305810577965
0.0031216734595004812
0.0031863992112888912
0.0032699229954217335
0.0033741732113803462
0.0035016686707122664
0.003655660180538813
0.0038403268163164366
0.004061049654752066
0.004324798009811339
0.004640683344078161
0.005020770239822795
0.0054812944508953725
0.006044551104275084
0.00674193847686744
0.0076190861552426865
0.008744713121778849
0.010224510442972304
0.012209726254375665
0.014821489000363222
0.01765227434508826
0.01785067370491816
0.004917249356504335
-0.04904455738136375
-0.19915747978677462
-0.5218019504932463
-1.0723935581313522
-1.8115289706642204
-2.5562880643155483
-3.032958929219112
-3.0329589292191494
-2.556288064315633
-1.8115289706643367
-1.0723935581314743
-0.5218019504933598
-0.19915747978687012
-0.049044557381439424
0.004917249356444245
0.017850673704867766
0.017652274345044596
0.014821489000324558
0.01220972625434217
0.01022451044294155
0.00874471312175119
0.007619086155215795
0.006741938476844893
0.006044551104253866
0.005481294450874844
0.005020770239807109
0.004640683344063309
0.004324798009799718
0.004061049654742091
0.0038403268163083133
0.003655660180530521
0.0035016686707063775
0.0033741732113745405
0.0032699229954178473
0.003186399211284634
0.003121673459497136
0.00307430581057326
0.0030432724686336675
0.003027916366660673
0.0035040133859785636
0.003521784018556136
0.003557696916159321
0.003612512460377435
0.003687415424660807
0.0037840721472371178
0.0039047142414268994
0.004052256566674624
0.0042304610741170316
0.004444163940517965
0.004699592341931482
0.0050048114200197825
0.005370365288420331
0.005810215518003256
0.006343150711018169
0.006994971597155181
0.007802013404326081
0.008817080356328565
0.010119696588577476
0.011832171767338931
0.014129536264574517
0.017151966766185023
0.02042787203024623
0.020657539661758553
0.0056907708545269
-0.05675500582717004
-0.2304691450261211
-0.603840903571528
-1.240998492349906
-2.096343404451619
-2.958196139006611
-3.5098108537731667
-3.5098108537732107
-2.9581961390067004
-2.096343404451752
-1.2409984923500397
-0.6038409035716525
-0.23046914502622695
-0.056755005827254276
0.005690770854459643
0.02065753966170228
0.020427872030197015
0.017151966766142022
0.014129536264537303
0.011832171767304273
0.010119696588547323
0.008817080356298848
0.007802013404301461
0.006994971597131588
0.006343150710996518
0.0058102155179860955
0.005370365288403906
0.0050048114200061744
0.004699592341920008
0.0044441639405079945
0.004230461074107282
0.004052256566667467
0.0039047142414203066
0.00378407214723317
0.003687415424655756
0.0036125124603742275
0.0035576969161546226
0.0035217840185552195
0.003504013385977235
0.004038635817984873
0.004059117794014277
0.004100510080163735
0.004163689072880017
0.004250020311861993
0.004361424376123676
0.004500473366387886
0.004670526875518471
0.004875920832802154
0.005122229292805843
0.00541662954076586
0.005768417254784662
0.006189745313807813
0.006696705472460861
0.007310953001486344
0.008062225176100866
0.008992401075736397
0.010162341546721736
0.011663704180609483
0.013637460258340164
0.016285346298169745
0.01976893041742219
0.023544685703610763
0.023809513310770816
0.006559614847559429
-0.0654125311184171
-0.2656278125306863
-0.6959598704890875
-1.4303200486699856
-2.416153398732525
-3.4094872943550696
-4.045254329165337
-4.045254329165381
-3.4094872943551717
-2.4161533987326713
-1.4303200486701335
-0.6959598704892253
-0.2656278125308041
-0.06541253111851054
0.006559614847484398
0.023809513310708144
0.023544685703555696
0.01976893041737458
0.016285346298128438
0.013637460258301367
0.011663704180576131
0.01016234154668878
0.008992401075709117
0.008062225176074115
0.007310953001463063
0.006696705472441909
0.006189745313789996
0.005768417254769115
0.005416629540753161
0.005122229292794144
0.004875920832791538
0.004670526875509935
0.004500473366380747
0.004361424376119206
0.004250020311856168
0.004163689072876384
0.004100510080159433
0.004059117794013
0.004038635817982626
0.004647699906901148
0.00467127075908355
0.004718905394461823
0.004791612378545297
0.004890963187641451
0.005019168042708332
0.005179186942255527
0.005374886138482929
0.005611255461197253
0.005894709587087722
0.006233508206769408
0.006638348878781184
0.007123217257589175
0.007706631896553278
0.008413513901904044
0.009278085237479899
0.010348540790021628
0.011694919884892846
0.013422703136600472
0.015694122139267117
0.018741338934865605
0.022750294802733377
0.027095523938431947
0.0274004988341385
0.0075498836065922195
-0.07527413753459342
-0.30567819565721843
-0.8008967323061408
-1.6459855516455257
-2.780465193111525
-3.9235761902852437
-4.655205529344302
-4.655205529344355
-3.9235761902853543
-2.7804651931116906
-1.6459855516456885
-0.800896732306293
-0.3056781956573488
-0.07527413753469706
0.0075498836065084765
0.027400498834068733
0.027095523938370555
0.022750294802681013
0.01874133893481966
0.015694122139224026
0.01342270313656288
0.011694919884856103
0.010348540789990774
0.009278085237449312
0.008413513901878155
0.0077066318965322705
0.007123217257569657
0.0066383488787638755
0.006233508206755221
0.00589470958707451
0.005611255461185809
0.005374886138473145
0.00517918694224761
0.005019168042703347
0.004890963187634755
0.004791612378541369
0.0047189053944581534
0.004671270759082181
0.004647699906898015
0.005353864699875672
0.005381016877351879
0.005435889058765373
0.005519643050078357
0.005634089096182305
0.005781773236917885
0.0059661052102495974
0.006191538703331239
0.006463821696544957
0.006790343507563912
0.007180618798540986
0.007646970508384506
0.00820550926464441
0.008877567322505466
0.009691852295636103
0.010687785833302484
0.011920885569330478
0.013471832665058851
0.015462134668500735
0.01807867344757306
0.021588889315462306
0.026206992016955977
0.031212554279103834
0.031564350103042135
0.008699331596502
-0.08670389911761575
-0.3521028838492027
-0.9225387814881062
-1.8959864379607416
-3.2027801604416473
-4.519516260306411
-5.362271457317403
-5.362271457317457
-4.519516260306534
-3.2027801604418284
-1.8959864379609273
-0.9225387814882748
-0.3521028838493482
-0.08670389911773116
0.008699331596408226
0.03156435010296413
0.03121255427903505
0.02620699201689787
0.021588889315410784
0.018078673447525246
0.015462134668458288
0.013471832665017947
0.011920885569295742
0.010687785833267679
0.009691852295606849
0.008877567322481525
0.008205509264622612
0.007646970508364827
0.007180618798524994
0.00679034350754878
0.006463821696532715
0.00619153870331993
0.00596610521024116
0.005781773236912143
0.005634089096175318
0.005519643050074
0.005435889058762789
0.005381016877350274
0.00535386469987231
0.006191250979801873
0.006222649977008402
0.006286104610754678
0.006382958403322875
0.0065153047373169935
0.006686087874971366
0.006899250866552485
0.007159943994378632
0.007474814273029242
0.007852406774433444
0.008303724338526126
0.008843017322982956
0.009488916205246962
0.010266089804929693
0.011207735882307262
0.01235944202439996
0.013785409402224807
0.015578938628131929
0.01788054271300657
0.02090633597403995
0.02496560067532619
0.030306107893130825
0.03609499365303642
0.03650343351003691
0.010067661053259154
-0.10024142032270864
-0.40711208673080335
-1.0666903288109972
-2.192263518781167
-3.7032795196124724
-5.225793348489754
-6.200253718457736
-6.200253718457791
-5.225793348489884
-3.7032795196126767
-2.1922635187813757
-1.0666903288111869
-0.4071120867309675
-0.10024142032283836
0.010067661053153171
0.036503433509948974
0.03609499365295903
0.030306107893065624
0.02496560067526785
0.020906335973986688
0.0178805427129584
0.01557893862808625
0.013785409402185473
0.012359442024361018
0.011207735882273948
0.010266089804902328
0.009488916205222226
0.008843017322960788
0.008303724338507769
0.007852406774416263
0.007474814273015534
0.00715994399436562
0.006899250866542923
0.0066860878749647485
0.0065153047373094405
0.006382958403318003
0.006286104610752602
0.006222649977006698
0.006191250979798394
0.007214805492212394
0.007251395467661797
0.007325340615856303
0.007438206575012786
0.007592432813330172
0.007791450349266559
0.008039854112815228
0.008343645850472634
0.008710571487005925
0.00915058879962387
0.009676519662934846
0.01030497036449982
0.01105765145533915
0.011963310120284204
0.013060632539771251
0.014402743088827821
0.0160644570718207
0.018154500306015446
0.020836617497540268
0.024362660052347697
0.02909308758813592
0.03531686198462876
0.04206440746375821
0.04254678256039653
0.011762183869636744
-0.11672191101725064
-0.4741780237420506
-1.242506848399629
-2.5536856822328353
-4.3138841288647285
-6.087487173268958
-7.22265679489239
-7.222656794892451
-6.087487173269119
-4.313884128864959
-2.553685682233068
-1.2425068483998452
-0.4741780237422368
-0.11672191101739816
0.011762183869515809
0.04254678256029622
0.04206440746367038
0.035316861984554804
0.02909308758806922
0.02436266005228762
0.020836617497485416
0.018154500305963925
0.016064457071775916
0.01440274308878434
0.013060632539733264
0.011963310120252443
0.011057651455310855
0.01030497036447452
0.009676519662913687
0.009150588799603987
0.008710571486990087
0.008343645850457273
0.008039854112804135
0.007791450349258442
0.007592432813322133
0.007438206575006951
0.007325340615854636
0.007251395467659981
0.007214805492209216
0.008517676003789242
0.00856087351109726
0.00864817190498271
0.008781419552041715
0.008963496448147838
0.009198453197129015
0.009491714497739136
0.00985036591342089
0.010283552156289965
0.010803029215957428
0.011423934389834876
0.012165872793609906
0.013054475556884748
0.014123681151087291
0.01541916187623203
0.017003635555709405
0.018965428054670767
0.021432899921309315
0.024599369605915807
0.02876219674282348
0.034347102413038656
0.041696093074501825
0.04966821421644131
0.05026180461667265
0.013998937981067109
-0.13745829006192067
-0.5589219518574506
-1.4649268397364028
-3.011147586192585
-5.0869557610450755
-7.178619185790043
-8.517375346872335
-8.517375346872408
-7.178619185790231
-5.0869557610453455
-3.0111475861928567
-1.4649268397366546
-0.5589219518576662
-0.13745829006209134
0.01399893798092693
0.05026180461655623
0.049668214216339754
0.04169609307441629
0.034347102412961156
0.028762196742754504
0.024599369605852725
0.021432899921250796
0.0189654280546195
0.01700363555566101
0.015419161876188508
0.0141236811510499
0.013054475556851443
0.01216587279358054
0.011423934389809738
0.010803029215934287
0.010283552156270793
0.009850365913402905
0.009491714497725616
0.009198453197119328
0.008963496448138939
0.00878141955203496
0.008648171904980805
0.008560873511095725
0.008517676003785994
0.010255752322807132
0.010307764483471085
0.010412876522034384
0.010573313971252168
0.010792544500852768
0.011075445255135472
0.011428547861889753
0.01186038371808635
0.01238196354435318
0.013007442176392292
0.013755045720611609
0.014648379767374417
0.015718305535824928
0.017005686703826444
0.01856551506143992
0.02047330604445627
0.02283540849311228
0.025806376050319033
0.029618985131714116
0.03463135844663169
0.04135662723630837
0.05020938850736714
0.059827940496671214
0.060620813298318185
0.01722011622680854
-0.16440466760077788
-0.6701264507902334
-1.7575795890632722
-3.613783288619355
-6.106008891368022
-8.617434637261214
-10.22491484311339
-10.224914843113478
-8.617434637261429
-6.106008891368338
-3.6137832886196755
-1.7575795890635684
-0.6701264507904867
-0.16440466760097983
0.01722011622664273
0.060620813298180115
0.05982794049655139
0.050209388507265945
0.041356627236216637
0.0346313584465508
0.02961898513164053
0.02580637605025149
0.02283540849305296
0.02047330604440146
0.01856551506138963
0.017005686703781542
0.015718305535784984
0.014648379767339039
0.01375504572058094
0.013007442176364313
0.012381963544329279
0.011860383718064691
0.01142854786187306
0.01107544525512356
0.01079254450084277
0.010573313971244065
0.010412876522031867
0.010307764483469647
0.010255752322803654
0.012657552565981622
0.012721745343139816
0.01285147334020574
0.01304948327284348
0.013320054880780672
0.013669207451929193
0.01410500220643381
0.014637968439502776
0.015281695374715746
0.01605365263068585
0.016976334488260775
0.018078874444030453
0.01939936068016178
0.020988226090914323
0.022913339976448774
0.025267901093557553
0.028183161603609744
0.03184986855009901
0.03655533476874809
0.04274177130949757
0.05104391579200086
0.06198098297076045
0.07390481931287365
0.07509306189991746
0.022230025044909753
-0.19995505547652143
-0.8194574471830862
-2.1524540579360716
-4.428657142261146
-7.485526948611874
-10.56640569083291
-12.538535789395176
-12.53853578939528
-10.566405690833168
-7.485526948612247
-4.4286571422615335
-2.152454057936429
-0.8194574471833916
-0.19995505547676534
0.02223002504470947
0.07509306189975026
0.07390481931272919
0.06198098297063796
0.05104391579189017
0.04274177130940028
0.03655533476866001
0.03184986855001913
0.02818316160353939
0.02526790109349375
0.022913339976389564
0.020988226090859877
0.019399360680113116
0.018078874443987248
0.016976334488222652
0.016053652630651588
0.015281695374685446
0.014637968439476496
0.014105002206412566
0.013669207451914361
0.013320054880768449
0.013049483272833739
0.01285147334020147
0.012721745343138403
0.012657552565977247
0.015952558657097313
0.016033461646507666
0.016196959509664925
0.016446513939064166
0.016787518698788997
0.01722755990395716
0.017776797110502646
0.01844850037510407
0.01925979615506513
0.020232701321384543
0.021395565243723647
0.02278510455301663
0.02444932122566651
0.026451774851231173
0.028877999357652034
0.03184545001033509
0.03551953866892979
0.040140660041188755
0.04607096091829815
0.05386822983698404
0.06433553052828782
0.0781435334694161
0.09328538263940447
0.0952370000131445
0.030131306678533563
-0.2456246302609844
-1.0163476377061602
-2.6766722107912937
-5.51375212742457
-9.32549292780497
-13.168194622474527
-15.628344214339641
-15.628344214339773
-13.168194622474845
-9.325492927805428
-5.513752127425038
-2.6766722107917307
-1.016347637706533
-0.24562463026128356
0.030131306678288047
0.09523700001293915
0.09328538263922742
0.07814353346926545
0.06433553052815219
0.05386822983686508
0.046070960918190636
0.04014066004109228
0.03551953866884411
0.03184545001025802
0.028877999357580376
0.02645177485116423
0.024449321225606883
0.022785104552963398
0.02139556524367632
0.02023270132134209
0.019259796155027223
0.01844850037507153
0.0177767971104758
0.017227559903937765
0.016787518698773478
0.016446513939051867
0.016196959509658528
0.01603346164650542
0.01595255865709195
0.020118599724731123
0.02022062984243779
0.02042682375543988
0.02074154708873864
0.0211716020451195
0.021726555642947842
0.02241922030641145
0.023266331146669088
0.024289486605213795
0.02551645242587417
0.02698298022622013
0.028735373457509802
0.030834167251323343
0.03335951589097541
0.03641928438792545
0.04016159157990641
0.044795030812455755
0.050622758428014634
0.05810155706861694
0.06793565730550263
0.08114312780598136
0.09859775571591456
0.11788943907599517
0.12113009571198159
0.0416277290743093
-0.29882449511648745
-1.253612993983305
-3.3138642476673876
-6.8377206294731145
-11.575046226890658
-16.35265491573966
-19.411983499003824
-19.411983499003988
-16.352654915740032
-11.575046226891224
-6.8377206294736865
-3.3138642476679188
-1.253612993983761
-0.2988244951168527
0.04162772907400922
0.12113009571173072
0.11788943907577858
0.09859775571573035
0.08114312780581574
0.06793565730535742
0.05810155706848565
0.05062275842789739
0.04479503081235117
0.040161591579812694
0.036419284387838556
0.033359515890893456
0.030834167251250447
0.028735373457445125
0.02698298022616199
0.025516452425822435
0.024289486605167117
0.023266331146629564
0.022419220306377885
0.02172655564292318
0.021171602045099817
0.020741547088723424
0.020426823755430784
0.020220629842434223
0.02011859972472492
0.024440297159542317
0.024564243198550204
0.024814727222645737
0.02519705249727136
0.025719482181650974
0.026393638054309377
0.027235084306297203
0.028264150259852797
0.029507072997111337
0.03099758132534679
0.03277910482081765
0.034907890705641265
0.03745747371104584
0.04052522007016977
0.044242155909683466
0.048788202342605676
0.05441673624356576
0.06149600590106758
0.07058098725572534
0.08252821103401864
0.09858152218751687
0.11984004280491584
0.1435386798542122
0.14852421852281383
0.055449574656642076
-0.34829635989405133
-1.485061152228763
-3.9426732594224516
-8.150866930943707
-13.812150418618288
-19.524067272903267
-23.182561192782593
-23.18256119278278
-19.524067272903718
-13.812150418618952
-8.150866930944385
-3.942673259423078
-1.485061152229298
-0.3482963598944814
0.05544957465628873
0.14852421852251874
0.14353867985395835
0.11984004280469848
0.09858152218732204
0.08252821103384793
0.07058098725557116
0.06149600590092962
0.05441673624344237
0.048788202342495535
0.04424215590958183
0.04052522007007335
0.037457473710960365
0.034907890705565395
0.03277910482074945
0.030997581325285725
0.02950707299705718
0.028264150259806428
0.02723508430625813
0.026393638054279724
0.02571948218162761
0.02519705249725322
0.024814727222634423
0.024564243198544822
0.024440297159535933
0.02716700856809761
0.027304781348362013
0.02758320795015158
0.02800818314048393
0.028588891704514324
0.029338251631051828
0.030273562999775835
0.03141742243075307
0.0327989931064406
0.034455765324071345
0.03643601179337783
0.038802251934131844
0.04163621990843622
0.04504613783141939
0.049177639152497565
0.05423070073423026
0.06048693963697528
0.06835565318280731
0.07845380017741846
0.09173452587231812
0.10958782884043919
0.1332747899421938
0.15989199190041128
0.16652991007699805
0.06673493934880352
-0.3717775202485224
-1.6112265690781755
-4.295859051873331
-8.897805869538196
-15.093052652434903
-21.346382017548965
-25.352599546596274
-25.352599546596466
-21.346382017549445
-15.09305265243563
-8.89780586953893
-4.295859051874007
-1.611226569078757
-0.3717775202489875
0.06673493934842085
0.16652991007667894
0.1598919919001367
0.133274789941959
0.10958782884022851
0.0917345258721339
0.07845380017725204
0.06835565318265759
0.06048693963684103
0.05423070073411054
0.049177639152387556
0.04504613783131511
0.041636219908344554
0.03880225193404943
0.03643601179330558
0.03445576532400448
0.03279899310638389
0.03141742243070189
0.030273562999734972
0.02933825163101849
0.028588891704489604
0.0280081831404642
0.02758320795013765
0.02730478134835632
0.02716700856809092
0.02584596350517818
0.025977035618564966
0.026241920724955424
0.02664622681033988
0.027198691812052582
0.027911605233195858
0.028801425445013455
0.029889649622035684
0.031204021935299225
0.03278020838577553
0.034664132540447305
0.03691527110589323
0.039611379947866926
0.042855412899137246
0.046785912691562834
0.05159311738398628
0.05754492625116854
0.06503070358375304
0.07463745567163617
0.08727280966457358
0.10426503186796594
0.12684515862876675
0.15238632916448092
0.15957320432945316
0.0675442944220852
-0.3414740771386258
-1.501468898646562
-4.018088581554567
-8.33611298738233
-14.152587755825564
-20.025766613663063
-23.789209717456792
-23.78920971745699
-20.025766613663517
-14.152587755826236
-8.33611298738302
-4.018088581555203
-1.5014688986471068
-0.3414740771390625
0.06754429442172755
0.15957320432915317
0.15238632916422395
0.12684515862854784
0.10426503186776954
0.08727280966440136
0.07463745567148078
0.0650307035836117
0.05754492625104353
0.0515931173838735
0.04678591269146033
0.04285541289903884
0.03961137994778209
0.03691527110581551
0.034664132540378575
0.03278020838571417
0.031204021935247194
0.029889649621987827
0.02880142544497457
0.027911605233165437
0.027198691812028955
0.026646226810321992
0.02624192072494235
0.025977035618559435
0.025845963505170468
0.018647944548628698
0.01874251277599143
0.018933626745208057
0.01922533255487579
0.019623934524000394
0.02013829937607664
0.020780301606116908
0.02156545111348923
0.022513764874869533
0.023650975277544103
0.025010215261036067
0.026634395926715723
0.028579616120208262
0.030920153942367717
0.033755963084095945
0.03722429230852444
0.04151841783036244
0.04691924936056227
0.05385034203031862
0.0629670401614094
0.07523114058814763
0.09154925285101875
0.11010578749862743
0.11580436512100617
0.051120474123174955
-0.23917696867984473
-1.0648220291260753
-2.858511154523214
-5.938568163692947
-10.089533627336182
-14.282262740142453
-16.969358875594395
-16.969358875594537
-14.282262740142787
-10.089533627336678
-5.93856816369345
-2.858511154523679
-1.0648220291264705
-0.23917696868016391
0.05112047412291499
0.11580436512078748
0.11010578749844221
0.09154925285086118
0.07523114058800619
0.06296704016128438
0.053850342030205695
0.046919249360460005
0.041518417830272304
0.03722429230844268
0.03375596308402136
0.03092015394229461
0.028579616120147932
0.02663439592665771
0.025010215260984806
0.023650975277501714
0.022513764874830387
0.021565451113457118
0.02078030160608679
0.02013829937605527
0.019623934523981406
0.01922533255486522
0.018933626745198766
0.018742512775989036
0.018647944548620145
0.006015256805370111
0.006045761269723421
0.006107408064964105
0.006201502298721485
0.006330077487093289
0.006495993669124539
0.006703081059442624
0.006956342489467243
0.00726223456158644
0.007629057388690798
0.00806749812020664
0.008591397808481512
0.009218851109277063
0.009973816177326966
0.010888532380815791
0.012007267723834956
0.013392360361941568
0.015134415066665987
0.01737007812104771
0.020311031999429366
0.0242695165251633
0.029548566516601642
0.03560832435013201
0.03774170282095802
0.017863579182904817
-0.07300706366770685
-0.3328230226619039
-0.8986798845439717
-1.8717531123417535
-3.184337198708303
-4.510869136975631
-5.361298299188203
-5.361298299188255
-4.510869136975753
-3.184337198708486
-1.8717531123419395
-0.8986798845441414
-0.3328230226620492
-0.07300706366782383
0.01786357918280944
0.03774170282087748
0.03560832435006558
0.02954856651654446
0.024269516525113728
0.020311031999382514
0.017370078121007895
0.015134415066627601
0.013392360361910598
0.012007267723803974
0.010888532380787894
0.009973816177298327
0.009218851109255927
0.008591397808458752
0.008067498120187009
0.007629057388678006
0.007262234561571285
0.006956342489458086
0.006703081059429008
0.006495993669119413
0.006330077487084118
0.006201502298720223
0.00610740806495765
0.006045761269726909
0.006015256805364343
-0.008847699027724372
-0.008892568231163144
-0.008983244909963902
-0.009121648818718402
-0.009310771173288178
-0.009554818980448989
-0.009859426356611785
-0.010231952329539652
-0.010681894434872656
-0.011221462056337115
-0.011866376011284685
-0.012636996715611104
-0.013559942031573582
-0.01467045577178178
-0.016015964816590896
-0.0176615928129058
-0.019699048912143413
-0.022261621207653046
-0.02555023754525737
-0.029875445743613907
-0.03569096220129269
-0.04341310381051994
-0.052120687826343146
-0.054438866874740255
-0.022459447850995705
0.11889813131010235
0.5191589423499694
1.3868800567089612
2.875084706426785
4.879203049902363
6.9025324455073065
8.198936116843605
8.198936116843658
6.902532445507424
4.879203049902544
2.8750847064269696
1.386880056709132
0.5191589423501151
0.11889813131022203
-0.022459447850899154
-0.05443886687465997
-0.05212068782627289
-0.04341310381046013
-0.035690962201236964
-0.029875445743567666
-0.025550237545211567
-0.02226162120761813
-0.019699048912106346
-0.017661592812876
-0.016015964816562863
-0.014670455771758375
-0.013559942031551059
-0.01263699671559156
-0.011866376011267957
-0.011221462056320925
-0.010681894434856844
-0.010231952329527606
-0.009859426356600514
-0.00955481898043806
-0.009310771173282073
-0.009121648818713413
-0.008983244909961087
-0.0088925682311576
-0.00884769902772621
-0.021480386770982355
-0.02158931973742955
-0.021809463590210285
-0.022145479074871757
-0.022604628210196213
-0.023197124687397434
-0.023936646903287916
-0.024841060953560576
-0.02593342474815629
-0.027243379945189626
-0.028809093152116994
-0.030679994833845963
-0.03292070704250635
-0.03561679353682532
-0.03888339551987441
-0.042878617397599
-0.0478251063805649
-0.05404645550155256
-0.062030501454530165
-0.07253145390559741
-0.08665258626427845
-0.10541379014494061
-0.1266181509748431
-0.1325015291747944
-0.05571634279127177
0.28506803632224
1.2511579488141586
3.346711326688269
6.941899757778121
11.784399478530501
16.673926048674513
19.80699669325027
19.806996693250404
16.67392604867484
11.784399478530993
6.941899757778627
3.346711326688733
1.2511579488145523
0.2850680363225594
-0.055716342791011404
-0.13250152917457642
-0.12661815097465448
-0.10541379014478007
-0.08665258626413325
-0.07253145390547103
-0.06203050145441248
-0.05404645550145279
-0.04782510638047065
-0.04287861739751589
-0.03888339551979883
-0.035616793536758756
-0.03292070704244447
-0.030679994833792513
-0.02880909315206772
-0.027243379945147767
-0.02593342474811655
-0.02484106095352768
-0.023936646903256233
-0.023197124687375302
-0.0226046282101778
-0.022145479074858844
-0.021809463590199366
-0.021589319737420856
-0.021480386770982383
-0.02867840572753546
-0.028823842580006455
-0.029117757569959282
-0.029566373330338767
-0.030179385498250704
-0.03097043054451903
-0.03195777074218617
-0.033165259462108694
-0.034623681808587686
-0.03637261305342307
-0.03846301043153033
-0.04096087001302601
-0.043952470870165704
-0.04755205249359758
-0.05191334512734243
-0.05724744247306382
-0.06385161480137236
-0.07215790972474734
-0.08281761509584992
-0.09683722340876567
-0.11568647754410202
-0.1407096959226941
-0.16889869264070428
-0.17627036838325089
-0.07214016309019118
0.38736514478102146
1.6878048183346777
4.506288753719727
9.339444581467752
15.847453607020316
22.417429922195762
26.626847535113434
26.62684753511362
22.417429922196213
15.847453607021002
9.33944458146844
4.506288753720366
1.687804818335222
0.3873651447814591
-0.07214016308983266
-0.17627036838295101
-0.16889869264044527
-0.140709695922474
-0.11568647754390253
-0.09683722340859383
-0.08281761509569206
-0.07215790972460695
-0.06385161480124422
-0.0572474424729494
-0.051913345127240086
-0.04755205249350429
-0.04395247087008035
-0.0409608700129515
-0.0384630104314623
-0.036372613053363305
-0.034623681808534826
-0.03316525946206131
-0.03195777074214548
-0.03097043054448786
-0.030179385498227188
-0.02956637333031724
-0.029117757569946057
-0.028823842579992896
-0.028678405727535595
-0.029999450790457974
-0.030151588309804505
-0.030459044795157066
-0.030928329660484352
-0.03156958539071483
-0.03239707694237521
-0.033429908296950285
-0.034693032270826596
-0.036218652979729996
-0.03804816999171865
-0.04023488968446226
-0.04284785084126718
-0.04597731083073531
-0.049742777425882956
-0.05430507158827909
-0.059885025823312225
-0.06679362818718047
-0.07548285932380763
-0.08663395960163528
-0.10129893961651545
-0.12100927451658056
-0.14713932723612788
-0.17640435537664279
-0.1832270741308059
-0.07133080801691866
0.41766858789091976
1.797562488766327
4.7840592240386135
9.901137463623883
16.78791850363014
23.73804532608234
28.19023736425372
28.19023736425392
23.73804532608283
16.787918503630863
9.901137463624618
4.784059224039291
1.7975624887669088
0.41766858789138617
-0.07133080801653548
-0.1832270741304859
-0.17640435537636745
-0.14713932723589243
-0.12100927451636839
-0.1012989396163316
-0.08663395960146854
-0.07548285932365562
-0.06679362818704448
-0.05988502582318869
-0.05430507158816997
-0.04974277742578204
-0.04597731083064538
-0.04284785084118628
-0.04023488968439039
-0.038048169991656486
-0.03621865297967262
-0.034693032270777815
-0.03342990829690552
-0.03239707694234259
-0.03156958539068833
-0.030928329660461176
-0.030459044795141787
-0.03015158830979086
-0.029999450790457943
-0.027272739381902673
-0.027411050159991387
-0.02769056406765196
-0.028117199017271374
-0.028700175867852062
-0.02945246336563373
-0.03039142960347225
-0.03153976009992754
-0.03292673287040081
-0.03458998599299494
-0.03657798271190308
-0.03895348961277916
-0.04179856463334737
-0.04522185966463624
-0.04936958834546664
-0.05444252743169181
-0.06072342479377346
-0.0686232120420715
-0.0787611466799449
-0.09209262477821982
-0.11000296786366116
-0.1337045800988547
-0.16005104333045067
-0.16522138257662838
-0.06004544332476459
0.39418742753645086
1.6713970719169429
4.430873431587826
9.15419852502961
15.507016269813885
21.91573058143718
26.020199010440688
26.020199010440862
21.915730581437625
15.50701626981456
9.15419852503029
4.430873431588454
1.6713970719174807
0.39418742753688135
-0.06004544332441058
-0.16522138257633273
-0.16005104333019562
-0.1337045800986371
-0.11000296786346574
-0.09209262477804844
-0.07876114667978976
-0.06862321204193038
-0.06072342479364698
-0.05444252743157649
-0.049369588345364694
-0.045221859664543174
-0.041798564633263466
-0.038953489612705075
-0.03657798271183617
-0.034589985992938846
-0.032926732870347725
-0.031539760099883074
-0.0303914296034302
-0.029452463365604073
-0.028700175867826513
-0.02811719901725072
-0.027690564067637626
-0.027411050159979772
-0.02727273938190155
-0.022951041947091598
-0.023067436803879487
-0.02330266060044578
-0.02366169360873852
-0.024152295731320727
-0.024785380954272795
-0.025575565603586384
-0.02654194098674441
-0.02770914647850332
-0.02910885709352335
-0.030781858117306785
-0.03278097236464943
-0.035175258173626184
-0.038056155485444096
-0.041546716823709244
-0.045815916668994754
-0.051101719362665575
-0.05774996456902126
-0.06628171649283861
-0.07750007104970683
-0.09256457348212843
-0.11246229300985691
-0.13440180255223833
-0.1378272597658008
-0.046223597742436284
0.3447155627588877
1.4399489136715062
3.802064419832827
7.841052223559158
13.269912078086502
18.744318224273904
22.24962131666235
22.24962131666251
18.744318224274288
13.269912078087074
7.841052223559735
3.80206441983336
1.4399489136719632
0.34471556275925497
-0.04622359774213525
-0.13782725976554866
-0.13440180255202072
-0.11246229300967145
-0.0925645734819614
-0.07750007104956
-0.06628171649270576
-0.05774996456889919
-0.05110171936255651
-0.04581591666889534
-0.04154671682362191
-0.03805615548536438
-0.03517525817355443
-0.032780972364586214
-0.03078185811724938
-0.029108857093476506
-0.027709146478458423
-0.026541940986706827
-0.02557556560355068
-0.024785380954247687
-0.02415229573129867
-0.023661693608721106
-0.023302660600433747
-0.023067436803869253
-0.02295104194709073
-0.01878500087945849
-0.018880268607949266
-0.019072796354670813
-0.019366660459064027
-0.019768212384990966
-0.02028638521528234
-0.020933142407677505
-0.021724110215179393
-0.02267945602835519
-0.02382510598903444
-0.025194443134811083
-0.02683070346015761
-0.028790412147970623
-0.03114841444570219
-0.03400543179343653
-0.037499775099424607
-0.04182622721914127
-0.04726786618219693
-0.054251120342521233
-0.06343264358118988
-0.07575697620443678
-0.09200807076335987
-0.10979774611565035
-0.1119341640669656
-0.03472717534666249
0.2915156979033865
1.2026835573943728
3.1648723829567706
6.5170837215106925
11.020358779000961
15.559857931008994
18.465982031998387
18.46598203199852
15.5598579310093
11.020358779001423
6.5170837215111685
3.164872382957211
1.2026835573947487
0.2915156979036886
-0.034727175346414924
-0.11193416406675799
-0.10979774611547069
-0.09200807076320705
-0.0757569762042981
-0.06343264358106844
-0.05425112034241096
-0.047267866182094075
-0.0418262272190494
-0.037499775099341666
-0.03400543179336423
-0.03114841444563547
-0.028790412147911545
-0.026830703460105403
-0.025194443134764377
-0.023825105988996287
-0.022679456028318338
-0.021724110215149202
-0.020933142407648438
-0.020286385215261927
-0.019768212384972304
-0.01936666045905022
-0.019072796354660825
-0.01888026860794071
-0.018785000879458072
-0.015489994788343571
-0.015568552304581176
-0.01572731018521144
-0.0159696297928434
-0.016300748566982735
-0.016728032763254727
-0.017261347503608415
-0.01791357827957834
-0.018701355248005792
-0.019646057298336184
-0.020775212379348557
-0.02212447335117246
-0.023740451602466843
-0.0256848656853871
-0.02804077241223387
-0.030922226182647453
-0.03448985015382233
-0.03897707469110746
-0.04473549419297182
-0.052306185053704296
-0.06246536146815092
-0.07584552026470522
-0.09041718278912092
-0.09179022595373967
-0.026825893713039874
0.24584612311892473
1.005793366871305
2.640654230101567
5.431988736347307
9.18039279980792
12.958068999367468
15.376173607054035
15.376173607054156
12.958068999367732
9.180392799808306
5.431988736347698
2.640654230101929
1.0057933668716155
0.24584612311917292
-0.026825893712836106
-0.09179022595356882
-0.09041718278897237
-0.07584552026457927
-0.06246536146803595
-0.052306185053604085
-0.044735494192880566
-0.03897707469102095
-0.0344898501537449
-0.03092222618257794
-0.028040772412173752
-0.025684865685331175
-0.023740451602418142
-0.02212447335112962
-0.0207752123793106
-0.019646057298305195
-0.01870135524797579
-0.01791357827955352
-0.017261347503584698
-0.016728032763237727
-0.016300748566967265
-0.01596962979283227
-0.01572731018520361
-0.015568552304574011
-0.015489994788343446
-0.013088194545169329
-0.013154571444911263
-0.013288713367040027
-0.013493460491251764
-0.013773238187054695
-0.014134270566460893
-0.014584893159064584
-0.015135993558162059
-0.015801623417643434
-0.016599846844042705
-0.017553923611699628
-0.01869397867451702
-0.02005939645813057
-0.021702326298300247
-0.023692947497225197
-0.026127631133545534
-0.029142097043325425
-0.03293358219132711
-0.03779914455593816
-0.04419577219083878
-0.052778072912459006
-0.06407392580131238
-0.07634030397291902
-0.0773179773521411
-0.021815984894939557
0.2102957352431815
0.8564623704784536
2.245779761228777
4.6171148827055335
7.800874742564104
11.009097945795823
13.06255266077229
13.062552660772388
11.00909794579604
7.800874742564423
4.61711488270586
2.2457797612290777
0.8564623704787133
0.21029573524338901
-0.02181598489476865
-0.07731797735199811
-0.07634030397279415
-0.06407392580120706
-0.05277807291236211
-0.044195772190754865
-0.03779914455586145
-0.032933582191253266
-0.02914209704325921
-0.026127631133486182
-0.02369294749717444
-0.021702326298252632
-0.020059396458089893
-0.018693978674481457
-0.01755392361166823
-0.016599846844017305
-0.015801623417618465
-0.015135993558140999
-0.014584893159044527
-0.014134270566446394
-0.01377323818704177
-0.013493460491242726
-0.013288713367034088
-0.013154571444905463
-0.013088194545169168
-0.011350118226149997
-0.0114076804725356
-0.011524008749987278
-0.01170156607204084
-0.01194419013434889
-0.01225727850845464
-0.012648059794914356
-0.013125975753497388
-0.013703212029580572
-0.014395433883608543
-0.015222812280923145
-0.016211471700753235
-0.017395566479190612
-0.018820320745561826
-0.02054659431201719
-0.02265796064479769
-0.025272116604883783
-0.028560106062316577
-0.032779529030139906
-0.0383266104870306
-0.04576854808918976
-0.055560630368447515
-0.06618057769268926
-0.06695896867049572
-0.018594806649198554
0.1833493577043248
0.7452578715456739
1.9531270119019104
4.014479180278767
6.7818216122411705
9.570282494324655
11.355013164531265
11.35501316453135
9.57028249432485
6.78182161224144
4.014479180279046
1.9531270119021684
0.7452578715458961
0.18334935770450195
-0.01859480664905199
-0.06695896867037363
-0.06618057769258201
-0.05556063036835751
-0.04576854808910668
-0.03832661048695906
-0.03277952903007435
-0.028560106062252632
-0.025272116604826915
-0.022657960644746056
-0.020546594311974004
-0.018820320745520605
-0.017395566479156167
-0.016211471700722884
-0.01522281228089656
-0.014395433883586866
-0.013703212029559562
-0.013125975753478673
-0.012648059794897366
-0.012257278508441827
-0.011944190134338638
-0.011701566072033038
-0.011524008749983333
-0.01140768047253056
-0.011350118226150037
-0.010047247714571762
-0.010098202429098532
-0.010201177460860156
-0.010358353095011225
-0.010573126499530244
-0.010850275660591744
-0.01119619940999074
-0.011619255690549451
-0.012130231360296768
-0.012742993467275369
-0.013475397554023487
-0.01435056927164362
-0.015398742377645432
-0.01665994971475934
-0.018188064975556965
-0.02005706817791549
-0.022371145622033576
-0.025281706447022014
-0.02901677692176447
-0.0339270737965545
-0.040514533264287084
-0.04918139927857462
-0.058576770940006004
-0.05924394661421967
-0.01635805253776868
0.16261297865965507
0.6605139434302738
1.7307070205651383
3.5570172763190224
6.008749980060825
8.479150481803584
10.060294612551322
10.060294612551392
8.47915048180375
6.0087499800610615
3.557017276319264
1.730707020565363
0.6605139434304672
0.16261297865980912
-0.01635805253764036
-0.059243946614113516
-0.05857677093991235
-0.04918139927849616
-0.040514533264214836
-0.0339270737964925
-0.029016776921707683
-0.025281706446966073
-0.02237114562198464
-0.020057068177870105
-0.018188064975519908
-0.01665994971472344
-0.015398742377615907
-0.014350569271617476
-0.013475397554000415
-0.012742993467256533
-0.0121302313602787
-0.011619255690532494
-0.01119619940997599
-0.010850275660580447
-0.010573126499522188
-0.010358353095004496
-0.010201177460857773
-0.010098202429094209
-0.010047247714571984
-0.009023693202160513
-0.009069456938445037
-0.009161941455758552
-0.009303104923321663
-0.009495998423516408
-0.009744913186296583
-0.010055596163728232
-0.01043555383445596
-0.01089447414632001
-0.01144481144208531
-0.01210260222961466
-0.01288861623012681
-0.013830007127552894
-0.014962729399404849
-0.016335168318093292
-0.018013767113487025
-0.02009209795243682
-0.022706144769137668
-0.02606070213723058
-0.0304707497182461
-0.036387046351476854
-0.04417064518707675
-0.05260735712928394
-0.0532005975638596
-0.014663529721391049
0.14613248796511413
0.5934480064190276
1.5548905009765073
3.1955951128673563
5.398145370808569
7.61745665702438
9.037891536116671
9.037891536116739
7.617456657024521
5.398145370808782
3.1955951128675704
1.554890500976705
0.5934480064191989
0.14613248796524958
-0.014663529721277099
-0.05320059756376612
-0.0526073571292007
-0.04417064518700704
-0.03638704635141331
-0.03047074971819136
-0.026060702137180855
-0.022706144769088263
-0.02009209795239474
-0.018013767113446703
-0.016335168318061186
-0.014962729399373362
-0.013830007127527607
-0.012888616230104032
-0.012102602229594455
-0.01144481144206832
-0.010894474146304397
-0.010435553834439974
-0.010055596163715378
-0.00974491318628625
-0.009495998423510427
-0.009303104923315488
-0.009161941455757553
-0.009069456938441071
-0.009023693202161343
-0.008186306922233207
-0.008227823838787774
-0.008311725903769307
-0.00843978957007719
-0.008614782782381536
-0.008840598548242793
-0.0091224505074259
-0.009467148543408868
-0.009883481569836067
-0.010382748175216162
-0.010979496689629978
-0.011692569415528273
-0.012546600186950214
-0.013574206916980247
-0.01481928473142272
-0.01634211092238913
-0.01822757411954175
-0.02059903880606439
-0.023642294092725308
-0.027643087191779204
-0.03301033499161281
-0.04007152931090226
-0.04772491775535124
-0.04826151415686436
-0.013295200264633756
0.13259496676002203
0.5384388035374272
1.4107389536536195
2.899318032046934
4.897646011637756
6.911179568841057
8.199909274976344
8.199909274976406
6.9111795688411775
4.897646011637937
2.8993180320471237
1.410738953653794
0.5384388035375801
0.13259496676014232
-0.013295200264531876
-0.04826151415678128
-0.04772491775527672
-0.04007152931083924
-0.03301033499155617
-0.02764308719172976
-0.023642294092680857
-0.020599038806020247
-0.01822757411950518
-0.01634211092235338
-0.014819284731394353
-0.013574206916952583
-0.01254660018692828
-0.011692569415508397
-0.010979496689611795
-0.010382748175200612
-0.009883481569822376
-0.009467148543394045
-0.009122450507414592
-0.008840598548233665
-0.008614782782377147
-0.008439789570071802
-0.008311725903769078
-0.008227823838784506
-0.00818630692223457
-0.007480142129257273
-0.007518077720518607
-0.007594742239465546
-0.007711758898544641
-0.007871656873840978
-0.008077993354033662
-0.00833553223943282
-0.008650495978561575
-0.00903091533448945
-0.009487114254741387
-0.010032386097859558
-0.010683947785925511
-0.011464308179895133
-0.01240327149102784
-0.01354094633769105
-0.01493241032656641
-0.01665522934023192
-0.018822126025898535
-0.021602862560825647
-0.025258535883473703
-0.030162784611016083
-0.0366148320966804
-0.0436078874146799
-0.04409766288796092
-0.01214575227472418
0.12116520517699976
0.4920141153454436
1.2890969044716525
2.649317145731713
4.47533104430763
6.315239498819878
7.4928433470032525
7.492843347003308
6.315239498819989
4.475331044307801
2.649317145731884
1.2890969044718097
0.4920141153455806
0.12116520517710766
-0.012145752274632403
-0.04409766288788661
-0.0436078874146125
-0.03661483209662284
-0.030162784610965263
-0.02525853588342844
-0.021602862560785634
-0.018822126025858726
-0.016655229340199904
-0.014932410326534525
-0.013540946337665408
-0.012403271491002997
-0.011464308179875846
-0.010683947785907639
-0.01003238609784283
-0.009487114254726512
-0.009030915334477425
-0.008650495978547819
-0.00833553223942308
-0.008077993354025563
-0.007871656873838114
-0.007711758898539827
-0.007594742239465947
-0.0075180777205158655
-0.007480142129259433
-0.006871078040341115
-0.00690592475544903
-0.00697634692516811
-0.0070838355928799735
-0.007230713998062443
-0.007420249687448968
-0.007656818663565985
-0.007946136715597286
-0.008295580706095228
-0.008714633960460152
-0.009215507431856756
-0.009814016161928948
-0.010530836236113887
-0.011393345066934967
-0.012438385437273745
-0.013716550265187507
-0.01529908962594607
-0.0172895476877277
-0.019843863604834942
-0.023201874002547047
-0.027706791974320008
-0.033633467711369526
-0.04005704917985908
-0.040506677364593596
-0.011155483515691494
0.1113035987608234
0.4519637322189112
1.1841600426546006
2.4336516427561765
4.111019249928636
5.8011506028897095
6.882892146824286
6.88289214682433
5.801150602889811
4.1110192499287885
2.433651642756332
1.1841600426547414
0.45196373221903496
0.1113035987609209
-0.011155483515608374
-0.04050667736452662
-0.04005704917979797
-0.0336334677113167
-0.027706791974274194
-0.02320187400250548
-0.019843863604798867
-0.017289547687691805
-0.015299089625917727
-0.013716550265159045
-0.012438385437249991
-0.011393345066912534
-0.010530836236096575
-0.009814016161912638
-0.009215507431840827
-0.008714633960445663
-0.008295580706084143
-0.007946136715584827
-0.007656818663557398
-0.007420249687442153
-0.00723071399806058
-0.007083835592875908
-0.006976346925168695
-0.006905924755447083
-0.00687107804034378
-0.006336455608335626
-0.006368590979991319
-0.00643353376116438
-0.006532658980378157
-0.006668109110862189
-0.006842897458562459
-0.007061059538605308
-0.007327866406753529
-0.007650120947410752
-0.008036568608172902
-0.008498470233022491
-0.009050410327163996
-0.009711456210726305
-0.010506855112477023
-0.01147058314680549
-0.012649296686242196
-0.014108701954535188
-0.015944286497334884
-0.018299856012802512
-0.021396585511545812
-0.02555098194072427
-0.031016504060132323
-0.03694023550649447
-0.037354703715581715
-0.010286639522658646
0.10264607346957605
0.4168050647143472
1.0920410757370407
2.2443300864360936
3.791209255647722
5.349859447541244
6.347448671432122
6.347448671432161
5.3498594475413315
3.791209255647863
2.2443300864362383
1.0920410757371686
0.41680506471445855
0.10264607346966459
-0.010286639522583414
-0.037354703715521215
-0.03694023550643912
-0.03101650406008409
-0.025550981940683136
-0.021396585511507832
-0.018299856012770066
-0.015944286497302236
-0.014108701954509705
-0.01264929668621629
-0.011470583146783203
-0.01050685511245655
-0.009711456210710734
-0.00905041032714881
-0.008498470233007467
-0.008036568608158547
-0.007650120947400479
-0.007327866406742279
-0.007061059538597789
-0.006842897458556632
-0.006668109110861027
-0.0065326589803744554
-0.006433533761165171
-0.006368590979989859
-0.006336455608338856
-0.00586035858901853
-0.005890079430069413
-0.0059501426555831904
-0.006041819979500953
-0.006167092897491153
-0.0063287483067467
-0.006530518508559005
-0.006777278510791001
-0.0070753200538333765
-0.0074327314839718935
-0.007859927545843264
-0.008370396916955559
-0.008981774266384388
-0.00971740983429632
-0.0106087268866825
-0.011698876193362483
-0.013048627027076353
-0.014746292296249457
-0.016924872546003503
-0.019788924187179244
-0.023631171930525184
-0.02868602629431019
-0.034164637821336184
-0.03454783775874175
-0.009513118024635414
0.09493562502376934
0.3854933994750005
1.0100021226587599
2.0757251522175446
3.5063948218603267
4.947951372850199
5.870596746878061
5.8705967468781
4.947951372850277
3.5063948218604564
2.075725152217671
1.0100021226588756
0.3854933994751022
0.09493562502385004
-0.00951311802456779
-0.034547837758687125
-0.03416463782128676
-0.02868602629426685
-0.023631171930488536
-0.019788924187144875
-0.016924872545974256
-0.014746292296219746
-0.01304862702705302
-0.011698876193338668
-0.010608726886661328
-0.009717409834277746
-0.00898177426637015
-0.00837039691694146
-0.007859927545829103
-0.007432731483958047
-0.0070753200538236916
-0.006777278510781137
-0.006530518508552033
-0.006328748306741681
-0.006167092897489842
-0.00604181997949748
-0.005950142655583672
-0.005890079430068487
-0.005860358589021907
-0.005431136352020884
-0.005458680388772129
-0.005514344482757912
-0.005599307205361163
-0.005715404924025838
-0.0058652204186814254
-0.0060522126302658685
-0.006280899512389775
-0.006557111987104359
-0.006888345995603711
-0.007284253487628788
-0.007757335205047384
-0.008323934220739702
-0.009005690558753731
-0.009831725983787756
-0.010842030816613559
-0.012092923461389841
-0.013666248593229856
-0.015685265472163697
-0.01833954819569141
-0.021900381001606503
-0.026585002563733754
-0.031662326601138636
-0.03201736545655739
-0.008815895239880498
0.08798387158253515
0.35726333371027014
0.9360375368388096
1.9237147228484934
3.249612619412865
4.585600242113193
5.44067795310181
5.440677953101841
4.585600242113265
3.2496126194129795
1.9237147228486102
0.936037536838915
0.3572633337103614
0.08798387158260881
-0.008815895239820185
-0.032017365456508184
-0.03166232660109511
-0.02658500256369519
-0.02190038100157423
-0.018339548195660686
-0.015685265472137645
-0.013666248593203058
-0.01209292346136865
-0.01084203081659147
-0.009831725983767654
-0.009005690558736575
-0.008323934220726284
-0.007757335205033851
-0.007284253487615408
-0.006888345995590263
-0.006557111987095207
-0.0062808995123810486
-0.0060522126302595385
-0.005865220418677096
-0.0057154049240246
-0.005599307205358053
-0.0055143444827584695
-0.005458680388771672
-0.005431136352024454
-0.0050399935458401825
-0.005065553898736348
-0.005117209140769952
-0.0051960529641513105
-0.0053037894835335254
-0.0054428154703860376
-0.005616340757188189
-0.005828557920329826
-0.006084877946281512
-0.0063922569280070625
-0.006759651693857132
-0.007198662697622451
-0.00772445600377476
-0.008357113147302657
-0.009123658576631905
-0.010061202553314146
-0.011222007487691803
-0.012682023676440229
-0.01455563333748994
-0.01701875750194176
-0.02032314225576511
-0.024670378574051063
-0.02938202170211871
-0.029711418537385428
-0.008180629663948868
0.08164853590069232
0.3315368741292259
0.8686328079558416
1.785186128493221
3.015604561747204
4.255386243050777
5.048888906979144
5.048888906979171
4.255386243050845
3.0156045617473115
1.7851861284933288
0.868632807955936
0.3315368741293081
0.0816485359007591
-0.008180629663895536
-0.02971141853734105
-0.02938202170208075
-0.02467037857401714
-0.020323142255736944
-0.017018757501914655
-0.014555633337466713
-0.012682023676416281
-0.011222007487672696
-0.010061202553293791
-0.009123658576612882
-0.008357113147286915
-0.007724456003761811
-0.007198662697609661
-0.006759651693844368
-0.006392256927994364
-0.006084877946272621
-0.005828557920322112
-0.005616340757182078
-0.0054428154703822845
-0.005303789483531913
-0.005196052964148708
-0.005117209140770253
-0.005065553898736428
-0.005039993545843422
-0.0046801249180842795
-0.004703860194575941
-0.004751827116479851
-0.004825041283448702
-0.004925085131773398
-0.005054184296994457
-0.005215319420902689
-0.005412383718608347
-0.005650401817482987
-0.005935833126530112
-0.006276994932074655
-0.00668465938361943
-0.007172909646648448
-0.0077603933784747125
-0.00847220540559986
-0.00934280621057681
-0.010420726514844533
-0.01177649353492376
-0.013516322235226443
-0.015803572265670977
-0.018872013885196
-0.022908842022931523
-0.027284046644874552
-0.027589867105279817
-0.007596232885012561
0.0758195075413185
0.3078667367124397
0.806615940982031
1.6577306589551255
2.8003017329158233
3.951567630975519
4.688417201001765
4.688417201001791
3.951567630975579
2.8003017329159134
1.657730658955225
0.8066159409821165
0.3078667367125139
0.07581950754137895
-0.007596232884965817
-0.0275898671052399
-0.027284046644841794
-0.022908842022902033
-0.01887201388517151
-0.015803572265647155
-0.013516322235205665
-0.011776493534902122
-0.010420726514827342
-0.009342806210557808
-0.008472205405582123
-0.0077603933784602145
-0.007172909646636158
-0.006684659383607601
-0.00627699493206286
-0.005935833126518506
-0.0056504018174746975
-0.005412383718601456
-0.005215319420896919
-0.0050541842969908934
-0.004925085131771383
-0.004825041283446331
-0.004751827116480071
-0.0047038601945762985
-0.004680124918087131
-0.004346154357666211
-0.004368195900147099
-0.004412739933442287
-0.004480729584620766
-0.0045736343682641
-0.004693521099879495
-0.004843157724413321
-0.005026159639413078
-0.005247192917728499
-0.005512256028591325
-0.0058290727413862235
-0.006207646510853693
-0.006661055535165335
-0.00720661678418026
-0.00786763432951055
-0.008676109568802132
-0.009677110090025462
-0.010936130309267982
-0.012551805709065937
-0.014675838573789315
-0.017525317073496666
-0.021274076508441445
-0.025337057615186145
-0.0256210101006172
-0.007053949821884094
0.07040978481201221
0.28589952779690553
0.7490609678593337
1.5394452504983975
2.6004893832200526
3.6696079955978265
4.353880520027659
4.353880520027687
3.6696079955978824
2.6004893832201383
1.5394452504984844
0.7490609678594102
0.28589952779697136
0.07040978481206654
-0.007053949821843118
-0.025621010100581494
-0.025337057615157976
-0.021274076508416055
-0.017525317073475426
-0.014675838573768484
-0.012551805709047166
-0.010936130309248188
-0.009677110090009992
-0.008676109568784387
-0.00786763432949406
-0.007206616784166987
-0.006661055535153577
-0.006207646510842858
-0.005829072741375134
-0.005512256028580874
-0.00524719291772052
-0.005026159639406852
-0.00484315772440775
-0.004693521099876264
-0.004573634368261726
-0.0044807295846189255
-0.00441273993344265
-0.004368195900147935
-0.004346154357668403
-0.004033756118998276
-0.004054213331765496
-0.004095555572991436
-0.004158658178432043
-0.004244885034986546
-0.004356154396900318
-0.004495035251149079
-0.0046648831229848964
-0.00487002869110735
-0.005116039258804608
-0.005410083416020414
-0.0057614455756565975
-0.006182263883280412
-0.006688610575593773
-0.007302114641286157
-0.008052477235371482
-0.008981526510636545
-0.010150049173376627
-0.011649590818942894
-0.013620949380255175
-0.016265608571090537
-0.01974490731745996
-0.023515834891137247
-0.023779340979685346
-0.006546739019517262
0.06534935422148358
0.26535087116588885
0.695222768505942
1.428798525273846
2.4135806350658613
3.405856932177561
4.040947767688507
4.040947767688525
3.405856932177614
2.41358063506593
1.4287985252739213
0.6952227685060106
0.26535087116594736
0.06534935422153208
-0.006546739019481411
-0.023779340979653125
-0.023515834891112683
-0.019744907317438113
-0.01626560857107199
-0.013620949380237012
-0.011649590818925928
-0.010150049173358324
-0.008981526510622723
-0.008052477235354804
-0.0073021146412711666
-0.006688610575581667
-0.006182263883269541
-0.005761445575646765
-0.005410083416010356
-0.005116039258795282
-0.004870028691099931
-0.004664883122979096
-0.004495035251144003
-0.004356154396897173
-0.004244885034983983
-0.004158658178430343
-0.0040955555729921935
-0.004054213331766506
-0.0040337561189999795
-0.003739390808274799
-0.0037583551455318597
-0.0037966804156549525
-0.003855178076294149
-0.0039351124839529135
-0.0040382619072141255
-0.004167007859800811
-0.0043244609956292115
-0.00451463595966449
-0.004742693778040228
-0.005015279908664742
-0.005341001228886111
-0.0057311100957073416
-0.006200505864290062
-0.006769239133842757
-0.007464843597433547
-0.008326094968248363
-0.00940934399492816
-0.010799455650888641
-0.012626952981073069
-0.015078616058393526
-0.01830400901963772
-0.02179974346560931
-0.022043990484143475
-0.0060688411692798
0.06058092284436112
0.24598806696492698
0.6444916298637287
1.3245373983277537
2.237458718107571
3.1573274157991387
3.746074927860205
3.7460749278602115
3.1573274157991875
2.237458718107635
1.3245373983278177
0.6444916298637892
0.24598806696497805
0.060580922844403716
-0.00606884116924827
-0.022043990484114595
-0.021799743465587433
-0.018304009019618626
-0.015078616058376968
-0.012626952981057156
-0.01079945565087315
-0.00940934399491135
-0.008326094968236006
-0.007464843597418352
-0.006769239133829456
-0.006200505864279398
-0.005731110095697626
-0.005341001228877469
-0.005015279908655886
-0.004742693778032105
-0.004514635959657618
-0.004324460995623787
-0.004167007859796259
-0.00403826190721124
-0.003935112483950271
-0.003855178076292521
-0.0037966804156560063
-0.0037583551455329764
-0.003739390808275949
-0.0034601164187747567
-0.0034776644142947696
-0.003513127381391948
-0.003567256174392177
-0.0036412207219368923
-0.003736666483466384
-0.0038557971104742875
-0.004001490939144257
-0.004177462782533491
-0.0043884882178853645
-0.004640716390045696
-0.004942111375474416
-0.0053030851536387345
-0.005737424327402337
-0.006263682024678885
-0.006907335594476764
-0.007704264798116591
-0.008706611842983034
-0.00999290357489922
-0.011683914917701566
-0.013952476147971685
-0.01693698045039731
-0.02017163127572818
-0.020397612142480724
-0.00561547053224782
0.056056863004845144
0.22761767776678238
0.5963607167046543
1.2256202219207148
2.070364032813904
2.9215364340224665
3.4663159801602728
3.466315980160285
2.921536434022504
2.070364032813961
1.2256202219207726
0.5963607167047067
0.22761767776682623
0.05605686300488229
-0.005615470532220503
-0.020397612142454932
-0.020171631275708604
-0.0169369804503804
-0.013952476147956569
-0.011683914917687485
-0.009992903574885074
-0.008706611842967768
-0.007704264798105626
-0.006907335594463623
-0.006263682024667631
-0.005737424327393201
-0.0053030851536305665
-0.004942111375466857
-0.0046407163900382045
-0.004388488217878094
-0.0041774627825271375
-0.0040014909391387354
-0.0038557971104702052
-0.0037366664834635487
-0.003641220721934407
-0.00356725617439035
-0.0035131273813933223
-0.003477664414295723
-0.0034601164187756384
-0.003193449900461916
-0.0032096454951956984
-0.0032423753783492756
-0.003292332536873905
-0.0033605967345152338
-0.00344868661726832
-0.0035586360040280336
-0.0036931014012826615
-0.0038555113261664435
-0.004050273308220748
-0.004283062585417205
-0.004561229452759881
-0.004894383451288717
-0.005295248667155333
-0.005780948360892708
-0.00637499637199484
-0.007110507249131375
-0.008035604655636606
-0.009222763449769023
-0.010783450525935927
-0.012877176167622295
-0.015631667073007817
-0.018617022088301256
-0.01882556586218078
-0.0051825890377872495
0.051736973541047976
0.2100764330827987
0.5504022383661742
1.1311678023591432
1.91081140535989
2.696388223223731
3.1991843633888486
3.1991843633888584
2.6963882232237673
1.9108114053599434
1.1311678023591907
0.5504022383662204
0.21007643308283624
0.0517369735410797
-0.005182589037763828
-0.01882556586215854
-0.018617022088284196
-0.015631667072993138
-0.012877176167608896
-0.010783450525923739
-0.00922276344975618
-0.008035604655623092
-0.007110507249121519
-0.006374996371984125
-0.005780948360883435
-0.0052952486671475445
-0.0048943834512820165
-0.004561229452753318
-0.0042830625854109634
-0.004050273308214281
-0.003855511326160575
-0.0036931014012770236
-0.0035586360040241603
-0.0034486866172654977
-0.0033605967345126673
-0.00329233253687176
-0.0032423753783504873
-0.0032096454951963714
-0.0031934499004625375
-0.002937263565640517
-0.0029521599099441016
-0.002982264121385304
-0.003028213593775123
-0.003091001469515832
-0.003172024565028
-0.003273153541166326
-0.0033968317928117246
-0.0035462127928416517
-0.003725350487678217
-0.0039394648333612205
-0.0041953164655809325
-0.0045017440234905275
-0.004870450834403433
-0.005317186486605525
-0.005863578477933461
-0.006540084820150477
-0.007390968565898944
-0.008482890436926441
-0.009918375119692208
-0.011844136420151755
-0.014377653871213208
-0.01712351150393181
-0.017315306999165593
-0.004766737329035471
0.04758680413107602
0.19322442187658173
0.5062496110567518
1.04042673931502
1.7575281584027875
2.4800868787370893
2.942549290081506
2.9425492900815096
2.4800868787371195
1.7575281584028346
1.0404267393150584
0.5062496110567907
0.193224421876613
0.0475868041311025
-0.004766737329015875
-0.01731530699914694
-0.017123511503917326
-0.014377653871200618
-0.011844136420140088
-0.009918375119681765
-0.008482890436914912
-0.007390968565887165
-0.006540084820141545
-0.0058635784779250254
-0.005317186486597963
-0.004870450834396412
-0.004501744023485077
-0.0041953164655751714
-0.0039394648333561585
-0.0037253504876724576
-0.003546212792836515
-0.0033968317928061097
-0.003273153541162712
-0.003172024565025271
-0.0030910014695133417
-0.0030282135937727745
-0.0029822641213863013
-0.002952159909944399
-0.0029372635656410946
-0.00268970596432587
-0.002703346818904843
-0.0027309137952014877
-0.0027729905663488263
-0.0028304865709475723
-0.0029046808992521742
-0.00299728654949477
-0.0031105409828797808
-0.0032473318919510443
-0.0034113715492484036
-0.003607439963499428
-0.0038417279717501652
-0.004122329276490977
-0.004459960827027368
-0.004869044806966484
-0.005369385907681973
-0.005988875080840665
-0.006768044800816858
-0.007767937484419594
-0.009082436804281719
-0.010845891117134191
-0.01316587802599855
-0.01568030563454059
-0.01585591975195484
-0.004364905782270808
0.043576375215003765
0.1769398924716233
0.4635838321785989
0.9527414219276187
1.609406805404042
2.2710696006448496
2.6945565446321718
2.6945565446321824
2.271069600644878
1.6094068054040795
0.9527414219276515
0.4635838321786306
0.1769398924716492
0.043576375215025165
-0.004364905782254828
-0.01585591975194005
-0.015680305634528734
-0.013165878025988287
-0.010845891117124558
-0.009082436804273248
-0.007767937484409597
-0.006768044800806916
-0.005988875080832632
-0.005369385907675472
-0.004869044806960314
-0.004459960827020663
-0.00412232927648633
-0.003841727971745092
-0.0036074399634952138
-0.003411371549243432
-0.0032473318919466537
-0.0031105409828747132
-0.002997286549491535
-0.0029046808992500813
-0.002830486570945437
-0.002772990566346962
-0.002730913795202395
-0.0027033468189050103
-0.002689705964326373
-0.0024491401948808266
-0.0024615610188763962
-0.00248666241985879
-0.0025249758675325766
-0.0025773294607698673
-0.002644887888635803
-0.002729210939656031
-0.0028323359576098582
-0.002956892361229274
-0.00310626039918217
-0.0032847925584680096
-0.0034981259705143646
-0.003753630440670396
-0.004061064398887994
-0.004433560114526304
-0.004889150954813136
-0.005453233314016159
-0.006162714452975108
-0.0070731771650219735
-0.008270108165080794
-0.009875839620055706
-0.01198832694098182
-0.014277861437795848
-0.014437753386053607
-0.003974433992379549
0.03967917984072607
0.16111519791147597
0.4221228561588334
0.8675321937589353
1.4654681657356543
2.067954644597407
2.4535667284908156
2.4535667284908182
2.06795464459743
1.4654681657356938
0.8675321937589593
0.42212285615885853
0.16111519791149562
0.039679179840743026
-0.0039744339923673405
-0.014437753386042706
-0.014277861437786858
-0.011988326940973796
-0.00987583962004824
-0.008270108165074057
-0.007073177165013573
-0.0061627144529667385
-0.00545323331400909
-0.004889150954807911
-0.00443356011452148
-0.004061064398881447
-0.003753630440666336
-0.00349812597050991
-0.0032847925584644612
-0.0031062603991779307
-0.0029568923612257074
-0.00283233595760577
-0.0027292109396534663
-0.0026448878886345863
-0.0025773294607683976
-0.0025249758675316386
-0.002486662419859985
-0.0024615610188766296
-0.00244914019488138
-0.0022140947528755065
-0.002225323542678786
-0.002248015946610915
-0.0022826524288756585
-0.0023299816151460704
-0.002391056418497634
-0.0024672869335026415
-0.002560514978674545
-0.0026731176256283382
-0.0028081507182224014
-0.0029695490322162337
-0.003162408699495613
-0.003393392239798316
-0.0036713215592241136
-0.004008068613051736
-0.004419936091670627
-0.004929883075667482
-0.00557127480191907
-0.006394359725462116
-0.0074764202952045875
-0.008928048241499434
-0.010837797644305099
-0.012907600155298867
-0.013052132403885735
-0.0035929307193539586
0.035871388281246454
0.1456535651368775
0.38161312896247773
0.7842779543696226
1.3248319743780814
1.8694998484392198
2.218106053238011
2.2181060532380164
1.8694998484392307
1.3248319743781127
0.7842779543696399
0.38161312896249855
0.14565356513689157
0.03587138828125893
-0.003592930719345282
-0.013052132403878302
-0.012907600155292534
-0.010837797644299239
-0.008928048241493939
-0.007476420295199416
-0.006394359725455358
-0.005571274801912147
-0.0049298830756613924
-0.00441993609166602
-0.004008068613048117
-0.0036713215592179393
-0.0033933922397947004
-0.0031624086994921155
-0.002969549032213529
-0.0028081507182191813
-0.002673117625625584
-0.0025605149786718994
-0.0024672869335008473
-0.0023910564184973725
-0.0023299816151451797
-0.002282652428875698
-0.0022480159466122538
-0.0022253235426791676
-0.0022140947528759333
-0.001983223420460431
-0.0019932813451057968
-0.002013607532758983
-0.0020446323479174364
-0.002087026354402146
-0.0021417326743029667
-0.002210014366619743
-0.002293521196890159
-0.002394382370988923
-0.0025153350890000144
-0.002659903833489229
-0.0028326533443016164
-0.003039551416110383
-0.003288500062715808
-0.003590133307016362
-0.003959053897382681
-0.004415826884651383
-0.0049903383842073296
-0.0057275972451720225
-0.0066968273511118556
-0.00799708850189605
-0.009707700445066868
-0.011561673460776502
-0.011691120030509133
-0.003218208582069705
0.03213119887641178
0.130466458217308
0.3418226792173051
0.7025019601060217
1.1866928959040401
1.6745687849585076
1.9868261818276518
1.9868261818276496
1.6745687849585222
1.1866928959040597
0.7025019601060295
0.34182267921731785
0.13046645821731653
0.03213119887641991
-0.003218208582064711
-0.011691120030504768
-0.011561673460772748
-0.00970770044506275
-0.007997088501892336
-0.006696827351107944
-0.005727597245166967
-0.004990338384201621
-0.004415826884646294
-0.0039590538973784326
-0.0035901333070140562
-0.003288500062710554
-0.003039551416107398
-0.002832653344299366
-0.002659903833487442
-0.002515335088997728
-0.0023943823709868597
-0.002293521196889041
-0.002210014366618938
-0.002141732674303649
-0.0020870263544019835
-0.0020446323479183627
-0.0020136075327602952
-0.001993281345106262
-0.001983223420460689
-0.0017552716272924874
-0.0017641734932491901
-0.0017821633872059678
-0.0018096222075025615
-0.001847143443260403
-0.001895561813974831
-0.001955995202450932
-0.0020299037499092593
-0.0021191719309380354
-0.0022262223313451656
-0.0023541743289803027
-0.0025070679915177915
-0.0026901851739136277
-0.0029105196304404814
-0.003177483106270715
-0.0035039999049134344
-0.003908271321961863
-0.004416748347798912
-0.00506926648521863
-0.005927092961250737
-0.007077901482524423
-0.00859189426875143
-0.010232767339833217
-0.010347319863832811
-0.0028482293053117896
0.028438293558624046
0.11547136685964013
0.3025353236921251
0.6217599151463593
1.0503004072940412
1.482102374042401
1.7584705472515725
1.7584705472515711
1.4821023740424073
1.0503004072940603
0.6217599151463635
0.30253532369213265
0.11547136685964302
0.02843829355862795
-0.0028482293053102396
-0.01034731986383133
-0.01023276733983185
-0.00859189426874922
-0.007077901482522371
-0.005927092961248085
-0.005069266485215469
-0.004416748347794794
-0.003908271321958204
-0.0035039999049100274
-0.0031774831062698
-0.0029105196304366108
-0.002690185173911236
-0.002507067991516669
-0.002354174328979362
-0.0022262223313437076
-0.002119171930936502
-0.0020299037499094284
-0.00195599520245105
-0.0018955618139762961
-0.001847143443261069
-0.0018096222075045063
-0.001782163387207358
-0.0017641734932501367
-0.0017552716272925858
-0.0015290473330538165
-0.0015368019013480576
-0.001552473206877726
-0.001576393056697534
-0.0016090784493293937
-0.001651256523189565
-0.001703901085086047
-0.0017682840889664904
-0.0018460471327963984
-0.0019393005723726956
-0.0020507617508634893
-0.0021839500399372987
-0.002343466553144581
-0.0025354036683716726
-0.002767960115962796
-0.0030523944744870433
-0.003404562197796267
-0.0038475051841020676
-0.004415924795830052
-0.005163191903146947
-0.0061656804116233905
-0.007484544126345241
-0.008913932332140679
-0.009013704189384998
-0.002481056338345681
0.024773366526020846
0.10058989206953889
0.2635456513998887
0.5416296628018984
0.914941383989482
1.2910943094381633
1.5318451971209384
1.5318451971209388
1.2910943094381604
0.9149413839894914
0.5416296628018951
0.26354565139988895
0.10058989206953699
0.024773366526020753
-0.002481056338347245
-0.009013704189386042
-0.008913932332141567
-0.007484544126344885
-0.006165680411623051
-0.005163191903145688
-0.00441592479582888
-0.0038475051840998003
-0.0034045621977943567
-0.0030523944744852436
-0.002767960115963228
-0.0025354036683694747
-0.0023434665531428963
-0.0021839500399370732
-0.002050761750863301
-0.0019393005723719503
-0.0018460471327955024
-0.0017682840889676303
-0.0017039010850871306
-0.0016512565231915645
-0.0016090784493309903
-0.0015763930567004808
-0.0015524732068793233
-0.0015368019013498276
-0.0015290473330538627
