0.0007482139391831039
0.0007520085083021779
0.0007596770012100406
0.0007713817821595788
0.000787375835763612
0.0008080149750880677
0.000833775716260401
0.0008652804687344888
0.0009033325210897838
0.0009489645407136784
0.0010035062141043642
0.0010686796869709904
0.0011467364372647914
0.0012406576680796086
0.001354455290612738
0.0014936385011127392
0.0016659658988295153
0.0018827126473099124
0.0021608592712823007
0.002526521914899759
0.003017072965928125
0.0036624376205224318
0.004361888898907011
0.004410726716664037
0.0012141358273802143
-0.012122227605327223
-0.04922149180816961
-0.1289606613258017
-0.2650356801380194
-0.44770864677755223
-0.6317719799105822
-0.7495789106246216
-0.7495789106246231
-0.6317719799105783
-0.4477086467775555
-0.2650356801380189
-0.12896066132580275
-0.04922149180816985
-0.012122227605327593
0.0012141358273801187
0.00441072671666399
0.004361888898906958
0.003662437620522267
0.0030170729659279283
0.002526521914899833
0.002160859271282396
0.0018827126473090012
0.001665965898829175
0.0014936385011119486
0.0013544552906126716
0.0012406576680789073
0.0011467364372647905
0.0010686796869706797
0.0010035062141045626
0.0009489645407134108
0.0009033325210900591
0.0008652804687341955
0.000833775716260349
0.0008080149750880092
0.0007873758357633559
0.0007713817821601153
0.0007596770012093297
0.0007520085083031595
0.0007482139391824559
0.0007201607411381702
0.0007238130382256969
0.0007311940117738265
0.0007424599384048549
0.0007578543174112887
0.0007777196211214027
0.0008025144993205689
0.0008328380250384689
0.0008694633685957825
0.0009133844788481879
0.0009658811873917544
0.0010286110702404671
0.0011037411889453356
0.001194140969958528
0.0013036719025094664
0.0014376366216197955
0.0016035028259262982
0.0018121229279288392
0.0020798407877650445
0.0024317933918414627
0.002903952180689607
0.003525121907193188
0.004198358994333578
0.004245408904312318
0.0011688129107242794
-0.011667126048045007
-0.047374489175098
-0.1241221877650019
-0.25509247362972787
-0.430912817241409
-0.6080714935060574
-0.7214592482177011
-0.7214592482177025
-0.6080714935060532
-0.4309128172414105
-0.2550924736297271
-0.12412218776500206
-0.04737448917509765
-0.011667126048044908
0.0011688129107247443
0.004245408904312733
0.004198358994334052
0.003525121907193298
0.0029039521806898346
0.002431793391841727
0.0020798407877654036
0.0018121229279281907
0.0016035028259259632
0.0014376366216191138
0.0013036719025093441
0.0011941409699579874
0.0011037411889453631
0.0010286110702401965
0.0009658811873920747
0.000913384478847872
0.0008694633685959981
0.00083283802503807
0.000802514499320545
0.0007777196211212555
0.000757854317411037
0.0007424599384053373
0.0007311940117731147
0.0007238130382267046
0.0007201607411374162
0.0006918933222136076
0.0006954022608458789
0.0007024935194664616
0.0007133172405808238
0.0007281073657284676
0.0007471929246270117
0.0007710145642876704
0.0008001478431130637
0.000835335583174413
0.0008775327191308433
0.0009279688469714126
0.0009882364799435892
0.0010604176185722242
0.0011472690591110102
0.001252500720157899
0.0013812070981475506
0.0015405627697013629
0.0017409941680145936
0.001998203626847914
0.002336341497614104
0.002789967575095046
0.0033867576107238498
0.004033580311961191
0.004078828596844808
0.0011231435828619742
-0.011208550224006963
-0.045513385119485106
-0.11924677282693885
-0.24507335096652674
-0.4139887516258321
-0.5841900538705296
-0.6931248921338762
-0.693124892133878
-0.5841900538705258
-0.41398875162583215
-0.24507335096652472
-0.11924677282693831
-0.0455133851194842
-0.011208550224006417
0.0011231435828629442
0.004078828596845602
0.004033580311962184
0.003386757610724241
0.0027899675750957384
0.0023363414976145845
0.001998203626848538
0.0017409941680143273
0.001540562769701208
0.0013812070981470798
0.0012525007201578198
0.0011472690591107255
0.0010604176185722905
0.000988236479943424
0.0009279688469717858
0.0008775327191305074
0.000835335583174535
0.0008001478431126605
0.00077101456428771
0.0007471929246268274
0.0007281073657283448
0.0007133172405812769
0.000702493519465923
0.0006954022608468625
0.0006918933222128801
0.0006632638617954484
0.0006666276058746229
0.0006734254389739499
0.0006838012909180713
0.0006979794230798842
0.0007162752503968388
0.0007391111865307203
0.0007670389740873178
0.0008007706981952489
0.0008412217796323365
0.0008895709353745336
0.0009473447825933896
0.0010165391713447512
0.0010997968251402063
0.0012006741506603836
0.0013240548399538127
0.0014768165933708006
0.0016689544089219083
0.0019155208773834098
0.0022396670783341784
0.002674523079885676
0.0032466211682903633
0.0038666911463747637
0.0039101146210596145
0.0010768887954757233
-0.01074410279193686
-0.043628449217932075
-0.11430892577564059
-0.23492592754637617
-0.3968479628785386
-0.5600027974040017
-0.6644276967700048
-0.6644276967700051
-0.5600027974039985
-0.3968479628785378
-0.23492592754637387
-0.11430892577563917
-0.04362844921793047
-0.01074410279193581
0.0010768887954771488
0.003910114621060685
0.0038666911463761514
0.0032466211682909817
0.0026745230798867455
0.0022396670783348446
0.0019155208773842553
0.0016689544089220469
0.001476816593370938
0.0013240548399536126
0.0012006741506603866
0.0010997968251401805
0.0010165391713448486
0.0009473447825933496
0.0008895709353749059
0.0008412217796320544
0.0008007706981953552
0.0007670389740870708
0.0007391111865309155
0.0007162752503967284
0.0006979794230800086
0.0006838012909185381
0.0006734254389736882
0.0006666276058755522
0.0006632638617948344
0.0006341167851217041
0.0006373327095505757
0.0006438318120360988
0.0006537516973976838
0.0006673067718252338
0.0006847985893224589
0.0007066310005448159
0.0007333315017141687
0.0007655808852959465
0.0008042543437797992
0.0008504787952408248
0.0009057137693794925
0.0009718674081892036
0.0010514663000125322
0.0011479105641261627
0.001265869276858028
0.0014119178947692471
0.0015956121803280042
0.0018313432339118682
0.002141244796169124
0.0025569913579286292
0.003103951061073236
0.0036967845887428824
0.0037383501000764915
0.0010297969429295152
-0.01027126071061932
-0.04170944077727466
-0.10928181908027039
-0.22459507156504038
-0.3793973234106571
-0.5353783122642491
-0.6352117472975294
-0.635211747297529
-0.5353783122642446
-0.37939732341065585
-0.22459507156503677
-0.10928181908026796
-0.0417094407772724
-0.01027126071061769
0.0010297969429313323
0.003738350100077793
0.003696784588744586
0.0031039510610740705
0.002556991357929958
0.0021412447961699434
0.0018313432339128518
0.0015956121803284433
0.001411917894769644
0.001265869276858068
0.0011479105641262505
0.0010514663000127235
0.000971867408189359
0.0009057137693796202
0.00085047879524119
0.0008042543437796588
0.0007655808852961931
0.0007333315017142154
0.000706631000545272
0.0006847985893225551
0.0006673067718257045
0.0006537516973982128
0.0006438318120361563
0.0006373327095514259
0.0006341167851212498
0.0006042851525142918
0.000607349785558912
0.0006135431413591409
0.0006229963511781454
0.0006359137345609427
0.00065258265903516
0.0006733879762733595
0.0006988323666549578
0.0007295645950324991
0.0007664186807926624
0.0008104685265429609
0.0008631049988731753
0.0009261464717710512
0.001002000670816467
0.0010939077572549964
0.0012063171511407015
0.0013454949666128787
0.00152054741449269
0.0017451885686027681
0.0020405109366068625
0.0024366992441164324
0.002957930139767228
0.003522887477433491
0.0035625511706723605
0.000981598013255945
-0.009787316711076317
-0.039745371238399226
-0.1041366659612757
-0.21402162482956244
-0.36153690431091523
-0.5101755892903277
-0.605309742056102
-0.6053097420561024
-0.5101755892903241
-0.36153690431091345
-0.21402162482955886
-0.10413666596127247
-0.03974537123839629
-0.009787316711074068
0.0009815980132581552
0.0035625511706739543
0.003522887477435474
0.00295793013976831
0.0024366992441179204
0.0020405109366077876
0.0017451885686038207
0.001520547414493352
0.0013454949666134857
0.0012063171511409927
0.0010939077572552202
0.0010020006708168611
0.0009261464717713451
0.000863104998873531
0.0008104685265433722
0.0007664186807927229
0.0007295645950329931
0.0006988323666553051
0.0006733879762740954
0.0006525826590355287
0.000635913734561764
0.0006229963511787886
0.0006135431413595318
0.0006073497855596829
0.0006042851525140178
0.0005735864879006045
0.0005764954323971588
0.0005823741552275683
0.0005913471259497265
0.0006036082843031472
0.0006194303990199017
0.0006391787705986629
0.0006633305423222243
0.0006925015205713482
0.0007274833549636283
0.0007692953917825201
0.0008192578388626975
0.0008790966931413867
0.0009510973627704237
0.0010383354018888562
0.001145034190105178
0.001277141508280091
0.0014433009496021367
0.0016565298838302624
0.0019368493223217839
0.0023129109242286602
0.0028076652053978975
0.0033439360797604253
0.0033816423951673956
0.0009319968291174603
-0.009289311685575381
-0.03772422969930586
-0.09884200131218134
-0.20314092499916414
-0.34315747913215056
-0.484240499604993
-0.5745388133708038
-0.5745388133708039
-0.4842404996049881
-0.34315747913214656
-0.20314092499915853
-0.0988420013121773
-0.03772422969930213
-0.00928931168557242
0.0009319968291200736
0.0033816423951693684
0.0033439360797627017
0.0028076652053993056
0.0023129109242302913
0.0019368493223228967
0.001656529883831443
0.0014433009496030212
0.0012771415082808992
0.0011450341901057572
0.001038335401889265
0.0009510973627709668
0.0008790966931418349
0.0008192578388632446
0.0007692953917829701
0.0007274833549638501
0.0006925015205720861
0.0006633305423227763
0.0006391787705996131
0.0006194303990205453
0.0006036082843042285
0.000591347125950489
0.0005823741552282715
0.0005764954323978356
0.0005735864879005161
0.0005418178048134566
0.0005445656341493606
0.0005501187572992878
0.0005585947499179198
0.0005701768101449741
0.0005851225990665741
0.0006037771845394531
0.0006265912826379944
0.0006541465924826824
0.0006871909170962221
0.0007266871448413603
0.0007738823619393377
0.00083040696841075
0.0008984197915185031
0.0009808260407925362
0.0010816151765806966
0.001206405550694666
0.0013633620137309768
0.00156478094702323
0.0018295745170970438
0.0021848078776689414
0.0026521626617743346
0.0031587470951184304
0.003194427442274317
0.0008806649859474561
-0.008773954077397906
-0.03563265565542646
-0.09336282433439627
-0.1918810436322552
-0.3241375476188565
-0.45740159480709264
-0.5426955446496566
-0.5426955446496566
-0.45740159480708736
-0.3241375476188523
-0.19188104363224978
-0.09336282433439153
-0.03563265565542171
-0.008773954077394232
0.0008806649859505443
0.003194427442276753
0.003158747095121005
0.002652162661776114
0.0021848078776707386
0.0018295745170983885
0.001564780947024612
0.0013633620137321258
0.0012064055506956818
0.0010816151765815996
0.0009808260407931776
0.0008984197915191574
0.0008304069684113653
0.000773882361940047
0.0007266871448418885
0.0006871909170965773
0.0006541465924836075
0.000626591282638632
0.0006037771845404938
0.0005851225990673963
0.0005701768101460718
0.0005585947499186839
0.0005501187573001502
0.0005445656341498925
0.0005418178048135323
0.0005087495112964082
0.0005113296344800443
0.0005165438381304193
0.0005245025219786432
0.0005353777031407288
0.0005494113170232788
0.0005669273711513691
0.0005883490732893154
0.0006142226200149934
0.000645250174049939
0.000682335856216817
0.0007266506398129531
0.0007797254171940252
0.0008435872564676744
0.0009209640539633043
0.0010156017814041776
0.001132775884973822
0.0012801528877963617
0.001469278687730123
0.0017179112440450903
0.002051464299441818
0.002490298680139093
0.002965982122213328
0.0029995531586842652
0.0008272309694941943
-0.008237521113054603
-0.03345553800963202
-0.0876595480024733
-0.18016062724945542
-0.3043396888508798
-0.42946496090473246
-0.5095498647827272
-0.5095498647827259
-0.429464960904728
-0.3043396888508741
-0.18016062724944867
-0.08765954800246727
-0.03345553800962666
-0.00823752111305018
0.0008272309694977548
0.0029995531586872164
0.002965982122216178
0.00249029868014125
0.002051464299443745
0.0017179112440466233
0.0014692786877316618
0.0012801528877977356
0.0011327758849749956
0.001015601781405394
0.0009209640539641975
0.0008435872564684408
0.0007797254171948484
0.0007266506398138405
0.0006823358562175164
0.0006452501740504401
0.0006142226200160539
0.0005883490732899695
0.0005669273711524271
0.0005494113170241926
0.000535377703141648
0.0005245025219793135
0.0005165438381313139
0.0005113296344804027
0.0005087495112966251
0.000474117759974108
0.0004765222479076824
0.0004813815080436678
0.0004887984249132177
0.00049893330597261
0.000512011617441869
0.0005283353107864464
0.0005482987848729738
0.0005724110551832214
0.0006013264862716594
0.0006358876529008879
0.0006771858168353453
0.0007266476580540924
0.0007861622559464808
0.000858271810279271
0.0009464672920034677
0.0010556650290620255
0.0011930096560715266
0.0013692611042162932
0.0016009685534560695
0.0019118162523028893
0.002320781752790276
0.0027641030616029536
0.0027954644740143305
0.0007712677473583031
-0.007675734855203816
-0.031175511835278703
-0.08168668064528069
-0.1678861878647984
-0.283605984430282
-0.4002077599885477
-0.4748373855979572
-0.4748373855979554
-0.4002077599885424
-0.2836059844302742
-0.16788618786479098
-0.08168668064527414
-0.031175511835272715
-0.007675734855198731
0.000771267747362297
0.0027954644740177436
0.0027641030616060848
0.0023207817527928134
0.0019118162523050226
0.0016009685534577748
0.0013692611042179768
0.0011930096560730991
0.0010556650290633124
0.0009464672920049286
0.0008582718102803586
0.0007861622559473432
0.0007266476580551231
0.0006771858168364162
0.0006358876529018141
0.0006013264862723103
0.0005724110551843169
0.0005482987848735763
0.0005283353107874406
0.0005120116174427694
0.0004989333059732152
0.0004887984249137379
0.0004813815080444792
0.00047652224790789067
0.00047411775997443085
0.0004376146360092725
0.00043983399799964445
0.00044431913475847216
0.00045116500952176804
0.00046051958733770034
0.0004725909753027271
0.00048765787699076816
0.0005060843256388369
0.0005283401464959977
0.0005550293231024801
0.0005869295584243426
0.0006250480953548724
0.0006707017702135144
0.000725634217223883
0.0007921919051616342
0.00087359702478906
0.0009743873801871781
0.0011011575161705184
0.0012638389257427518
0.001477706689621615
0.001764622100251711
0.002142104662984219
0.0025513149130074976
0.002580346558407214
0.0007122768462134366
-0.007083603247512352
-0.02877231297297486
-0.07539113505159895
-0.15494862803559328
-0.26175214861824864
-0.36936994728527944
-0.4382495744797097
-0.4382495744797087
-0.36936994728527456
-0.2617521486182414
-0.15494862803558548
-0.0753911350515912
-0.028772312972968173
-0.007083603247506693
0.0007122768462178232
0.002580346558411058
0.0025513149130108677
0.002142104662987083
0.001764622100254055
0.0014777066896234725
0.0012638389257445708
0.0011011575161723034
0.0009743873801885926
0.0008735970247907665
0.0007921919051628922
0.0007256342172248511
0.000670701770214719
0.0006250480953561068
0.0005869295584254996
0.0005550293231032807
0.000528340146497087
0.0005060843256394007
0.00048765787699170556
0.0004725909753035592
0.00046051958733798147
0.00045116500952213927
0.0004443191347591372
0.0004398339979997664
0.00043761463600966726
0.0003988753106149048
0.0004008982057331151
0.0004049863000868285
0.00041122615035235047
0.0004197526230651105
0.0004307554027653586
0.00044448852095226314
0.0004612837850118379
0.00048156942913648443
0.0005058959694712745
0.000534972263086339
0.0005697163869362557
0.0006113286045607851
0.0006613981949106408
0.0007220639050946002
0.0007962626799213942
0.000888130610785293
0.0010036784534378537
0.0011519585111559468
0.0013468937109144953
0.0016084107056682328
0.0019524816008913573
0.002325490881400873
0.002352049088873166
0.000649667493920924
-0.006455212036258047
-0.026221933127951687
-0.06871001488075516
-0.14121869170855628
-0.23855984392736124
-0.3366434277119243
-0.39942088905916096
-0.3994208890591595
-0.3366434277119184
-0.23855984392735236
-0.14121869170854628
-0.06871001488074654
-0.02622193312794424
-0.006455212036251871
0.0006496674939256984
0.002352049088877349
0.0023254908814044377
0.0019524816008944642
0.0016084107056708423
0.001346893710916514
0.0011519585111579727
0.001003678453439931
0.0008881306107869134
0.0007962626799233655
0.0007220639050960476
0.0006613981949117906
0.0006113286045621569
0.0005697163869376536
0.0005349722630877066
0.000505895969472212
0.0004815694291375565
0.0004612837850124028
0.0004444885209531718
0.00043075540276610704
0.00041975262306516426
0.0004112261503526404
0.00040498630008731435
0.00040089820573324404
0.0003988753106153076
0.0003574608746017827
0.0003592737359823297
0.0003629373704792672
0.0003685293476995348
0.00037617053115666585
0.00038603091067700276
0.0003983381419701011
0.0004133895812346755
0.0004315689995604881
0.0004533697535369081
0.0004794271002214114
0.0005105637933202672
0.000547855473712733
0.0005927264061335549
0.0006470932718704641
0.000713588072180656
0.0007959174455308875
0.000899468044966974
0.0010323522710965678
0.0012070475221327543
0.001441412206189179
0.0017497641327020729
0.0020840722967301476
0.002107985043492694
0.0005827287309335436
-0.00578344677370519
-0.023495490995491933
-0.061567657046449134
-0.12654088599151955
-0.21376641379999095
-0.30165756768742424
-0.35791158756750785
-0.3579115875675075
-0.3016575676874178
-0.21376641379998085
-0.1265408859915089
-0.06156765704643909
-0.02349549099548362
-0.005783446773698462
0.0005827287309386889
0.002107985043497198
0.002084072296733915
0.0017497641327054157
0.001441412206192122
0.0012070475221350172
0.0010323522710989192
0.0008994680449693963
0.0007959174455327545
0.000713588072182919
0.0006470932718721616
0.0005927264061350092
0.0005478554737143528
0.0005105637933219063
0.00047942710022304985
0.0004533697535380371
0.00043156899956163703
0.0004133895812353446
0.000398338141971048
0.0003860309106777063
0.0003761705311566396
0.000368529347699821
0.00036293737047954214
0.00035927373598254445
0.00035746087460212985
0.0003128349052290044
0.0003144214455270628
0.0003176277048638869
0.00032252156886144535
0.0003292088121260229
0.0003378382025140393
0.0003486089745944359
0.0003617813618083858
0.0003776912241817966
0.00039677032621958125
0.0004195746175327489
0.0004468241365776192
0.00047946023749168834
0.0005187293744669999
0.0005663089424526233
0.0006245023516873356
0.0006965534848348191
0.0007871764946408325
0.0009034709914815676
0.0010563567452865187
0.0012614635210136927
0.0015313264931029386
0.0018239319966799486
0.0018449925424331133
0.0005105913142758635
-0.005059613422813778
-0.020557691522759734
-0.05387159497000919
-0.1107251851584104
-0.18705086903137147
-0.26395942061664956
-0.3131842671813315
-0.3131842671813322
-0.26395942061664107
-0.18705086903136126
-0.11072518515839816
-0.053871594969998424
-0.020557691522750804
-0.005059613422806445
0.0005105913142814476
0.0018449925424379398
0.0018239319966839636
0.0015313264931065343
0.0012614635210170416
0.0010563567452890879
0.0009034709914843831
0.0007871764946436332
0.0006965534848369223
0.0006245023516898479
0.0005663089424546165
0.0005187293744688614
0.00047946023749363405
0.00044682413657956533
0.00041957461753470776
0.0003967703262209194
0.0003776912241831021
0.0003617813618092138
0.00034860897459543813
0.0003378382025147295
0.00032920881212604013
0.0003225215688617947
0.0003176277048639387
0.0003144214455273812
0.0003128349052292374
0.0002643307262829148
0.00026567127708963096
0.0002683804131271975
0.00027251549444531095
0.00027816589543977
0.0002854573176995982
0.0002945581047098638
0.00030568814099521835
0.00031913121179732117
0.00033525213686265486
0.0003545206661198111
0.0003775451962720009
0.0004051211244707764
0.00043830164165154623
0.0004785040610982463
0.0005276746455759353
0.000588554305693767
0.0006651262493615876
0.0007633892782023888
0.0008925701628960093
0.0010658763272642802
0.0012939053189373758
0.0015411834465389644
0.0015591418048434302
0.00043217444692012744
-0.004272908423178866
-0.01736467364618611
-0.04550691953560816
-0.09353544168845107
-0.15801431170822994
-0.22298610317907686
-0.26457108963051745
-0.26457108963051523
-0.22298610317906675
-0.15801431170821778
-0.09353544168843766
-0.045506919535595464
-0.017364673646176
-0.004272908423170735
0.0004321744469263232
0.0015591418048487688
0.001541183446543356
0.001293905318941298
0.0010658763272680676
0.0008925701628989804
0.0007633892782056961
0.0006651262493647583
0.0005885543056960629
0.000527674645578633
0.0004785040611005704
0.00043830164165386425
0.0004051211244730699
0.0003775451962742391
0.00035452066612207133
0.00033525213686415843
0.00031913121179882897
0.00030568814099622243
0.0002945581047109475
0.0002854573177003501
0.0002781658954399583
0.0002725154944458432
0.00026838041312712173
0.00026567127709008177
0.0002643307262830465
0.00021110443653057454
0.00021217504956994818
0.00021433866493044654
0.0002176410923715507
0.00022215370943333619
0.00022797690581763614
0.00023524512651827722
0.0002441339789660855
0.00025487010386434316
0.0002677448587738092
0.0002831334019389308
0.000301521619377801
0.0003235447415360336
0.00035004388082296423
0.0003821509484003198
0.00042142028911327416
0.00047004087403319534
0.0005311938038525161
0.0006096698994572398
0.0007128381030868111
0.0008512476462481343
0.0010333697146998571
0.001230906878949257
0.0012454581683723712
0.0003461092663251844
-0.0034096586746812027
-0.013860923230870008
-0.036328190633841906
-0.07467276334805942
-0.12615185576334392
-0.17802517253879602
-0.21122677041675408
-0.2112267704167523
-0.17802517253878491
-0.12615185576332877
-0.07467276334804471
-0.03632819063382818
-0.01386092323085885
-0.0034096586746721665
0.0003461092663321375
0.0012454581683783291
0.0012309068789541052
0.0010333697147041731
0.0008512476462523527
0.0007128381030902203
0.000609669899461015
0.0005311938038560459
0.00047004087403572023
0.00042142028911614773
0.00038215094840302576
0.0003500438808257797
0.0003235447415386388
0.0003015216193802793
0.0002831334019414042
0.000267744858775408
0.00025487010386602226
0.00024413397896722792
0.00023524512651944404
0.0002279769058184972
0.00022215370943376575
0.0002176410923723221
0.00021433866493039038
0.00021217504957049983
0.0002111044365306655
0.00015206534566587337
0.00015283654119353123
0.00015439505988348043
0.00015677389980128288
0.00016002447619859492
0.0001642191025847281
0.00016945462341427017
0.00017585753352938307
0.00018359108834528637
0.00019286516043372898
0.00020394998599271058
0.00021719556094529444
0.00023305945718283833
0.0002521475474048754
0.0002752751717124027
0.00030356195533712076
0.0003385846518206741
0.00038263465507411623
0.0004391628782801245
0.0005134775323378058
0.0006131793224797297
0.0007443807173743099
0.0008867436919930572
0.0008975118147071816
0.00025062528095986993
-0.0024521967611800827
-0.00997470335800222
-0.02614746334573277
-0.05375090487472603
-0.09081105833049014
-0.128155968881568
-0.15205898415285712
-0.15205898415285424
-0.12815596888155756
-0.09081105833047493
-0.05375090487470971
-0.026147463345717617
-0.009974703357989938
-0.0024521967611700595
0.00025062528096762946
0.0008975118147138243
0.0008867436919984205
0.0007443807173791324
0.0006131793224843723
0.0005134775323417094
0.0004391628782843273
0.00038263465507803974
0.0003385846518234939
0.00030356195534016325
0.00027527517171546624
0.0002521475474081261
0.00023305945718563948
0.00021719556094789035
0.0002039499859952319
0.000192865160435322
0.00018359108834700483
0.00017585753353054122
0.00016945462341545195
0.0001642191025856602
0.00016002447619923167
0.0001567738998022604
0.0001543950598836023
0.0001528365411941423
0.0001520653456660166
8.57686832129509e-05
8.620365428069427e-05
8.708269266589571e-05
8.842440981246926e-05
9.025780473971893e-05
9.262366338632169e-05
9.557660746898136e-05
9.918798187470831e-05
0.00010354986482956764
0.00010878062702648493
0.00011503268461660922
0.00012250343852674122
0.00013145096258910778
0.0001422169718095028
0.00015526131911161156
0.00017121546983259487
0.0001909686995058119
0.00021581332208906096
0.0002476956240809905
0.0002896097465961123
0.00034584535891630554
0.00041986605275180734
0.0005002707792953333
0.0005067846141490339
0.00014337389252650217
-0.0013771302500028074
-0.005611017095133314
-0.014715844689933658
-0.030258360568951564
-0.051127883507094074
-0.0721592521387312
-0.08562115135477621
-0.08562115135477288
-0.07215925213871754
-0.05112788350707698
-0.030258360568933468
-0.014715844689916865
-0.005611017095119658
-0.001377130249991627
0.0001433738925352647
0.0005067846141565005
0.0005002707793012821
0.0004198660527571646
0.00034584535892129764
0.000289609746600463
0.0002476956240854639
0.00021581332209328068
0.00019096869950892162
0.0001712154698357562
0.00015526131911495654
0.00014221697181311058
0.000131450962592013
0.00012250343852939752
0.00011503268461907979
0.00010878062702810679
0.00010354986483129868
9.918798187588326e-05
9.55766074702115e-05
9.26236633873184e-05
9.025780474054292e-05
8.842440981355801e-05
8.70826926663127e-05
8.620365428129632e-05
8.576868321322748e-05
1.0240701875904629e-05
1.0292631593243921e-05
1.0397576817770945e-05
1.0557759126907942e-05
1.0776639990436182e-05
1.1059087762131875e-05
1.1411622169722985e-05
1.1842758855628698e-05
1.2363487867694421e-05
1.2987936930216682e-05
1.373429639353282e-05
1.4626124196879349e-05
1.569421709125005e-05
1.6979349788944637e-05
1.8536388147593697e-05
2.0440663444709585e-05
2.2798244378667348e-05
2.5763245585012657e-05
2.9567808242382835e-05
3.4569758574455774e-05
4.12865960819752e-05
5.016380172657032e-05
5.9980043489260646e-05
6.16356755699589e-05
2.1132453863034924e-05
-0.00015254558754572954
-0.0006402014238014037
-0.001693574390749214
-0.0034968464839988667
-0.005922761384783537
-0.008370513035982241
-0.009938388728936376
-0.009938388728931713
-0.008370513035967031
-0.0059227613847638305
-0.003496846483978855
-0.0016935743907304929
-0.0006402014237860479
-0.00015254558753322392
2.1132453872958843e-05
6.163567557835453e-05
5.9980043495878616e-05
5.0163801732564656e-05
4.128659608735241e-05
3.4569758579253585e-05
2.9567808247101934e-05
2.576324558950212e-05
2.2798244382084536e-05
2.0440663447979755e-05
1.8536388151145326e-05
1.697934979280765e-05
1.5694217094200814e-05
1.4626124199545293e-05
1.3734296395895187e-05
1.2987936931957585e-05
1.2363487869430445e-05
1.184275885687965e-05
1.1411622171021208e-05
1.1059087763200573e-05
1.0776639991408495e-05
1.055775912800819e-05
1.0397576818527393e-05
1.0292631593843485e-05
1.0240701876320854e-05
-7.732851717046627e-05
-7.772069633941157e-05
-7.85132564460159e-05
-7.972297879873689e-05
-8.137601090279633e-05
-8.350912829616617e-05
-8.617158209904476e-05
-8.942770273376234e-05
-9.33605161704534e-05
-9.807675706623056e-05
-0.00010371386046305168
-0.0001104498272066184
-0.00011851737249880551
-0.00012822464106875355
-0.00013998632174342285
-0.00015437188287553737
-0.00017218333164224927
-0.00019458622134243273
-0.00022333585773599818
-0.0002611310940508517
-0.00031182825316071125
-0.0003784823335848675
-0.00045051710858383127
-0.00045452837818542226
-0.00012076079714902466
0.0012667660914021054
0.005121752674527212
0.013401744644700758
0.02752527853344064
0.04647960784364347
0.06557442298370764
0.07779438544632555
0.07779438544633055
0.06557442298372318
0.04647960784366478
0.027525278533462927
0.013401744644721339
0.005121752674544289
0.0012667660914160873
-0.00012076079713783223
-0.0004545283781760517
-0.00045051710857639494
-0.00037848233357814804
-0.0003118282531548366
-0.0002611310940455287
-0.0002233358577309122
-0.00019458622133759675
-0.00017218333163841596
-0.00015437188287202716
-0.00013998632173961123
-0.0001282246410646776
-0.000118517372495791
-0.00011044982720395517
-0.0001037138604607857
-9.807675706428995e-05
-9.33605161686765e-05
-8.94277027323492e-05
-8.617158209761394e-05
-8.350912829499448e-05
-8.137601090164913e-05
-7.972297879766505e-05
-7.851325644489147e-05
-7.772069633877276e-05
-7.73285171699361e-05
-0.0001811702258266146
-0.00018208904043979038
-0.00018394588486504075
-0.00018678007453274412
-0.0001906528680499025
-0.00019565042338247124
-0.00020188812620257433
-0.00020951668974207094
-0.0002187306266943481
-0.00022977999360893737
-0.00024298677038746838
-0.00025876797188468127
-0.00027766879321655116
-0.00030041113783089643
-0.0003279665063519886
-0.00036166899017962936
-0.0004033974219244511
-0.00045588226389359676
-0.0005232356291782854
-0.0006117812533183355
-0.0007305630599772632
-0.0008867919709861761
-0.0010559231825697964
-0.0010667941189164052
-0.0002896792894649977
0.002947810689840352
0.011949161092851053
0.031290401262488624
0.0642897197618891
0.10858337345111008
0.15321010119098388
0.18177126362581408
0.18177126362582063
0.1532101011910011
0.10858337345113472
0.064289719761914
0.03129040126251127
0.011949161092870232
0.0029478106898561153
-0.00028967928945236284
-0.001066794118905933
-0.0010559231825614172
-0.0008867919709786799
-0.0007305630599707541
-0.0006117812533124258
-0.000523235629172638
-0.0004558822638882636
-0.0004033974219200872
-0.00036166899017571756
-0.0003279665063477975
-0.00030041113782656504
-0.0002776687932133381
-0.00025876797188194257
-0.0002429867703851818
-0.00022977999360670554
-0.00021873062669248067
-0.00020951668974039704
-0.00020188812620098044
-0.00019565042338111935
-0.0001906528680485724
-0.00018678007453163813
-0.0001839458848636187
-0.0001820890404390272
-0.00018117022582607976
-0.00030809806547452416
-0.0003096605976966385
-0.0003128183392994894
-0.0003176381496711161
-0.0003242242044990708
-0.00033272302299452224
-0.00034333082857669
-0.0003563039221368755
-0.00037197308912837845
-0.0003907635717429001
-0.00041322292335366825
-0.0004400603112702519
-0.000472202882294507
-0.0005108782872733843
-0.0005577386318614938
-0.0006150526261004324
-0.0006860153364640026
-0.0007752700687883021
-0.0008898098243394113
-0.0010403898082978866
-0.0012423989585708855
-0.0015081489322449457
-0.001796110468149377
-0.00181594933584621
-0.0004988811094387817
0.00499430543622807
0.020272972132437686
0.053108540480421046
0.10913784540019897
0.18434932728483983
0.2601299730768921
0.3086309738550156
0.30863097385502225
0.260129973076911
0.1843493272848687
0.10913784540022706
0.05310854048044697
0.020272972132459675
0.004994305436245931
-0.000498881109424465
-0.0018159493358344179
-0.0017961104681398035
-0.0015081489322364893
-0.0012423989585635337
-0.0010403898082911984
-0.0008898098243329783
-0.0007752700687823288
-0.0006860153364590263
-0.0006150526260959913
-0.0005577386318568291
-0.0005108782872687853
-0.0004722028822909327
-0.0004400603112672905
-0.00041322292335110823
-0.0003907635717402359
-0.000371973089126212
-0.0003563039221348189
-0.00034333082857484717
-0.0003327230229929663
-0.00032422420449760257
-0.0003176381496700029
-0.0003128183392979518
-0.00030966059769579337
-0.0003080980654740458
-0.0004696619595587906
-0.0004720438665610637
-0.00047685749315920425
-0.00048420475884375044
-0.0004942444675138355
-0.0005071999708834859
-0.0005233703889540181
-0.0005431464228010358
-0.0005670323164200132
-0.000595676301841455
-0.0006299130597448212
-0.0006708236315101172
-0.000719821341204714
-0.0007787775933076741
-0.0008502108187012185
-0.0009375793796592984
-0.001045753744686431
-0.001181812060570676
-0.0013564146497236388
-0.0015859597900934152
-0.0018939275422290495
-0.002299198231171713
-0.0027389507953464185
-0.002772325672762312
-0.0007750672715305408
0.007569307260008517
0.03079086403040164
0.08070992701680549
0.16590317485569717
0.28027443591536544
0.3955182947099486
0.46927898656369693
0.4692789865637048
0.39551829470997096
0.2802744359153975
0.16590317485573108
0.08070992701683556
0.030790864030427044
0.007569307260029041
-0.0007750672715141124
-0.0027723256727488093
-0.002738950795335287
-0.0022991982311619972
-0.0018939275422205542
-0.0015859597900857525
-0.0013564146497162047
-0.001181812060563869
-0.001045753744680668
-0.0009375793796541668
-0.0008502108186959295
-0.0007787775933027154
-0.0007198213412006312
-0.0006708236315067894
-0.0006299130597417973
-0.0005956763018382761
-0.0005670323164173748
-0.0005431464227984666
-0.0005233703889518368
-0.0005071999708816048
-0.0004942444675122857
-0.0004842047588425501
-0.0004768574931577875
-0.0004720438665601304
-0.00046966195955844964
-0.0006851892866681616
-0.0006886642411356142
-0.0006956868212319809
-0.0007064057164050645
-0.0007210526042232152
-0.0007399533303980817
-0.0007635442781353535
-0.0007923954371228556
-0.0008272424432330739
-0.0008690309942436419
-0.0009189787946208972
-0.0009786629596183786
-0.0010501453642898992
-0.0011361561654616283
-0.0012403694475060856
-0.0013678305283545474
-0.0015256448003387775
-0.0017241384629360797
-0.001978864756440876
-0.0023137564845330657
-0.0027631305766540708
-0.0033548564367184893
-0.003998685881759788
-0.004056427859021012
-0.0011729056171803937
0.010915556157423671
0.04459290307234705
0.1170267421072845
0.24068223497093608
0.4067206110974906
0.5740457334945167
0.6811475729471156
0.6811475729471247
0.574045733494545
0.4067206110975288
0.24068223497097557
0.1170267421073203
0.044592903072376885
0.010915556157447853
-0.0011729056171610806
-0.004056427859005112
-0.003998685881746454
-0.0033548564367069603
-0.0027631305766439083
-0.002313756484524039
-0.0019788647564321403
-0.0017241384629281674
-0.001525644800331919
-0.001367830528348458
-0.0012403694474999493
-0.0011361561654561277
-0.0010501453642851085
-0.0009786629596145288
-0.0009189787946172541
-0.0008690309942399441
-0.0008272424432298314
-0.000792395437119755
-0.0007635442781327333
-0.0007399533303958545
-0.0007210526042215799
-0.0007064057164037714
-0.0006956868212307873
-0.0006886642411346678
-0.0006851892866679015
-0.0009830070206142418
-0.0009879923447828434
-0.0009980672497228644
-0.0010134450504988457
-0.0010344581197047117
-0.0010615739265492034
-0.001095418520617195
-0.0011368096270042661
-0.0011868026108828806
-0.00124675419669835
-0.0013184113344466215
-0.0014040365895101078
-0.0015065879673688044
-0.0016299821911518598
-0.0017794901353907755
-0.0019623498229027897
-0.002188754623309421
-0.0024735186685563588
-0.002838957594472332
-0.0033194305550385103
-0.0039643301650149985
-0.004814480568630852
-0.0057440377195036975
-0.005850314410348751
-0.0017918494690948989
0.015330556991986212
0.06312708635628417
0.1660284329445152
0.34179591538227766
0.5778912693906231
0.8158687287809185
0.9682124173980353
0.9682124173980472
0.8158687287809512
0.5778912693906693
0.34179591538232396
0.16602843294455838
0.06312708635632017
0.015330556992015423
-0.0017918494690715243
-0.005850314410329363
-0.005744037719487258
-0.004814480568616707
-0.003964330165002415
-0.0033194305550275126
-0.0028389575944618196
-0.0024735186685469557
-0.002188754623301012
-0.001962349822895425
-0.0017794901353835166
-0.0016299821911455541
-0.0015065879673630705
-0.0014040365895054596
-0.001318411334442186
-0.0012467541966940062
-0.001186802610878961
-0.0011368096270006182
-0.001095418520614169
-0.0010615739265465928
-0.0010344581197030017
-0.001013445050497315
-0.0009980672497219465
-0.0009879923447817678
-0.000983007020614064
-0.0013915518838217792
-0.0013986090941980316
-0.0014128710986067777
-0.001434639861667615
-0.0014643858832060056
-0.0015027709024480708
-0.0015506811404827144
-0.0016092741479839796
-0.0016800438699866012
-0.0017649108426799134
-0.0018663479861102284
-0.0019875580957828703
-0.00213272838566951
-0.0023074031551940204
-0.0025190435144545665
-0.0027778950519911695
-0.0030983866060112254
-0.00350148813700434
-0.004018793903236215
-0.0046989928590966444
-0.005612343662444187
-0.006818424092140327
-0.008146805011225885
-0.008347028777909923
-0.0027682634714300868
0.021002880882227938
0.08756435075707122
0.23108032572018067
0.4764374991511513
0.806188956548333
1.1386831067224765
1.3515729629005089
1.3515729629005233
1.1386831067225143
0.8061889565483897
0.47643749915120936
0.23108032572023407
0.08756435075711594
0.021002880882264006
-0.0027682634714011594
-0.008347028777885741
-0.008146805011205249
-0.0068184240921225795
-0.00561234366242826
-0.004698992859082948
-0.004018793903223307
-0.00350148813699293
-0.0030983866060007048
-0.0027778950519820804
-0.0025190435144458612
-0.002307403155186567
-0.0021327283856625414
-0.0019875580957771652
-0.001866347986104777
-0.0017649108426747739
-0.001680043869981854
-0.0016092741479797293
-0.0015506811404791304
-0.0015027709024450458
-0.0014643858832041209
-0.0014346398616658063
-0.0014128710986059932
-0.0013986090941968676
-0.0013915518838215936
-0.0019080503214383955
-0.0019177268390424863
-0.0019372822308210763
-0.001967130529699935
-0.0020079168518088485
-0.0020605485260877725
-0.002126240672716732
-0.0022065804353393805
-0.0023036161899708824
-0.0024199812110978717
-0.0025590661409272937
-0.0027252623385637864
-0.0029243108660635076
-0.003163813418232627
-0.003453999696143955
-0.003808916940544786
-0.004248347615256665
-0.004801042855094107
-0.005510329777537881
-0.006443052305109389
-0.0076961190812428444
-0.009354256451043444
-0.011196894983008649
-0.011555995640353995
-0.0041892336100820314
0.027611536344051654
0.11701334222040778
0.3101506285049995
0.6407153395798861
1.0852987169596193
1.533778595588934
1.8210023620972793
1.8210023620972964
1.5337785955889829
1.0852987169596895
0.6407153395799583
0.31015062850506514
0.1170133422204632
0.027611536344096112
-0.004189233610046122
-0.011555995640323901
-0.01119689498298289
-0.009354256451021297
-0.007696119081222899
-0.006443052305092346
-0.005510329777522077
-0.004801042855080172
-0.004248347615243558
-0.0038089169405334574
-0.0034539996961333924
-0.003163813418223566
-0.002924310866055043
-0.0027252623385567096
-0.002559066140920753
-0.002419981211091676
-0.0023036161899652637
-0.00220658043533439
-0.00212624067271258
-0.00206054852608432
-0.002007916851806738
-0.0019671305296977515
-0.001937282230820423
-0.0019177268390411354
-0.0019080503214383689
-0.002443786885268685
-0.0024561802006311862
-0.002481225997116667
-0.002519454542129893
-0.0025716920591018714
-0.0026391005951352784
-0.0027232363930299658
-0.0028261321527392413
-0.002950411279502029
-0.0030994462594961386
-0.003277579534319926
-0.0034904351451281604
-0.0037453656540419947
-0.004052106443816824
-0.004423758398814511
-0.004878311157637155
-0.0054410988278811336
-0.006148941760178075
-0.007057339675065684
-0.008252015671191125
-0.009857860262759862
-0.011987496734862964
-0.014376188279698054
-0.01495056579364211
-0.005897897424109334
0.03375856727862448
0.14574105940523208
0.3881795682113838
0.8036453375479307
1.3628528243164988
1.9272376047129853
2.2887892157270904
2.288789215727115
1.9272376047130466
1.362852824316583
0.8036453375480157
0.3881795682114626
0.14574105940529802
0.03375856727867743
-0.00589789742406627
-0.014950565793606225
-0.014376188279666939
-0.01198749673483665
-0.009857860262735687
-0.00825201567117102
-0.007057339675046672
-0.006148941760161905
-0.005441098827865442
-0.00487831115762356
-0.004423758398801936
-0.0040521064438061374
-0.0037453656540320486
-0.003490435145119568
-0.0032775795343122868
-0.0030994462594888463
-0.0029504112794957013
-0.0028261321527334833
-0.002723236393025346
-0.002639100595131413
-0.00257169205909969
-0.002519454542127396
-0.002481225997116155
-0.002456180200629582
-0.002443786885268821
-0.002781721119724802
-0.0027958280522288274
-0.0028243369121316404
-0.002867851274845201
-0.0029273115859371566
-0.003004040538973916
-0.003099809515051873
-0.003216932213034049
-0.0033583946863580518
-0.003528035604294923
-0.0037307976463585722
-0.003973082204727702
-0.00426325804742188
-0.004612405995591232
-0.00503543731561366
-0.005552827294360169
-0.006193410053985377
-0.006999093472113587
-0.008033059258474865
-0.009393004125892206
-0.0112219280193094
-0.013652501860318238
-0.016402735489987254
-0.017181201842198835
-0.007293315461034757
0.03667840491290684
0.1614019887099744
0.4320048520901026
0.8963154658965582
1.5217568355301112
2.15329696841004
2.557978363822521
2.557978363822548
2.1532969684101024
1.5217568355302054
0.8963154658966513
0.43200485209018935
0.16140198871004696
0.0366784049129648
-0.007293315460987488
-0.017181201842159287
-0.016402735489953166
-0.013652501860289153
-0.011221928019283121
-0.009393004125869894
-0.008033059258454336
-0.006999093472095919
-0.006193410053968326
-0.005552827294345184
-0.00503543731559981
-0.0046124059955796
-0.00426325804741074
-0.003973082204718596
-0.0037307976463500352
-0.003528035604287478
-0.003358394686350896
-0.0032169322130285657
-0.003099809515046936
-0.003004040538970198
-0.0029273115859346256
-0.002867851274842891
-0.0028243369121310523
-0.0027958280522272522
-0.0027817211197249717
-0.0026178052195972856
-0.002631080731293087
-0.0026579093583157095
-0.0026988590922780472
-0.0027548149338605336
-0.0028270215941250953
-0.002917146015008475
-0.003027365476240767
-0.0031604899604740348
-0.0033201317785910276
-0.0035109421289993875
-0.003738944864950822
-0.004012015129049878
-0.004340580056727756
-0.004738671102936886
-0.005225555172382991
-0.005828364300505269
-0.006586533107338261
-0.007559526872326939
-0.008839394643824126
-0.010561477368116681
-0.012854720752878718
-0.015471459775520731
-0.016318108620812934
-0.007394057563247901
0.032917389521960085
0.14778068149794016
0.39753316164393704
0.8266089700749382
1.405044578145539
1.9894077729543351
2.363960650074107
2.3639606500741306
1.9894077729543937
1.405044578145625
0.8266089700750253
0.39753316164401875
0.14778068149800866
0.03291738952201534
-0.007394057563203372
-0.016318108620775432
-0.015471459775488583
-0.012854720752851542
-0.010561477368091512
-0.008839394643803322
-0.007559526872307403
-0.006586533107321994
-0.005828364300488959
-0.005225555172368916
-0.004738671102923588
-0.004340580056716474
-0.004012015129039542
-0.0037389448649419975
-0.003510942128991953
-0.0033201317785841304
-0.0031604899604679645
-0.0030273654762354215
-0.0029171460150038196
-0.0028270215941217465
-0.0027548149338584666
-0.0026988590922756564
-0.002657909358315106
-0.0026310807312917234
-0.0026178052195975944
-0.0017253183997983992
-0.001734067767891556
-0.0017517494573666876
-0.0017787377999789607
-0.0018156160498023473
-0.0018632045242159504
-0.0019226018059137892
-0.0019952428064520717
-0.0020829794057672267
-0.0021881922354772708
-0.0023139465699814595
-0.002464212273942579
-0.002644179209446907
-0.002860718970232039
-0.003123078301071717
-0.0034439538807686586
-0.00384122510154244
-0.004340879103051714
-0.004982114693153298
-0.0058257014126251744
-0.006961551402696217
-0.008478439700594649
-0.010229532005200395
-0.01089318604101016
-0.005364798183952461
0.0202120420398665
0.09358570634073948
0.25363683638001994
0.5291130764332489
0.9009088714518468
1.2767828023313592
1.517797467190884
1.5177974671909025
1.2767828023314034
0.90090887145191
0.5291130764333123
0.25363683638007994
0.09358570634078966
0.0202120420399068
-0.00536479818391954
-0.010893186040982852
-0.010229532005176544
-0.008478439700575137
-0.006961551402677943
-0.005825701412609744
-0.00498211469313919
-0.004340879103039924
-0.003841225101530776
-0.003443953880758127
-0.003123078301062083
-0.0028607189702237663
-0.0026441792094391466
-0.0024642122739363787
-0.0023139465699761556
-0.0021881922354723875
-0.00208297940576339
-0.0019952428064480042
-0.0019226018059103726
-0.0018632045242134268
-0.0018156160498013216
-0.0017787377999771928
-0.0017517494573662472
-0.0017340677678905477
-0.001725318399798696
-0.00015912551463128288
-0.00015993228704407536
-0.00016156269590984935
-0.0001640512455166205
-0.00016745169667300823
-0.00017183965913349303
-0.0001773163870104203
-0.00018401412694133562
-0.0001921035448865327
-0.0002018040198276895
-0.00021339799673685737
-0.00022725123302357703
-0.00024384182454810748
-0.0002638026835502039
-0.0002879853037724199
-0.00031755855197092156
-0.0003541680085217805
-0.0004002066166484018
-0.0004593021593937896
-0.000537221223689158
-0.0006433623803830954
-0.0007917721799946256
-0.0009942295685217047
-0.0012187381218748254
-0.0012549098117393266
-0.00042953039349846907
0.0027310034996186894
0.010436373129324938
0.02449942252510215
0.04415068253257742
0.06443747844482384
0.07759394228223915
0.07759394228224392
0.06443747844484116
0.04415068253259924
0.024499422525125186
0.010436373129347587
0.0027310034996367027
-0.0004295303934827334
-0.001254909811727821
-0.0012187381218636707
-0.000994229568513663
-0.0007917721799863614
-0.0006433623803766154
-0.0005372212236830916
-0.0004593021593894931
-0.00040020661664410054
-0.0003541680085180348
-0.00031755855196641996
-0.00028798530376891664
-0.0002638026835467598
-0.0002438418245454448
-0.0002272512330206615
-0.00021339799673546894
-0.00020180401982536507
-0.00019210354488600296
-0.00018401412693981785
-0.00017731638700972815
-0.00017183965913303886
-0.00016745169667252056
-0.0001640512455171781
-0.00016156269590943107
-0.00015993228704431085
-0.00015912551463098548
0.0016835356779415986
0.0016920735009877466
0.001709327688232007
0.0017356635447173044
0.0017716502618131923
0.0018180883824280539
0.0018760500141048462
0.0019469354998212255
0.0020325521248270887
0.002135223223530124
0.002257940342783797
0.002404577937884375
0.0025802012636129985
0.002791517132480344
0.003047550902356957
0.003360695871570018
0.003748404984263698
0.0042360431931569775
0.004861834385953773
0.005684754120460808
0.006790343148785768
0.00825361602404169
0.009881123890609134
0.010205091446663157
0.003728389712453873
-0.024268876291467366
-0.10301632177413383
-0.2731839406901503
-0.564488858894446
-0.9563213558208896
-1.3516220239859293
-1.6048003562032316
-1.6048003562032371
-1.3516220239859447
-0.9563213558209168
-0.564488858894471
-0.2731839406901723
-0.1030163217741526
-0.024268876291481358
0.0037283897124419808
0.010205091446653469
0.00988112389060078
0.008253616024034372
0.006790343148780501
0.0056847541204541
0.004861834385948749
0.00423604319315111
0.0037484049842594854
0.003360695871566343
0.003047550902354591
0.0027915171324776116
0.00258020126360938
0.002404577937883204
0.0022579403427808384
0.0021352232235283316
0.002032552124824379
0.0019469354998197773
0.0018760500141026054
0.0018180883824269554
0.0017716502618119725
0.0017356635447162276
0.0017093276882309172
0.0016920735009872503
0.0016835356779410257
0.003249728563108678
0.00326620898183414
0.0032995144496889583
0.0033503500991785553
0.003419814614942934
0.0035094532475099466
0.0036213354330079947
0.003758164179332429
0.003923427985707551
0.004121611439180683
0.004358488916027805
0.0046415389788042275
0.004980538648511279
0.005388433419161988
0.0058826438996558775
0.00648709120036746
0.007235462077283312
0.008176715679559724
0.009384646919711833
0.010973234309396233
0.013108532171097538
0.015940283544642393
0.01911642632728581
0.01987953936579781
0.007838278084664696
-0.044910448724830965
-0.19387102461525008
-0.5163844039408301
-1.0691025128025617
-1.813079544740103
-2.5639673478723886
-3.0450038811117826
-3.0450038811118008
-2.563967347872432
-1.8130795447401722
-1.0691025128026275
-0.516384403940891
-0.1938710246153002
-0.044910448724870905
0.007838278084633322
0.01987953936577051
0.019116426327264006
0.015940283544621653
0.013108532171081114
0.010973234309379746
0.009384646919698744
0.008176715679545747
0.007235462077272043
0.006487091200356925
0.005882643899647811
0.005388433419153563
0.004980538648503241
0.00464153897879825
0.004358488916021763
0.00412161143917494
0.0039234279857024365
0.0037581641793280485
0.003621335433003612
0.0035094532475078337
0.0034198146149407305
0.0033503500991768132
0.003299514449686877
0.0032662089818333274
0.003249728563108026
0.0041422153829066485
0.0041632219452356865
0.004205674350637508
0.004270471391477509
0.004359013499000391
0.004473270317419184
0.004615879642102381
0.0047902868491207585
0.00500093854041385
0.0052535509822934316
0.005555484475045544
0.005916271569811623
0.006348374568113926
0.006868294505657403
0.00749823670152085
0.00826869249198129
0.009222601276245778
0.010422369683845452
0.011962059098885458
0.013986927540594397
0.0167084581365175
0.020316564596924384
0.024358354097605513
0.025304461945598752
0.009867537463959308
-0.0576157962069243
-0.24806599977244337
-0.6602807292047239
-1.3665984064441998
-2.317215251433707
-3.2765923184952355
-3.8911670639948506
-3.891167063994879
-3.2765923184952968
-2.3172152514337983
-1.3665984064442895
-0.6602807292048067
-0.24806599977251242
-0.057615796206978515
0.009867537463915773
0.025304461945562115
0.024358354097574152
0.020316564596897624
0.01670845813649388
0.013986927540573185
0.01196205909886601
0.010422369683828064
0.009222601276229696
0.008268692491967551
0.007498236701508541
0.006868294505646266
0.006348374568102919
0.00591627156980347
0.005555484475037125
0.005253550982286301
0.0050009385404067045
0.004790286849114979
0.004615879642096556
0.00447327031741584
0.004359013498997824
0.004270471391474717
0.004205674350635765
0.004163221945234395
0.00414221538290636
0.00430613128303373
0.0043279692661710775
0.004372101904453625
0.004439463574044254
0.004531510151076822
0.004650289262267509
0.004798543142145548
0.00497985358591375
0.00519884326629694
0.005461454807996844
0.005775339992404083
0.006150408909588428
0.006599617486485368
0.007140120444521003
0.007795002914196966
0.008595964613958063
0.009587647029725178
0.010834930048619908
0.01243559148503287
0.014540537022661264
0.017368908787709293
0.021114345704362762
0.025289629812070634
0.02616755516698312
0.009766795361744955
-0.06137681159787001
-0.2616873069844696
-0.6947524196508656
-1.4363049022657666
-2.433927508818189
-3.4404815139508047
-4.08518477774311
-4.085184777743136
-3.4404815139508695
-2.433927508818285
-1.4363049022658614
-0.6947524196509529
-0.2616873069845427
-0.06137681159792738
0.009766795361698949
0.02616755516694447
0.025289629812037473
0.021114345704334632
0.0173689087876842
0.014540537022639275
0.012435591485012238
0.010834930048601647
0.009587647029708376
0.008595964613943186
0.007795002914184215
0.007140120444508807
0.006599617486474095
0.006150408909579342
0.005775339992395344
0.0054614548079891
0.005198843266289744
0.004979853585907491
0.004798543142139233
0.004650289262263909
0.004531510151073797
0.004439463574041658
0.004372101904451635
0.004327969266170132
0.004306131283032911
0.003968197048576585
0.003988321414572711
0.004028990989437987
0.004091066841328495
0.004175890624241278
0.004285349318428375
0.004421970020123173
0.004589053525618254
0.004790859859440735
0.005032865463197518
0.005322121880365308
0.005667761849988601
0.006081725093105276
0.006579820892746198
0.007183323997397651
0.007921448477234827
0.008835335803620217
0.009984778336684156
0.01145987190162283
0.01339954856795964
0.016004841031158828
0.019449340578906932
0.02326308260178042
0.023936919118424993
0.008371377324818673
-0.05845697396358669
-0.24602637767971985
-0.6509271357721261
-1.3436347739170937
-2.275023497604498
-3.214422150253642
-3.8159956296475412
-3.8159956296475643
-3.2144221502536996
-2.275023497604585
-1.3436347739171808
-0.6509271357722055
-0.24602637767978677
-0.058456973963638706
0.008371377324776389
0.023936919118390115
0.023263082601750425
0.01944934057888098
0.016004841031135884
0.013399548567939673
0.01145987190160457
0.009984778336667057
0.008835335803605085
0.007921448477220868
0.007183323997385991
0.006579820892734813
0.006081725093095338
0.005667761849979945
0.005322121880357144
0.005032865463190273
0.004790859859434155
0.0045890535256124625
0.004421970020117314
0.004285349318425033
0.004175890624238668
0.004091066841325902
0.0040289909894362114
0.0039883214145715155
0.003968197048576309
0.003432460484745648
0.0034498680529836743
0.0034850472231419414
0.0035387428288983737
0.00361211541694827
0.00370679724938109
0.0038249742998097865
0.003969501808218243
0.00414406476990955
0.004353400414798991
0.004603608486972548
0.00490258904342405
0.00526067030512653
0.005691527867161635
0.006213565294727131
0.006852054260142122
0.007642584590995519
0.008636879431599574
0.009912862004094837
0.011590585201877359
0.013843099849641483
0.01681610029508656
0.020083789305090603
0.02054234896513614
0.006662713510790674
-0.05230994302901308
-0.2172986604948911
-0.5728981960657279
-1.1807047759490203
-1.9974693902475664
-2.8209631411295133
-3.3482087760176418
-3.348208776017663
-2.8209631411295613
-1.9974693902476406
-1.1807047759490934
-0.5728981960657943
-0.21729866049494734
-0.05230994302905688
0.006662713510755454
0.02054234896510666
0.02008378930506534
0.016816100295064758
0.013843099849622403
0.011590585201860662
0.009912862004079426
0.0086368794315853
0.00764258459098263
0.006852054260130403
0.006213565294716897
0.00569152786715213
0.005260670305118026
0.004902589043416752
0.004603608486965456
0.00435340041479282
0.004144064769903803
0.00396950180821339
0.0038249742998046647
0.0037067972493781383
0.0036121154169459005
0.003538742828896253
0.0034850472231404616
0.003449868052982626
0.003432460484745421
0.0029159620471286467
0.002930750308139025
0.002960636090927285
0.0030062521608662913
0.003068584448345457
0.003149019625741349
0.0032494147675757572
0.0033721955208626826
0.003520492449925268
0.003698330046380928
0.0039108903321554995
0.00416488480064311
0.004469087824732468
0.004835117604123021
0.005278609113037645
0.0058210323715885345
0.006492623581749884
0.007337324713509742
0.008421326129792787
0.009846525755864262
0.011759324430842584
0.014280267936183099
0.017033699333307634
0.01733338210269177
0.005241743372138655
-0.04570128756718883
-0.18784966903155145
-0.4938278932809008
-1.0164269355202677
-1.718359629836249
-2.4258676522630123
-2.8787793768208205
-2.878779376820839
-2.4258676522630522
-1.718359629836311
-1.0164269355203275
-0.49382789328095494
-0.18784966903159736
-0.04570128756722443
0.005241743372110095
0.01733338210266784
0.01703369933328704
0.014280267936165542
0.011759324430827164
0.009846525755850835
0.00842132612978038
0.007337324713497822
0.006492623581739453
0.0058210323715786865
0.005278609113029152
0.004835117604115073
0.004469087824725532
0.004164884800637089
0.003910890332149651
0.003698330046375952
0.003520492449920509
0.0033721955208588002
0.003249414767571382
0.003149019625738776
0.003068584448343509
0.0030062521608642855
0.0029606360909261937
0.0029307503081379993
0.0029159620471285175
0.0025074171839210985
0.002520133558723731
0.0025458322420431985
0.002585057349697723
0.002638656684844143
0.0027078226498425534
0.0027941521477101695
0.002899730999882802
0.0030272511908215737
0.003180173400399257
0.00336295368049199
0.003581363294370316
0.0038429474064317366
0.0041576966400808
0.004539055733973908
0.00500548714250025
0.005582991599048136
0.006309355245061822
0.007241489821028856
0.00846696345180594
0.010111310933413418
0.012276324412673479
0.014630932041585436
0.014836667735130489
0.004265329369803514
-0.040028963676946534
-0.1634124046307624
-0.42877600050523035
-0.8817853517513847
-1.4900619426785244
-2.1030532743214323
-2.495418831318323
-2.4954188313183376
-2.103053274321465
-1.4900619426785735
-0.8817853517514336
-0.4287760005052751
-0.16341240463080017
-0.0400289636769756
0.0042653293697803955
0.014836667735111057
0.0146309320415688
0.012276324412659275
0.010111310933400943
0.00846696345179511
0.007241489821018786
0.006309355245051837
0.005582991599039659
0.005005487142492012
0.00453905573396678
0.00415769664007423
0.003842947406426087
0.0035813632943654
0.003362953680487163
0.0031801734003952904
0.003027251190817748
0.0028997309998797507
0.0027941521477065296
0.002707822649840286
0.0026386566848425217
0.0025850573496958226
0.002545832242042411
0.002520133558722779
0.0025074171839209415
0.002209599449975002
0.002220805455076334
0.0022434518135520673
0.002278018015604108
0.002325251169362621
0.002386202053691494
0.0024622779052283173
0.002555316810001358
0.0026676910231718874
0.0028024501979445763
0.0029635211406664123
0.00315598966447863
0.0033865048033529
0.0036638706143905866
0.003999935046089389
0.0044109678479520974
0.004919881776077588
0.005559975039441594
0.006381396982997424
0.007461289381300403
0.008910111345052516
0.010816700280761002
0.01288558020384156
0.013042781183802653
0.0036463855178890617
-0.035613962842383745
-0.14487822134682457
-0.3797743096679978
-0.7806716713400392
-1.3188912843853835
-1.8612302790350221
-2.2083539868673903
-2.208353986867402
-1.8612302790350475
-1.3188912843854257
-0.7806716713400803
-0.37977430966803444
-0.14487822134685605
-0.03561396284240783
0.0036463855178699876
0.013042781183786569
0.012885580203827893
0.010816700280749323
0.008910111345042297
0.00746128938129148
0.006381396982989108
0.00555997503943306
0.004919881776070625
0.004410967847945115
0.0039999350460833165
0.0036638706143851136
0.003386504803348206
0.003155989664474621
0.0029635211406623765
0.0028024501979414442
0.0026676910231687116
0.0025553168099990134
0.0024622779052252412
0.0023862020536895667
0.002325251169361253
0.0022780180156024045
0.0022434518135515213
0.002220805455075569
0.0022095994499747524
0.0019940721228656677
0.002004185080501686
0.002024622485479187
0.002055817058042967
0.002098443032653274
0.0021534486941770167
0.0022221040160470035
0.0023060677956795676
0.002407480896358915
0.002529095505542414
0.0026744554057904516
0.0028481503363703823
0.003056180780267828
0.003306492042236632
0.0036097764172846425
0.003980716699256809
0.004439990720425192
0.005017648637076058
0.005758946876280128
0.006733492686860576
0.00804090831062745
0.009761042075214084
0.011625845117428181
0.011758678997543789
0.0032485471722391917
-0.032267713944968524
-0.13107618230487894
-0.3434574945775175
-0.7058926112247988
-1.1924451092032564
-1.6827028402504465
-1.9964854004839663
-1.9964854004839765
-1.6827028402504713
-1.192445109203292
-0.7058926112248338
-0.3434574945775492
-0.13107618230490561
-0.032267713944988924
0.003248547172223131
0.011758678997530206
0.011625845117416739
0.009761042075204273
0.008040908310618872
0.006733492686853054
0.005758946876273097
0.005017648637068689
0.004439990720419439
0.003980716699250842
0.00360977641727943
0.0033064920422320367
0.00305618078026379
0.0028481503363670694
0.002674455405786984
0.0025290955055399275
0.0024074808963562557
0.0023060677956777357
0.002222104016044435
0.0021534486941753783
0.002098443032652092
0.002055817058041444
0.0020246224854787967
0.0020041850805011226
0.001994072122865367
0.0018325082287814973
0.0018418018116374084
0.001860583331619575
0.0018892504488705326
0.0019284227696386349
0.001978971746288253
0.0020420644556697937
0.0021192252950156466
0.0022124216690674768
0.0023241827754440676
0.002457765269399446
0.0026173870161305497
0.0028085623213577387
0.0030385927362022924
0.003317304230444963
0.0036581899456978122
0.004080252312202705
0.004611106645293578
0.005292342050895904
0.0061879227050650205
0.007389379726969283
0.008969992776287319
0.010683004790231218
0.010802302660627702
0.002972361010147506
-0.029692712121188028
-0.12055829040691474
-0.3158561080411322
-0.6491272817692986
-1.0965200005727298
-1.5473145186173893
-1.8358373877752845
-1.8358373877752912
-1.5473145186174087
-1.0965200005727609
-0.6491272817693288
-0.31585610804116016
-0.1205582904069378
-0.02969271212120559
0.0029723610101336883
0.01080230266061598
0.010683004790221372
0.008969992776278812
0.007389379726961886
0.006187922705058407
0.00529234205088982
0.004611106645287111
0.004080252312197975
0.003658189945692767
0.0033173042304405634
0.003038592736198496
0.002808562321354185
0.002617387016127809
0.0024577652693963726
0.00232418277544209
0.002212421669065226
0.002119225295014191
0.002042064455667673
0.0019789717462868647
0.0019284227696375101
0.0018892504488691622
0.0018605833316191437
0.0018418018116369852
0.0018325082287811985
0.001705580389133406
0.001714230254380531
0.001731710877185128
0.0017583923737320862
0.0017948514331895338
0.0018418991466762993
0.0019006217532958015
0.0019724380626211504
0.002059179206633657
0.0021631991973103935
0.0022875291164333586
0.002436094676745001
0.002614028232279873
0.002828125586759716
0.0030875321049354046
0.0034048063097768195
0.003797634397663102
0.004291718840398801
0.0049257678557348755
0.005759314150085623
0.006877543828375709
0.008348635815028607
0.009942817504651737
0.010053147443698
0.0027631591901738422
-0.027646217374800268
-0.11223447936732794
-0.29403796882319977
-0.6042791561309879
-1.020754046738999
-1.44039464673148
-1.70897767754608
-1.7089776775460876
-1.4403946467314985
-1.020754046739027
-0.604279156131016
-0.29403796882322386
-0.11223447936734826
-0.027646217374815603
0.002763159190161702
0.010053147443687686
0.009942817504643028
0.008348635815021072
0.006877543828369113
0.0057593141500795865
0.004925767855729443
0.004291718840393076
0.0037976343976592296
0.0034048063097726223
0.0030875321049317495
0.0028281255867565885
0.002614028232276677
0.0024360946767426773
0.0022875291164305566
0.002163199197308736
0.002059179206631726
0.001972438062619896
0.0019006217532940887
0.0018418991466750976
0.0017948514331884232
0.001758392373730893
0.001731710877184621
0.001714230254380229
0.0017055803891332124
0.0016017386804773291
0.0016098619102804053
0.00162627824876639
0.0016513352779980713
0.0016855745760426242
0.0017297578515900773
0.0017849052091923588
0.0018523490756131133
0.0019338090961098602
0.002031495960767949
0.0021482562065089886
0.002287776532067046
0.0024548768115623108
0.0026559390899976508
0.0028995519203268245
0.003197509202472528
0.003566420307380841
0.004030422797847437
0.004625868084292542
0.005408663990818256
0.006458809021559152
0.007840326177627394
0.009337411430665849
0.009440881702967183
0.0025942406978580346
-0.025965172776361935
-0.10540707094900405
-0.276149312205412
-0.5675147149025406
-0.9586502811315317
-1.352758968524204
-1.605000799366591
-1.6050007993665973
-1.3527589685242198
-0.9586502811315568
-0.5675147149025634
-0.27614931220543376
-0.10540707094902217
-0.025965172776375497
0.0025942406978471813
0.009440881702957989
0.009337411430657935
0.007840326177620545
0.006458809021553094
0.005408663990812585
0.004625868084287577
0.0040304227978423465
0.0035664203073776024
0.0031975092024690557
0.002899551920323764
0.002655939089995018
0.002454876811559376
0.002287776532064996
0.00214825620650636
0.002031495960766436
0.0019338090961081409
0.0018523490756119179
0.0017849052091909734
0.0017297578515889987
0.0016855745760414541
0.0016513352779970259
0.00162627824876571
0.0016098619102801475
0.0016017386804772506
0.0015141694614310875
0.0015218485823479543
0.0015373674155029098
0.001561054540072329
0.0015934219251495679
0.001635189635531768
0.0016873220049236155
0.0017510786140239108
0.0018280850920717258
0.001920431266771724
0.00203080804965243
0.0021627005806637515
0.0023206652219724894
0.0025107350991402056
0.002741029210435903
0.0030226966561521834
0.0033714387313600177
0.00381007333091984
0.004372964418314167
0.005112963138193166
0.006105694172316508
0.00741168004231608
0.008826914278592848
0.008924717649212018
0.0024523474468462476
-0.024545861097413916
-0.09964511685067542
-0.2610539931699624
-0.5364925898851
-0.9062479119031046
-1.2788140325045136
-1.5172680251913295
-1.5172680251913346
-1.2788140325045279
-0.9062479119031264
-0.5364925898851217
-0.26105399316998157
-0.09964511685069166
-0.024545861097426146
0.0024523474468363385
0.00892471764920372
0.008826914278585462
0.007411680042309807
0.006105694172310815
0.005112963138187766
0.004372964418309514
0.0038100733309153027
0.003371438731357188
0.0030226966561493064
0.002741029210433236
0.0025107350991378265
0.002320665221969747
0.0021627005806618346
0.0020308080496499667
0.0019204312667702355
0.0018280850920702153
0.0017510786140227182
0.0016873220049225396
0.0016351896355307747
0.0015934219251483375
0.0015610545400713684
0.001537367415502025
0.0015218485823476529
0.0015141694614310961
0.0014386414800939998
0.0014459375596604274
0.001460682299654853
0.001483187889386492
0.0015139407604003183
0.0015536250599074873
0.001603157019624338
0.0016637333910049998
0.001736898715109889
0.001824638576675681
0.0019295096614293885
0.002054823266334123
0.0022049084764747926
0.002385497477119894
0.0026043042794719265
0.002871921849764098
0.003203268276232934
0.0036200232544155407
0.00415483660247554
0.004857923150171736
0.005801135409482244
0.007041977791291034
0.008386623542786933
0.00847956871063325
0.0023301060081831527
-0.023321276434956583
-0.09467430117934322
-0.2480317228707779
-0.5097310758001481
-0.8610427897807944
-1.2150252934017631
-1.441585262565487
-1.4415852625654932
-1.215025293401775
-0.8610427897808139
-0.509731075800167
-0.24803172287079514
-0.0946743011793581
-0.023321276434967717
0.0023301060081740215
0.008479568710625733
0.008386623542779999
0.007041977791285257
0.005801135409476847
0.004857923150166559
0.00415483660247112
0.003620023254411516
0.0032032682762303017
0.002871921849761695
0.002604304279469464
0.0023854974771175637
0.0022049084764721775
0.002054823266332236
0.001929509661427096
0.001824638576674177
0.0017368987151086036
0.001663733391003862
0.0016031570196235784
0.0015536250599066292
0.0015139407603991148
0.0014831878893856497
0.001460682299653843
0.0014459375596600924
0.0014386414800940193
0.0013723448176410176
0.0013793046727474285
0.0013933699324372461
0.0014148383993974676
0.0014441740889414854
0.001482029620709062
0.0015292790036790767
0.0015870638393505037
0.0016568574915942524
0.0017405540432686136
0.0018405923600532783
0.001960131143915734
0.002103299981881051
0.00227556690152466
0.002484290426871116
0.002739575364259306
0.0030556523239181153
0.0034532019214302155
0.003963369348276456
0.004634055364430269
0.005533801445918912
0.006717463126668681
0.008000150630089343
0.008088841510075348
0.002222854619750087
-0.022246209923779143
-0.09031061491647435
-0.23660010421497873
-0.48623853149437285
-0.8213596149573964
-1.1590285766589261
-1.3751474297674067
-1.3751474297674102
-1.1590285766589377
-0.8213596149574163
-0.4862385314943903
-0.2366001042149944
-0.09031061491648798
-0.022246209923789402
0.0022228546197415973
0.008088841510068475
0.008000150630082834
0.006717463126663387
0.005533801445913858
0.004634055364425412
0.003963369348272289
0.0034532019214267235
0.0030556523239155925
0.002739575364257307
0.00248429042686881
0.002275566901522319
0.0021032999818785974
0.0019601311439138153
0.0018405923600511506
0.001740554043267008
0.0016568574915931298
0.0015870638393493857
0.0015292790036785754
0.0014820296207083412
0.0014441740889404072
0.0014148383993967829
0.001393369932436263
0.0013793046727470933
0.0013723448176410106
0.0013133057267762187
0.0013199661643708508
0.0013334263273901332
0.001353971206827047
0.0013820448557066798
0.0014182718174760509
0.0014634885005749229
0.0015187873939137724
0.0015855784760751516
0.0016656743449285612
0.0017614089441070125
0.0018758050854833976
0.0020128146975278826
0.002177670568106802
0.0023774146501833026
0.0026217170304830076
0.0029241961017056925
0.0033046427726516193
0.0037928623270994674
0.004434694793681481
0.005295733122150632
0.006428474129343291
0.007655987443133257
0.007740895156410344
0.0021273706343850154
-0.021288748010277823
-0.0864243950436065
-0.22641937692686923
-0.4653166730210394
-0.7860188175245433
-1.1091593730016973
-1.3159796435035078
-1.315979643503514
-1.1091593730017082
-0.7860188175245605
-0.4653166730210553
-0.22641937692688388
-0.08642439504361893
-0.021288748010287364
0.0021273706343771124
0.0077408951564040445
0.007655987443127227
0.0064284741293384766
0.0052957331221460315
0.0044346947936770836
0.0037928623270956884
0.003304642772648715
0.0029241961017033016
0.002621717030481365
0.0023774146501811646
0.002177670568104451
0.0020128146975256344
0.0018758050854814773
0.0017614089441051084
0.00166567434492694
0.0015855784760742152
0.0015187873939127502
0.0014634885005746306
0.0014182718174754678
0.001382044855705763
0.0013539712068265045
0.0013334263273892663
0.0013199661643705208
0.0013133057267761625
0.001260079437023774
0.0012664699368510994
0.0012793845791931567
0.0012990968047532471
0.0013260326697001775
0.0013607914055939947
0.0014041755223831473
0.0014572332318845563
0.0015213173681421206
0.0015981670668397088
0.0016900216799260674
0.001799781508589348
0.0019312383145931584
0.0020894128072784348
0.002281061537485478
0.002515462674020268
0.0028056826700451937
0.0031707103271423893
0.003639142948354418
0.004254962733872374
0.0050811044411344765
0.006167938525105736
0.007345710875543443
0.007427211519939207
0.002041305453790075
-0.020425498261780174
-0.08292064462829044
-0.21724064802510326
-0.4464539946806473
-0.7541563615796567
-1.0641984423614184
-1.2626353242897452
-1.262635324289749
-1.0641984423614272
-0.7541563615796709
-0.4464539946806616
-0.21724064802511595
-0.08292064462830157
-0.020425498261788955
0.0020413054537828028
0.007427211519933483
0.007345710875537906
0.006167938525101362
0.0050811044411303305
0.004254962733868449
0.0036391429483510025
0.003170710327139969
0.0028056826700428817
0.0025154626740188715
0.002281061537483548
0.0020894128072761788
0.001931238314591236
0.0017997815085875426
0.0016900216799245068
0.00159816706683822
0.0015213173681414547
0.001457233231883738
0.001404175522383094
0.0013607914055935905
0.001326032669699468
0.001299096804752826
0.001279384579192452
0.0012664699368507043
0.0012600794370236901
0.0012115752580773688
0.001217719768413473
0.001230137287456002
0.0012490907303369715
0.001274989753013708
0.0013084105207793546
0.0013501246524982831
0.0014011400110712086
0.001462757355757504
0.0015366488774827178
0.0016249677285130274
0.0017305025682838393
0.001856899201572279
0.002008985074463207
0.0021932566561312173
0.0024186349679089798
0.0026976834909043317
0.0030486600818632158
0.0034990612350754274
0.00409117615148202
0.004885517247385113
0.005930517350940167
0.007062962325402347
0.007141360782349433
0.00196288858643424
-0.019638793262145314
-0.07972762675171692
-0.20887597259070162
-0.4292642512106888
-0.7251198042565148
-1.0232251249238435
-1.214022146738929
-1.2140221467389336
-1.023225124923853
-0.7251198042565288
-0.42926425121070066
-0.20887597259071333
-0.07972762675172687
-0.019638793262153342
0.001962888586427624
0.007141360782344251
0.007062962325397278
0.0059305173509361705
0.004885517247381411
0.004091176151478554
0.0034990612350723894
0.00304866008186119
0.0026976834909020766
0.002418634967907729
0.00219325665612952
0.0020089850744611105
0.0018568992015707006
0.0017305025682822208
0.0016249677285118543
0.0015366488774814977
0.0014627573557571636
0.0014011400110706734
0.0013501246524984679
0.0013084105207791397
0.0012749897530132015
0.0012490907303366722
0.0012301372874554929
0.0012177197684130007
0.0012115752580773075
0.0011669492887043686
0.0011728674779581017
0.0011848276218402259
0.0012030829514988214
0.00122802803398295
0.0012602178126163224
0.0013003954851224814
0.0013495317916448666
0.0014088795803786996
0.0014800494501653546
0.0015651152458242327
0.0016667629115411841
0.0017885039653511652
0.0019349880427967244
0.002112472326713308
0.002329549247415745
0.0025983195302083503
0.002936368531537138
0.0033701799554604474
0.00394048537463579
0.004705568562209619
0.005712079711341
0.006802822025352037
0.006878368281289812
0.0018907511697765062
-0.018914959911253887
-0.07678982727898472
-0.2011799105142613
-0.4134485503775791
-0.6984042594878945
-0.9855269778530673
-1.1692948263527518
-1.1692948263527572
-0.985526977853076
-0.6984042594879084
-0.4134485503775902
-0.20117991051427245
-0.07678982727899358
-0.01891495991126122
0.001890751169770439
0.006878368281285074
0.006802822025347376
0.005712079711337352
0.004705568562206334
0.003940485374632817
0.0033701799554578375
0.0029363685315355044
0.0025983195302061966
0.0023295492474146137
0.0021124723267118535
0.0019349880427948262
0.0017885039653498728
0.0016667629115397354
0.001565115245823364
0.0014800494501643689
0.0014088795803785963
0.001349531791644517
0.0013003954851228154
0.0012602178126162563
0.0012280280339826278
0.0012030829514986861
0.0011848276218399483
0.001172867477957604
0.0011669492887043816
0.0011255348526911328
0.0011312430082072384
0.0011427786922323575
0.0011603861488459267
0.0011844459420743475
0.0012154933205278493
0.0012542451061401479
0.0013016375878675903
0.001358879150802471
0.0014275232342308957
0.0015095700829591669
0.0016076103179251142
0.0017250308345030433
0.0018663162540196445
0.002037501693489024
0.002246874639675123
0.0025061063649539786
0.0028321581230663544
0.00325057371540095
0.00380063918585399
0.0045385700627304845
0.005509362243151595
0.006561403440681058
0.0066343042359091635
0.0018238124067888597
-0.01824319464870114
-0.0740633851465251
-0.19403755267995532
-0.3987707446605422
-0.673610829360525
-0.9505411178285663
-1.1277855248611015
-1.1277855248611046
-0.9505411178285746
-0.6736108293605365
-0.3987707446605524
-0.19403755267996517
-0.07406338514653293
-0.018243194648707918
0.0018238124067832245
0.0066343042359047685
0.00656140344067671
0.005509362243148191
0.004538570062727494
0.003800639185851402
0.0032505737153986974
0.002832158123065012
0.0025061063649519095
0.002246874639674075
0.002037501693487792
0.0018663162540179567
0.0017250308345019558
0.0016076103179238394
0.0015095700829585157
0.0014275232342301136
0.0013588791508025294
0.001301637587867336
0.0012542451061405484
0.0012154933205278664
0.0011844459420741315
0.0011603861488459276
0.0011427786922322506
0.0011312430082067843
0.0011255348526912224
0.001086795527296634
0.0010923072159404914
0.0011034458575603847
0.0011204472896763052
0.001143678977801489
0.0011736577479903396
0.001211075750101519
0.0012568370472405498
0.001312108433442819
0.001378389880599711
0.0014576127876211997
0.001552278609506459
0.001665657668850316
0.001802080231706365
0.0019673736934218587
0.0021695402948075848
0.002419849595552143
0.002734679060333855
0.0031386933008140426
0.0036698262071468207
0.004382358668147041
0.005319739181058711
0.006335579409074331
0.006406006766375106
0.001761203054496235
-0.017614803437446907
-0.07151300530150183
-0.18735643250911138
-0.38504080833350474
-0.6504185246696366
-0.9178145982552124
-1.0889568394405504
-1.088956839440553
-0.9178145982552188
-0.6504185246696472
-0.38504080833351345
-0.18735643250912026
-0.07151300530150906
-0.01761480343745312
0.0017612030544909428
0.0064060067663709655
0.006335579409070218
0.005319739181055538
0.004382358668144232
0.00366982620714454
0.0031386933008120377
0.0027346790603326706
0.002419849595550063
0.0021695402948065344
0.0019673736934207532
0.0018020802317048397
0.0016656576688493354
0.0015522786095053546
0.0014576127876206896
0.001378389880599083
0.0013121084334429673
0.0012568370472403091
0.001211075750101925
0.0011736577479903657
0.0011436789778013247
0.0011204472896763856
0.001103445857560397
0.0010923072159401512
0.0010867955272967707
0.0010502924033317994
0.00105561896603226
0.0010663834842750079
0.0010828138742846752
0.001105265259166324
0.0011342371058511106
0.001170398316305782
0.0012146225880064212
0.0012680375247555084
0.0013320927174305403
0.001408654693144746
0.001500140888025891
0.0016097117810097482
0.0017415521929836442
0.0019012937883041566
0.0020966700275932646
0.002338571946677322
0.0026428269204329725
0.0030332711223404053
0.0035465643433122687
0.004235164516095874
0.005141062091252617
0.006122791260478745
0.006190888850767998
0.001702212153351266
-0.0170226718297554
-0.06910980643919803
-0.18106088691542957
-0.37210324850429977
-0.6285646888576042
-0.8869767855519447
-1.052369028322305
-1.052369028322308
-0.8869767855519519
-0.6285646888576131
-0.3721032485043084
-0.18106088691543754
-0.06910980643920459
-0.017022671829761048
0.001702212153346363
0.006190888850764188
0.006122791260474973
0.005141062091249766
0.004235164516093259
0.0035465643433102586
0.003033271122338579
0.0026428269204318575
0.0023385719466752193
0.002096670027592149
0.001901293788303097
0.0017415521929822204
0.0016097117810087956
0.001500140888024944
0.0014086546931442864
0.0013320927174299948
0.001268037524755643
0.0012146225880061083
0.0011703983163061274
0.0011342371058510985
0.001105265259166162
0.0010828138742847576
0.0010663834842750525
0.0010556189660320713
0.001050292403331933
0.00101566065200966
0.0010208115794598381
0.0010312211541882949
0.0010471097772192135
0.0010688208619980665
0.0010968374062696952
0.0011318062559408024
0.0011745722995900455
0.0012262259599236385
0.0012881690296521894
0.0013622064898288848
0.0014506760650481302
0.0015566340218698027
0.0016841271924622283
0.0018386015446200932
0.002027535538192517
0.002261461090765459
0.002555683688708157
0.002933253538826549
0.00342962165272314
0.004095516468957007
0.004971545163903872
0.00592091219986836
0.005986800166098151
0.0016462489312153378
-0.01646088557190459
-0.06682978026484462
-0.1750880195582371
-0.3598288091196429
-0.6078309844370058
-0.8577195846357593
-1.0176565491375333
-1.0176565491375351
-0.8577195846357661
-0.6078309844370142
-0.35982880911965015
-0.17508801955824393
-0.0668297802648507
-0.016460885571909577
0.001646248931210903
0.005986800166094706
0.005920912199864983
0.004971545163901372
0.004095516468954601
0.0034296216527214185
0.002933253538824863
0.0025556836887071464
0.002261461090763469
0.002027535538191391
0.0018386015446191176
0.0016841271924609175
0.0015566340218688892
0.0014506760650473778
0.0013622064898284557
0.0012881690296517175
0.0012262259599237235
0.0011745722995896491
0.0011318062559410387
0.001096837406269584
0.0010688208619978514
0.0010471097772192014
0.0010312211541883176
0.001020811579459812
0.0010156606520097713
0.0009825923584926366
0.0009875755797903968
0.0009976462350194948
0.0010130175492799247
0.001034021754993797
0.001061126124226529
0.0010949564425528303
0.001136330090241533
0.0011863019874561276
0.0012462282866060137
0.0013178552012045334
0.0014034443429216717
0.0015059524706530708
0.0016292946574111458
0.0017787395577908568
0.0019615221430158538
0.0021878314250444748
0.002472474562773495
0.0028377512795334497
0.0033179583796710886
0.003962172890729893
0.004809681182268697
0.005728147226963184
0.005791925882508128
0.001592814914761964
-0.01592445260756131
-0.0646526626190505
-0.16938474322631414
-0.3481083927368432
-0.5880331256690294
-0.8297829507334002
-0.9845108692706045
-0.9845108692706062
-0.8297829507334051
-0.588033125669037
-0.34810839273685024
-0.1693847432263204
-0.06465266261905597
-0.015924452607565608
0.0015928149147580862
0.005791925882505098
0.005728147226960264
0.004809681182266568
0.003962172890727727
0.0033179583796696405
0.0028377512795319136
0.002472474562772611
0.002187831425042774
0.001961522143014806
0.0017787395577900625
0.0016292946574100026
0.0015059524706522835
0.0014034443429211756
0.0013178552012041485
0.0012462282866056442
0.0011863019874561427
0.0011363300902410846
0.0010949564425529485
0.0010611261242263286
0.0010340217549935189
0.001013017549279768
0.000997646235019454
0.0009875755797904878
0.000982592358492744
0.0009508236754053491
0.0009556457815423943
0.0009653908370912085
0.000980265173247984
0.0010005902808355516
0.0010268183242732464
0.0010595548564936892
0.0010995908305574734
0.00114794705936774
0.0012059358487388153
0.00127524695426363
0.0013580688659984089
0.0014572627459225537
0.001576617086159152
0.001721230196694674
0.0018981031294913304
0.0021170954674589494
0.002392535626902274
0.002746002342726393
0.0032106835744462117
0.003834069844170135
0.004654178638645172
0.00554295824232113
0.005604710929615054
0.0015414830715918424
-0.01540909499938389
-0.06256108857517113
-0.16390556624852914
-0.33684851136993493
-0.5690131941557349
-0.8029440459355006
-0.9526676005494563
-0.9526676005494595
-0.802944045935505
-0.5690131941557423
-0.3368485113699403
-0.16390556624853442
-0.06256108857517559
-0.015409094999387488
0.0015414830715885636
0.005604710929612478
0.005542958242318713
0.004654178638643467
0.0038340698441683037
0.0032106835744450815
0.002746002342725054
0.0023925356269015323
0.0021170954674576375
0.0018981031294903732
0.0017212301966941061
0.001576617086158188
0.0014572627459219479
0.0013580688659981918
0.001275246954263315
0.0012059358487385948
0.0011479470593677046
0.0010995908305570506
0.0010595548564936983
0.0010268183242729933
0.0010005902808352526
0.0009802651732477193
0.0009653908370911137
0.0009556457815425459
0.0009508236754054932
0.0009201250107918824
0.0009247914283808637
0.0009342218509600553
0.000948615948019768
0.0009682848305780534
0.0009936660642582132
0.0010253456508191657
0.0010640890062248872
0.0011108839849067738
0.0011670005229098823
0.0012340738195032665
0.0013142217059879974
0.0014102129672929008
0.0015257137781130453
0.0016656578413285301
0.0018368201684557258
0.0020487420091259588
0.002315289162011613
0.0026573436579537544
0.003107021960160988
0.0037102815242823044
0.0045039137042758816
0.0053640068446480504
0.005423802154110084
0.0014918818874532734
-0.014911089973882966
-0.0605399470360777
-0.1586109015994351
-0.32596781153953613
-0.5506337689769694
-0.7770089562501661
-0.9218966718641597
-0.9218966718641612
-0.7770089562501694
-0.5506337689769756
-0.3259678115395408
-0.15861090159943964
-0.060539947036081655
-0.014911089973885872
0.001491881887450599
0.00542380215410794
0.005364006844646101
0.004503913704274559
0.0037102815242808142
0.0031070219601601534
0.0026573436579526606
0.002315289162010999
0.002048742009125127
0.0018368201684548766
0.0016656578413282342
0.0015257137781122347
0.0014102129672924888
0.0013142217059879996
0.0012340738195029983
0.0011670005229097915
0.0011108839849066918
0.0010640890062245429
0.0010253456508190553
0.00099366606425793
0.000968284830577743
0.0009486159480194491
0.0009342218509599215
0.0009247914283810226
0.0009201250107921011
0.0008902933781845461
0.0008948085043892918
0.0009039331802834186
0.000917860601800278
0.0009368917933139885
0.0009614501339709784
0.0009921026265477494
0.0010295898711656377
0.0010748676946432845
0.0011291648599226914
0.001194063550805295
0.0012716129354817028
0.0013644920308746491
0.0014762481489169342
0.0016116550344572405
0.0017772680427383643
0.0019823190809693967
0.0022402243961762588
0.002571188992644486
0.0030062881005986372
0.0035899894104701813
0.00435789278297008
0.005190109733338865
0.005248003224706135
0.0014436829577798489
-0.014427145974339854
-0.05857587749720216
-0.1534657484804402
-0.3153943648040584
-0.5327733498772278
-0.7518062332762451
-0.8919946666227327
-0.891994666622735
-0.7518062332762468
-0.5327733498772333
-0.3153943648040627
-0.15346574848044375
-0.0585758774972053
-0.014427145974342154
0.0014436829577776833
0.005248003224704341
0.005190109733337245
0.004357892782969016
0.003589989410468927
0.0030062881005980067
0.002571188992643622
0.0022402243961756932
0.0019823190809690043
0.0017772680427376188
0.001611655034457207
0.0014762481489162022
0.0013644920308743648
0.0012716129354817854
0.0011940635508050283
0.001129164859922692
0.0010748676946432164
0.0010295898711654627
0.0009921026265475967
0.0009614501339707407
0.0009368917933137028
0.000917860601800003
0.0009039331802832308
0.0008948085043894371
0.0008902933781848184
0.0008611463015107787
0.000865513608065166
0.0008743395533458028
0.0008878110082798088
0.0009062191420595137
0.0009299734728966119
0.0009596224405619205
0.0009958823987924776
0.0010396778817438723
0.0010921974240701126
0.00115497141067145
0.0012299819222678942
0.0013198202677190208
0.0014279176237893673
0.0015588914479229498
0.0017190824796427563
0.0019174203823677906
0.002166882167582454
0.0024870113491728095
0.0029078658184335305
0.003472457688513248
0.00421522267575311
0.005020203175707203
0.0050762387037231885
0.0013965911052338659
-0.013954303893022102
-0.056656869056544615
-0.1484386417850695
-0.30506350882272304
-0.5153227104093455
-0.7271817481364913
-0.8627787171502552
-0.8627787171502553
-0.7271817481364924
-0.5153227104093516
-0.30506350882272637
-0.1484386417850732
-0.05665686905654709
-0.013954303893023965
0.0013965911052321058
0.005076238703721664
0.005020203175705862
0.004215222675752228
0.003472457688512175
0.0029078658184330387
0.00248701134917214
0.0021668821675817724
0.0019174203823676525
0.0017190824796419937
0.00155889144792304
0.0014279176237886064
0.001319820267718823
0.0012299819222679528
0.0011549714106712091
0.0010921974240701642
0.0010396778817438955
0.0009958823987924865
0.0009596224405617806
0.000929973472896482
0.0009062191420592758
0.0008878110082796825
0.0008743395533455444
0.0008655136080653534
0.0008611463015110165
0.0008325168410926542
0.0008367389530938229
0.0008452714728536168
0.0008582950586170556
0.0008760911994111858
0.0008990557986665192
0.0009277190628050977
0.0009627735297667204
0.001005112996764491
0.0010558864845715205
0.0011165734990744225
0.001189090224917849
0.0012759418204915818
0.0013804453898188572
0.001507064878425562
0.001661930221449442
0.0018536742060373988
0.002094842408490012
0.0024043285997082018
0.0028111913991535186
0.0033570131933039786
0.004075086233319685
0.00485331401012095
0.004907524727938118
0.0013503363178478617
-0.013489856460951823
-0.05477193315499142
-0.1435007947337713
-0.29491608540257164
-0.49818192166205183
-0.7029944916699664
-0.8340815217863854
-0.8340815217863873
-0.7029944916699655
-0.49818192166205677
-0.29491608540257436
-0.1435007947337744
-0.054771933154993374
-0.013489856460953254
0.0013503363178464455
0.004907524727936884
0.004853314010119816
0.004075086233318957
0.0033570131933030292
0.002811191399153118
0.0024043285997076757
0.0020948424084891214
0.0018536742060372893
0.0016619302214486039
0.001507064878425657
0.0013804453898180501
0.0012759418204914656
0.0011890902249178438
0.0011165734990742867
0.0010558864845715795
0.0010051129967646303
0.0009627735297668018
0.0009277190628049776
0.0008990557986664924
0.0008760911994110051
0.0008582950586171955
0.0008452714728532906
0.0008367389530941907
0.0008325168410927519
0.0008042494221681738
0.0008083281757138948
0.0008165709805465311
0.0008291523607929993
0.0008463442477285284
0.0008685291021721456
0.0008962191277722635
0.0009300833478412759
0.0009709852113428584
0.0010200347248540483
0.001078661158653889
0.001148715634621001
0.0012326182501183622
0.00133357347897144
0.0014558936960739736
0.0016055006979774898
0.0017907341498125994
0.002023713648576043
0.0023226914387911193
0.00271573950492621
0.0032430285877096854
0.003936721936850534
0.004688535327748813
0.0047409444204707645
0.0013046669899857263
-0.013031280636913663
-0.0529108290993785
-0.13862537979570844
-0.28489696273937026
-0.48125785604647586
-0.6791130520344386
-0.805747165702559
-0.8057471657025624
-0.6791130520344375
-0.4812578560464796
-0.284896962739372
-0.1386253797957107
-0.052910829099379865
-0.013031280636914775
0.0013046669899846853
0.004740944420469845
0.0046885353277479145
0.003936721936849932
0.003243028587708877
0.002715739504925925
0.0023226914387907446
0.0020237136485750035
0.0017907341498124335
0.001605500697976631
0.001455893696074051
0.0013335734789706394
0.001232618250118332
0.0011487156346209006
0.0010786611586538664
0.001020034724854024
0.0009709852113430802
0.0009300833478412839
0.000896219127772155
0.0008685291021721667
0.0008463442477283545
0.0008291523607933857
0.0008165709805460926
0.0008083281757145208
0.0008042494221680253
0.0007761962241231885
0.0007801327056372283
0.0007880879911103751
0.000800230517038158
0.0008168227293761996
0.0008382337482054194
0.0008649579108324247
0.0008976409041452246
0.0009371160588487102
0.0009844546629885257
0.0010410361319412038
0.0011086470178905032
0.0011896230017988208
0.0012870567808503522
0.0014051103079706143
0.0015494988184846406
0.0017282710769094022
0.0019531239291950917
0.002241672955273895
0.0026210109818679502
0.0031299078024713215
0.003799406223521395
0.004525005423175511
0.004575626608119096
0.0012593440733299135
-0.01257617907963137
-0.05106382646630689
-0.13378690623490824
-0.27495375623107976
-0.4644620265103321
-0.6554125656299148
-0.7776275032956386
-0.7776275032956412
-0.6554125656299112
-0.464462026510335
-0.27495375623108
-0.13378690623490985
-0.051063826466307624
-0.0125761790796321
0.0012593440733292922
0.004575626608118607
0.004525005423174973
0.0037994062235209786
0.0031299078024707603
0.002621010981867822
0.00224167295527375
0.0019531239291940526
0.0017282710769091468
0.0015494988184838123
0.0014051103079706325
0.0012870567808495768
0.0011896230017988127
0.0011086470178902587
0.001041036131941272
0.00098445466298836
0.0009371160588489784
0.0008976409041450858
0.000864957910832348
0.0008382337482054362
0.0008168227293759942
0.0008002305170386866
0.0007880879911097861
0.0007801327056380858
0.0007761962241227653
