8.90011546117202e-07
8.945252422038332e-07
9.03647027931195e-07
9.175700379817523e-07
9.365952012896601e-07
9.611457627631095e-07
9.917885453825407e-07
1.029263914397318e-06
1.0745273934576352e-06
1.1288073556913337e-06
1.1936854828587074e-06
1.2712102927508387e-06
1.3640599516953343e-06
1.4757806448698965e-06
1.6111445999892938e-06
1.7767050874900763e-06
1.9816910759621184e-06
2.2395145393276643e-06
2.5703740635499285e-06
3.0053351926140256e-06
3.588852959817166e-06
4.356523958247295e-06
5.188532514955441e-06
5.246629461415589e-06
1.4442495739365485e-06
-1.4419517208117364e-05
-5.85495580058478e-05
-0.00015340031605947594
-0.00031526329833512254
-0.0005325551491769474
-0.00075150086580002
-0.0008916337367621562
-0.0008916337367621557
-0.0007515008658000159
-0.0005325551491769451
-0.0003152632983351177
-0.0001534003160594725
-5.854955800584382e-05
-1.441951720811432e-05
1.444249573938888e-06
5.246629461417989e-06
5.188532514957082e-06
4.356523958249307e-06
3.588852959818915e-06
3.005335192615852e-06
2.5703740635512254e-06
2.2395145393283598e-06
1.981691075964337e-06
1.7767050874898256e-06
1.6111445999908822e-06
1.4757806448702514e-06
1.3640599516959573e-06
1.2712102927509634e-06
1.1936854828590203e-06
1.1288073556921625e-06
1.0745273934582425e-06
1.0292639143981392e-06
9.917885453825296e-07
9.611457627641522e-07
9.365952012903307e-07
9.175700379821023e-07
9.036470279322918e-07
8.945252422048539e-07
8.900115461161219e-07
8.645691639030782e-07
8.689538286928193e-07
8.77814853427757e-07
8.913398517109737e-07
9.098211499152758e-07
9.336698937775879e-07
9.63436702680965e-07
9.998407772708197e-07
1.0438103259131584e-06
1.0965386065644023e-06
1.1595620858500984e-06
1.2348707210627916e-06
1.3250661183511137e-06
1.433593088733024e-06
1.5650874369190028e-06
1.7259150955900521e-06
1.925041205060144e-06
2.1754943310480205e-06
2.4968956472737244e-06
2.9194226835681374e-06
3.4862600349070834e-06
4.231988819546762e-06
5.0402276644831315e-06
5.0967223839414e-06
1.4032342218834993e-06
-1.4006501063799795e-05
-5.6873759820884e-05
-0.00014901063515642012
-0.0003062426567420789
-0.0005173179544661483
-0.0007299999619166101
-0.0008661238986766847
-0.0008661238986766832
-0.0007299999619166048
-0.0005173179544661439
-0.00030624265674207254
-0.00014901063515641573
-5.6873759820879726e-05
-1.4006501063796568e-05
1.40323422188612e-06
5.096722383943892e-06
5.040227664484772e-06
4.231988819548655e-06
3.486260034908866e-06
2.9194226835700466e-06
2.4968956472751033e-06
2.1754943310488467e-06
1.9250412050624023e-06
1.7259150955898603e-06
1.5650874369206287e-06
1.4335930887332542e-06
1.3250661183515046e-06
1.2348707210627967e-06
1.1595620858502554e-06
1.0965386065651184e-06
1.0438103259135739e-06
9.998407772715316e-07
9.634367026809892e-07
9.336698937786453e-07
9.098211499159827e-07
8.913398517113974e-07
8.778148534289676e-07
8.689538286936859e-07
8.645691639021494e-07
8.389324974356536e-07
8.431871456132812e-07
8.517854181195048e-07
8.649093653178138e-07
8.828426453283216e-07
9.059842123240891e-07
9.348683583560224e-07
9.701929578471761e-07
1.012858695292438e-06
1.064023445328278e-06
1.1251781141703649e-06
1.1982536514291312e-06
1.285774518439703e-06
1.3910833779389704e-06
1.5186785698686353e-06
1.6747372585885188e-06
1.8679587414649968e-06
2.1109852481869957e-06
2.422856130912406e-06
2.8328541240739363e-06
3.3828836824473343e-06
4.106502693023846e-06
4.8907902994432704e-06
4.945670497992659e-06
1.36190537898398e-06
-1.3590331937886613e-05
-5.518516732220057e-05
-0.00014458743937673785
-0.00029715314275451825
-0.0005019644238350646
-0.0007083348985954353
-0.0008404192928997624
-0.000840419292899761
-0.0007083348985954273
-0.0005019644238350594
-0.0002971531427545119
-0.00014458743937673278
-5.518516732219585e-05
-1.3590331937883091e-05
1.3619053789869737e-06
4.945670497995277e-06
4.890790299444915e-06
4.106502693025642e-06
3.382883682449088e-06
2.8328541240758294e-06
2.422856130913799e-06
2.110985248187899e-06
1.867958741467214e-06
1.67473725858846e-06
1.5186785698702919e-06
1.3910833779391222e-06
1.285774518439963e-06
1.198253651429122e-06
1.1251781141704834e-06
1.0640234453289026e-06
1.0128586952927323e-06
9.70192957847779e-07
9.348683583561194e-07
9.059842123251062e-07
8.828426453289594e-07
8.649093653182171e-07
8.51785418120698e-07
8.431871456137756e-07
8.389324974348757e-07
8.129674831294328e-07
8.170904494743659e-07
8.254226044863726e-07
8.381403640365569e-07
8.555186069715117e-07
8.779439397535186e-07
9.059341179846959e-07
9.401654167244015e-07
9.81510644076608e-07
1.031091838176412e-06
1.0903537613014908e-06
1.1611675996225843e-06
1.2459796816064732e-06
1.3480292134142415e-06
1.471675309596541e-06
1.6229039484809837e-06
1.8101451796133195e-06
2.045649948513082e-06
2.347868333855426e-06
2.745176814107309e-06
3.2781833072792205e-06
3.97940936035542e-06
4.739438940543306e-06
4.7926838388944735e-06
1.3200467141896817e-06
-1.3168834184968873e-05
-5.3474952032585575e-05
-0.00014010760237997594
-0.0002879472321928018
-0.00048641428172664696
-0.000686392400497881
-0.0008143855234036876
-0.0008143855234036855
-0.000686392400497875
-0.00048641428172664235
-0.00028794723219279514
-0.00014010760237997028
-5.3474952032580215e-05
-1.316883418496506e-05
1.3200467141931071e-06
4.7926838388972475e-06
4.739438940545063e-06
3.979409360357174e-06
3.278183307280976e-06
2.7451768141091715e-06
2.347868333856834e-06
2.0456499485140066e-06
1.8101451796154098e-06
1.622903948481114e-06
1.4716753095981896e-06
1.348029213414419e-06
1.2459796816067436e-06
1.1611675996226646e-06
1.0903537613016929e-06
1.0310918381769676e-06
9.815106440768542e-07
9.401654167248874e-07
9.059341179848541e-07
8.779439397544182e-07
8.555186069719734e-07
8.381403640368665e-07
8.254226044874432e-07
8.17090449474436e-07
8.129674831287673e-07
7.865330248857365e-07
7.905219286064879e-07
7.985831547525699e-07
8.108873828313152e-07
8.277005536875851e-07
8.493967028274171e-07
8.764767504267078e-07
9.095949816667251e-07
9.495958242576508e-07
9.975648319125874e-07
1.054899788692152e-06
1.1234110368089314e-06
1.2054653592241012e-06
1.3041966350336366e-06
1.4238222362079769e-06
1.5701334984034922e-06
1.751286355344831e-06
1.979133393949093e-06
2.2715247652788417e-06
2.655914306474048e-06
3.17158995631996e-06
3.850018179866138e-06
4.585351113513813e-06
4.636930998574501e-06
1.2774305323015628e-06
-1.273971808407424e-05
-5.1733822503935445e-05
-0.00013554678502551243
-0.0002785749085698035
-0.00047058304268302037
-0.0006640532517669625
-0.0007878811460050174
-0.0007878811460050166
-0.0006640532517669561
-0.00047058304268301435
-0.000278574908569796
-0.00013554678502550611
-5.173382250392974e-05
-1.2739718084070023e-05
1.2774305323054638e-06
4.636930998577521e-06
4.585351113515828e-06
3.850018179867973e-06
3.1715899563218135e-06
2.6559143064759646e-06
2.2715247652802897e-06
1.979133393950073e-06
1.7512863553467721e-06
1.5701334984038375e-06
1.4238222362095212e-06
1.3041966350338844e-06
1.205465359224463e-06
1.123411036809154e-06
1.0548997886925211e-06
9.975648319130693e-07
9.495958242579042e-07
9.095949816671006e-07
8.764767504269167e-07
8.493967028281726e-07
8.277005536878703e-07
8.108873828315486e-07
7.985831547534911e-07
7.905219286062669e-07
7.865330248851442e-07
7.594777193573298e-07
7.633294118180887e-07
7.711133459802318e-07
7.829943302607328e-07
7.992291575820474e-07
8.201789972482442e-07
8.463275386063923e-07
8.78306560497777e-07
9.169314436869041e-07
9.632504005788528e-07
1.018613133669619e-06
1.0847677122098668e-06
1.1639995054190306e-06
1.259334591574823e-06
1.3748452710427434e-06
1.516123665345113e-06
1.6910451543730775e-06
1.911054610383814e-06
2.1933881665579017e-06
2.5645553487781965e-06
3.0624931134963022e-06
3.717588057034432e-06
4.42764425941576e-06
4.477519826758405e-06
1.2338124806996656e-06
-1.2300526723349013e-05
-4.9951808744799655e-05
-0.0001308788706545551
-0.0002689825025916158
-0.00045438005107773595
-0.0006411895299268947
-0.0007607543865117845
-0.0007607543865117848
-0.0006411895299268898
-0.0004543800510777288
-0.0002689825025916075
-0.0001308788706545481
-4.995180874479349e-05
-1.230052672334431e-05
1.2338124807041011e-06
4.477519826761784e-06
4.427644259418214e-06
3.717588057036548e-06
3.062493113498371e-06
2.5645553487803153e-06
2.193388166559447e-06
1.9110546103849097e-06
1.6910451543748014e-06
1.5161236653456334e-06
1.3748452710440213e-06
1.2593345915751483e-06
1.163999505419511e-06
1.0847677122102289e-06
1.0186131336701923e-06
9.63250400579286e-07
9.169314436872388e-07
8.783065604981679e-07
8.463275386067459e-07
8.201789972489976e-07
7.992291575822992e-07
7.829943302610017e-07
7.711133459810014e-07
7.633294118177859e-07
7.594777193567449e-07
7.31636072683032e-07
7.353465659433951e-07
7.428451488420958e-07
7.542905880664896e-07
7.69930262739054e-07
7.901121020150409e-07
8.153020636110134e-07
8.461087658975046e-07
8.833176984645359e-07
9.279386471100907e-07
9.812718353082076e-07
1.0450012494262134e-06
1.1213284787057203e-06
1.213168667445375e-06
1.3244448279904664e-06
1.4605440776894752e-06
1.6290530884589613e-06
1.8409971678691547e-06
2.112980585014637e-06
2.470541108190264e-06
2.9502254440588685e-06
3.5813089257531347e-06
4.2653536804017574e-06
4.3134751348217355e-06
1.1889254324933773e-06
-1.1848574641580602e-05
-4.8118013185819104e-05
-0.00012607531271022885
-0.00025911135150991153
-0.0004377062165475047
-0.0006176614103889935
-0.000732839349414523
-0.0007328393494145218
-0.0006176614103889875
-0.000437706216547497
-0.00025911135150990166
-0.00012607531271022145
-4.811801318581268e-05
-1.184857464157538e-05
1.188925432498305e-06
4.313475134825535e-06
4.265353680404739e-06
3.5813089257556457e-06
2.950225444061233e-06
2.4705411081927164e-06
2.1129805850163085e-06
1.8409971678704632e-06
1.6290530884605111e-06
1.4605440776902242e-06
1.3244448279914913e-06
1.2131686674458617e-06
1.1213284787063913e-06
1.0450012494267283e-06
9.812718353089576e-07
9.279386471104581e-07
8.833176984649016e-07
8.461087658979007e-07
8.153020636114751e-07
7.901121020158086e-07
7.699302627393008e-07
7.542905880668354e-07
7.428451488427078e-07
7.353465659431852e-07
7.316360726824256e-07
7.028239893843157e-07
7.063883618608249e-07
7.135916474052828e-07
7.245863603868622e-07
7.396101380039916e-07
7.58997207768992e-07
7.83195177720231e-07
8.127886984836484e-07
8.485323265979786e-07
8.913960818681054e-07
9.426289841206578e-07
1.0038487031849922e-06
1.0771701281129515e-06
1.1653936025372948e-06
1.2722876472331812e-06
1.4030272297882113e-06
1.5649002509782857e-06
1.7684978293618429e-06
2.0297703456299366e-06
2.3732499384624305e-06
2.8340446039347246e-06
3.4402796668379676e-06
4.097406242432501e-06
4.143712109592703e-06
1.1424721906100738e-06
-1.1380874672646816e-05
-4.622031375509914e-05
-0.00012110435689753362
-0.00024889620064886533
-0.00042045131391371963
-0.0005933133564158433
-0.0007039514974513253
-0.0007039514974513222
-0.0005933133564158373
-0.0004204513139137122
-0.0002488962006488557
-0.00012110435689752533
-4.6220313755092106e-05
-1.1380874672641014e-05
1.1424721906154465e-06
4.143712109596934e-06
4.097406242436015e-06
3.440279666840923e-06
2.8340446039373995e-06
2.3732499384652863e-06
2.0297703456317586e-06
1.768497829363444e-06
1.5649002509797468e-06
1.4030272297892748e-06
1.2722876472340622e-06
1.1653936025380239e-06
1.0771701281138667e-06
1.0038487031856715e-06
9.42628984121543e-07
8.913960818684275e-07
8.48532326598318e-07
8.127886984840458e-07
7.831951777207453e-07
7.589972077697922e-07
7.396101380042584e-07
7.245863603873356e-07
7.135916474057572e-07
7.063883618608425e-07
7.028239893836973e-07
6.72833244500765e-07
6.762455185937355e-07
6.831414265761729e-07
6.936669747251757e-07
7.08049659785789e-07
7.266094471111658e-07
7.497748444001696e-07
7.781055540447593e-07
8.123239341014502e-07
8.533586116058529e-07
9.024053080611104e-07
9.610126638316075e-07
1.0312053209811452e-06
1.1156641261194618e-06
1.2179967883815693e-06
1.343157446785874e-06
1.4981230085564097e-06
1.6930326409827648e-06
1.9431560862813297e-06
2.271978713542569e-06
2.713110949030814e-06
3.293481049476717e-06
3.9225881505583336e-06
3.967003733943606e-06
1.0941165442191864e-06
-1.089404831162928e-05
-4.424500005768726e-05
-0.00011593008809129684
-0.0002382632447815576
-0.0004024906747492112
-0.0005679694506454879
-0.0006738821126727561
-0.0006738821126727549
-0.0005679694506454809
-0.00040249067474920245
-0.0002382632447815481
-0.00011593008809128821
-4.424500005767982e-05
-1.089404831162292e-05
1.0941165442248827e-06
3.967003733948254e-06
3.9225881505623265e-06
3.293481049480128e-06
2.7131109490338023e-06
2.271978713545856e-06
1.9431560862833194e-06
1.6930326409846914e-06
1.4981230085578438e-06
1.3431574467872361e-06
1.2179967883823962e-06
1.1156641261203643e-06
1.0312053209822933e-06
9.610126638324166e-07
9.024053080620958e-07
8.533586116061856e-07
8.123239341017654e-07
7.781055540451573e-07
7.497748444007428e-07
7.266094471120092e-07
7.08049659786105e-07
6.936669747257923e-07
6.831414265765497e-07
6.762455185939627e-07
6.728332445002137e-07
6.414245455815262e-07
6.446775301154506e-07
6.512515277970784e-07
6.612857291102678e-07
6.749970109075786e-07
6.926904020703124e-07
7.147744068966853e-07
7.417825999955534e-07
7.744036186013907e-07
8.135227399349554e-07
8.602798672367026e-07
9.161513476980454e-07
9.830673095219344e-07
1.0635834524783299e-06
1.1611390708840714e-06
1.2804570343970184e-06
1.428188552865947e-06
1.6139994739298584e-06
1.8524467203985588e-06
2.1659193994187465e-06
2.5864595581926138e-06
3.1397417699986103e-06
3.7395045034000514e-06
3.7819398951657107e-06
1.0434720390765766e-06
-1.0384213230232532e-05
-4.217631678586798e-05
-0.00011051123420776126
-0.0002271276700547204
-0.00038368103528666695
-0.0005414275361422213
-0.0006423913450641222
-0.0006423913450641203
-0.0005414275361422139
-0.0003836810352866582
-0.00022712767005470986
-0.00011051123420775184
-4.217631678586009e-05
-1.038421323022563e-05
1.0434720390825418e-06
3.7819398951707747e-06
3.7395045034044865e-06
3.139741770002495e-06
2.5864595581959244e-06
2.1659193994223603e-06
1.852446720400706e-06
1.6139994739320567e-06
1.428188552867417e-06
1.2804570343986555e-06
1.1611390708849593e-06
1.0635834524793584e-06
9.830673095233248e-07
9.161513476990138e-07
8.602798672377577e-07
8.135227399353476e-07
7.744036186016827e-07
7.417825999959309e-07
7.14774406897286e-07
6.926904020711538e-07
6.749970109079208e-07
6.612857291109818e-07
6.512515277973656e-07
6.446775301157538e-07
6.414245455811299e-07
6.083186337716665e-07
6.114037213046107e-07
6.17638413795657e-07
6.271547176340032e-07
6.401583159172569e-07
6.56938493939635e-07
6.778826716838345e-07
7.034968841199263e-07
7.344342255026086e-07
7.715342807612919e-07
8.158781186438309e-07
8.688658866882165e-07
9.323280920220301e-07
1.008688525051893e-06
1.101208964684799e-06
1.2143685141553989e-06
1.3544750862525219e-06
1.5306956321554573e-06
1.7568357363940138e-06
2.054129004370687e-06
2.4529643488738177e-06
2.9776948919304594e-06
3.5465274158904356e-06
3.5868749341642543e-06
9.900875673315562e-07
-9.846839021740527e-06
-3.999587814130217e-05
-0.0001047996321497718
-0.00021539050145597227
-0.0003638552112699174
-0.0005134517021644752
-0.0006091992972498228
-0.0006091992972498205
-0.0005134517021644684
-0.000363855211269908
-0.00021539050145596175
-0.00010479963214976221
-3.99958781412939e-05
-9.846839021733065e-06
9.900875673377791e-07
3.586874934169701e-06
3.5465274158952375e-06
2.9776948919347547e-06
2.4529643488774104e-06
2.0541290043745136e-06
1.7568357363963033e-06
1.530695632157872e-06
1.3544750862540698e-06
1.214368514157265e-06
1.1012089646858035e-06
1.0086885250529732e-06
9.323280920236267e-07
8.688658866893171e-07
8.158781186449401e-07
7.715342807618029e-07
7.344342255029615e-07
7.034968841202912e-07
6.778826716844567e-07
6.569384939403703e-07
6.401583159175578e-07
6.271547176346642e-07
6.176384137958508e-07
6.114037213047819e-07
6.083186337715102e-07
5.73184632838e-07
5.760915378826384e-07
5.819661391101422e-07
5.909328187118759e-07
6.031853802918358e-07
6.189964010922844e-07
6.387309251377742e-07
6.628657606581626e-07
6.920162815350944e-07
7.269735812567995e-07
7.687562898245108e-07
8.186836870608456e-07
8.784805561344117e-07
9.504306971865271e-07
1.0376074989287432e-06
1.1442313647584956e-06
1.2762458795880372e-06
1.4422885350116916e-06
1.6553675489456793e-06
1.935490236030786e-06
2.3112910951705935e-06
2.805720814521754e-06
3.3417280977561314e-06
3.3798589710016246e-06
9.334284909137493e-07
-9.27655836574267e-06
-3.768190125043864e-05
-9.873821953990526e-05
-0.0002029344757454373
-0.00034281512664711305
-0.0004837624470642761
-0.0005739743532204375
-0.0005739743532204376
-0.00048376244706426744
-0.00034281512664710286
-0.00020293447574542569
-9.873821953989482e-05
-3.7681901250429714e-05
-9.276558365734614e-06
9.334284909202575e-07
3.379858971007383e-06
3.341728097761236e-06
2.80572081452639e-06
2.3112910951744505e-06
1.9354902360347145e-06
1.6553675489481237e-06
1.4422885350143205e-06
1.2762458795897404e-06
1.144231364760613e-06
1.0376074989299356e-06
9.504306971876988e-07
8.784805561361886e-07
8.186836870621084e-07
7.687562898256703e-07
7.269735812574633e-07
6.920162815355558e-07
6.628657606585393e-07
6.387309251383973e-07
6.189964010928599e-07
6.031853802920786e-07
5.909328187124201e-07
5.81966139110284e-07
5.760915378825698e-07
5.731846328381035e-07
5.356244802398827e-07
5.383408985262655e-07
5.438305426337749e-07
5.522096440712544e-07
5.636593066169827e-07
5.784342456959529e-07
5.968755842144302e-07
6.194288854244766e-07
6.466691980727508e-07
6.793357756523984e-07
7.183804977374369e-07
7.650361921470343e-07
8.20914617359864e-07
8.881499162647762e-07
9.696140781337734e-07
1.0692509420397843e-06
1.1926146063471915e-06
1.347776541101859e-06
1.5468925349276216e-06
1.8086589282185788e-06
2.1598346467174294e-06
2.6218710624796228e-06
3.122786090320105e-06
3.1585461324682288e-06
8.728514018504062e-07
-8.666914740893683e-06
-3.520818193094939e-05
-9.225835143950225e-05
-0.00018961852718533975
-0.0003203224990396097
-0.00045202353469959717
-0.0005363175840648822
-0.0005363175840648773
-0.00045202353469958893
-0.0003203224990395988
-0.00018961852718532758
-9.225835143949122e-05
-3.520818193093985e-05
-8.666914740885069e-06
8.72851401857204e-07
3.158546132474276e-06
3.1227860903255026e-06
2.6218710624845546e-06
2.1598346467216112e-06
1.8086589282225408e-06
1.5468925349302666e-06
1.3477765411047278e-06
1.1926146063490969e-06
1.0692509420421841e-06
9.696140781351941e-07
8.881499162661698e-07
8.209146173618392e-07
7.650361921484934e-07
7.183804977386994e-07
6.793357756532442e-07
6.466691980733846e-07
6.194288854249221e-07
5.968755842150837e-07
5.784342456963585e-07
5.636593066172001e-07
5.522096440716581e-07
5.438305426339434e-07
5.383408985259419e-07
5.356244802402321e-07
4.951516746663185e-07
4.976628346219312e-07
5.027376695498177e-07
5.104836282182595e-07
5.210681297512554e-07
5.347266426328706e-07
5.51774513648532e-07
5.726236381286846e-07
5.978056126041547e-07
6.280038305512506e-07
6.640982448372444e-07
7.072285272010232e-07
7.58884646720992e-07
8.210394835717072e-07
8.963480096576175e-07
9.88456052950989e-07
1.1024980216268594e-06
1.2459354705680719e-06
1.4300056548262726e-06
1.671992275450515e-06
1.9966332286515465e-06
2.423764254000497e-06
2.8868653676641887e-06
2.9200692706772485e-06
8.075696443538547e-07
-8.010018116803223e-06
-3.254269677267867e-05
-8.52761380327384e-05
-0.0001752702612742664
-0.00029608612660056346
-0.0004178240551230419
-0.0004957414637992088
-0.0004957414637992069
-0.0004178240551230319
-0.0002960861266005506
-0.00017527026127425375
-8.527613803272663e-05
-3.254269677266848e-05
-8.010018116794128e-06
8.075696443609905e-07
2.920069270683559e-06
2.8868653676697838e-06
2.4237642540057045e-06
1.9966332286560265e-06
1.671992275454456e-06
1.4300056548291026e-06
1.2459354705712095e-06
1.1024980216289785e-06
9.884560529536932e-07
8.963480096592817e-07
8.210394835734445e-07
7.588846467230869e-07
7.072285272026379e-07
6.640982448386072e-07
6.280038305522863e-07
5.978056126049905e-07
5.726236381292806e-07
5.517745136491902e-07
5.347266426330561e-07
5.210681297513665e-07
5.104836282184582e-07
5.027376695500052e-07
4.976628346214142e-07
4.951516746668345e-07
4.5116158285210106e-07
4.5344964649178665e-07
4.5807362322766206e-07
4.651314158210907e-07
4.747755694733204e-07
4.872206330670213e-07
5.027539371854001e-07
5.217507833160483e-07
5.446955395439788e-07
5.722108847923561e-07
6.050985944000678e-07
6.44397088251002e-07
6.914639618468291e-07
7.480968180061543e-07
8.167147512049841e-07
9.006396793852794e-07
1.00454984687768e-06
1.1352438878196139e-06
1.302960696591288e-06
1.5234485644647908e-06
1.819248704052926e-06
2.208440749854774e-06
2.6304412262665715e-06
2.660864912863644e-06
7.36605102911353e-07
-7.296064029888016e-06
-2.964565038031243e-05
-7.76873286352421e-05
-0.00015967544104721147
-0.0002697441285756622
-0.00038065336452755647
-0.00045164013677019934
-0.00045164013677019706
-0.00038065336452754845
-0.00026974412857564935
-0.0001596754410471975
-7.768732863522966e-05
-2.964565038030146e-05
-7.2960640298783615e-06
7.366051029187997e-07
2.660864912870198e-06
2.630441226272331e-06
2.208440749860175e-06
1.8192487040576198e-06
1.5234485644686405e-06
1.3029606965942715e-06
1.135243887822938e-06
1.0045498468798951e-06
9.006396793881687e-07
8.167147512068226e-07
7.480968180082746e-07
6.914639618490081e-07
6.443970882527461e-07
6.050985944015511e-07
5.722108847935073e-07
5.446955395449052e-07
5.217507833167449e-07
5.027539371860131e-07
4.872206330669899e-07
4.7477556947335704e-07
4.6513141582111875e-07
4.580736232279315e-07
4.5344964649115953e-07
4.511615828527376e-07
4.02888839077706e-07
4.049320868428544e-07
4.0906131205263016e-07
4.1536394210666997e-07
4.23976200227848e-07
4.3508967906213136e-07
4.4896096546245217e-07
4.6592520446483793e-07
4.86414937761593e-07
5.109862188268872e-07
5.40355034453818e-07
5.754486952326277e-07
6.174795357621785e-07
6.680528172302852e-07
7.293287926042587e-07
8.042739351510815e-07
8.970659148588538e-07
1.0137759052131805e-06
1.1635472418383383e-06
1.360443319531183e-06
1.6245947867148827e-06
1.972154117735801e-06
2.3490519190174415e-06
2.3764220967009345e-06
6.587189554612907e-07
-6.512643856826698e-06
-2.646667447113738e-05
-6.935997348885906e-05
-0.00014256290648407877
-0.00024083847157374175
-0.000339865139696334
-0.00040324676993937973
-0.00040324676993937485
-0.00033986513969632304
-0.0002408384715737283
-0.00014256290648406288
-6.935997348884581e-05
-2.6466674471125754e-05
-6.512643856816461e-06
6.587189554690932e-07
2.3764220967077336e-06
2.3490519190232907e-06
1.972154117741322e-06
1.62459478671972e-06
1.3604433195349338e-06
1.1635472418414198e-06
1.0137759052165786e-06
8.970659148610023e-07
8.042739351539551e-07
7.293287926061114e-07
6.680528172326449e-07
6.174795357643018e-07
5.754486952344229e-07
5.40355034455397e-07
5.109862188280944e-07
4.864149377625098e-07
4.6592520446561476e-07
4.4896096546298125e-07
4.350896790619464e-07
4.2397620022779505e-07
4.153639421065535e-07
4.090613120529279e-07
4.049320868421539e-07
4.028888390783953e-07
3.4934425441799234e-07
3.511159500474897e-07
3.5469639207819597e-07
3.6016138853379685e-07
3.6762905813536364e-07
3.772655302407319e-07
3.892932904476125e-07
4.0400294184991905e-07
4.2176953977827237e-07
4.4307523607748403e-07
4.685408600014242e-07
4.989704785562899e-07
5.354153014192228e-07
5.792672423892096e-07
6.323994446212838e-07
6.973841181990878e-07
7.778436903068098e-07
8.790424263190783e-07
1.008908453787519e-06
1.1796362544783476e-06
1.4086826243975632e-06
1.710062288310365e-06
2.0369308107893217e-06
2.060910333928825e-06
5.723088901863378e-07
-5.643724065120522e-06
-2.294068175977125e-05
-6.012356058859393e-05
-0.0001235822494292064
-0.0002087772584004761
-0.0002946241642992713
-0.0003495704172739589
-0.00034957041727395313
-0.00029462416429926034
-0.0002087772584004607
-0.00012358224942918925
-6.012356058857932e-05
-2.2940681759758667e-05
-5.643724065109651e-06
5.72308890194561e-07
2.060910333936003e-06
2.0369308107953636e-06
1.7100622883160428e-06
1.4086826244024777e-06
1.1796362544820127e-06
1.0089084537906356e-06
8.79042426322427e-07
7.778436903087876e-07
6.97384118201789e-07
6.323994446230323e-07
5.792672423916069e-07
5.354153014211849e-07
4.989704785580482e-07
4.685408600030757e-07
4.430752360787192e-07
4.217695397791306e-07
4.040029418507591e-07
3.892932904480685e-07
3.7726553024050926e-07
3.676290581352678e-07
3.60161388533553e-07
3.5469639207850535e-07
3.511159500467277e-07
3.493442544187134e-07
2.8921750937500765e-07
2.906842712748906e-07
2.936484688347048e-07
2.9817286234028043e-07
3.04355240437007e-07
3.12333139008978e-07
3.222907503521611e-07
3.3446866010181173e-07
3.4917737045596995e-07
3.668160469319951e-07
3.8789866355564794e-07
4.1309089343513524e-07
4.4326301423936e-07
4.795673655417944e-07
5.235546861454638e-07
5.773544558642155e-07
6.439656023701738e-07
7.277462880688958e-07
8.352600427657749e-07
9.766026775144526e-07
1.1662283951199955e-06
1.415751190898584e-06
1.6864389503290102e-06
1.7066054630945474e-06
4.752493735926454e-07
-4.668075583964533e-06
-1.8981481063197713e-05
-4.975228315861066e-05
-0.000102269423352625
-0.0001727766342360681
-0.00024382435184400056
-0.0002892987569239698
-0.0002892987569239634
-0.0002438243518439868
-0.00017277663423605243
-0.0001022694233526066
-4.9752283158594805e-05
-1.89814810631842e-05
-4.668075583952976e-06
4.752493736013112e-07
1.706605463102009e-06
1.6864389503351596e-06
1.4157511909042761e-06
1.166228395124857e-06
9.76602677518047e-07
8.352600427688649e-07
7.277462880720868e-07
6.439656023719843e-07
5.773544558667178e-07
5.235546861471388e-07
4.795673655441377e-07
4.4326301424115297e-07
4.130908934368259e-07
3.878986635573094e-07
3.668160469332101e-07
3.4917737045672424e-07
3.3446866010270387e-07
3.22290750352582e-07
3.123331390089331e-07
3.0435524043699864e-07
2.981728623400741e-07
2.9364846883510703e-07
2.906842712742119e-07
2.8921750937573324e-07
2.207185315157383e-07
2.2183789966212712e-07
2.2410004474253645e-07
2.2755286248483166e-07
2.3227098061585104e-07
2.383593600722502e-07
2.4595856772816723e-07
2.552522071151562e-07
2.664772386379447e-07
2.7993828609718235e-07
2.9602758927215415e-07
3.152531567390861e-07
3.382791402723763e-07
3.65984945628683e-07
3.9955401384354497e-07
4.406114459689538e-07
4.914458498230406e-07
5.553831118678728e-07
6.374321438721452e-07
7.452978353964256e-07
8.900136177477727e-07
1.080458108902897e-06
1.2871395755680517e-06
1.3029516028543772e-06
3.6462376677896273e-07
-3.5567363137962416e-06
-1.4471428559862684e-05
-3.7937895648692825e-05
-7.799093340404915e-05
-0.00013176649121141308
-0.0001859556703709208
-0.0002206401950267606
-0.00022064019502675562
-0.0001859556703709067
-0.00013176649121139508
-7.79909334040291e-05
-3.7937895648674813e-05
-1.4471428559848048e-05
-3.556736313783875e-06
3.6462376678816447e-07
1.3029516028621377e-06
1.287139575574357e-06
1.0804581089086192e-06
8.900136177525957e-07
7.452978354000551e-07
6.374321438753288e-07
5.55383111871046e-07
4.914458498248897e-07
4.40611445971396e-07
3.995540138452816e-07
3.659849456309399e-07
3.382791402740206e-07
3.15253156740691e-07
2.960275892737867e-07
2.7993828609834056e-07
2.664772386386092e-07
2.552522071160963e-07
2.459585677286132e-07
2.383593600725565e-07
2.322709806160864e-07
2.2755286248479873e-07
2.241000447431498e-07
2.218378996616641e-07
2.2071853151644303e-07
1.4129888691173886e-07
1.4201547676581413e-07
1.4346364203792804e-07
1.4567404404734693e-07
1.4869445706545623e-07
1.5259207366686668e-07
1.574568801116282e-07
1.6340641317555485e-07
1.7059236669772799e-07
1.7920974995448523e-07
1.8950966033348592e-07
2.018173053114357e-07
2.1655784790475512e-07
2.342942458240231e-07
2.557840833370015e-07
2.820676682925771e-07
3.1461003975734615e-07
3.555402268669139e-07
4.080646556352465e-07
4.771160563633084e-07
5.697614805999069e-07
6.91706981146811e-07
8.241697510279146e-07
8.34901949547631e-07
2.3621274957544066e-07
-2.2686784712675416e-06
-9.243572206134159e-06
-2.4242746345861797e-05
-4.984714659068105e-05
-8.422699497248463e-05
-0.00011887335676394979
-0.0001410499908867511
-0.00014104999088674676
-0.00011887335676393439
-8.422699497246321e-05
-4.984714659065785e-05
-2.4242746345842607e-05
-9.243572206118201e-06
-2.268678471254167e-06
2.3621274958541998e-07
8.349019495558624e-07
8.241697510346129e-07
6.917069811527199e-07
5.697614806048773e-07
4.771160563671433e-07
4.0806465563866344e-07
3.5554022687021395e-07
3.146100397594108e-07
2.8206766829510633e-07
2.557840833389607e-07
2.3429424582623936e-07
2.1655784790636893e-07
2.0181730531305439e-07
1.8950966033517892e-07
1.7920974995567479e-07
1.7059236669843494e-07
1.6340641317658368e-07
1.5745688011215515e-07
1.5259207366758475e-07
1.4869445706597864e-07
1.4567404404753222e-07
1.434636420387613e-07
1.4201547676562916e-07
1.4129888691232247e-07
4.712108406619666e-08
4.736004903942482e-08
4.78429760642478e-08
4.858008943316961e-08
4.95873198636858e-08
5.088707318154015e-08
5.250935577559628e-08
5.449336065120922e-08
5.6889670199498966e-08
5.976330974108632e-08
6.319800604381262e-08
6.73021958312902e-08
7.221764233528356e-08
7.81320498425253e-08
8.529800880725229e-08
9.406236107893143e-08
1.0491353098355517e-07
1.1856127101889373e-07
1.3607453427155073e-07
1.590985761077119e-07
1.8999609335112268e-07
2.3070651737034737e-07
2.751266438285722e-07
2.797081296825563e-07
8.334198564225432e-08
-7.43092864956435e-07
-3.0490243984079198e-06
-8.013358771490916e-06
-1.649383823815816e-05
-2.7886382191131035e-05
-3.9370901961796535e-05
-4.672331555240889e-05
-4.672331555240488e-05
-3.937090196178136e-05
-2.7886382191106857e-05
-1.6493838238133547e-05
-8.01335877146934e-06
-3.049024398390261e-06
-7.430928649417525e-07
8.334198565333944e-08
2.797081296915247e-07
2.751266438359617e-07
2.3070651737668656e-07
1.8999609335649118e-07
1.590985761119047e-07
1.3607453427540938e-07
1.1856127102254275e-07
1.0491353098609987e-07
9.406236108178106e-08
8.529800880966421e-08
7.813204984487666e-08
7.221764233700684e-08
6.730219583302154e-08
6.319800604562612e-08
5.976330974238556e-08
5.688967020036368e-08
5.44933606524101e-08
5.25093557762864e-08
5.088707318267634e-08
4.9587319864512185e-08
4.858008943356518e-08
4.784297606530871e-08
4.7360049039494805e-08
4.712108406659688e-08
-6.799435640120911e-08
-6.833920233884627e-08
-6.903610628198838e-08
-7.009982456689816e-08
-7.155334955689118e-08
-7.342901926433805e-08
-7.57701420360946e-08
-7.86332862173221e-08
-8.209146022892957e-08
-8.623852110979643e-08
-9.119532306918157e-08
-9.711839335425671e-08
-1.0421237504182277e-07
-1.1274824522864975e-07
-1.2309067999621948e-07
-1.357404789218733e-07
-1.5140296105165693e-07
-1.7110320558440913e-07
-1.963850396528756e-07
-2.2962219181226184e-07
-2.742059165935648e-07
-3.3281973272019317e-07
-3.96149630346152e-07
-3.9961549749247443e-07
-1.059916110694282e-07
1.1141477620204367e-06
4.503215705849071e-06
1.1781022349218465e-05
2.419310446043736e-05
4.0848555116200795e-05
5.7625993222606866e-05
6.836236414031044e-05
6.836236414031814e-05
5.762599322262573e-05
4.0848555116227466e-05
2.4193104460464303e-05
1.1781022349242995e-05
4.5032157058687696e-06
1.114147762036737e-06
-1.059916110569603e-07
-3.996154974825167e-07
-3.9614963033776724e-07
-3.32819732713159e-07
-2.742059165874662e-07
-2.296221918074833e-07
-1.9638503964828046e-07
-1.7110320558014686e-07
-1.514029610483444e-07
-1.3574047891846208e-07
-1.230906799930952e-07
-1.1274824522595111e-07
-1.04212375039763e-07
-9.711839335227127e-08
-9.119532306709893e-08
-8.623852110828362e-08
-8.209146022780492e-08
-7.863328621592036e-08
-7.577014203519632e-08
-7.342901926286686e-08
-7.155334955576145e-08
-7.009982456626256e-08
-6.903610628067008e-08
-6.833920233858009e-08
-6.799435640100836e-08
-2.1452203130606096e-07
-2.156099957291801e-07
-2.1780867735153295e-07
-2.211646297074001e-07
-2.2575038934394435e-07
-2.316679762859e-07
-2.390540192983714e-07
-2.4808697884260994e-07
-2.589971788265357e-07
-2.720807134220303e-07
-2.8771884247108856e-07
-3.064053586567543e-07
-3.287858360838501e-07
-3.557150944779923e-07
-3.883435107154629e-07
-4.282508221808211e-07
-4.776618300726673e-07
-5.39809858059933e-07
-6.19564747246867e-07
-7.244180199544855e-07
-8.650983113723052e-07
-1.050242546801159e-06
-1.2512094149768946e-06
-1.2668420531798593e-06
-3.5596594256339356e-07
3.451031029520365e-06
1.4046156430946024e-05
3.682219526879912e-05
7.569145435930221e-05
0.00012787175674710665
0.000180449043254611
0.00021410015476762629
0.00021410015476763388
0.00018044904325463203
0.00012787175674713652
7.569145435933251e-05
3.68221952688269e-05
1.4046156430968487e-05
3.451031029538854e-06
-3.559659425490819e-07
-1.2668420531684082e-06
-1.2512094149671774e-06
-1.0502425467930948e-06
-8.650983113651359e-07
-7.244180199489319e-07
-6.195647472412973e-07
-5.398098580548772e-07
-4.776618300683684e-07
-4.282508221766666e-07
-3.883435107114749e-07
-3.5571509447473693e-07
-3.287858360813069e-07
-3.0640535865432797e-07
-2.877188424686239e-07
-2.7208071342008613e-07
-2.5899717882503265e-07
-2.480869788408137e-07
-2.390540192971607e-07
-2.3166797628410652e-07
-2.2575038934253023e-07
-2.211646297065102e-07
-2.1780867734995291e-07
-2.1560999572883029e-07
-2.1452203130598642e-07
-4.0998891669252865e-07
-4.120681922949467e-07
-4.1627022727409323e-07
-4.2268399198997806e-07
-4.314481139183482e-07
-4.427575674210546e-07
-4.568734686596494e-07
-4.741368793837541e-07
-4.949879785500128e-07
-5.199926394416738e-07
-5.498794957761486e-07
-5.855922421365413e-07
-6.283646399730038e-07
-6.79830333482852e-07
-7.421877915653739e-07
-8.184560032590928e-07
-9.12886681605498e-07
-1.031658895626071e-06
-1.1840799891776715e-06
-1.384474596921899e-06
-1.6533985892621423e-06
-2.0076359893352303e-06
-2.3936481489361552e-06
-2.4312321756366097e-06
-7.160897141785772e-07
6.487885150138277e-06
2.6568832116138947e-05
6.977031268054612e-05
0.00014353190031542222
0.00024258319097857333
0.0003424067977973299
0.00040630371203776187
0.00040630371203777076
0.0003424067977973531
0.00024258319097860727
0.0001435319003154562
6.977031268057809e-05
2.6568832116165083e-05
6.487885150159707e-06
-7.160897141617655e-07
-2.4312321756230394e-06
-2.393648148924589e-06
-2.0076359893256465e-06
-1.653398589253458e-06
-1.3844745969151486e-06
-1.1840799891707707e-06
-1.0316588956199227e-06
-9.128866815999615e-07
-8.18456003254e-07
-7.421877915603351e-07
-6.798303334788608e-07
-6.283646399697459e-07
-5.855922421335205e-07
-5.498794957730976e-07
-5.19992639439168e-07
-4.949879785479473e-07
-4.7413687938148087e-07
-4.568734686579746e-07
-4.427575674189922e-07
-4.31448113916639e-07
-4.226839919888208e-07
-4.1627022727227126e-07
-4.120681922945959e-07
-4.0998891669246417e-07
-6.800811411857731e-07
-6.835301782522813e-07
-6.905003811630879e-07
-7.011393295898645e-07
-7.156769718621632e-07
-7.344367214475056e-07
-7.578517039705437e-07
-7.864876537753439e-07
-8.210747140940102e-07
-8.625515206171988e-07
-9.1212668288912e-07
-9.713655342795556e-07
-1.042314542406559e-06
-1.1276834559941431e-06
-1.2311188835808877e-06
-1.357628393753173e-06
-1.5142642093992197e-06
-1.7112755396659902e-06
-1.964102576460608e-06
-2.296525480955797e-06
-2.7427709458785877e-06
-3.3313641551085342e-06
-3.976451635262256e-06
-4.057841929686593e-06
-1.2764383697066837e-06
1.0494797995720928e-05
4.338505823291466e-05
0.00011422652182560634
0.00023526286465163165
0.0003978673156952142
0.000561783623399053
0.000666721763026516
0.0006667217630265279
0.0005617836233990793
0.0003978673156952552
0.0002352628646516724
0.0001142265218256441
4.338505823294568e-05
1.0494797995746344e-05
-1.2764383696865402e-06
-4.057841929670201e-06
-3.9764516352482086e-06
-3.3313641550968384e-06
-2.7427709458678007e-06
-2.29652548094736e-06
-1.964102576451967e-06
-1.711275539658407e-06
-1.5142642093921118e-06
-1.3576283937468704e-06
-1.2311188835746449e-06
-1.1276834559891585e-06
-1.042314542402454e-06
-9.7136553427567e-07
-9.121266828854583e-07
-8.625515206138853e-07
-8.210747140913354e-07
-7.864876537723819e-07
-7.57851703968352e-07
-7.344367214451133e-07
-7.156769718601974e-07
-7.011393295884595e-07
-6.905003811611299e-07
-6.835301782520418e-07
-6.800811411855861e-07
-1.050580206683417e-06
-1.055908186075454e-06
-1.0666755658972468e-06
-1.0831103199643173e-06
-1.1055676608678997e-06
-1.1345471808867723e-06
-1.1707179489497268e-06
-1.2149538791037686e-06
-1.2683828522315727e-06
-1.3324548115622933e-06
-1.4090367318240353e-06
-1.5005466191756188e-06
-1.6101456820613751e-06
-1.7420196810817399e-06
-1.9018015003560324e-06
-2.0972262039356083e-06
-2.3391870708734492e-06
-2.6435159014870115e-06
-3.0340674482634353e-06
-3.547616972154302e-06
-4.237312101098585e-06
-5.148674414455801e-06
-6.155370277954064e-06
-6.321657666192061e-06
-2.160527745079974e-06
1.5643081516426356e-05
6.555732042353059e-05
0.00017324382173611091
0.000357409479442856
0.0006049741505101802
0.0008546305338786286
0.0010144923593179177
0.0010144923593179284
0.0008546305338786589
0.0006049741505102307
0.0003574094794429045
0.00017324382173615664
6.555732042356821e-05
1.564308151645713e-05
-2.160527745055475e-06
-6.321657666171894e-06
-6.155370277936923e-06
-5.1486744144412475e-06
-4.2373121010852105e-06
-3.5476169721435334e-06
-3.0340674482527173e-06
-2.6435159014775226e-06
-2.3391870708644593e-06
-2.097226203927777e-06
-1.9018015003482945e-06
-1.742019681075528e-06
-1.6101456820560837e-06
-1.500546619170744e-06
-1.4090367318194774e-06
-1.3324548115582542e-06
-1.2683828522280791e-06
-1.2149538791002052e-06
-1.1707179489468403e-06
-1.1345471808841319e-06
-1.1055676608656419e-06
-1.0831103199626636e-06
-1.066675565895274e-06
-1.0559081860753099e-06
-1.0505802066830547e-06
-1.5189603619946548e-06
-1.526663628719603e-06
-1.5422312534111185e-06
-1.5659928377737988e-06
-1.5984619432489632e-06
-1.640360872425603e-06
-1.6926569527550922e-06
-1.7566136699886204e-06
-1.8338616847735864e-06
-1.9264972795051913e-06
-2.0372196556971822e-06
-2.1695246563191364e-06
-2.3279825816042142e-06
-2.5186449215988706e-06
-2.749655232142732e-06
-3.03219607360375e-06
-3.3820156194627383e-06
-3.822001972080082e-06
-4.386649711325847e-06
-5.129197421469223e-06
-6.126957388906656e-06
-7.448242522843577e-06
-8.92118734821473e-06
-9.231149586621734e-06
-3.447260366052871e-06
2.1641636940824693e-05
9.227700803937677e-05
0.00024497872376132645
0.0005064404152044526
0.0008581730545420105
0.0012130428941688923
0.0014403343855896443
0.0014403343855896613
0.0012130428941689335
0.0008581730545420687
0.0005064404152045121
0.0002449787237613825
9.227700803942257e-05
2.1641636940862024e-05
-3.447260366023055e-06
-9.231149586597063e-06
-8.921187348193611e-06
-7.448242522825681e-06
-6.126957388890063e-06
-5.12919742145588e-06
-4.386649711312617e-06
-3.822001972068543e-06
-3.3820156194515854e-06
-3.032196073594207e-06
-2.7496552321333335e-06
-2.518644921591246e-06
-2.3279825815975748e-06
-2.169524656312919e-06
-2.037219655691742e-06
-1.9264972795000104e-06
-1.833861684769417e-06
-1.7566136699842379e-06
-1.6926569527518415e-06
-1.640360872422572e-06
-1.5984619432466036e-06
-1.5659928377718898e-06
-1.5422312534092569e-06
-1.5266636287195275e-06
-1.518960361994119e-06
-2.0047608581539944e-06
-2.014927691324899e-06
-2.035473963001228e-06
-2.0668346753308553e-06
-2.1096876163370673e-06
-2.1649860649214743e-06
-2.2340066757292567e-06
-2.318416961375375e-06
-2.420369014462254e-06
-2.5426294288519674e-06
-2.688760490654461e-06
-2.8633758301111097e-06
-3.0725070448066815e-06
-3.3241404395845704e-06
-3.629023142948785e-06
-4.0019126623151015e-06
-4.4635913800572505e-06
-5.044264538186854e-06
-5.789464765197768e-06
-6.769549824929744e-06
-8.087202963026893e-06
-9.836018104937199e-06
-1.180401031277052e-05
-1.2308744274386506e-05
-4.994625748650229e-06
2.722181372961798e-05
0.0001183425840967103
0.0003157683966610221
0.0006542464516376965
0.0011099559967781862
0.0015699631817440813
0.0018646769699021074
0.0018646769699021241
0.0015699631817441269
0.0011099559967782569
0.0006542464516377676
0.0003157683966610873
0.00011834258409676413
2.7221813729661885e-05
-4.9946257486150495e-06
-1.2308744274357394e-05
-1.1804010312745623e-05
-9.836018104915667e-06
-8.087202963007297e-06
-6.7695498249135865e-06
-5.7894647651824215e-06
-5.0442645381730844e-06
-4.463591380044186e-06
-4.001912662303951e-06
-3.629023142937893e-06
-3.324140439575572e-06
-3.0725070447985856e-06
-2.8633758301038684e-06
-2.688760490647693e-06
-2.542629428846144e-06
-2.420369014457016e-06
-2.3184169613704513e-06
-2.234006675725273e-06
-2.1649860649184326e-06
-2.109687616334572e-06
-2.0668346753287944e-06
-2.0354739629994697e-06
-2.0149276913248326e-06
-2.0047608581534713e-06
-2.3111617410643127e-06
-2.3228822917589433e-06
-2.3465684844107205e-06
-2.38272178883091e-06
-2.4321235571603296e-06
-2.4958727249299272e-06
-2.5754410106761587e-06
-2.6727507061653385e-06
-2.7902827139050035e-06
-2.931226311973076e-06
-3.0996880172687265e-06
-3.3009862781735242e-06
-3.5420740788272807e-06
-3.832157624287444e-06
-4.183625506204618e-06
-4.613488958102534e-06
-5.145703815035707e-06
-5.815088171835384e-06
-6.674139891324145e-06
-7.804072947306634e-06
-9.32398844180994e-06
-1.1345646698271144e-05
-1.3641372280488904e-05
-1.4330852571228771e-05
-6.25845327042478e-06
2.9873345060259212e-05
0.0001325527002668989
0.0003555270436021058
0.0007383114428553449
0.001254098955417394
0.001775018848258969
0.0021088527599646034
0.002108852759964624
0.0017750188482590198
0.00125409895541747
0.0007383114428554221
0.00035552704360217657
0.00013255270026695787
2.9873345060306747e-05
-6.258453270386534e-06
-1.4330852571196831e-05
-1.3641372280461673e-05
-1.1345646698247847e-05
-9.32398844178869e-06
-7.804072947288558e-06
-6.674139891307487e-06
-5.8150881718202345e-06
-5.145703815021787e-06
-4.613488958090469e-06
-4.18362550619299e-06
-3.832157624277574e-06
-3.5420740788186825e-06
-3.3009862781652703e-06
-3.0996880172615754e-06
-2.9312263119668977e-06
-2.790282713899303e-06
-2.6727507061600276e-06
-2.575441010671466e-06
-2.495872724926887e-06
-2.432123557157632e-06
-2.3827217888292075e-06
-2.3465684844092212e-06
-2.3228822917590318e-06
-2.3111617410637104e-06
-2.162459099384542e-06
-2.173425395049251e-06
-2.1955873005103584e-06
-2.2294140044159162e-06
-2.275636560021269e-06
-2.335283158141675e-06
-2.409730771476113e-06
-2.5007779341566245e-06
-2.6107458196250575e-06
-2.742618356695239e-06
-2.9002376346170166e-06
-3.088579603758497e-06
-3.3141494383739203e-06
-3.5855603295028924e-06
-3.914402717345711e-06
-4.316591610482306e-06
-4.814538739866596e-06
-5.440818507199959e-06
-6.2445573112826805e-06
-7.301845733406071e-06
-8.724837053616526e-06
-1.0621913318313409e-05
-1.2796542823090147e-05
-1.3547907295609666e-05
-6.349984969919962e-06
2.6460976073348954e-05
0.00012019449410219881
0.00032425216794056334
0.000675069505895239
0.0011482106186308668
0.0016263287673200172
0.001932828263563651
0.0019328282635636715
0.0016263287673200654
0.0011482106186309381
0.000675069505895311
0.00032425216794063126
0.00012019449410225464
2.6460976073394088e-05
-6.3499849698840154e-06
-1.3547907295578903e-05
-1.2796542823063819e-05
-1.0621913318291671e-05
-8.724837053595762e-06
-7.301845733389664e-06
-6.244557311266558e-06
-5.44081850718588e-06
-4.814538739853349e-06
-4.316591610471135e-06
-3.914402717335071e-06
-3.585560329493491e-06
-3.314149438366053e-06
-3.0885796037502672e-06
-2.9002376346107164e-06
-2.742618356688542e-06
-2.610745819620032e-06
-2.500777934151463e-06
-2.409730771472195e-06
-2.335283158138757e-06
-2.2756365600189256e-06
-2.22941400441466e-06
-2.1955873005091785e-06
-2.1734253950490145e-06
-2.162459099383858e-06
-1.353080588299082e-06
-1.359942212739177e-06
-1.3738089391471781e-06
-1.3949743297031154e-06
-1.423895789350855e-06
-1.461216634256498e-06
-1.5077984027705384e-06
-1.5647663891759563e-06
-1.6335728813343803e-06
-1.7160848208238522e-06
-1.8147060513810748e-06
-1.9325497982481207e-06
-2.0736860026788766e-06
-2.2435033973220573e-06
-2.4492532508361156e-06
-2.700892143458941e-06
-3.0124407327646913e-06
-3.4042781133348693e-06
-3.9071513994837024e-06
-4.56878492463856e-06
-5.460137764330215e-06
-6.653185632873288e-06
-8.042941283923952e-06
-8.629011115724482e-06
-4.512748770513447e-06
1.4929553695026532e-05
7.102264682333381e-05
0.00019370420956962945
0.0004051809196422664
0.0006908678036715697
0.0009798557852202386
0.0011652172924972357
0.0011652172924972492
0.0009798557852202746
0.0006908678036716222
0.0004051809196423219
0.0001937042095696791
7.102264682337619e-05
1.4929553695060152e-05
-4.512748770486058e-06
-8.629011115702004e-06
-8.042941283903265e-06
-6.653185632857225e-06
-5.4601377643139085e-06
-4.568784924627122e-06
-3.90715139947153e-06
-3.404278113324486e-06
-3.012440732754541e-06
-2.7008921434509127e-06
-2.4492532508287625e-06
-2.2435033973146754e-06
-2.0736860026726958e-06
-1.9325497982421847e-06
-1.8147060513765178e-06
-1.7160848208190575e-06
-1.6335728813303002e-06
-1.5647663891721006e-06
-1.5077984027677637e-06
-1.461216634253969e-06
-1.4238957893498548e-06
-1.3949743297015687e-06
-1.3738089391466127e-06
-1.3599422127389957e-06
-1.3530805882990944e-06
6.720808172795383e-08
6.75491365680756e-08
6.823838556380593e-08
6.929043663429104e-08
7.072805203451397e-08
7.258324844695796e-08
7.489890799016592e-08
7.773104911830137e-08
8.11519815428352e-08
8.52546814462719e-08
9.015889623944602e-08
9.601976329960405e-08
1.0304017918490715e-07
1.1148892569966686e-07
1.2172792611809112e-07
1.3425454698139186e-07
1.4976970600691522e-07
1.6929063474173312e-07
1.943276008892577e-07
2.2703438360669074e-07
2.6945719404967347e-07
3.173433970040828e-07
3.3165105569862234e-07
1.425897202124851e-07
-7.91417614082365e-07
-3.806176460283428e-06
-1.141180599423744e-05
-2.693503597434114e-05
-5.2600306072380797e-05
-8.635711311986906e-05
-0.00011993215949048246
-0.00014126591093116287
-0.00014126591093115582
-0.00011993215949046663
-8.635711311984797e-05
-5.260030607235705e-05
-2.693503597432008e-05
-1.1411805994220038e-05
-3.8061764602680866e-06
-7.914176140705855e-07
1.4258972022260036e-07
3.3165105570668864e-07
3.173433970121512e-07
2.69457194055496e-07
2.270343836125971e-07
1.943276008933785e-07
1.6929063474660038e-07
1.4976970601037577e-07
1.342545469846453e-07
1.217279261210676e-07
1.114889257027111e-07
1.0304017918775805e-07
9.601976330192873e-08
9.015889624216839e-08
8.525468144725371e-08
8.115198154480296e-08
7.773104912029635e-08
7.489890799202907e-08
7.258324844751975e-08
7.072805203500176e-08
6.929043663486681e-08
6.823838556417175e-08
6.754913656794283e-08
6.720808172741247e-08
1.7381930791998393e-06
1.7470081216657517e-06
1.7648225459615511e-06
1.7920135206583922e-06
1.8291687221879295e-06
1.8771146922706356e-06
1.9369583573833814e-06
2.0101455406787415e-06
2.0985422259787877e-06
2.2045472097639067e-06
2.331249208981899e-06
2.4826485343085045e-06
2.663974988488955e-06
2.8821532779763888e-06
3.1465020130788125e-06
3.469817232323085e-06
3.870119116542229e-06
4.373596821035112e-06
5.019713202669085e-06
5.869331339625642e-06
7.010582314073981e-06
8.519924854647223e-06
1.0193343930763783e-05
1.050019731675023e-05
3.720828340774277e-06
-2.544483037198206e-05
-0.0001073588729179764
-0.0002842441826656949
-0.0005869241334617139
-0.0009939518694342536
-0.0014045161345333057
-0.0016674469270134004
-0.0016674469270134078
-0.0014045161345333135
-0.0009939518694342705
-0.0005869241334617275
-0.0002842441826657057
-0.00010735887291798759
-2.5444830371989457e-05
3.7208283407678323e-06
1.0500197316745404e-05
1.0193343930759163e-05
8.519924854643127e-06
7.010582314070259e-06
5.869331339622433e-06
5.019713202666279e-06
4.3735968210324364e-06
3.870119116539058e-06
3.4698172323202403e-06
3.146502013076261e-06
2.8821532779742238e-06
2.663974988486909e-06
2.4826485343073254e-06
2.3312492089808443e-06
2.204547209763299e-06
2.098542225977555e-06
2.0101455406785895e-06
1.936958357382536e-06
1.8771146922700063e-06
1.8291687221881955e-06
1.7920135206572909e-06
1.7648225459607492e-06
1.7470081216662159e-06
1.7381930792001557e-06
3.158481749226374e-06
3.1744994709725554e-06
3.206869870673024e-06
3.256278286995123e-06
3.3237925635736476e-06
3.410914574973033e-06
3.519655668144415e-06
3.6526429789734113e-06
3.8132670888560547e-06
4.005886712033457e-06
4.23611415660291e-06
4.511218095856405e-06
4.840701170352415e-06
5.237145600997743e-06
5.717483190032762e-06
6.304963922763658e-06
7.032329555313114e-06
7.947165569111683e-06
9.121192203040697e-06
1.0665150647871856e-05
1.274017727245237e-05
1.5490453884524497e-05
1.8567936270384132e-05
1.9271798152686574e-05
7.442159497203775e-06
-4.4180560527291114e-05
-0.00018979332573554526
-0.000504883428209654
-0.0010447053591763362
-0.0017711767862256483
-0.0025043040792439644
-0.002973930130441723
-0.0029739301304417365
-0.002504304079243993
-0.001771176786225698
-0.0010447053591763809
-0.0005048834282096941
-0.00018979332573557952
-4.418056052731869e-05
7.442159497182164e-06
1.9271798152668238e-05
1.8567936270369465e-05
1.5490453884509847e-05
1.2740177272440647e-05
1.066515064786064e-05
9.121192203031693e-06
7.947165569102731e-06
7.032329555304966e-06
6.304963922755091e-06
5.717483190025686e-06
5.237145600990993e-06
4.840701170347365e-06
4.511218095851162e-06
4.236114156598835e-06
4.00588671202979e-06
3.8132670888530914e-06
3.6526429789711633e-06
3.519655668141757e-06
3.4109145749724416e-06
3.3237925635726134e-06
3.25627828699404e-06
3.2068698706706306e-06
3.1744994709731848e-06
3.1584817492262545e-06
3.967860260311673e-06
3.987982653282301e-06
4.028648232035066e-06
4.090717961707737e-06
4.175533334243654e-06
4.284981098858096e-06
4.421588036848939e-06
4.588654523953491e-06
4.790440027146133e-06
5.032420247904442e-06
5.321645739837919e-06
5.667247901366368e-06
6.081164606047057e-06
6.579202533178091e-06
7.182632656541557e-06
7.920663389786186e-06
8.834427562414778e-06
9.98370596297587e-06
1.1458598114839572e-05
1.3398211456637512e-05
1.6004876561738557e-05
1.945918156996321e-05
2.3321537809550043e-05
2.419069433256973e-05
9.27939569660917e-06
-5.571198290561353e-05
-0.00023896517301440448
-0.0006354313865805705
-0.001314593945429269
-0.002228519601184877
-0.0031507770613436424
-0.0037415411015080226
-0.0037415411015080413
-0.003150777061343684
-0.002228519601184944
-0.0013145939454293318
-0.0006354313865806282
-0.00023896517301445265
-5.571198290565189e-05
9.279395696578477e-06
2.4190694332544e-05
2.3321537809527892e-05
1.945918156994434e-05
1.6004876561720525e-05
1.3398211456623258e-05
1.1458598114825348e-05
9.98370596296378e-06
8.834427562402677e-06
7.920663389775081e-06
7.182632656531818e-06
6.579202533169034e-06
6.081164606040142e-06
5.667247901358626e-06
5.321645739832555e-06
5.032420247898487e-06
4.7904400271423925e-06
4.588654523949853e-06
4.421588036846117e-06
4.284981098856138e-06
4.175533334241746e-06
4.090717961706774e-06
4.028648232033058e-06
3.987982653282414e-06
3.967860260311091e-06
4.116562901991211e-06
4.137439549992032e-06
4.179629415934208e-06
4.244025746122739e-06
4.332020331382399e-06
4.445570665646024e-06
4.587298276048183e-06
4.760627295961672e-06
4.969976921425408e-06
5.221028203181653e-06
5.5210961224890265e-06
5.87965457578054e-06
6.309089246500132e-06
6.82579982796184e-06
7.451855445399847e-06
8.217560737405653e-06
9.165592637583338e-06
1.0357975627610702e-05
1.1888180694880288e-05
1.390043867053685e-05
1.6604027949931183e-05
2.0182914949920065e-05
2.4166367266947803e-05
2.4973639608187733e-05
9.187863997112635e-06
-5.9124351892523345e-05
-0.00025132337917909857
-0.0006667062622420936
-0.0013778358823893348
-0.002334407937971332
-0.0032994671422824913
-0.0039175655979088505
-0.003917565597908869
-0.0032994671422825325
-0.002334407937971403
-0.0013778358823894016
-0.0006667062622421551
-0.00025132337917915
-5.9124351892564104e-05
9.187863997079888e-06
2.497363960816032e-05
2.416636726692414e-05
2.0182914949899574e-05
1.6604027949912488e-05
1.390043867052128e-05
1.1888180694865658e-05
1.0357975627597137e-05
9.165592637570492e-06
8.217560737393988e-06
7.451855445389342e-06
6.825799827952455e-06
6.309089246491863e-06
5.879654575773226e-06
5.521096122482528e-06
5.221028203176444e-06
4.969976921420964e-06
4.760627295957709e-06
4.587298276044902e-06
4.4455706656435486e-06
4.332020331380419e-06
4.244025746121437e-06
4.179629415932622e-06
4.137439549991874e-06
4.116562901991242e-06
3.810162019080679e-06
3.829484949557594e-06
3.868534894524213e-06
3.928138632622098e-06
4.009584390558899e-06
4.114684005637419e-06
4.245863941101292e-06
4.406293551171473e-06
4.600063221982366e-06
4.832431320060685e-06
5.110168595874232e-06
5.442044127717946e-06
5.839522212478992e-06
6.317782643258763e-06
6.897253082143471e-06
7.605984441618172e-06
8.48348020260442e-06
9.587151993962004e-06
1.100350556875341e-05
1.2865915548159763e-05
1.5367242471147493e-05
1.8673286356585168e-05
2.232900529922831e-05
2.2951531311344433e-05
7.924036475337373e-06
-5.647282056188206e-05
-0.00023711326300890443
-0.0006269476153009943
-0.0012937708911716522
-0.0021902649793320655
-0.003094411475767515
-0.00367338980784625
-0.0036733898078462673
-0.0030944114757675565
-0.002190264979332129
-0.0012937708911717118
-0.0006269476153010504
-0.00023711326300895175
-5.647282056191884e-05
7.924036475307252e-06
2.2951531311319757e-05
2.232900529920645e-05
1.8673286356566557e-05
1.5367242471130438e-05
1.2865915548145579e-05
1.1003505568740036e-05
9.587151993949307e-06
8.483480202593023e-06
7.605984441607021e-06
6.8972530821342e-06
6.317782643249893e-06
5.839522212471547e-06
5.44204412771134e-06
5.110168595868681e-06
4.832431320055419e-06
4.600063221978303e-06
4.406293551167808e-06
4.245863941098506e-06
4.114684005634983e-06
4.009584390557084e-06
3.928138632620868e-06
3.868534894522827e-06
3.8294849495572366e-06
3.8101620190805265e-06
3.324361522921055e-06
3.3412208869519312e-06
3.3752921849337582e-06
3.4272967950648545e-06
3.4983587174706677e-06
3.590058813141347e-06
3.7045142181271947e-06
3.8444902597844894e-06
4.0135558922938345e-06
4.21629917071356e-06
4.458627760917036e-06
4.748192953925646e-06
5.09499774927638e-06
5.512287125272633e-06
6.017885171337152e-06
6.636267852906559e-06
7.401904442009761e-06
8.364889427855178e-06
9.600690514881171e-06
1.1225563144699255e-05
1.340699689702687e-05
1.6285510774491412e-05
1.9446182334671792e-05
1.9873936623578976e-05
6.376671092739379e-06
-5.08926437730881e-05
-0.0002110476869515673
-0.0005561579424012886
-0.0011459648547383846
-0.0019384820370958481
-0.0027374911881922733
-0.0032490472235337186
-0.0032490472235337364
-0.0027374911881923062
-0.001938482037095902
-0.001145964854738435
-0.0005561579424013348
-0.00021104768695160667
-5.08926437731188e-05
6.376671092714397e-06
1.9873936623558298e-05
1.9446182334653855e-05
1.6285510774475657e-05
1.3406996897012903e-05
1.12255631446874e-05
9.600690514870036e-06
8.364889427844433e-06
7.4019044420004125e-06
6.6362678528971775e-06
6.01788517132942e-06
5.512287125265335e-06
5.094997749270109e-06
4.74819295392025e-06
4.458627760912306e-06
4.216299170709189e-06
4.013555892290322e-06
3.844490259781577e-06
3.704514218124738e-06
3.590058813139192e-06
3.4983587174690186e-06
3.4272967950637626e-06
3.375292184932659e-06
3.341220886951396e-06
3.3243615229209754e-06
2.855981367609625e-06
2.8704654443073483e-06
2.899736497419513e-06
2.944414277255268e-06
3.005464435089302e-06
3.0842451216024743e-06
3.182575214321803e-06
3.30283046889972e-06
3.4480770597517743e-06
3.622256702770804e-06
3.8304448370439395e-06
4.079214916782148e-06
4.377160849733464e-06
4.7356618847554725e-06
5.170031439550265e-06
5.701297983238238e-06
6.359075893420445e-06
7.186403357262018e-06
8.248108251818675e-06
9.643982695384277e-06
1.1517351609218886e-05
1.3985942666103573e-05
1.6680365264411226e-05
1.6964444703149277e-05
5.089938471766578e-06
-4.489408834868898e-05
-0.00018432799933571864
-0.00048442304037606614
-0.0009969339189767742
-0.0016852831330639974
-0.002379078827901972
-0.0028232051972619516
-0.002823205197261965
-0.002379078827901998
-0.0016852831330640386
-0.0009969339189768152
-0.00048442304037610295
-0.00018432799933575035
-4.489408834871349e-05
5.089938471746591e-06
1.696444470313278e-05
1.6680365264396897e-05
1.3985942666090893e-05
1.1517351609207802e-05
9.643982695374939e-06
8.248108251809905e-06
7.186403357253355e-06
6.359075893413085e-06
5.701297983230815e-06
5.170031439544324e-06
4.735661884749645e-06
4.377160849728516e-06
4.079214916778073e-06
3.830444837040209e-06
3.6222567027674054e-06
3.4480770597490054e-06
3.3028304688974275e-06
3.182575214319562e-06
3.0842451216006054e-06
3.005464435087934e-06
2.9444142772541566e-06
2.899736497418557e-06
2.8704654443067694e-06
2.8559813676095936e-06
2.4854823021119216e-06
2.4980874364839053e-06
2.5235613126851354e-06
2.562443286880715e-06
2.6155737460833466e-06
2.684134662162998e-06
2.7697089693426263e-06
2.874364243571155e-06
3.000768921614174e-06
3.152353411825704e-06
3.3335347881091943e-06
3.5500338318862043e-06
3.8093297100788025e-06
4.1213256596679505e-06
4.499348822775222e-06
4.96170017305562e-06
5.534153031946241e-06
6.254162995440778e-06
7.178143380015629e-06
8.392891204185646e-06
1.0022810453998712e-05
1.2168632406756288e-05
1.4501446621719394e-05
1.4700628966644092e-05
4.205849096393641e-06
-3.974580482798271e-05
-0.00016215573714510107
-0.0004254057404655579
-0.0008747873041855428
-0.0014781762982490195
-0.002086231917422382
-0.0024754346009705323
-0.002475434600970543
-0.0020862319174224037
-0.0014781762982490525
-0.0008747873041855753
-0.0004254057404655871
-0.0001621557371451265
-3.9745804828002223e-05
4.205849096377826e-06
1.4700628966631007e-05
1.4501446621708091e-05
1.2168632406746212e-05
1.0022810453990126e-05
8.392891204178435e-06
7.178143380008922e-06
6.254162995434071e-06
5.5341530319406215e-06
4.961700173049995e-06
4.499348822770694e-06
4.12132565966353e-06
3.8093297100750616e-06
3.5500338318832096e-06
3.333534788106388e-06
3.1523534118231832e-06
3.000768921612134e-06
2.8743642435694433e-06
2.769708969340701e-06
2.6841346621613102e-06
2.6155737460820722e-06
2.5624432868795594e-06
2.5235613126842516e-06
2.4980874364831557e-06
2.485482302111841e-06
2.2153900776184606e-06
2.2266254505262325e-06
2.2493311587960237e-06
2.2839879492807667e-06
2.3313448881393753e-06
2.3924555081364845e-06
2.4687307340318015e-06
2.562013469179669e-06
2.674682186070189e-06
2.8097945306503346e-06
2.9712876009962816e-06
3.164260539743276e-06
3.3953798076452115e-06
3.6734725371566853e-06
4.010417730759711e-06
4.4225277825612785e-06
4.9327755041525715e-06
5.574546351400598e-06
6.398120792732715e-06
7.480840320151702e-06
8.933438097382357e-06
1.0844904240982987e-05
1.2918643135393405e-05
1.3074019212594322e-05
3.6455004408658565e-06
-3.5738891982399525e-05
-0.0001453395110283244
-0.00038094953132049563
-0.0007830563398493297
-0.0013228921735323723
-0.0018668550918206502
-0.0022150165499817682
-0.0022150165499817765
-0.0018668550918206684
-0.0013228921735323998
-0.000783056339849356
-0.00038094953132051986
-0.0001453395110283451
-3.573889198241521e-05
3.645500440853134e-06
1.307401921258393e-05
1.2918643135384413e-05
1.0844904240975039e-05
8.933438097375692e-06
7.480840320146237e-06
6.398120792727668e-06
5.574546351395665e-06
4.932775504148416e-06
4.422527782557234e-06
4.010417730756374e-06
3.67347253715336e-06
3.3953798076425116e-06
3.164260539741083e-06
2.971287600994252e-06
2.809794530648483e-06
2.6746821860687977e-06
2.5620134691784853e-06
2.468730734030222e-06
2.3924555081351004e-06
2.331344888138238e-06
2.2839879492796038e-06
2.249331158795141e-06
2.2266254505254507e-06
2.2153900776183445e-06
2.019923192231966e-06
2.030167253960469e-06
2.050869608873585e-06
2.0824685869982937e-06
2.125647163565008e-06
2.181365917001412e-06
2.2509112846706677e-06
2.335963568638723e-06
2.4386913863468853e-06
2.561882604630852e-06
2.7091269476913005e-06
2.8850736562634665e-06
3.0958010037560366e-06
3.3493572981517345e-06
3.6565734499098692e-06
4.032322601482708e-06
4.4975506526198605e-06
5.0826973138342135e-06
5.833605550802063e-06
6.820783743184239e-06
8.145137819492588e-06
9.887510798448896e-06
1.1776204401434221e-05
1.190962909013768e-05
3.285376669250762e-06
-3.270203786178142e-05
-0.00013281683534313083
-0.00034800141390874795
-0.0007152158938932086
-0.0012081807393009047
-0.001704897337277929
-0.002022812992711631
-0.0020228129927116374
-0.0017048973372779444
-0.0012081807393009277
-0.0007152158938932309
-0.00034800141390876763
-0.00013281683534314837
-3.2702037861794266e-05
3.2853766692403607e-06
1.1909629090129308e-05
1.1776204401426954e-05
9.887510798442601e-06
8.145137819487357e-06
6.820783743180124e-06
5.833605550798293e-06
5.082697313830797e-06
4.497550652616879e-06
4.032322601480034e-06
3.656573449907499e-06
3.3493572981493226e-06
3.095801003754149e-06
2.885073656261889e-06
2.7091269476898563e-06
2.5618826046294784e-06
2.438691386345985e-06
2.335963568637944e-06
2.2509112846695115e-06
2.181365917000371e-06
2.125647163564089e-06
2.0824685869972756e-06
2.0508696088728463e-06
2.0301672539597656e-06
2.019923192231842e-06
1.873395517326744e-06
1.8828964605699453e-06
1.9020970378039297e-06
1.9314037818577427e-06
1.971450123777925e-06
2.023126959979882e-06
2.087627407408353e-06
2.1665098760135544e-06
2.2617856677493445e-06
2.37604041231867e-06
2.512603428289302e-06
2.6757866909608467e-06
2.8712275427138627e-06
3.106390448902232e-06
3.3913206191906074e-06
3.73981225822343e-06
4.171291783598871e-06
4.713990661358383e-06
5.410425843208176e-06
6.325987915041841e-06
7.554245424713837e-06
9.170087984367823e-06
1.092114461680354e-05
1.1042402534450376e-05
3.035402337756914e-06
-3.036515459428124e-05
-0.00012327389461803365
-0.0003229602409891665
-0.0006637175439943427
-0.0011211575376699964
-0.001582074287245922
-0.0018770752020843108
-0.001877075202084319
-0.0015820742872459336
-0.0011211575376700162
-0.0006637175439943616
-0.0003229602409891831
-0.00012327389461804848
-3.036515459429194e-05
3.0354023377482626e-06
1.104240253444358e-05
1.0921144616797532e-05
9.170087984362843e-06
7.554245424709622e-06
6.3259879150387284e-06
5.410425843205306e-06
4.713990661356167e-06
4.171291783596848e-06
3.739812258221868e-06
3.391320619189059e-06
3.1063904489005532e-06
2.871227542712634e-06
2.6757866909597193e-06
2.512603428288269e-06
2.376040412317613e-06
2.2617856677487495e-06
2.1665098760130788e-06
2.087627407407629e-06
2.0231269599792194e-06
1.971450123777325e-06
1.931403781856998e-06
1.90209703780349e-06
1.88289646056941e-06
1.8733955173266291e-06
1.7582800768591338e-06
1.7671972091917839e-06
1.7852179554576988e-06
1.8127238678577715e-06
1.8503094543574637e-06
1.898810867534126e-06
1.9593479095966132e-06
2.033383229145135e-06
2.1228045373210645e-06
2.2300385814679077e-06
2.35821009917641e-06
2.511366101775369e-06
2.694797525336852e-06
2.9155101538310606e-06
3.1829319303872567e-06
3.5100094182224024e-06
3.91497529156368e-06
4.424326184754792e-06
5.077966269283816e-06
5.937267147121662e-06
7.090043414769005e-06
8.606561734277092e-06
1.0249868342628833e-05
1.0363078907275274e-05
2.846068741045326e-06
-2.8507913967304203e-05
-0.00011572165451377629
-0.0003031658598684564
-0.0006230306012957467
-0.0010524226003626631
-0.0014850773920615163
-0.0017619895223915908
-0.0017619895223915949
-0.0014850773920615271
-0.0010524226003626818
-0.0006230306012957626
-0.0003031658598684709
-0.00011572165451378905
-2.8507913967313195e-05
2.8460687410380637e-06
1.0363078907269786e-05
1.0249868342623788e-05
8.606561734273095e-06
7.090043414765487e-06
5.937267147119187e-06
5.07796626928154e-06
4.424326184753426e-06
3.9149752915623274e-06
3.510009418221623e-06
3.182931930386269e-06
2.9155101538298807e-06
2.6947975253360064e-06
2.5113661017745286e-06
2.358210099175611e-06
2.230038581467081e-06
2.1228045373206774e-06
2.0333832291448853e-06
1.9593479095963426e-06
1.8988108675338227e-06
1.8503094543572532e-06
1.8127238678573035e-06
1.785217955457671e-06
1.7671972091913504e-06
1.7582800768590757e-06
1.6641022740134414e-06
1.672541781465539e-06
1.6895972894839609e-06
1.7156299132436403e-06
1.7512023171558012e-06
1.7971058670489078e-06
1.8544003852604942e-06
1.9244701766208525e-06
2.0091018408228907e-06
2.1105921412545295e-06
2.2318984448867237e-06
2.3768509922952098e-06
2.5504573197673266e-06
2.7593479578494866e-06
3.012445855857549e-06
3.3220041110085727e-06
3.70527878278988e-06
4.1873472289065585e-06
4.8059761479202185e-06
5.619249666865977e-06
6.710278027520136e-06
8.145561270500553e-06
9.700825235429555e-06
9.807885087410138e-06
2.6931979771121663e-06
-2.6982328360993093e-05
-0.00010952710670604994
-0.0002869364722940848
-0.0005896772929432235
-0.00099608198758131
-0.0014055749372593625
-0.001667662847057247
-0.0016676628470572534
-0.0014055749372593723
-0.0009960819875813247
-0.000589677292943237
-0.00028693647229409766
-0.00010952710670606114
-2.698232836100076e-05
2.6931979771060024e-06
9.807885087405623e-06
9.700825235425217e-06
8.14556127049726e-06
6.710278027517155e-06
5.619249666863887e-06
4.80597614791832e-06
4.187347228905704e-06
3.705278782788946e-06
3.3220041110082195e-06
3.0124458558568824e-06
2.7593479578485925e-06
2.5504573197666472e-06
2.3768509922944754e-06
2.2318984448859614e-06
2.1105921412537918e-06
2.009101840822551e-06
1.924470176620689e-06
1.854400385260568e-06
1.7971058670489245e-06
1.7512023171559537e-06
1.7156299132434545e-06
1.68959728948435e-06
1.6725417814651794e-06
1.6641022740134402e-06
1.58468262940935e-06
1.5927193585694138e-06
1.6089608867793145e-06
1.6337510948062663e-06
1.6676257936055974e-06
1.7113385806437175e-06
1.7658986976439663e-06
1.8326243826813749e-06
1.9132169688827365e-06
2.009863605111878e-06
2.1253805159480536e-06
2.2634151408675147e-06
2.4287360273995205e-06
2.627657258044634e-06
2.868675925350906e-06
3.163460333331942e-06
3.528442972724085e-06
3.987504343905349e-06
4.576608659683355e-06
5.3510678878327236e-06
6.39002589037209e-06
7.756810142744334e-06
9.237855410889446e-06
9.339835434103255e-06
2.564786959908614e-06
-2.5694270518464385e-05
-0.00010429925035232126
-0.00027324132299125415
-0.0005615335061298545
-0.0009485424913423786
-0.0013384926236523923
-0.0015880726429172388
-0.0015880726429172431
-0.0013384926236523994
-0.0009485424913423933
-0.0005615335061298663
-0.0002732413229912655
-0.00010429925035233118
-2.5694270518471097e-05
2.564786959903244e-06
9.339835434099428e-06
9.237855410885568e-06
7.756810142741498e-06
6.3900258903694854e-06
5.351067887830797e-06
4.576608659681607e-06
3.98750434390469e-06
3.5284429727232844e-06
3.16346033333171e-06
2.868675925350332e-06
2.627657258043819e-06
2.4287360273988327e-06
2.2634151408667405e-06
2.1253805159471948e-06
2.0098636051111058e-06
1.913216968882358e-06
1.8326243826811637e-06
1.7658986976442746e-06
1.7113385806439613e-06
1.667625793606048e-06
1.633751094806307e-06
1.6089608867800957e-06
1.5927193585690631e-06
1.5846826294094335e-06
1.5161836515500825e-06
1.5238729869568082e-06
1.539412462687182e-06
1.5631310949509432e-06
1.5955415337846655e-06
1.6373648017071614e-06
1.6895665150199926e-06
1.753407929694757e-06
1.8305168370646056e-06
1.9229858442770238e-06
2.0335094416645223e-06
2.1655774041714952e-06
2.323752153432437e-06
2.5140748381315406e-06
2.744675253049078e-06
3.0267173234366595e-06
3.3759232201770202e-06
3.8151411677042165e-06
4.378780760789791e-06
5.11976304571458e-06
6.113811112999658e-06
7.421517060748485e-06
8.838556036128422e-06
8.936181573862934e-06
2.4541613530947915e-06
-2.4582931248296178e-05
-9.978919784898636e-05
-0.00026142693548133583
-0.0005372550161812789
-0.000907532348317723
-0.0012806239421793123
-0.001519414081020029
-0.001519414081020032
-0.0012806239421793196
-0.0009075323483177369
-0.0005372550161812893
-0.00026142693548134564
-9.978919784899504e-05
-2.4582931248302084e-05
2.4541613530900735e-06
8.936181573859542e-06
8.838556036124837e-06
7.421517060745896e-06
6.113811112997334e-06
5.119763045712661e-06
4.378780760788064e-06
3.8151411677035185e-06
3.375923220176115e-06
3.0267173234363037e-06
2.7446752530484347e-06
2.5140748381306724e-06
2.3237521534316887e-06
2.1655774041706406e-06
2.0335094416635825e-06
1.9229858442761937e-06
1.8305168370641738e-06
1.7534079296943983e-06
1.6895665150203486e-06
1.6373648017074774e-06
1.5955415337851767e-06
1.56313109495109e-06
1.5394124626881596e-06
1.5238729869564584e-06
1.5161836515502005e-06
1.4560569065069726e-06
1.4634413081841953e-06
1.4783645394436707e-06
1.5011425687575106e-06
1.532267716086502e-06
1.5724324104755866e-06
1.622563974924655e-06
1.6838736479467735e-06
1.757924667742219e-06
1.8467266551315657e-06
1.9528672452187666e-06
2.0796978190504366e-06
2.2315998662525133e-06
2.4143749612841662e-06
2.6358304945732695e-06
2.9066876611017084e-06
3.242045132240384e-06
3.6638450294538523e-06
4.205132349768016e-06
4.916729468750529e-06
5.871356883721956e-06
7.127205963336581e-06
8.488064175668166e-06
8.581876703028721e-06
2.3571018365011895e-06
-2.3607282767140025e-05
-9.582999715241268e-05
-0.00025105565805135215
-0.0005159421901046976
-0.0008715317241533153
-0.0012298241297240419
-0.0014591424206700412
-0.0014591424206700423
-0.0012298241297240466
-0.0008715317241533276
-0.0005159421901047066
-0.00025105565805136137
-9.582999715242039e-05
-2.3607282767145236e-05
2.357101836497068e-06
8.581876703025733e-06
8.488064175664878e-06
7.1272059633342865e-06
5.87135688371993e-06
4.916729468748712e-06
4.205132349766351e-06
3.6638450294531285e-06
3.2420451322392824e-06
2.9066876611011794e-06
2.6358304945724898e-06
2.4143749612831625e-06
2.231599866251653e-06
2.0796978190494646e-06
1.9528672452177748e-06
1.8467266551306687e-06
1.7579246677417797e-06
1.683873647946222e-06
1.6225639749249518e-06
1.5724324104758123e-06
1.5322677160868492e-06
1.5011425687575509e-06
1.4783645394445933e-06
1.4634413081837735e-06
1.4560569065070755e-06
1.4025123218471196e-06
1.4096251713887038e-06
1.423999619469243e-06
1.4459400151846439e-06
1.4759205739941445e-06
1.5146082616542619e-06
1.5628962999098918e-06
1.6219513853319141e-06
1.6932792697587755e-06
1.7788156723821494e-06
1.8810530707663434e-06
2.003219602374171e-06
2.149535631909532e-06
2.3255893864432096e-06
2.5389011465903304e-06
2.799797844149787e-06
3.1228229076884364e-06
3.529111550559702e-06
4.050493561717115e-06
4.73592240369746e-06
5.65544472140445e-06
6.8651141339109145e-06
8.175943067439947e-06
8.266364940256568e-06
2.2706917712261417e-06
-2.2738362975433847e-05
-9.230400444104652e-05
-0.00024181924515108704
-0.0004969615330498246
-0.0008394705109800512
-0.0011845831543269788
-0.0014054660680046182
-0.001405466068004619
-0.001184583154326983
-0.0008394705109800616
-0.0004969615330498331
-0.00024181924515109454
-9.230400444105324e-05
-2.2738362975438428e-05
2.2706917712226164e-06
8.266364940254028e-06
8.175943067437099e-06
6.865114133909017e-06
5.6554447214028065e-06
4.735922403695853e-06
4.050493561715625e-06
3.5291115505589617e-06
3.1228229076871383e-06
2.799797844149088e-06
2.5389011465894647e-06
2.3255893864420915e-06
2.149535631908623e-06
2.0032196023731793e-06
1.8810530707654542e-06
1.7788156723812952e-06
1.6932792697584e-06
1.6219513853312278e-06
1.562896299910037e-06
1.5146082616542881e-06
1.4759205739941474e-06
1.4459400151844757e-06
1.4239996194699138e-06
1.4096251713882356e-06
1.4025123218471433e-06
1.354239578072468e-06
1.3611076117394953e-06
1.3749873082941033e-06
1.3961725414700746e-06
1.4251212047486261e-06
1.4624773076492714e-06
1.5091033281868717e-06
1.566125806480631e-06
1.634998667976174e-06
1.7175910064165493e-06
1.8163095108199396e-06
1.9342712093557673e-06
2.0755512058248267e-06
2.2455453856674e-06
2.4515151879895216e-06
2.7034320999156205e-06
3.015338975669633e-06
3.4076435679532064e-06
3.9110801069639635e-06
4.572917158763527e-06
5.460790804066237e-06
6.628827501791599e-06
7.894553760190627e-06
7.981922124093768e-06
2.1928056237760213e-06
-2.1954942802372583e-05
-8.912502853187165e-05
-0.000233491890004704
-0.0004798489984866915
-0.0008105648539781296
-0.0011437949294957567
-0.0013570727011737974
-0.0013570727011737991
-0.00114379492949576
-0.0008105648539781393
-0.00047984899848669855
-0.0002334918900047107
-8.912502853187743e-05
-2.1954942802376442e-05
2.1928056237731113e-06
7.981922124091712e-06
7.894553760188257e-06
6.62882750179015e-06
5.460790804064937e-06
4.5729171587622454e-06
3.911080106962744e-06
3.4076435679525397e-06
3.015338975668258e-06
2.7034320999149242e-06
2.451515187988746e-06
2.2455453856663334e-06
2.075551205823979e-06
1.9342712093548538e-06
1.8163095108192207e-06
1.7175910064157636e-06
1.6349986679758552e-06
1.5661258064798274e-06
1.5091033281868066e-06
1.4624773076490592e-06
1.4251212047482678e-06
1.3961725414697252e-06
1.3749873082945308e-06
1.3611076117390699e-06
1.354239578072429e-06
1.3102494862582001e-06
1.316894423609193e-06
1.3303232619720099e-06
1.3508203290728455e-06
1.378828644470772e-06
1.4149712980834267e-06
1.4600827517238028e-06
1.515252951668048e-06
1.581888594915964e-06
1.6617980606576193e-06
1.7573098603826436e-06
1.8714397704057415e-06
2.0081305209507124e-06
2.1726027201019505e-06
2.3718819295368047e-06
2.615615726350015e-06
2.9173908009204765e-06
3.2969519852047797e-06
3.784035148728782e-06
4.424373447777551e-06
5.283406279467563e-06
6.4135039976456116e-06
7.63812961879283e-06
7.722717766280041e-06
2.121841082333413e-06
-2.1240988715457474e-05
-8.622798213950552e-05
-0.00022590308060720836
-0.0004642541782596373
-0.0007842228559532308
-0.0011066242389002716
-0.0013129713741447874
-0.001312971374144789
-0.001106624238900275
-0.0007842228559532386
-0.0004642541782596429
-0.00022590308060721365
-8.622798213951024e-05
-2.1240988715460666e-05
2.121841082331143e-06
7.722717766278476e-06
7.638129618791004e-06
6.41350399764456e-06
5.283406279466555e-06
4.424373447776623e-06
3.784035148727934e-06
3.296951985204266e-06
2.9173908009191924e-06
2.615615726349475e-06
2.371881929536261e-06
2.172602720101023e-06
2.0081305209499687e-06
1.8714397704049587e-06
1.7573098603821333e-06
1.6617980606569554e-06
1.581888594915709e-06
1.5152529516672356e-06
1.4600827517235527e-06
1.4149712980830373e-06
1.378828644470121e-06
1.3508203290724194e-06
1.3303232619722458e-06
1.316894423608899e-06
1.3102494862581137e-06
1.2697766806844168e-06
1.2762163597044696e-06
1.2892303888879222e-06
1.3090943132196326e-06
1.3362374676050251e-06
1.3712636950203161e-06
1.4149816811580141e-06
1.468447704372418e-06
1.5330250094475438e-06
1.6104661155565926e-06
1.7030276074824618e-06
1.8136321054598353e-06
1.9461005503120787e-06
2.1054922874091013e-06
2.2986158610607316e-06
2.5348208372614985e-06
2.8272742162002315e-06
3.195110914671151e-06
3.6671482686272857e-06
4.287706795009288e-06
5.120204861401691e-06
6.215397189166235e-06
7.402208896136681e-06
7.484240904488823e-06
2.0565593248367057e-06
-2.0584092091367265e-05
-8.356249698123494e-05
-0.0002189208672004447
-0.0004499059123485639
-0.0007599864835141838
-0.0010724247593237148
-0.001272395253879116
-0.0012723952538791188
-0.001072424759323717
-0.0007599864835141893
-0.00044990591234856926
-0.00021892086720044893
-8.356249698123891e-05
-2.0584092091369732e-05
2.056559324835096e-06
7.484240904487786e-06
7.40220889613541e-06
6.215397189165613e-06
5.1202048614009476e-06
4.287706795008735e-06
3.6671482686267897e-06
3.195110914670803e-06
2.8272742161991333e-06
2.5348208372611665e-06
2.298615861060403e-06
2.105492287408309e-06
1.9461005503113994e-06
1.8136321054592168e-06
1.7030276074821821e-06
1.6104661155561177e-06
1.533025009447415e-06
1.4684477043717433e-06
1.414981681157685e-06
1.3712636950198915e-06
1.3362374676042332e-06
1.3090943132192518e-06
1.2892303888880367e-06
1.2762163597043336e-06
1.2697766806843158e-06
1.232216528086336e-06
1.2384657203478259e-06
1.251094792411572e-06
1.2703711385788664e-06
1.2967113939301743e-06
1.3307015396238722e-06
1.3731263402346661e-06
1.425010829138715e-06
1.4876779259852696e-06
1.5628283099522063e-06
1.65265181539534e-06
1.7599846105460298e-06
1.8885346115376858e-06
2.0432115064873914e-06
2.230622440265744e-06
2.4598404145429684e-06
2.7436429429593508e-06
3.100598920761502e-06
3.558673254609177e-06
4.160875487197067e-06
4.968748412948718e-06
6.031547437124088e-06
7.183266888700629e-06
7.262928065955393e-06
1.995982235773385e-06
-1.9974448466518325e-05
-8.108877766174576e-05
-0.00021244099910004192
-0.0004365899637884665
-0.0007374938559066809
-0.0010406858469590354
-0.00123473848472356
-0.0012347384847235597
-0.001040685846959038
-0.0007374938559066854
-0.0004365899637884706
-0.00021244099910004515
-8.108877766174879e-05
-1.9974448466520114e-05
1.9959822357723234e-06
7.262928065954797e-06
7.183266888699865e-06
6.03154743712379e-06
4.968748412948163e-06
4.160875487196784e-06
3.5586732546089486e-06
3.1005989207612818e-06
2.7436429429585093e-06
2.459840414542885e-06
2.230622440265664e-06
2.0432115064867553e-06
1.8885346115370723e-06
1.759984610545582e-06
1.6526518153952443e-06
1.5628283099519259e-06
1.4876779259852514e-06
1.4250108291382495e-06
1.373126340234321e-06
1.3307015396235374e-06
1.2967113939293696e-06
1.2703711385786445e-06
1.2510947924116402e-06
1.2384657203478972e-06
1.2322165280862325e-06
1.197082527152594e-06
1.2031535369253922e-06
1.2154225177258673e-06
1.2341492396564033e-06
1.259738458304517e-06
1.2927594467761816e-06
1.3339745936883967e-06
1.3843797056767372e-06
1.4452599820176819e-06
1.518267610447612e-06
1.6055299865759094e-06
1.7098024109185596e-06
1.8346870756501302e-06
1.984953678621964e-06
2.167020974509707e-06
2.389703265146265e-06
2.665413736294835e-06
3.012191823617977e-06
3.4572050671608676e-06
4.042236718857233e-06
4.827075159245719e-06
5.859573359715487e-06
6.978467570566426e-06
7.055912102792838e-06
1.9393231593556463e-06
-1.940416781052043e-05
-7.877480077088215e-05
-0.0002063795864901751
-0.00042413393807793194
-0.000716453771283876
-0.0010109965918588364
-0.0011995135406941732
-0.0011995135406941775
-0.001010996591858839
-0.0007164537712838813
-0.0004241339380779354
-0.00020637958649017822
-7.87748007708846e-05
-1.9404167810521693e-05
1.9393231593549924e-06
7.05591210279254e-06
6.978467570565973e-06
5.859573359715454e-06
4.8270751592452145e-06
4.042236718857118e-06
3.4572050671607495e-06
3.0121918236178646e-06
2.6654137362943073e-06
2.389703265146477e-06
2.167020974509927e-06
1.984953678621532e-06
1.8346870756496012e-06
1.7098024109182974e-06
1.6055299865759674e-06
1.5182676104475836e-06
1.445259982017827e-06
1.3843797056765724e-06
1.3339745936881282e-06
1.2927594467760251e-06
1.2597384583038023e-06
1.2341492396563825e-06
1.215422517725941e-06
1.2031535369256878e-06
1.1970825271524852e-06
1.1639766153428203e-06
1.1698797281142116e-06
1.181809403724327e-06
1.2000182281799276e-06
1.2248997633140718e-06
1.2570075386453091e-06
1.2970828584755087e-06
1.346093989801048e-06
1.405290588919e-06
1.4762791512740148e-06
1.5611282379831232e-06
1.6625169499087488e-06
1.783947858150311e-06
1.9300587511954502e-06
2.1070908683104207e-06
2.32361474490474e-06
2.5917002696812276e-06
2.9288879818436765e-06
3.361594083156259e-06
3.930446323809208e-06
4.693579949927008e-06
5.697526481647435e-06
6.785490483056864e-06
6.860847141791403e-06
1.8859386876105397e-06
-1.886679360202848e-05
-7.659436212631653e-05
-0.00020066798443218594
-0.00041239676947918365
-0.0006966279472671269
-0.0009830207578810897
-0.0011663214928798757
-0.0011663214928798763
-0.0009830207578810932
-0.0006966279472671311
-0.0004123967694791865
-0.00020066798443218832
-7.659436212631852e-05
-1.8866793602029346e-05
1.885938687610105e-06
6.860847141791208e-06
6.785490483056538e-06
5.69752648164752e-06
4.693579949926563e-06
3.930446323809225e-06
3.361594083156254e-06
2.9288879818437303e-06
2.5917002696811044e-06
2.3236147449052446e-06
2.1070908683109666e-06
1.9300587511952156e-06
1.7839478581498886e-06
1.6625169499086429e-06
1.561128237983277e-06
1.4762791512742418e-06
1.405290588919287e-06
1.3460939898012085e-06
1.2970828584753931e-06
1.2570075386454251e-06
1.2248997633135574e-06
1.2000182281801715e-06
1.1818094037244859e-06
1.169879728114769e-06
1.1639766153426852e-06
1.1325679164238867e-06
1.1383117396358461e-06
1.1499195049451943e-06
1.1676369825649383e-06
1.1918471144357715e-06
1.2230884936043087e-06
1.2620824209719628e-06
1.3097710357517227e-06
1.3673702734189652e-06
1.436443279603136e-06
1.5190027971587895e-06
1.617655633775163e-06
1.735809846691061e-06
1.8779780775541174e-06
2.050233150812765e-06
2.2609143325158224e-06
2.5217658139904747e-06
2.849854814790786e-06
3.270884717273439e-06
3.824387009685479e-06
4.5669285590888565e-06
5.543787202169462e-06
6.60240683589862e-06
6.675783303013484e-06
1.8352941824677164e-06
-1.8356958520631893e-05
-7.452567885449747e-05
-0.00019524913054865035
-0.00040126119475234666
-0.0006778183078045832
-0.0009564788433778246
-0.0011348307252712405
-0.0011348307252712416
-0.0009564788433778247
-0.0006778183078045856
-0.00040126119475234856
-0.00019524913054865182
-7.452567885449907e-05
-1.8356958520632425e-05
1.835294182467374e-06
6.675783303013289e-06
6.602406835898339e-06
5.54378720216967e-06
4.566928559088517e-06
3.824387009685642e-06
3.2708847172735847e-06
2.8498548147910773e-06
2.521765813990807e-06
2.260914332516609e-06
2.0502331508136527e-06
1.8779780775541265e-06
1.7358098466908213e-06
1.6176556337752536e-06
1.5190027971590474e-06
1.4364432796036265e-06
1.367370273419387e-06
1.3097710357521951e-06
1.2620824209720397e-06
1.2230884936047013e-06
1.1918471144355162e-06
1.167636982565454e-06
1.1499195049455077e-06
1.1383117396366288e-06
1.1325679164237052e-06
1.102577171540693e-06
1.1081688963687936e-06
1.1194692841159817e-06
1.1367175969031655e-06
1.1602866362174227e-06
1.1907007329463175e-06
1.228662087651783e-06
1.2750878913126192e-06
1.331161880922359e-06
1.3984058093408224e-06
1.4787791210993026e-06
1.5748195944217825e-06
1.6898450395592231e-06
1.8282486011361577e-06
1.995942291961003e-06
2.2010445495134374e-06
2.4549885715682765e-06
2.7743896264117024e-06
3.1842704579247686e-06
3.7231157847657594e-06
4.445994904184964e-06
5.39698858480842e-06
6.4275887440246545e-06
6.499074927364597e-06
1.7869385360769043e-06
-1.7870132159614158e-05
-7.255036515708556e-05
-0.00019007486174241328
-0.00039062823888503915
-0.0006598576686400737
-0.0009311349376074675
-0.0011047613404926715
-0.0011047613404926737
-0.0009311349376074675
-0.0006598576686400762
-0.0003906282388850403
-0.0001900748617424151
-7.255036515708669e-05
-1.7870132159614412e-05
1.7869385360766574e-06
6.499074927364433e-06
6.427588744024451e-06
5.3969885848088125e-06
4.445994904184808e-06
3.723115784766081e-06
3.1842704579251303e-06
2.774389626412272e-06
2.4549885715691184e-06
2.2010445495145034e-06
1.995942291962273e-06
1.8282486011364768e-06
1.6898450395592909e-06
1.5748195944221312e-06
1.4787791210997374e-06
1.3984058093415879e-06
1.3311618809229253e-06
1.2750878913133337e-06
1.2286620876520104e-06
1.190700732946883e-06
1.1602866362173672e-06
1.1367175969038574e-06
1.1194692841164552e-06
1.1081688963697022e-06
1.1025771715404321e-06
1.0737650882422453e-06
1.0792106922862908e-06
1.0902157826790123e-06
1.1070133692235308e-06
1.1299665114823098e-06
1.1595858387002906e-06
1.1965552017610889e-06
1.2417678238987117e-06
1.2963765090558587e-06
1.3618632440988986e-06
1.440136269911968e-06
1.5336670481807201e-06
1.6456866889665255e-06
1.7804735362281067e-06
1.943785111203618e-06
2.1435277016121985e-06
2.3908357340872667e-06
2.701890287904363e-06
3.1010602185399566e-06
3.625824615038016e-06
4.329814064060797e-06
5.255959325893524e-06
6.2596413060557296e-06
6.329311902135858e-06
1.7404852941938853e-06
-1.7402432190680095e-05
-7.065266572636546e-05
-0.00018510390592971804
-0.0003804130880239938
-0.0006426027660062889
-0.0009067868836343196
-0.0010758734885294744
-0.0010758734885294736
-0.0009067868836343203
-0.0006426027660062913
-0.00038041308802399463
-0.00018510390592971888
-7.065266572636626e-05
-1.7402432190679987e-05
1.7404852941937418e-06
6.329311902135812e-06
6.259641306055674e-06
5.255959325894217e-06
4.329814064060955e-06
3.6258246150385177e-06
3.1010602185405673e-06
2.701890287905135e-06
2.3908357340885453e-06
2.1435277016134173e-06
1.943785111205175e-06
1.7804735362286981e-06
1.6456866889669488e-06
1.5336670481813334e-06
1.4401362699125837e-06
1.3618632440998606e-06
1.296376509056537e-06
1.2417678238995714e-06
1.1965552017614014e-06
1.1595858387009646e-06
1.1299665114824394e-06
1.1070133692243458e-06
1.090215782679677e-06
1.0792106922872166e-06
1.0737650882418959e-06
1.0459234415680976e-06
1.0512278464115727e-06
1.0619475855406193e-06
1.078309627029184e-06
1.1006676166391327e-06
1.1295189434670113e-06
1.1655297267657734e-06
1.209570029298293e-06
1.262762763833461e-06
1.3265514906300861e-06
1.4027949715507103e-06
1.4939005853971582e-06
1.603015662253168e-06
1.734307612098614e-06
1.8933846681511166e-06
2.0879481139565732e-06
2.3288436681727507e-06
2.631832845389739e-06
3.0206526369966514e-06
3.531810374450172e-06
4.217546394623353e-06
5.119680194612443e-06
6.097350727041967e-06
6.165267210199335e-06
1.6955982459877736e-06
-1.6950480108911573e-05
-6.881887016738496e-05
-0.0001803003479853915
-0.00037054193694228943
-0.0006259289314760577
-0.0008832587640964178
-0.00104795845143221
-0.0010479584514322114
-0.0008832587640964168
-0.0006259289314760586
-0.0003705419369422888
-0.00018030034798539223
-6.88188701673852e-05
-1.6950480108911024e-05
1.6955982459878829e-06
6.1652672101995715e-06
6.097350727042163e-06
5.1196801946134825e-06
4.217546394623857e-06
3.53181037445085e-06
3.0206526369974748e-06
2.631832845390584e-06
2.3288436681743457e-06
2.087948113957737e-06
1.8933846681527933e-06
1.7343076120993527e-06
1.6030156622538994e-06
1.4939005853979567e-06
1.4027949715514985e-06
1.3265514906311828e-06
1.262762763834266e-06
1.2095700292992451e-06
1.1655297267660993e-06
1.1295189434677326e-06
1.1006676166393603e-06
1.078309627029983e-06
1.0619475855413867e-06
1.0512278464123735e-06
1.045923441567605e-06
1.018868136040126e-06
1.0240353296234302e-06
1.0344777767684057e-06
1.0504165744588338e-06
1.072196220533657e-06
1.1003012378879629e-06
1.1353805149456837e-06
1.1782816081292216e-06
1.230098383262623e-06
1.2922370592961604e-06
1.3665083165281878e-06
1.455257260798006e-06
1.5615498084478433e-06
1.689445568639614e-06
1.8444077029855197e-06
2.0339382808981858e-06
2.268602467200512e-06
2.563754061824497e-06
2.9425160382755705e-06
3.4404514167541637e-06
4.108449551799473e-06
4.987250071780633e-06
5.939643872943803e-06
6.005856038382983e-06
1.6519801943857422e-06
-1.651128874818666e-05
-6.703685640824959e-05
-0.00017563243361443448
-0.0003609495309641012
-0.0006097259398707734
-0.00086039504225635
-0.0010208316919389795
-0.00102083169193898
-0.0008603950422563496
-0.0006097259398707728
-0.0003609495309641003
-0.0001756324336144344
-6.703685640824896e-05
-1.651128874818551e-05
1.651980194386207e-06
6.0058560383836275e-06
5.939643872944307e-06
4.9872500717819956e-06
4.108449551800266e-06
3.4404514167549845e-06
2.9425160382764946e-06
2.563754061825242e-06
2.268602467202281e-06
2.0339382808991476e-06
1.8444077029872218e-06
1.689445568640425e-06
1.561549808448826e-06
1.4552572607988959e-06
1.366508316529083e-06
1.2922370592973017e-06
1.2300983832634993e-06
1.178281608130163e-06
1.1353805149458978e-06
1.1003012378886553e-06
1.0721962205338945e-06
1.0504165744594937e-06
1.0344777767692136e-06
1.0240353296240757e-06
1.0188681360394556e-06
9.924336777964652e-07
9.974668087553728e-07
1.0076383270345487e-06
1.0231635932536383e-06
1.0443781672496282e-06
1.0717540009619046e-06
1.1059231473879306e-06
1.147711173071465e-06
1.198183563443636e-06
1.2587100530322553e-06
1.3310543439190089e-06
1.4175006979844489e-06
1.5210354860653997e-06
1.6456129902590581e-06
1.7965546295968244e-06
1.9811678308209047e-06
2.209743642931619e-06
2.4972375072605933e-06
2.8661724696988155e-06
3.351188909120636e-06
4.001856200839963e-06
4.8578588912912054e-06
5.785556045914195e-06
5.85010319806284e-06
1.6093640124976777e-06
-1.608217264729212e-05
-6.529572687959963e-05
-0.00017107161625997078
-0.00035157720734110273
-0.0005938947008271461
-0.0008380558935254326
-0.0009943273145403093
-0.0009943273145403113
-0.0008380558935254291
-0.0005938947008271464
-0.0003515772073411011
-0.0001710716162599702
-6.529572687959814e-05
-1.6082172647290432e-05
1.6093640124985777e-06
5.850103198064013e-06
5.785556045915066e-06
4.857858891292872e-06
4.0018562008410505e-06
3.351188909121633e-06
2.8661724696997807e-06
2.4972375072611786e-06
2.2097436429334717e-06
1.9811678308215116e-06
1.7965546295984565e-06
1.6456129902598353e-06
1.5210354860665227e-06
1.417500697985313e-06
1.3310543439199484e-06
1.2587100530334121e-06
1.1981835634445866e-06
1.1477111730723983e-06
1.1059231473880386e-06
1.0717540009626348e-06
1.044378167249924e-06
1.023163593254179e-06
1.0076383270354152e-06
9.974668087559844e-07
9.924336777956082e-07
9.664686634900923e-07
9.713701126160637e-07
9.812755134013458e-07
9.96394591972372e-07
1.0170541288926393e-06
1.0437137283913111e-06
1.0769889070167345e-06
1.117683631948574e-06
1.1668355122277545e-06
1.2257784458803879e-06
1.296229991050404e-06
1.3804146461781665e-06
1.4812406492322938e-06
1.6025588257345456e-06
1.7495513693247448e-06
1.929334520713618e-06
2.151930081079561e-06
2.4319022075867647e-06
2.7911846726416697e-06
3.2635115991537784e-06
3.897155825671724e-06
4.730765558622706e-06
5.634204687014185e-06
5.697116538964654e-06
1.5675053477036055e-06
-1.566067489437429e-05
-6.358551158998447e-05
-0.00016659177926320865
-0.0003423712967793875
-0.0005783445587187297
-0.000816113395427881
-0.0009682935450442354
-0.0009682935450442329
-0.0008161133954278775
-0.0005783445587187288
-0.0003423712967793843
-0.0001665917792632076
-6.358551158998244e-05
-1.56606748943721e-05
1.5675053477049477e-06
5.697116538966327e-06
5.634204687015412e-06
4.7307655586246405e-06
3.897155825673084e-06
3.2635115991550617e-06
2.7911846726427624e-06
2.4319022075873026e-06
2.1519300810815107e-06
1.929334520713849e-06
1.7495513693262481e-06
1.602558825735179e-06
1.4812406492333788e-06
1.3804146461788776e-06
1.2962299910512836e-06
1.2257784458815311e-06
1.1668355122287477e-06
1.1176836319495336e-06
1.0769889070167976e-06
1.043713728392157e-06
1.0170541288930489e-06
9.963945919728147e-07
9.812755134022524e-07
9.713701126167627e-07
9.66468663489057e-07
9.408319970225777e-07
9.456034295362336e-07
9.552460780931809e-07
9.699641055793106e-07
9.900756243056075e-07
1.0160280469378332e-06
1.048420562691854e-06
1.0880358125247804e-06
1.1358838816068467e-06
1.193263284644091e-06
1.2618460193706323e-06
1.3437975765444375e-06
1.441949049320682e-06
1.5600491149404193e-06
1.7031425022742367e-06
1.878156683712179e-06
2.0948476174840676e-06
2.367393124725772e-06
2.7171451562801575e-06
3.1769430396593135e-06
3.7937794732117773e-06
4.605279432099656e-06
5.484767321974162e-06
5.546064653015832e-06
1.5261765048041314e-06
-1.524450576846117e-05
-6.189691909130096e-05
-0.0001621685834835267
-0.0003332817827918259
-0.0005629910280876459
-0.0007944483321067041
-0.0009425889392673117
-0.0009425889392673113
-0.0007944483321066995
-0.0005629910280876442
-0.00033328178279182317
-0.00016216858348352435
-6.18969190912982e-05
-1.5244505768458527e-05
1.5261765048059072e-06
5.546064653017931e-06
5.484767321975693e-06
4.605279432101774e-06
3.793779473213391e-06
3.1769430396608856e-06
2.7171451562813442e-06
2.3673931247263177e-06
2.0948476174861114e-06
1.8781566837121037e-06
1.703142502275678e-06
1.5600491149409227e-06
1.4419490493216367e-06
1.3437975765449194e-06
1.2618460193713419e-06
1.1932632846451482e-06
1.1358838816077886e-06
1.08803581252573e-06
1.0484205626918758e-06
1.0160280469387725e-06
9.900756243061098e-07
9.699641055796523e-07
9.55246078094102e-07
9.456034295370797e-07
9.408319970214254e-07
9.153896148084058e-07
9.200320160250532e-07
9.294139035898069e-07
9.437339193085602e-07
9.633015729310962e-07
9.885521779522029e-07
1.020068719990151e-06
1.058612675398033e-06
1.105166814062081e-06
1.1609945355168698e-06
1.2277226223617735e-06
1.3074580048561315e-06
1.40295521597615e-06
1.5178615588033726e-06
1.6570853392038201e-06
1.827366691812252e-06
2.0381977465820356e-06
2.303372916446324e-06
2.6436667400040215e-06
3.0910305306134256e-06
3.691186548301647e-06
4.480744293399002e-06
5.3364624715016345e-06
5.396157575541398e-06
1.4851611527508436e-06
-1.4831489624143907e-05
-6.022112090633764e-05
-0.0001577789025804706
-0.00032426114119878265
-0.0005477538333768458
-0.0007729474282232932
-0.0009170791011818408
-0.0009170791011818399
-0.0007729474282232894
-0.000547753833376843
-0.0003242611411987779
-0.00015777890258046771
-6.0221120906334246e-05
-1.4831489624141027e-05
1.485161152752948e-06
5.396157575543722e-06
5.336462471503298e-06
4.480744293401106e-06
3.691186548303371e-06
3.0910305306151637e-06
2.6436667400052675e-06
2.303372916446923e-06
2.038197746584192e-06
1.8273666918120425e-06
1.6570853392053272e-06
1.5178615588038148e-06
1.4029552159769587e-06
1.307458004856411e-06
1.2277226223622783e-06
1.160994535517813e-06
1.1051668140628642e-06
1.0586126753989202e-06
1.020068719990121e-06
9.88552177953184e-07
9.633015729316612e-07
9.437339193088451e-07
9.294139035907697e-07
9.200320160260299e-07
9.153896148072301e-07
