0.004535215769597883
0.004558216129249191
0.004604697848054292
0.004675645078949771
0.004772591260063844
0.004897693112821244
0.005053838986844422
0.005244801547959706
0.00547544984075418
0.005752043263978941
0.0060826415647820455
0.0064776833382456265
0.006950815668087018
0.007520108785976645
0.00820988044633045
0.0090535240306873
0.010098067427124414
0.011411853787698517
0.01309780867770214
0.015314232205504002
0.018287652954303735
0.022199459203464268
0.026439105650097494
0.0267351312632387
0.007359352094895278
-0.0734775309211777
-0.29835059719410684
-0.7816807162143449
-1.6064843360893921
-2.7137362513104404
-3.8294157241474625
-4.543489366593805
-4.543489366593809
-3.829415724147458
-2.7137362513104426
-1.6064843360893815
-0.7816807162143392
-0.2983505971941003
-0.07347753092116781
0.007359352094902394
0.02673513126324604
0.026439105650101106
0.022199459203468757
0.018287652954307017
0.015314232205507948
0.0130978086777038
0.011411853787700148
0.010098067427126997
0.009053524030691925
0.008209880446335627
0.007520108785974625
0.006950815668087431
0.006477683338240297
0.006082641564778984
0.005752043263972847
0.005475449840747568
0.005244801547952342
0.005053838986837712
0.004897693112817871
0.004772591260058427
0.004675645078947946
0.004604697848051483
0.004558216129240172
0.0045352157695983065
0.004350601910047045
0.004372665998988635
0.004417255596399499
0.0044853147934441956
0.004578314606798502
0.004698323964517364
0.004848113640543692
0.005031302727241551
0.005252562065516874
0.0055178962533610045
0.005835036950400121
0.0062139978284003125
0.006667870439634512
0.007213989430783965
0.007875682652334032
0.008684984138112048
0.00968700740405707
0.010947313542700756
0.012564638325694226
0.014690838154149743
0.017543222051403393
0.021295804080645176
0.025362933693963287
0.025647172521856533
0.007060992132357025
-0.07048286722718092
-0.28619649682155673
-0.7498410805695077
-1.5410526360203245
-2.6032102882537256
-3.6734530331684616
-4.35844586401361
-4.3584458640136114
-3.673453033168446
-2.60321028825371
-1.5410526360202925
-0.7498410805694827
-0.2861964968215335
-0.07048286722715635
0.007060992132376734
0.02564717252187463
0.025362933693976283
0.021295804080656358
0.017543222051412705
0.014690838154157983
0.012564638325700522
0.01094731354270587
0.009687007404062654
0.008684984138120164
0.007875682652341762
0.0072139894307855865
0.006667870439637526
0.0062139978283983835
0.005835036950399869
0.0055178962533569634
0.005252562065512431
0.0050313027272359395
0.004848113640538297
0.004698323964515951
0.004578314606794875
0.0044853147934439406
0.0044172555963985245
0.004372665998980497
0.0043506019100468885
0.004164578295441047
0.004185698964083405
0.004228381991404228
0.00429353110087222
0.004382554411046149
0.004497432386199372
0.004640817326756458
0.0048161735788940915
0.005027972266302895
0.005281961240489662
0.005585541568198342
0.005948298753051926
0.006382764573694157
0.006905532474691468
0.00753893284342085
0.008313629985634357
0.009272808426429097
0.010479225954148052
0.012027396552123332
0.014062683707446323
0.016793106477236478
0.0203852483827372
0.024278543672525316
0.024550905285017462
0.006760351754346694
-0.06746534212587685
-0.27394960280070946
-0.7177583517275417
-1.4751213664155125
-2.4918404600009283
-3.516299566952961
-4.171989553964109
-4.171989553964094
-3.5162995669529242
-2.491840460000886
-1.4751213664154645
-0.7177583517274936
-0.2739496028006694
-0.06746534212583835
0.00676035175437877
0.02455090528504528
0.024278543672547365
0.02038524838275479
0.016793106477251712
0.014062683707459044
0.012027396552134416
0.01047922595415708
0.009272808426438212
0.008313629985646227
0.0075389328434310775
0.006905532474696773
0.006382764573699432
0.005948298753053209
0.005585541568200371
0.005281961240487515
0.005027972266300597
0.004816173578890275
0.004640817326752695
0.004497432386199677
0.004382554411044582
0.00429353110087326
0.004228381991404764
0.004185698964077194
0.004164578295440362
0.003976172140788142
0.0039963373060511445
0.004037089344431167
0.004099291094680383
0.004184286971657901
0.00429396784283331
0.004430866017731956
0.0045982891143914765
0.004800505981357544
0.005043004435302204
0.005332850715931917
0.005679196674844449
0.0060940071475981995
0.00659312488348711
0.007197870031477114
0.007937519626031864
0.00885330449523211
0.010005143218929735
0.011483273919891585
0.013426484009831628
0.01603338359008778
0.019463030446721444
0.02318026480006069
0.023440596351528693
0.006455857312471108
-0.06440918060640308
-0.2615458846065449
-0.6852647875800518
-1.4083458081391285
-2.379044472208648
-3.3571336519567216
-3.983145553451865
-3.9831455534518647
-3.357133651956678
-2.3790444722085864
-1.4083458081390552
-0.6852647875799864
-0.26154588460648803
-0.06440918060635117
0.006455857312515111
0.023440596351565476
0.02318026480009115
0.019463030446745543
0.01603338359010868
0.013426484009849173
0.011483273919907697
0.01000514321894323
0.008853304495245101
0.007937519626047418
0.007197870031489889
0.006593124883496027
0.0060940071476055565
0.00567919667484884
0.0053328507159358255
0.005043004435301994
0.004800505981357176
0.004598289114389482
0.004430866017729589
0.004293967842834494
0.0041842869716579075
0.004099291094682182
0.0040370893444325855
0.003996337306047272
0.003976172140787166
0.003784359632238915
0.0038035520187580307
0.003842338156191965
0.003901539259385555
0.003982434887743231
0.004086824692031319
0.004217118821453993
0.0043764653322824025
0.0045689271408060625
0.004799727327457711
0.00507559125126845
0.005405229271421097
0.005800029030105366
0.006275069008828714
0.006850640853096524
0.007554609244280551
0.008426215990640746
0.009522489130592088
0.01092931361838595
0.012778781893209665
0.015259924979134847
0.018524138826682933
0.02206212881235986
0.02231021174385434
0.00614585249405648
-0.061297780525606485
-0.24891795391119864
-0.6521838492230798
-1.3403631639727938
-2.264209493205441
-3.1950905234765727
-3.7908878535282975
-3.790887853528284
-3.1950905234765004
-2.2642094932053576
-1.3403631639726965
-0.652183849222995
-0.24891795391112595
-0.061297780525541204
0.006145852494111752
0.022310211743899532
0.02206212881239816
0.018524138826713964
0.015259924979162055
0.012778781893232706
0.010929313618407245
0.00952248913061061
0.008426215990657727
0.00755460924429958
0.006850640853111863
0.0062750690088408745
0.005800029030114756
0.0054052292714284675
0.005075591251274079
0.0047997273274596125
0.0045689271408074685
0.004376465332282492
0.0042171188214528395
0.0040868246920329546
0.003982434887744342
0.0039015392593878396
0.003842338156193778
0.0038035520187563025
0.0037843596322380663
0.0035880421651809657
0.0036062389260043044
0.0036430129907947255
0.003699142972898439
0.0037758420530495697
0.0038748165229672915
0.003998351502439038
0.004149431738450318
0.004331909378444391
0.004550736548930557
0.004812289722227661
0.0051248273960601215
0.00549914646307943
0.005949543187132237
0.006495256554432204
0.0071627057221562975
0.00798909676374345
0.00902849928748545
0.010362342838032737
0.012115867638470536
0.014468300646652511
0.017563195980559422
0.020917731443154827
0.02115327664670737
0.005828559818370702
-0.05811332748251767
-0.23599350109498626
-0.6183261048915798
-1.2707841408734497
-2.146677934811806
-3.0292422609927216
-3.5941155133669955
-3.594115513366969
-3.0292422609926337
-2.1466779348117004
-1.2707841408733358
-0.6183261048914738
-0.2359935010948966
-0.05811332748243958
0.005828559818436787
0.021153276646761227
0.020917731443200773
0.017563195980597794
0.01446830064668595
0.012115867638499696
0.010362342838059369
0.009028499287509612
0.007989096763764558
0.00716270572217868
0.006495256554450017
0.005949543187147187
0.005499146463090896
0.005124827396069995
0.004812289722234747
0.004550736548934387
0.004331909378447051
0.004149431738452577
0.003998351502438927
0.0038748165229694495
0.0037758420530515863
0.003699142972901408
0.003643012990796914
0.003606238926004328
0.003588042165180642
0.0033860188923749285
0.0034031910904376837
0.0034378946033003723
0.0034908642046315246
0.0035632447672483782
0.0036566465104131
0.0037732258906106745
0.003915799599078256
0.004088002888573293
0.0042945090566040255
0.004541335548638084
0.004836275867911292
0.005189518987814429
0.005614556219912149
0.006129543296278376
0.006759411836648027
0.007539273012204867
0.008520152015891956
0.009778893488061885
0.011433686276822475
0.013653668310677635
0.01657432389447175
0.019740072388504518
0.0199627135924606
0.005502036142206861
-0.05483634992362412
-0.22269348906557057
-0.5834844980561419
-1.1991832255159085
-2.0257310258584456
-2.858574608789224
-3.3916251588466566
-3.39162515884661
-2.858574608789125
-2.0257310258583185
-1.1991832255157644
-0.5834844980560121
-0.22269348906546407
-0.054836349923532667
0.005502036142283362
0.019962713592523006
0.019740072388557874
0.016574323894517188
0.013653668310717102
0.011433686276857914
0.009778893488093677
0.008520152015921784
0.007539273012230108
0.006759411836673936
0.006129543296298999
0.005614556219929519
0.0051895189878281315
0.004836275867923206
0.004541335548646488
0.004294509056609435
0.004088002888576842
0.003915799599082613
0.0037732258906117864
0.0036566465104163463
0.0035632447672514452
0.0034908642046355054
0.0034378946033031053
0.003403191090438879
0.003386018892375354
0.0031769539908309058
0.003193065914422967
0.003225626705106597
0.0032753257688153603
0.003343237289534732
0.0034308720654051966
0.003540253404970831
0.003674024086031656
0.0038355949066581326
0.004029350616592899
0.004260937120336912
0.004537666718944512
0.004869099277102936
0.005267893096914921
0.005751082898695842
0.006342060915474697
0.007073770396636383
0.007994086003918526
0.009175107661681456
0.010727727057406678
0.012810641411243901
0.01555098385507572
0.018521364481794377
0.01873064951158388
0.005164119589100784
-0.05144518871034539
-0.20892999974307164
-0.547428705520346
-1.1250870896852105
-1.9005692266479919
-2.6819593388313763
-3.1820781921981354
-3.182078192198105
-2.68195933883126
-1.9005692266478433
-1.1250870896850484
-0.5474287055201966
-0.20892999974294718
-0.05144518871024041
0.005164119589187378
0.018730649511655397
0.018521364481855068
0.015550983855128384
0.012810641411289153
0.01072772705744851
0.009175107661718411
0.007994086003953942
0.007073770396665702
0.0063420609155041795
0.005751082898719427
0.005267893096934483
0.004869099277119225
0.004537666718958286
0.00426093712034705
0.004029350616600054
0.0038355949066626203
0.0036740240860380392
0.003540253404973212
0.0034308720654097377
0.003343237289538421
0.0032753257688201243
0.0032256267051095104
0.003193065914424445
0.003176953990831944
0.002959336550939775
0.002974344825750712
0.0030046752385572617
0.0030509699716277255
0.0031142296283314663
0.0031958615185051307
0.0032977503558506123
0.0034223578901677616
0.003572861282699985
0.0037533449313201595
0.003969068000311129
0.004226841903190911
0.004535571659911351
0.004907048485739533
0.005357140230008519
0.005907636764538027
0.006589224729637742
0.007446499370782601
0.0085466217938993
0.009992888001804569
0.011933127366191643
0.014485780107491217
0.017252799856711902
0.017448179287480686
0.004812364493687725
-0.047915347205896346
-0.1946035953667303
-0.5098982243634779
-1.0479603832988231
-1.7702882305998568
-2.498120386719438
-2.9639606136534073
-2.9639606136533456
-2.498120386719312
-1.7702882305996854
-1.0479603832986368
-0.5098982243633086
-0.19460359536658817
-0.047915347205777066
0.004812364493784748
0.01744817928756143
0.01725279985678009
0.014485780107550902
0.01193312736624261
0.009992888001852726
0.008546621793941655
0.007446499370823324
0.006589224729671019
0.0059076367645708025
0.005357140230035124
0.004907048485761214
0.004535571659930503
0.0042268419032067805
0.003969068000323728
0.0037533449313293804
0.0035728612827056333
0.0034223578901756
0.003297750355854085
0.003195861518510687
0.003114229628335589
0.0030509699716332
0.0030046752385604284
0.0029743448257520625
0.0029593365509412847
0.0027314302334660407
0.0027452826793140676
0.002773277262647227
0.002816006709345698
0.002874394563287553
0.0029497397531010176
0.003043781844911518
0.0031587930015521686
0.0032977057011348296
0.0034642897890807735
0.0036633994044398413
0.00390132139130188
0.004186274963900579
0.004529143254872773
0.004944572072958799
0.005452673169108293
0.006081769881869725
0.006873022988943734
0.007888421268288317
0.009223305906676523
0.011014124566235508
0.013370213426196686
0.015924256456589556
0.016105068985649007
0.004443959717570653
-0.044218675676929976
-0.1796000069708107
-0.47059369606845725
-0.9671879046304894
-1.633848846258969
-2.305591352226625
-2.735532597516211
-2.735532597516163
-2.3055913522264766
-1.6338488462587677
-0.9671879046302745
-0.4705936960682636
-0.17960000697064857
-0.04421867567679539
0.004443959717678841
0.01610506898573928
0.01592425645666571
0.013370213426263421
0.0110141245662925
0.009223305906730723
0.007888421268336148
0.006873022988989367
0.006081769881906807
0.005452673169144261
0.004944572072988813
0.004529143254897221
0.004186274963923128
0.0039013213913205516
0.003663399404455545
0.0034642897890923537
0.003297705701141852
0.003158793001561002
0.0030437818449159043
0.0029497397531073667
0.002874394563291916
0.002816006709351729
0.0027732772626503565
0.0027452826793148994
0.0027314302334678414
0.002491208698028611
0.0025038428581129874
0.0025293753922255835
0.002568346897411476
0.002621599694035458
0.0026903184729794756
0.0027760898095289563
0.0028809860349373203
0.0030076817223635838
0.003159615167459188
0.0033412135978786875
0.0035582109423543526
0.0038181035507963883
0.0041308174034806475
0.0045097102335333455
0.004973124990830193
0.0055468940067788285
0.006268558002971226
0.007194653930875174
0.008412138299510258
0.01004546199391237
0.012194365036047781
0.014523921590233742
0.014689375192513069
0.004055623830751023
-0.04032232533455789
-0.16378588734271696
-0.4291657795693956
-0.8820517332511908
-1.4900383703127327
-2.102660992802523
-2.494763822364824
-2.494763822364756
-2.1026609928023507
-1.4900383703125173
-0.882051733250949
-0.4291657795691759
-0.16378588734253371
-0.040322325334407404
0.004055623830871308
0.014689375192613041
0.014523921590318338
0.012194365036121837
0.010045461993975982
0.008412138299570144
0.0071946539309287825
0.006268558003021655
0.005546894006819776
0.004973124990869346
0.004509710233567156
0.004130817403508672
0.003818103550822588
0.0035582109423765215
0.003341213597898225
0.0031596151674738874
0.0030076817223730254
0.0028809860349476354
0.0027760898095349727
0.002690318472986595
0.002621599694040026
0.0025683468974176315
0.0025293753922280074
0.0025038428581127133
0.0024912086980305452
0.0022362710623736776
0.002247612303776378
0.0022705319620506003
0.0023055153119570836
0.002353318474537938
0.0024150049046410896
0.002491998814382007
0.0025861604616031703
0.002699890715056743
0.002836276009626962
0.0029992905086360976
0.003194081353400634
0.003427377746206128
0.0037080898789281225
0.004048208500297807
0.004464199400472662
0.004979251301670672
0.005627063099782118
0.006458385931592888
0.00755127796217882
0.009017458316999674
0.010946482781705784
0.01303779906397775
0.013186946611860213
0.0036434678057282186
-0.0361873791336388
-0.1470032511857034
-0.3852005846981036
-0.7917012941263168
-1.3374200198894963
-1.8873018675356166
-2.23924880994892
-2.239248809948842
-1.8873018675354265
-1.3374200198892383
-0.7917012941260493
-0.38520058469785834
-0.14700325118549862
-0.03618737913347088
0.003643467805862519
0.013186946611970958
0.013037799064072014
0.01094648278178803
0.00901745831707129
0.007551277962244746
0.006458385931652976
0.005627063099837803
0.004979251301715923
0.004464199400515499
0.004048208500335939
0.003708089878960717
0.0034273777462364274
0.003194081353427066
0.002999290508660034
0.0028362760096454637
0.0026998907150695825
0.002586160461615779
0.002491998814390351
0.002415004904649349
0.0023533184745430087
0.0023055153119637146
0.0022705319620523827
0.0022476123037752584
0.0022362710623758763
0.0019637289326546285
0.001973687973912269
0.001993814326297835
0.0020245341220442
0.0020665113304346307
0.00212067979840761
0.0021882901630247004
0.002270975964120972
0.002370845465549487
0.0024906089438869487
0.0026337562120142214
0.0028048071035273476
0.0030096706980649217
0.0032561712542459337
0.003554838139751112
0.003920130358185971
0.00437241046837614
0.004941270242706047
0.005671275460668734
0.006630971454949019
0.007918466341967238
0.009612428132846334
0.011449050565286192
0.011580758029127221
0.0032028114291655667
-0.031767022494826436
-0.12906204661889287
-0.3382002095523413
-0.6951133595729855
-1.174265367839753
-1.6570749966402465
-1.9660938074743437
-1.9660938074742558
-1.657074996640036
-1.174265367839475
-0.695113359572683
-0.3382002095520672
-0.12906204661866252
-0.03176702249464003
0.0032028114293157365
0.011580758029250057
0.011449050565391423
0.009612428132937945
0.007918466342048205
0.006630971455021738
0.005671275460736083
0.004941270242767663
0.004372410468426437
0.003920130358232979
0.0035548381397937923
0.003256171254283559
0.0030096706980997177
0.0028048071035587183
0.002633756212043122
0.0024906089439097378
0.002370845465566646
0.002270975964136449
0.002188290163035912
0.0021206797984171587
0.002066511330440524
0.002024534122051493
0.001993814326299186
0.001973687973910604
0.0019637289326572913
0.0016700521935829097
0.0016785218501777816
0.0016956382861132708
0.001721763904799221
0.0017574633777167788
0.0018035308932562166
0.0018610300532876127
0.0019313500984446284
0.002016283997181818
0.0021181366979777082
0.002239876103533215
0.0023853460941019736
0.002559572028852153
0.0027692080225023208
0.003023208736128806
0.0033338707664827003
0.0037185113479702384
0.004202296632449356
0.004823127380211494
0.005639298379693085
0.006734251165844947
0.008174921311155364
0.009737096601166152
0.009850001086853181
0.0027279325192963713
-0.027004046801064156
-0.1097300164299761
-0.28755617663100563
-0.5910374571081802
-0.9984621255634152
-1.4089997339057247
-1.6717623964897883
-1.6717623964896924
-1.408999733905496
-0.9984621255630959
-0.5910374571078494
-0.28755617663070165
-0.10973001642972047
-0.027004046800856822
0.002727932519464452
0.009850001086990169
0.009737096601284086
0.008174921311257712
0.0067342511659364696
0.005639298379773679
0.004823127380286816
0.0042022966325177425
0.0037185113480266404
0.003333870766535029
0.003023208736176418
0.002769208022545341
0.0025595720288918338
0.002385346094138434
0.0022398761035670933
0.002118136698004803
0.0020162839972034186
0.0019313500984632142
0.0018610300533017064
0.0018035308932671558
0.0017574633777234536
0.0017217639048073786
0.001695638286114456
0.001678521850176075
0.001670052193586099
0.0013508535522340917
0.0013577043893903
0.0013715493324821001
0.001392681517738313
0.0014215576893544667
0.0014588202401349202
0.00150532948244378
0.0015622091268579531
0.0016309094456339705
0.0017132948340302075
0.0018117659278302492
0.0019294319100087503
0.0020703576191954008
0.002239925334296855
0.0024453781589739553
0.0026966623575410964
0.0030077851831206825
0.0033991025526857715
0.0039012709709088916
0.004561443823921627
0.005447121349588068
0.00661248660178607
0.007876360339226451
0.00796881386796609
0.002211716250913597
-0.02182736231556307
-0.08871853522236342
-0.232512325025513
-0.4779196077947305
-0.8073853215812599
-1.1393719869852803
-1.3518598186383537
-1.3518598186382724
-1.1393719869850192
-0.8073853215809068
-0.47791960779436105
-0.23251232502517305
-0.08871853522207893
-0.021827362315333484
0.002211716251100816
0.007968813868119026
0.007876360339358297
0.00661248660190078
0.005447121349691249
0.004561443824011375
0.003901270970992656
0.003399102552761572
0.003007785183184163
0.0026966623575998367
0.0024453781590270942
0.002239925334345601
0.002070357619240468
0.0019294319100502466
0.0018117659278687644
0.0017132948340611714
0.0016309094456598925
0.0015622091268793926
0.0015053294824607585
0.0014588202401473764
0.0014215576893622066
0.0013926815177472684
0.001371549332483422
0.001357704389388618
0.0013508535522377837
0.0010005794258675107
0.001005653843669818
0.001015908798232843
0.0010315614150908734
0.0010529500038801206
0.0010805503837418044
0.0011149997862520238
0.0011571305412027503
0.001208016861386843
0.0012690396986619525
0.0013419771954327267
0.001429132310639139
0.001533515850412474
0.00165911443748714
0.0018112929881259525
0.0019974186153324594
0.002227866343609372
0.002517713546557155
0.0028896671908502196
0.0033786545417220336
0.004034682416596111
0.004897939189522287
0.005834465367169306
0.005904458087872443
0.001645151489528012
-0.016146997106709395
-0.0656622951709816
-0.17211158422461936
-0.35379293841598614
-0.597712523089835
-0.8435034769411485
-1.000823617835267
-1.0008236178351515
-0.8435034769408616
-0.5977125230894496
-0.3537929384155798
-0.17211158422424577
-0.06566229517066707
-0.01614699710645503
0.0016451514897358362
0.005904458088042665
0.005834465367316105
0.004897939189650504
0.0040346824167115155
0.003378654541822264
0.0028896671909431626
0.0025177135466413827
0.002227866343680709
0.0019974186153984674
0.0018112929881846807
0.0016591144375415184
0.0015335158504626604
0.0014291323106852879
0.001341977195475256
0.001269039698696556
0.0012080168614168295
0.0011571305412270711
0.0011149997862719306
0.0010805503837562772
0.0010529500038895375
0.0010315614151009023
0.001015908798235026
0.0010056538436684784
0.001000579425871585
0.0006120521522483997
0.0006151561490553171
0.0006214290546868377
0.0006310036828781518
0.0006440869744996037
0.0006609699835653793
0.0006820424982591933
0.0007078136459471246
0.0007389405105535912
0.0007762678037150387
0.00082088319194805
0.0008741953623451221
0.0009380459774103031
0.0010148735835714372
0.0011079597917802416
0.0012218108924932723
0.0013627730015988403
0.001540068470356629
0.001767586536384213
0.0020666930676006227
0.002467990789699944
0.0029961441496905196
0.003569566477657212
0.0036146190805857945
0.0010165832191156724
-0.009846695769457417
-0.0400892352594745
-0.10511718025645511
-0.21611574539812017
-0.3651502910523794
-0.5153357388514075
-0.6114656676306698
-0.6114656676305543
-0.5153357388510966
-0.36515029105194374
-0.21611574539767076
-0.10511718025604178
-0.040089235259125666
-0.009846695769175948
0.0010165832193455493
0.0036146190807751916
0.0035695664778197
0.0029961441498331867
0.00246799078982771
0.0020666930677125227
0.0017675865364868981
0.0015400684704502503
0.001362773001678641
0.0012218108925671793
0.0011079597918449867
0.0010148735836315176
0.0009380459774655722
0.000874195362395783
0.000820883191994316
0.000776267803752991
0.0007389405105871962
0.0007078136459738359
0.000682042498281848
0.000660969983581788
0.0006440869745112966
0.0006310036828891027
0.0006214290546907191
0.0006151561490543109
0.0006120521522528927
0.00017576392477377818
0.00017665527977350857
0.000178456629327489
0.0001812061110151057
0.00018496314791935625
0.00018981131594562103
0.0001958625419162547
0.00020326301980339804
0.00021220142737712454
0.00022292031646580553
0.00023573199797036117
0.00025104095479401307
0.000269375983448953
0.000291437249337328
0.0003181669572457895
0.00035085889300601105
0.0003913349865556359
0.00044224279922355086
0.0005075698494193086
0.0005934534220392359
0.0007087064957775769
0.0008605599024315153
0.001026232215457109
0.0010432390094592507
0.0003105508212164253
-0.0027725310255454494
-0.011374233138066014
-0.029891269606859616
-0.06152204348550949
-0.1040127859872162
-0.1468454801956649
-0.174266647065751
-0.17426664706561512
-0.14684548019531452
-0.10401278598673969
-0.061522043485012334
-0.029891269606403315
-0.01137423313767999
-0.002772531025233768
0.0003105508214705224
0.0010432390096693153
0.0010262322156369408
0.0008605599025901176
0.0007087064959183272
0.0005934534221637405
0.0005075698495323258
0.00044224279932754407
0.000391334986644655
0.00035085889308888486
0.00031816695731783605
0.000291437249404127
0.0002693759835098201
0.00025104095484957973
0.0002357319980200237
0.00022292031650682827
0.0002122014274133395
0.00020326301983184837
0.00019586254194104563
0.00018981131596384256
0.00018496314793363736
0.00018120611102671793
0.00017845662933354232
0.0001766552797727596
0.00017576392477848752
-0.00032127417297952293
-0.00032290355443045406
-0.0003261963933803066
-0.0003312224114451834
-0.0003380902442292489
-0.0003469526839309945
-0.00035801435552002426
-0.00037154253461672143
-0.000387882172270892
-0.00040747672357144445
-0.0004308971969249342
-0.00045888314330439633
-0.0004924014415625599
-0.0005327323678128559
-0.0005815988743854425
-0.0006413670072940338
-0.0007153689987720487
-0.000808447599918282
-0.0009278958211047655
-0.0010849256112012932
-0.0012955484331049483
-0.001572397182439008
-0.0018712708102614876
-0.0018862908331505265
-0.000494160032430223
0.0052854952786449
0.021335951987856483
0.05580194473493538
0.11458325489819576
0.19346222173857663
0.27292071573186405
0.3237693059320126
0.323769305932156
0.2729207157322544
0.19346222173910865
0.11458325489875065
0.0558019447354422
0.021335951988284974
0.005285495278990568
-0.0004941600321488483
-0.0018862908329168974
-0.0018712708100621853
-0.0015723971822629128
-0.0012955484329502213
-0.0010849256110630461
-0.0009278958209808352
-0.0008084475998029281
-0.000715368998673022
-0.0006413670072013093
-0.0005815988743047493
-0.0005327323677384145
-0.0004924014414953853
-0.00045888314324318575
-0.0004308971968711847
-0.0004074767235268794
-0.00038788217223197606
-0.0003715425345862675
-0.00035801435549290966
-0.0003469526839109862
-0.00033809024421183227
-0.0003312224114331271
-0.00032619639337138576
-0.00032290355443100136
-0.00032127417297449484
-0.0008975537654938174
-0.0009021057592436578
-0.000911304942779554
-0.0009253460927807688
-0.0009445326969474742
-0.0009692915995041648
-0.0010001944447618014
-0.0010379878970455591
-0.0010836356122960883
-0.001138376422247703
-0.0012038054819413129
-0.0012819887695003744
-0.0013756272950904667
-0.0014882975194993346
-0.001624812461406948
-0.0017917814926672136
-0.001998512750898313
-0.0022585335155884644
-0.002592215881081555
-0.003030887390945782
-0.0036193433890922277
-0.00439325520591884
-0.005230793915460889
-0.005283171421562462
-0.0014282369677282884
0.014624867395460456
0.05925218211073058
0.15513688353798183
0.318725687497071
0.5382991422863146
0.7595204613679996
0.9011012348173457
0.9011012348175114
0.7595204613684459
0.5382991422869092
0.31872568749769004
0.15513688353854616
0.05925218211120786
0.014624867395845495
-0.0014282369674149496
-0.00528317142130201
-0.005230793915239035
-0.004393255205723003
-0.0036193433889214026
-0.0030308873907921724
-0.00259221588094523
-0.002258533515460572
-0.0019985127507881183
-0.00179178149256357
-0.0016248124613167042
-0.0014882975194165675
-0.0013756272950164261
-0.0012819887694325103
-0.0012038054818825526
-0.0011383764221982087
-0.0010836356122536604
-0.0010379878970116592
-0.0010001944447316276
-0.0009692915994815761
-0.0009445326969265682
-0.000925346092767996
-0.0009113049427674326
-0.0009021057592435437
-0.0008975537654884813
-0.0015809200520379182
-0.0015889377523574531
-0.0016051408267121797
-0.0016298723453477926
-0.001663666856689513
-0.001707276183069914
-0.0017617071900393189
-0.0018282750138022318
-0.0019086769871376275
-0.002005095120909798
-0.002120339031226672
-0.0022580476102509245
-0.00242297824984054
-0.0026214302924332114
-0.002861881048224174
-0.0031559717536950374
-0.0035200969656993264
-0.003978082384409441
-0.004565809891018305
-0.005338461887937589
-0.006374973026155259
-0.007738366866374507
-0.009214901306570468
-0.009312497447883646
-0.002540217307916791
0.025686498608111327
0.1041795792246604
0.2728534186573258
0.560655683003511
0.9469766838622964
1.336213080623914
1.5853286770746209
1.5853286770747999
1.3362130806243893
0.9469766838629661
0.560655683004206
0.27285341865796064
0.10417957922519577
0.025686498608543613
-0.002540217307565174
-0.009312497447590943
-0.009214901306321549
-0.007738366866155623
-0.006374973025964931
-0.005338461887765902
-0.00456580989086712
-0.003978082384267218
-0.0035200969655762374
-0.0031559717535788066
-0.002861881048123291
-0.002621430292340952
-0.0024229782497583096
-0.002258047610175151
-0.0021203390311613545
-0.002005095120853939
-0.0019086769870902175
-0.0018282750137631884
-0.0017617071900046521
-0.001707276183043561
-0.0016636668566641219
-0.0016298723453333662
-0.0016051408266960364
-0.0015889377523558615
-0.0015809200520318857
-0.0024162126199654375
-0.002428466526562169
-0.0024532306045460875
-0.002491029186684686
-0.002542679252069984
-0.0026093298510439836
-0.002692519829852473
-0.002794259180730417
-0.0029171420263703228
-0.0030645032471781483
-0.0032406369232722745
-0.003451104556737859
-0.003703177104083087
-0.004006482152621549
-0.004373975968078707
-0.00482345036608385
-0.005379961832203451
-0.006079924190044437
-0.006978178003542978
-0.008159068576233323
-0.009743286737545752
-0.011827426540330938
-0.014085988255685019
-0.014242693853441953
-0.00391737332461113
0.03915286867360815
0.15895397681010243
0.41642797365499884
0.8557807323507773
1.4455591032957789
2.039806709123778
2.4201383187662557
2.4201383187664693
2.039806709124318
1.4455591032965378
0.8557807323515714
0.41642797365571926
0.1589539768107091
0.03915286867409883
-0.0039173733242122664
-0.0142426938531099
-0.014085988255402585
-0.011827426540083789
-0.009743286737330388
-0.00815906857603921
-0.006978178003372748
-0.006079924189884844
-0.005379961832064401
-0.004823450365952393
-0.004373975967965493
-0.004006482152517545
-0.0037031771039907537
-0.003451104556651918
-0.0032406369231983336
-0.0030645032471135125
-0.0029171420263161187
-0.0027942591806841303
-0.002692519829812069
-0.0026093298510125027
-0.002542679252039987
-0.002491029186667903
-0.002453230604526367
-0.0024284665265583813
-0.0024162126199588256
-0.003479440220362138
-0.0034970863084746733
-0.0035327475151901
-0.0035871788984895045
-0.003661556937440248
-0.0037575363054229505
-0.0038773329954709
-0.004023841467019822
-0.004200797347074378
-0.004413002978266316
-0.0046666419818312335
-0.0049697231064784264
-0.005332716767179828
-0.005769486995613373
-0.0062986912113205135
-0.00694595014888696
-0.00774734585710498
-0.008755315473661469
-0.010048833651082981
-0.011749382007364096
-0.014030898614756341
-0.017033209191614464
-0.020290714313194708
-0.02053661661697141
-0.005735461585067207
0.0560969162498774
0.22816640841992653
0.5980592924280426
1.229327539684394
2.0768002029006936
2.93073916714699
3.4772946375780496
3.477294637578289
2.93073916714762
2.076800202901564
1.2293275396853034
0.5980592924288685
0.22816640842062416
0.05609691625044262
-0.005735461584607974
-0.020536616616588472
-0.02029071431286906
-0.017033209191330438
-0.01403089861450823
-0.011749382007140945
-0.010048833650887348
-0.008755315473479436
-0.00774734585694513
-0.006945950148736126
-0.006298691211191447
-0.005769486995493992
-0.005332716767073941
-0.004969723106379783
-0.004666641981745657
-0.004413002978190397
-0.00420079734701057
-0.004023841466963978
-0.003877332995422509
-0.0037575363053847666
-0.0036615569374048905
-0.003587178898469514
-0.0035327475151670953
-0.003497086308468036
-0.0034794402203549317
-0.0048977952242446575
-0.004922634503548316
-0.0049728325216446415
-0.005049452122984282
-0.0051541493579353465
-0.0052892533983618355
-0.005457883546999504
-0.005664114136231777
-0.005913203550193049
-0.0062119117113875345
-0.006568942866192919
-0.006995570354955269
-0.007506532614368053
-0.008121345002866227
-0.0088662701305046
-0.009777372259730025
-0.010905441151938698
-0.012324288912872726
-0.014145089800335598
-0.016538909224893514
-0.01975100222638409
-0.02398035612618891
-0.028580902352626225
-0.028987320704403283
-0.008354320130992772
0.07811588284198878
0.3189899852153477
0.8370426882654136
1.7214147588559074
2.9088875629299125
4.105552412758669
4.871512733023968
4.871512733024243
4.1055524127594065
2.908887562930936
1.7214147588569713
0.8370426882663873
0.31898998521616667
0.07811588284265339
-0.008354320130452791
-0.028987320703953007
-0.028580902352242806
-0.023980356125855817
-0.019751002226091826
-0.016538909224631637
-0.014145089800105311
-0.012324288912660774
-0.010905441151750905
-0.009777372259553902
-0.008866270130353963
-0.008121345002725839
-0.00750653261424357
-0.006995570354839325
-0.006568942866091673
-0.006211911711296465
-0.005913203550116368
-0.005664114136163492
-0.005457883546940958
-0.005289253398314747
-0.005154149357893648
-0.005049452122959342
-0.00497283252161862
-0.004922634503537659
-0.004897795224237113
-0.006857698109123993
-0.006892476950252282
-0.006962761951979642
-0.007070041252152823
-0.007216633562964431
-0.0074058000634324075
-0.007641908227849975
-0.007930662705409621
-0.008279425980140153
-0.008697662891340378
-0.009197560586143416
-0.009794903269091573
-0.010510326702384755
-0.011371154892885722
-0.012414158731815199
-0.013689832403934577
-0.015269287269433728
-0.01725586996526477
-0.019805257263446598
-0.023157129329407288
-0.02765595397964965
-0.033585980293231926
-0.04006692300949455
-0.04079296955860918
-0.012428568506843223
0.10716731002143724
0.44095313188092244
1.1594992802530677
2.386798824152544
4.035288587013011
5.696888808838998
6.760568239710947
6.76056823971129
5.696888808839885
4.035288587014238
2.3867988241538245
1.1594992802542397
0.4409531318819083
0.10716731002223816
-0.012428568506193028
-0.040792969558066876
-0.04006692300903256
-0.03358598029283102
-0.027655953979297064
-0.02315712932909201
-0.019805257263168164
-0.017255869965011005
-0.015269287269206963
-0.013689832403724036
-0.01241415873163345
-0.01137115489271599
-0.010510326702233517
-0.009794903268951908
-0.009197560586019992
-0.008697662891229472
-0.008279425980045694
-0.007930662705325693
-0.007641908227778069
-0.007405800063374389
-0.007216633562914768
-0.007070041252121406
-0.006962761951950532
-0.006892476950236954
-0.006857698109116234
-0.009546296114092226
-0.009594709856220053
-0.009692549791443524
-0.00984188745248025
-0.010045950554587115
-0.01030927875053577
-0.01063795168019226
-0.01103991035468567
-0.011525403513095962
-0.012107606389572673
-0.012803483675335722
-0.0136350071452346
-0.01463090187224294
-0.01582920279624396
-0.017281094550570492
-0.01905686383631424
-0.02125549524427345
-0.024020846353233205
-0.027569655725250615
-0.032235906943003205
-0.038501387539932944
-0.04677377430752701
-0.055879422301000466
-0.05722405198141541
-0.01885577303292018
0.14449184100976167
0.6017610400333775
1.5875748287110416
3.272816237819085
5.537620683415285
7.821199677261431
9.283310971563136
9.283310971563559
7.821199677262525
5.537620683416798
3.272816237820667
1.5875748287124873
0.6017610400345909
0.1444918410107462
-0.01885577303212036
-0.05722405198074906
-0.055879422300432156
-0.04677377430703448
-0.038501387539498576
-0.032235906942616174
-0.02756965572490668
-0.024020846352922058
-0.02125549524399327
-0.01905686383605671
-0.01728109455034561
-0.015829202796034038
-0.01463090187205603
-0.013635007145062588
-0.012803483675183231
-0.012107606389435118
-0.01152540351297829
-0.011039910354581038
-0.010637951680103105
-0.010309278750463334
-0.010045950554526926
-0.009841887452439779
-0.009692549791410175
-0.009594709856199358
-0.00954629611408421
-0.012945348110807074
-0.013010999389556955
-0.013143674855922318
-0.013346183558735378
-0.01362290235470268
-0.01397998711060918
-0.01442568193527962
-0.014970754970283986
-0.01562910363794122
-0.0164185936682451
-0.01736222923683904
-0.018489803996875335
-0.019840268818274207
-0.021465198256752836
-0.023433996902575235
-0.025841969934836652
-0.028823333875204225
-0.032573153800739024
-0.03738538163601719
-0.04371347826227747
-0.05221461627347197
-0.0634619895041691
-0.07595204997273533
-0.07834267452998678
-0.028209119298272307
0.1879770573894185
0.7955480705662248
2.107899268447789
4.353858675536824
7.374329755159027
10.421169441404952
12.372446130418997
12.372446130419513
10.421169441406304
7.37432975516091
4.353858675538781
2.1078992684495708
0.7955480705677215
0.18797705739063192
-0.028209119297287
-0.0783426745291662
-0.0759520499720346
-0.06346198950356273
-0.05221461627293666
-0.04371347826180032
-0.03738538163559142
-0.03257315380035617
-0.02882333387485761
-0.02584196993452049
-0.023433996902295615
-0.02146519825649358
-0.01984026881804244
-0.018489803996664236
-0.017362229236650616
-0.016418593668075854
-0.01562910363779469
-0.014970754970155094
-0.014425681935169906
-0.013979987110518873
-0.013622902354629336
-0.013346183558683524
-0.013143674855883997
-0.013010999389529316
-0.012945348110798852
-0.01647103303894391
-0.016554563575057198
-0.01672337141760371
-0.01698103055487404
-0.01733310971126392
-0.017787441054519126
-0.01835451362237859
-0.019048027763648577
-0.019885665169386273
-0.020890156323362934
-0.022090769194881628
-0.023525409719663187
-0.025243634051507518
-0.02731105854800546
-0.029815983056752395
-0.03287965767388154
-0.03667283427813696
-0.04144368143359496
-0.04756625896396324
-0.05561827198709647
-0.06644104486485672
-0.08079137826826888
-0.09687513313374746
-0.10068297116316069
-0.0394560457298162
0.2284240822778581
0.9845884608307263
2.621371496650002
5.42603386253017
9.200806813978907
13.010378325638666
15.45078251563897
15.450782515639595
13.010378325640282
9.200806813981142
5.4260338625325115
2.6213714966521313
0.98458846083251
0.22842408227930422
-0.03945604572864221
-0.1006829711621836
-0.09687513313291271
-0.08079137826754779
-0.06644104486421724
-0.055618271986529355
-0.047566258963453595
-0.04144368143313944
-0.036672834277721805
-0.03287965767350627
-0.029815983056417
-0.027311058547695756
-0.025243634051229587
-0.023525409719413186
-0.02209076919465746
-0.020890156323162788
-0.019885665169210517
-0.019048027763496504
-0.018354513622247125
-0.01778744105441172
-0.017333109711176825
-0.016981030554810754
-0.016723371417559717
-0.0165545635750228
-0.0164710330389357
-0.018695017326029115
-0.018789825373040484
-0.01898142403296768
-0.01927386974238276
-0.01967348293445931
-0.020189153009444284
-0.020832784854435918
-0.02161992810365628
-0.022570651076630713
-0.023710752260210684
-0.02507344985630148
-0.026701765633972422
-0.028651943510181008
-0.03099845432006964
-0.033841512231976636
-0.03731872566025087
-0.041623880449649264
-0.04703862670943104
-0.05398758024886202
-0.06312724605585861
-0.07541813064051243
-0.09174898192276384
-0.11021216558163699
-0.11536345941124247
-0.04864094994191448
0.24763537456588344
1.0876434265836479
2.9097660657933293
6.035861082095151
10.246500336013955
14.49800325742968
17.222233445369845
17.222233445370534
14.498003257431465
10.246500336016425
6.035861082097716
2.9097660657956728
1.0876434265856108
0.24763537456746942
-0.048640949940626454
-0.11536345941016983
-0.11021216558072322
-0.09174898192197117
-0.07541813063981094
-0.06312724605523595
-0.05398758024830239
-0.04703862670893019
-0.04162388044919165
-0.03731872565984187
-0.033841512231606266
-0.030998454319732034
-0.028651943509873053
-0.02670176563370038
-0.02507344985605603
-0.02371075225999056
-0.022570651076438786
-0.02161992810349032
-0.02083278485429211
-0.020189153009326374
-0.01967348293436289
-0.019273869742313685
-0.018981424032918772
-0.018789825373005033
-0.01869501732601859
-0.017616357012284183
-0.017705693834632732
-0.01788623560074968
-0.018161804585416948
-0.018538356362661032
-0.019024267163137966
-0.019630754604377708
-0.020372470604473496
-0.021268324836149998
-0.02234262621814706
-0.023626674839327087
-0.025161008045729745
-0.026998621415318082
-0.029209684155144557
-0.031888620767691715
-0.035165087815860266
-0.03922167043046286
-0.0443237432525377
-0.050871465813210566
-0.059484178127506386
-0.07107198575971244
-0.08649912133026458
-0.1040838249546716
-0.10968376718817552
-0.0493037435754167
0.22288618403847427
0.9980086095853564
2.682925327955095
5.5771577710385145
9.478475746006083
13.419531010352081
15.945500622335349
15.945500622335967
13.419531010353765
9.478475746008439
5.577157771040957
2.6829253279573146
0.9980086095872212
0.22288618403997662
-0.049303743574192926
-0.10968376718716077
-0.10408382495380109
-0.08649912132951748
-0.07107198575904534
-0.059484178126916955
-0.05087146581267661
-0.044323743252064396
-0.03922167043003026
-0.035165087815470474
-0.03188862076733985
-0.02920968415482373
-0.026998621415030927
-0.025161008045469682
-0.023626674839096744
-0.0223426262179369
-0.021268324835970596
-0.020372470604315095
-0.019630754604246292
-0.01902426716302314
-0.018538356362568877
-0.01816180458535009
-0.017886235600705874
-0.017705693834596553
-0.017616357012275083
-0.011742984364334595
-0.011802535059079985
-0.011922881685010541
-0.01210657205964289
-0.012357575991029305
-0.012681476815045209
-0.013085751830721906
-0.013580167501353794
-0.01417732831636009
-0.014893437629957844
-0.01574935871566993
-0.016772111816063855
-0.01799702093418607
-0.01947085659756146
-0.021256555590979654
-0.023440536455833164
-0.02614449357839549
-0.029545305043810734
-0.03390975864935657
-0.03965134632940399
-0.04738120629422118
-0.05769918615179703
-0.06958697212942154
-0.07398192923838279
-0.03594606947942336
0.13928341761141516
0.6413819342518365
1.7360124083671145
3.6194682075714346
6.160970087793008
8.730036793276277
10.377241516601341
10.377241516601813
8.73003679327751
6.160970087794741
3.6194682075732314
1.7360124083687425
0.641381934253202
0.13928341761251878
-0.03594606947852617
-0.07398192923763906
-0.06958697212878207
-0.057699186151248624
-0.047381206293730826
-0.03965134632897073
-0.0339097586489635
-0.02954530504346424
-0.026144493578078833
-0.023440536455546657
-0.02125655559072042
-0.0194708565973286
-0.017997020933976895
-0.016772111815873344
-0.015749358715501094
-0.014893437629805426
-0.014177328316227433
-0.013580167501237514
-0.01308575183062581
-0.012681476814960447
-0.012357575990962641
-0.012106572059591182
-0.011922881684979444
-0.01180253505904963
-0.011742984364332186
-0.0014359491518043548
-0.0014432300353602575
-0.0014579440142976335
-0.0014804025194819787
-0.0015110907916750732
-0.00155069128520691
-0.0016001179324180576
-0.0016605644278048061
-0.0017335712809428859
-0.0018211187576660202
-0.0019257564800281369
-0.002050786254650343
-0.0022005242061543225
-0.0023806844394539473
-0.002598955054793162
-0.002865890705530804
-0.0031963519817767103
-0.00361194491151833
-0.004145366310156622
-0.004848135575166619
-0.005801526842473873
-0.0071135559726809156
-0.008809526980849667
-0.010313162795188815
-0.008892952886877517
0.003460780641380695
0.04351899070935372
0.1356253357092535
0.29882260802553917
0.5229922335179369
0.7520683383386957
0.8998190857324833
0.8998190857326489
0.7520683383391464
0.5229922335185724
0.29882260802619864
0.13562533570985846
0.04351899070985288
0.0034607806417947112
-0.008892952886548493
-0.010313162794911197
-0.008809526980617273
-0.007113555972472652
-0.005801526842290719
-0.004848135575005869
-0.004145366310007776
-0.003611944911390398
-0.00319635198165762
-0.002865890705425268
-0.0025989550546960853
-0.0023806844393677246
-0.0022005242060756805
-0.0020507862545790017
-0.001925756479964411
-0.001821118757610517
-0.0017335712808928573
-0.0016605644277605915
-0.0016001179323805416
-0.001550691285174816
-0.0015110907916498183
-0.0014804025194624887
-0.0014579440142846053
-0.0014432300353478525
-0.001435949151805103
0.010690527882178318
0.010744743389021053
0.010854308144065513
0.011021541844479503
0.011250058870993881
0.011544942692213987
0.011913001218210113
0.01236312666037536
0.012906795320120009
0.013558760417463293
0.014338018326917648
0.015269171894460962
0.01638438553932068
0.017726247555296448
0.01935206895312156
0.02134054706072715
0.023802507777325718
0.02689901846196984
0.030872806263144488
0.036098418213528556
0.04311938186882851
0.0524138452191977
0.06276118982820632
0.06486863372064378
0.023909262165099664
-0.1534029383894247
-0.6523435681136315
-1.7307459329869381
-3.577057608491205
-6.060711355724546
-8.566468297017032
-10.171373641898024
-10.171373641898212
-8.566468297017506
-6.060711355725186
-3.577057608491876
-1.730745932987542
-0.6523435681141372
-0.15340293838983154
0.02390926216477155
0.06486863372036866
0.06276118982797772
0.05241384521899317
0.0431193818686534
0.03609841821336777
0.030872806263009644
0.026899018461838713
0.023802507777209467
0.021340547060624313
0.019352068953028222
0.017726247555213667
0.016384385539243804
0.015269171894393495
0.014338018326855812
0.013558760417409943
0.012906795320072537
0.012363126660334334
0.011913001218172032
0.011544942692187601
0.011250058870971098
0.011021541844463672
0.010854308144048284
0.010744743389020803
0.01069052788217324
0.020997563094711093
0.021104048412742066
0.021319245814783554
0.021647711384638037
0.022096544070348653
0.022675728222056976
0.023398635116515555
0.0242827297339254
0.02535055235553769
0.02663107928975645
0.028161620562564244
0.02999049745587658
0.03218088226735141
0.03481641971340763
0.0380096694893082
0.04191519281102835
0.04675064937394416
0.05283237859426103
0.060637198602346384
0.0709016289677602
0.08469906132057563
0.10299947539831054
0.12353863497677352
0.1285374001638349
0.05096237875764241
-0.2892255753594536
-1.2502065116561103
-3.3311330056447654
-6.89770320803704
-11.698689209999506
-16.54443675195445
-19.648796072766682
-19.648796072767173
-16.5444367519557
-11.698689210001238
-6.897703208038839
-3.331133005646397
-1.2502065116574785
-0.28922557536055743
0.05096237875674876
0.1285374001630932
0.12353863497614637
0.10299947539776197
0.08469906132008982
0.07090162896733165
0.06063719860196347
0.05283237859391311
0.046750649373626836
0.04191519281074486
0.03800966948905348
0.034816419713174125
0.03218088226714491
0.02999049745568768
0.02816162056239567
0.02663107928960829
0.025350552355408524
0.02428272973381104
0.023398635116415538
0.022675728221977578
0.022096544070281814
0.02164771138459206
0.02131924581474313
0.021104048412727644
0.020997563094700845
0.026870935742656983
0.027007207188294982
0.027282599730519802
0.02770294391041532
0.028277324441980656
0.02901851857014903
0.029943637890170616
0.031075032837046178
0.03244154887532843
0.03408026787794405
0.03603893668621928
0.03837939368554076
0.04118248274848246
0.04455524727098814
0.04864173466601869
0.05363974417105573
0.05982782622600887
0.067610816802987
0.077598905766198
0.09073446076586199
0.10838984078606394
0.13179941057677572
0.1580354878020208
0.16423923811362157
0.0643200528536307
-0.3728283417865161
-1.606833186989618
-4.278045925232703
-8.855392771504023
-15.016194868212402
-21.23393096903
-25.217055178500377
-25.21705517850102
-21.23393096903168
-15.016194868214763
-8.855392771506473
-4.278045925234926
-1.6068331869914865
-0.37282834178801805
0.06432005285240935
0.16423923811260907
0.15803548780115745
0.13179941057602906
0.10838984078540055
0.0907344607652742
0.07759890576567227
0.06761081680251099
0.05982782622557925
0.05363974417066514
0.04864173466567217
0.044555247270667855
0.041182482748198315
0.03837939368528265
0.036038936685989356
0.03408026787773881
0.0324415488751509
0.03107503283688898
0.029943637890036394
0.029018518570037077
0.028277324441887977
0.02770294391034947
0.0272825997304683
0.02700720718827019
0.02687093574264207
0.027949596056398154
0.02809133872669975
0.02837778816273542
0.028815009067381016
0.029412451013776805
0.03018340441645629
0.031145668140224715
0.03232249033623031
0.03374387511580816
0.035448393920006704
0.037485711703192655
0.039920151273784864
0.04283580484334361
0.04634401743591303
0.05059462613030233
0.05579338201544623
0.06223003624519262
0.07032570025987923
0.08071502020184754
0.0943775286942142
0.11273598566686091
0.13704927116927182
0.16416382842898453
0.16991893033668318
0.06365725922012418
-0.39757753231392623
-1.6964680039878983
-4.504886663070899
-9.31409608256055
-15.784219458220086
-22.312403216107327
-26.493788001534543
-26.493788001535243
-22.312403216109118
-15.784219458222577
-9.314096082563129
-4.5048866630732425
-1.6964680039898636
-0.39757753231551135
0.06365725921883714
0.1699189303356123
0.16416382842807492
0.13704927116847823
0.11273598566616388
0.09437752869358876
0.08071502020129442
0.07032570025937507
0.06223003624474058
0.055793382015033144
0.05059462612993741
0.04634401743557562
0.04283580484304171
0.03992015127351184
0.03748571170294902
0.035448393919789836
0.03374387511561994
0.03232249033606196
0.03114566814008187
0.030183404416337344
0.02941245101367946
0.028815009067309078
0.028377788162679017
0.028091338726674308
0.027949596056382555
0.025725611769313032
0.02585607692871664
0.026119735547371178
0.026522169879872853
0.027072077790582433
0.027781692461531893
0.02866739690816875
0.029750589996222366
0.031058889208565237
0.032627797983159366
0.03450303104177407
0.03674379535947518
0.03942749538467158
0.042656621663847386
0.04656909695507806
0.05135431402907393
0.05727899007368027
0.06473075498404149
0.07429369891694629
0.08686855462545101
0.1037588998912024
0.12609166751477394
0.1508267959810915
0.15523844208859705
0.05447235500802348
-0.378366240025903
-1.5934130382349636
-4.2164920939275286
-8.70426886299548
-14.738525936184871
-20.82477828431608
-24.722337071803395
-24.722337071804024
-20.8247782843177
-14.73852593618713
-8.704268862997829
-4.216492093929659
-1.5934130382367524
-0.37836624002734554
0.054472355006848286
0.15523844208762225
0.15082679598026089
0.12609166751404915
0.10375889989056808
0.08686855462487841
0.0742936989164432
0.06473075498358229
0.05727899007326751
0.05135431402869665
0.04656909695474461
0.0426566216635408
0.03942749538439474
0.036743795359225645
0.03450303104154996
0.032627797982960845
0.03105888920839141
0.02975058999606793
0.028667396908036984
0.02778169246142319
0.02707207779049214
0.026522169879806032
0.026119735547318106
0.025856076928692392
0.025725611769299342
0.02219992684117584
0.02231251274321883
0.022540038985687884
0.022887322883736065
0.02336187043402143
0.02397423851762178
0.02473856522107011
0.025673317202856944
0.026802327677121752
0.02815623532804166
0.02977449108373179
0.03170818963668716
0.03402413015143994
0.036810761372595174
0.04018711080090241
0.04431662629002742
0.04942948967074795
0.055860227351183164
0.06411282158900064
0.07496376090062899
0.08953247129981683
0.10876227875067188
0.12990371282007668
0.13289814545542059
0.04322542857647768
-0.33791921513746337
-1.4043726479704521
-3.703019865725287
-7.632093676002073
-12.912048877364896
-18.235569400082213
-21.644000686583244
-21.644000686583766
-18.235569400083563
-12.912048877366784
-7.632093676004041
-3.7030198657270725
-1.4043726479719538
-0.3379192151386742
0.04322542857549174
0.13289814545460232
0.12990371281937957
0.10876227875006339
0.08953247129928335
0.07496376090014867
0.064112821588577
0.05586022735079793
0.04942948967040005
0.044316626289709365
0.04018711080062168
0.03681076137233806
0.03402413015120616
0.031708189636476966
0.02977449108354325
0.028156235327874472
0.026802327676974165
0.025673317202726698
0.024738565220958512
0.023974238517529098
0.02336187043394434
0.022887322883678167
0.022540038985643215
0.022312512743197094
0.022199926841164192
0.018800874844459622
0.018896223209884103
0.01908891392120507
0.019383026777482437
0.019784918633903924
0.020303530157547676
0.020950834965981612
0.021742472587257075
0.02269862755227718
0.02384524804936846
0.025215745522229327
0.02685339278504645
0.02881476320541093
0.03117476591208755
0.03403420844890059
0.03753152019150485
0.04186165103981859
0.04730791990367639
0.054297095678235256
0.06348618958135391
0.07581924256627703
0.092074063554028
0.10983108514834061
0.11177952290684684
0.03387208231112422
-0.2944339987578056
-1.2105856174376006
-3.1826954259885243
-6.5510512382842965
-11.075339805621082
-15.63559963593861
-18.55486552772728
-18.554865527727706
-15.635599635939702
-11.075339805622619
-6.551051238285892
-3.1826954259899733
-1.2105856174388188
-0.2944339987587885
0.033872082310323584
0.11177952290618356
0.10983108514777482
0.09207406355353431
0.07581924256584334
0.06348618958096432
0.05429709567789038
0.047307919903364526
0.04186165103953439
0.037531520191246
0.034034208448670694
0.031174765911879572
0.028814763205219262
0.026853392784876293
0.025215745522075606
0.02384524804923405
0.022698627552156056
0.021742472587151673
0.020950834965889835
0.02030353015747173
0.01978491863384101
0.01938302677743295
0.019088913921170313
0.01889622320986401
0.018800874844451518
0.01611227683949085
0.01619399030391689
0.01635912608173855
0.01661118057715575
0.016955601642280337
0.017400051470444176
0.017954791513639448
0.01863322493798064
0.019452650019321626
0.020435304551135736
0.02160982243303674
0.023013288908903255
0.0246941880355531
0.02671671800872968
0.0291672726301455
0.032164488759124615
0.03587544306497935
0.040542943515707155
0.04653269721643166
0.05440741196775835
0.0649738090059933
0.07888626953973255
0.09401858585683377
0.09534844048403976
0.02744487778504638
-0.2571094677694803
-1.0497777092851424
-2.7546198775305393
-5.665033824617733
-9.573007709218782
-13.511288767516128
-16.032122795875047
-16.03212279587536
-13.51128876751702
-9.573007709220033
-5.665033824619032
-2.7546198775317174
-1.0497777092861331
-0.2571094677702799
0.027444877784395017
0.09534844048350091
0.09401858585637404
0.0788862695393304
0.06497380900564084
0.0544074119674406
0.04653269721615107
0.0405429435154534
0.035875443064747096
0.032164488758913076
0.02916727262995774
0.026716718008560493
0.024694188035396743
0.02301328890876487
0.02160982243291229
0.020435304551027315
0.019452650019223028
0.018633224937895095
0.01795479151356385
0.017400051470381983
0.016955601642228757
0.016611180577114207
0.01635912608171162
0.01619399030389923
0.016112276839484872
0.014152373954611733
0.014224147857213938
0.01436919665140087
0.014590591447987807
0.014893117437249977
0.01528350480537384
0.015770766832789274
0.016366676368802683
0.01708642758937509
0.017949553371182862
0.018981204713086734
0.020213955994766927
0.02169039394753773
0.023466908118710987
0.025619384028835613
0.02825202861491976
0.03151159694748499
0.035611362463314554
0.04087252975332145
0.04778919186324506
0.05706885725272802
0.06928064537268931
0.08253256519996505
0.08354279162983391
0.023370629409195043
-0.22805804059003093
-0.9278145626195669
-2.4321632855428827
-4.99964975932109
-8.446606685135663
-11.919952371435777
-14.143067289188021
-14.143067289188313
-11.91995237143652
-8.44660668513671
-4.999649759322173
-2.4321632855438637
-0.92781456262039
-0.22805804059069465
0.02337062940865465
0.08354279162938666
0.08253256519958388
0.06928064537235543
0.05706885725243516
0.047789191862981084
0.040872529753088055
0.03561136246310381
0.03151159694729055
0.028252028614743872
0.02561938402867852
0.02346690811857055
0.02169039394740755
0.02021395599465282
0.018981204712984392
0.017949553371094353
0.017086427589293525
0.01636667636873233
0.015770766832726078
0.015283504805321613
0.014893117437207393
0.014590591447951766
0.014369196651380338
0.014224147857197533
0.014152373954607663
0.01273401895072996
0.01279859966214125
0.012929111644944317
0.013128318223492929
0.013400525016753597
0.013751787712435319
0.014190216281260852
0.014726403699591096
0.015374021386256596
0.016150644638062088
0.01707890382872509
0.018188108746290226
0.019516578100350287
0.02111505011145926
0.02305180510965158
0.025420606504077216
0.028353501652651814
0.03204238902410345
0.036776273604069876
0.042999664645716626
0.05134875364110135
0.062333498438115566
0.07424237716053492
0.07509208754240365
0.02075177086327009
-0.2060390739979172
-0.8369909858241431
-2.193179889705506
-4.507562540149571
-7.614519325106447
-10.74513912582409
-12.748849193742098
-12.74884919374233
-10.745139125824718
-7.614519325107333
-4.507562540150497
-2.193179889706342
-0.8369909858248455
-0.20603907399848215
0.020751770862811006
0.0750920875420236
0.07424237716021143
0.06233349843783203
0.05134875364085266
0.042999664645492264
0.03677627360387131
0.03204238902392365
0.02835350165248532
0.025420606503927242
0.023051805109517237
0.02111505011133876
0.019516578100239577
0.018188108746193532
0.01707890382863927
0.01615064463798823
0.015374021386188246
0.014726403699532372
0.014190216281207521
0.013751787712390844
0.013400525016718127
0.013128318223461296
0.012929111644928276
0.012798599662125588
0.01273401895072698
0.011670791350334095
0.011729979880229745
0.011849594734298984
0.012032168511687126
0.012281647331382125
0.012603581258056612
0.013005403115642543
0.01349682141330243
0.01409036606555273
0.014802144906974724
0.01565289877016631
0.016669490196549806
0.01788703843725422
0.019352045268468423
0.021127089866409664
0.023298106721274796
0.02598611762775032
0.029366997740486456
0.03370561795653035
0.03940935121458587
0.04706114176389119
0.05712771578683211
0.06803765110302604
0.06879816477887528
0.018933682602813848
-0.18909502642164672
-0.7677785542143192
-2.0115485709324594
-4.134015732815957
-6.98327822550152
-9.854206667800854
-11.6916928749303
-11.69169287493051
-9.85420666780141
-6.983278225502289
-4.134015732816759
-2.0115485709331917
-0.7677785542149289
-0.18909502642213757
0.01893368260241613
0.06879816477854558
0.06803765110274597
0.057127715786586444
0.04706114176367557
0.039409351214391715
0.033705617956357785
0.029366997740329692
0.02598611762760481
0.023298106721144383
0.021127089866292265
0.019352045268362393
0.017887038437158047
0.01666949019646625
0.01565289877009278
0.014802144906911917
0.014090366065494714
0.01349682141325267
0.01300540311559734
0.0126035812580183
0.012281647331352586
0.012032168511659263
0.011849594734286168
0.011729979880214422
0.011670791350332289
0.01083549878240734
0.010890451106026457
0.011001504956464736
0.011171011670348459
0.01140263493600035
0.01170152759008191
0.012074590475828382
0.012530837246374216
0.013081901026319094
0.013742736780706595
0.01453260087811985
0.015476433250062361
0.0166068395830109
0.017966993408280212
0.01961499494655438
0.021630628108886586
0.02412625276124574
0.027265155934851768
0.03129324984400604
0.036588744526289727
0.043692828052500465
0.05303865611287485
0.06316656415391206
0.06386796837331742
0.01755652658611937
-0.17562865635614977
-0.7130041566288765
-1.8679740159347888
-3.8388906834686902
-6.484695806068042
-9.15061303930101
-10.856883233238662
-10.856883233238845
-9.1506130393015
-6.484695806068721
-3.8388906834693985
-1.8679740159354332
-0.7130041566294152
-0.17562865635658215
0.01755652658576948
0.06386796837302709
0.06316656415366556
0.05303865611265902
0.04369282805231066
0.03658874452611925
0.03129324984385348
0.027265155934712484
0.024126252761116553
0.021630628108771123
0.019614994946449978
0.017966993408184896
0.016606839582926018
0.015476433249988621
0.014532600878055484
0.013742736780651937
0.01308190102626939
0.012530837246331378
0.01207459047579022
0.011701527590048885
0.011402634935975877
0.011171011670324232
0.011001504956453939
0.01089045110601148
0.010835498782406982
0.010152132495864172
0.010203619112914689
0.010307669072533136
0.0104664854177794
0.010683500776257723
0.01096354300651493
0.011313077730549785
0.011740550129617285
0.012256859651476815
0.012876018082044794
0.013616067328834027
0.014500374409311538
0.015559488628260253
0.016833860635346608
0.018377926359737264
0.0202664378478596
0.02260466854644403
0.025545607066030943
0.029319655834069275
0.03428117002929715
0.040937198415436526
0.04969354445241844
0.05918245676280297
0.059838642346996596
0.016444546245930766
-0.1645670251434988
-0.6680767595149466
-1.7502574808154443
-3.596960687962251
-6.076018264492063
-8.573920420045106
-10.172655790981402
-10.172655790981574
-8.57392042004554
-6.076018264492662
-3.596960687962884
-1.7502574808160187
-0.6680767595154263
-0.16456702514388377
0.016444546245619585
0.059838642346738344
0.05918245676258352
0.049693544452226665
0.04093719841526754
0.0342811700291458
0.029319655833932545
0.02554560706590578
0.022604668546327797
0.02026643784775591
0.018377926359642666
0.016833860635259768
0.015559488628184012
0.014500374409245209
0.013616067328776151
0.012876018081996132
0.012256859651433619
0.011740550129579896
0.011313077730517592
0.01096354300648674
0.01068350077623744
0.01046648541775887
0.010307669072523517
0.0102036191129003
0.010152132495865603
0.009575852903349641
0.00962441690810278
0.009722560523134985
0.009872361736441446
0.010077058323539462
0.010341204090940439
0.010670897641307239
0.011074104767188207
0.011561106211451068
0.012145118383368982
0.012843159043817423
0.013677268783115667
0.014676262774731821
0.015878295483660706
0.017334712772716594
0.01911602336248742
0.02132152479431696
0.02409552115036072
0.027655335774092245
0.03233520824955179
0.03861340345944812
0.0468726864289381
0.055822933657604185
0.056441761758585465
0.015510469310633095
-0.15522765302668295
-0.630160529392073
-1.6509225420123974
-3.392818255363374
-5.731181343944321
-8.087320674408968
-9.595323862096055
-9.595323862096205
-8.087320674409348
-5.731181343944863
-3.3928182553639434
-1.6509225420129106
-0.6301605293925024
-0.1552276530270282
0.01551046931035363
0.05644176175835365
0.05582293365740658
0.04687268642876638
0.03861340345929642
0.032335208249416256
0.02765533577396856
0.02409552115024768
0.021321524794211795
0.019116023362393708
0.017334712772630004
0.01587829548358121
0.014676262774662805
0.013677268783055058
0.012843159043764329
0.012145118383324483
0.011561106211412878
0.011074104767154844
0.0106708976412798
0.010341204090916453
0.010077058323522594
0.009872361736424709
0.009722560523126152
0.009624416908089444
0.00957585290335297
0.009078814805596302
0.009124858073899832
0.009217907500428908
0.009359933213979172
0.009554004931391556
0.009804440091062398
0.01011702074387041
0.010499299212767158
0.010961022611802068
0.011514721343331088
0.012176529848921348
0.012967344685016683
0.013914485349719206
0.015054125866510393
0.01643494694108602
0.018123797462187813
0.020214820808988464
0.022844830751218622
0.0262198701035679
0.030656829216310785
0.03660914853056452
0.044439729344067584
0.05292543063188592
0.053512231915976635
0.014705758456986679
-0.14716962672249229
-0.5974503442661503
-1.5652293276706017
-3.216712956979667
-5.433706336218526
-7.667554478481437
-9.097287909098295
-9.097287909098437
-7.667554478481785
-5.433706336219016
-3.216712956980177
-1.565229327671065
-0.597450344266538
-0.14716962672280415
0.014705758456734028
0.053512231915767094
0.05292543063170705
0.04443972934391294
0.03660914853042754
0.030656829216188633
0.026219870103455514
0.022844830751116443
0.02021482080889319
0.01812379746210306
0.016434946941006466
0.015054125866437725
0.013914485349656475
0.012967344684960644
0.012176529848871725
0.011514721343289666
0.010961022611767752
0.010499299212737215
0.010117020743846607
0.009804440091042215
0.00955400493137728
0.009359933213966068
0.009217907500420456
0.0091248580738881
0.009078814805601038
0.008642526578120757
0.008686357204617565
0.00877493507507033
0.008910135642114054
0.009094881104811471
0.009333281423441007
0.009630840787526684
0.009994748586622096
0.01043428352862418
0.010961373856080713
0.011591378654942672
0.012344190277465004
0.01324581535575672
0.014330689532276012
0.01564515410655201
0.017252845462700513
0.01924338279394453
0.02174700508008498
0.02495985341660254
0.029183589570748847
0.034849864236641256
0.04230414509680867
0.050382096369686075
0.05094085184485097
0.01399972605908767
-0.1400954619785793
-0.5687353421447405
-1.4900034170210086
-3.062119255067059
-5.1725688311533755
-7.299064219825693
-8.660088888533373
-8.660088888533494
-7.299064219826007
-5.172568831153816
-3.062119255067522
-1.4900034170214265
-0.5687353421450917
-0.14009546197886202
0.013999726058858413
0.050940851844660615
0.05038209636952321
0.042304145096669125
0.03484986423651722
0.029183589570638508
0.024959853416500477
0.02174700507999283
0.0192433827938586
0.017252845462624043
0.01564515410647911
0.014330689532209683
0.013245815355700023
0.01234419027741309
0.011591378654896324
0.010961373856042098
0.01043428352859355
0.009994748586595568
0.009630840787506069
0.00933328142342432
0.009094881104799456
0.008910135642104283
0.0087749350750623
0.008686357204607916
0.008642526578126164
0.008253999304502166
0.008295859510002848
0.008380455331525821
0.008509577909901008
0.008686018075432062
0.008913701023264388
0.009197883499534468
0.009545431691366183
0.009965207177790297
0.010468601961132773
0.01107028465145703
0.011789253329170041
0.012650345482752911
0.013686448678359033
0.014941820910205565
0.016477237739859974
0.018378289451932765
0.02076936000388307
0.023837772762135667
0.027871628096626702
0.033283172609744796
0.04040235005697747
0.04811719748017437
0.0486510128375658
0.013371157788675748
-0.13379516064132618
-0.5431622822332329
-1.4230090130528446
-2.9244420620491924
-4.940006599115914
-6.970896481735951
-8.27073093832879
-8.270730938328896
-6.970896481736237
-4.940006599116311
-2.9244420620496108
-1.423009013053221
-0.5431622822335511
-0.13379516064158317
0.013371157788467512
0.04865101283739234
0.048117197480026075
0.04040235005685133
0.03328317260963256
0.027871628096527386
0.02383777276204352
0.02076936000380048
0.01837828945185601
0.01647723773979134
0.014941820910139285
0.013686448678298676
0.012650345482702123
0.011789253329122491
0.011070284651414485
0.010468601961097505
0.009965207177763674
0.00954543169134341
0.009197883499516717
0.00891370102325079
0.008686018075421919
0.008509577909894022
0.008380455331518257
0.008295859509995564
0.008253999304507258
0.007903725178135437
0.007943808964280704
0.008024814797276549
0.008148457807253392
0.00831741038995814
0.008535431166871606
0.008807553803343755
0.009140353105711502
0.009542314593543023
0.010024346825763916
0.010600495919058709
0.011288953729799675
0.012113503713968389
0.013105637781548064
0.014307735739356293
0.015777993997649585
0.01759837061242023
0.01988797099775297
0.02282616898207603
0.026688838814426068
0.03187073367675306
0.03868780264471405
0.04607530250811763
0.046586657057472905
0.012804593027290461
-0.12811479543247173
-0.5201060421818521
-1.362608272251951
-2.800315392670453
-4.730333800624495
-6.675027971691826
-7.919694737525686
-7.919694737525775
-6.67502797169208
-4.730333800624859
-2.800315392670833
-1.3626082722522943
-0.5201060421821404
-0.12811479543270532
0.012804593027101751
0.046586657057315045
0.046075302507983265
0.0386878026446006
0.03187073367665183
0.02668883881433711
0.022826168981993085
0.019887970997679284
0.017598370612352622
0.015777993997588977
0.014307735739297466
0.013105637781493998
0.012113503713924136
0.011288953729756964
0.010600495919020528
0.010024346825732123
0.009542314593520285
0.009140353105692039
0.008807553803328637
0.008535431166860653
0.008317410389950033
0.008148457807248809
0.008024814797270133
0.007943808964275809
0.007903725178139764
0.0075845265367868436
0.007622991503491217
0.0077007258436447195
0.007819375420192436
0.007981504701595657
0.008190720513750294
0.008451853232500577
0.008771212134125201
0.009156940041995191
0.009619504961816242
0.01017238574335563
0.01083303954570652
0.011624289304310774
0.012576355093341866
0.013729905162200174
0.015140785588706235
0.01688764444756987
0.019084776917988253
0.021904312572773005
0.025610984258653983
0.030583603860497247
0.03712536793534551
0.04421456624617884
0.04470546983858628
0.012288376758908436
-0.12293811094697026
-0.4990945609742378
-1.3075644206464556
-2.687197543357003
-4.539256996642334
-6.405400224771379
-7.599792159674262
-7.599792159674358
-6.4054002247716095
-4.5392569966426635
-2.687197543357345
-1.3075644206467651
-0.4990945609745005
-0.12293811094718199
0.012288376758738097
0.04470546983844385
0.04421456624605794
0.037125367935244055
0.030583603860406476
0.02561098425857489
0.021904312572698703
0.01908477691792286
0.016887644447510824
0.015140785588653494
0.013729905162148934
0.012576355093293825
0.011624289304272974
0.010833039545668846
0.01017238574332232
0.009619504961788261
0.009156940041976322
0.008771212134108707
0.008451853232487932
0.008190720513741593
0.00798150470158923
0.007819375420189503
0.007700725843639603
0.0076229915034881765
0.0075845265367901335
0.007290849797716043
0.007327825379755343
0.007402549803459621
0.007516605202947635
0.007672456748877052
0.00787357160859831
0.008124593122763379
0.008431586268449049
0.008802378573627572
0.009247032715907436
0.009778505634875041
0.010413578536282067
0.0111741906350979
0.012089391861598542
0.013198275758577155
0.014554525997002129
0.016233745327163908
0.018345803307731272
0.021056164492316065
0.024619311183397767
0.02939938868437629
0.0356878611136551
0.04250261228205994
0.04297471289631214
0.01181349784904017
-0.11817513525320826
-0.4797625307853213
-1.2569203877251207
-2.583121640892199
-4.363453754365995
-6.1573249620368635
-7.305460748689711
-7.30546074868978
-6.15732496203707
-4.363453754366288
-2.583121640892508
-1.2569203877254025
-0.47976253078555764
-0.11817513525339893
0.01181349784888684
0.0429747128961844
0.042502612281951554
0.03568786111356487
0.029399388684295088
0.024619311183327712
0.021056164492249188
0.01834580330767327
0.016233745327112182
0.01455452599695629
0.013198275758532791
0.012089391861555828
0.011174190635066
0.010413578536249147
0.009778505634846897
0.00924703271588335
0.008802378573612494
0.008431586268434982
0.008124593122753102
0.007873571608591394
0.007672456748871919
0.007516605202945381
0.007402549803455628
0.007327825379753378
0.007290849797718403
0.007018307667997282
0.007053901049889379
0.007125832167706648
0.0072356240130354
0.007385649604774069
0.0075792465023651785
0.00782088447140689
0.008116401770967797
0.00847333332412109
0.008901365650168146
0.009412971338253296
0.010024304286409283
0.010756483586955926
0.011637473236915979
0.012704905398028985
0.014010456954714298
0.01562690449386888
0.017660010450654868
0.020269054021392
0.023699004676167406
0.02830039670934429
0.03435380646479502
0.04091386378336838
0.04136852431357739
0.01137284147247771
-0.11375477861439756
-0.46182132621850963
-1.2099200125793592
-2.4865337063388617
-4.200299102316256
-5.9270980911414854
-7.03230574621514
-7.032305746215204
-5.927098091141674
-4.20029910231653
-2.486533706339142
-1.2099200125796097
-0.4618213262187234
-0.11375477861456823
0.011372841472340373
0.04136852431346413
0.04091386378327162
0.034353806464715045
0.028300396709271675
0.023699004676105362
0.020269054021331494
0.01766001045060335
0.015626904493823153
0.014010456954674413
0.012704905397990515
0.011637473236877888
0.01075648358692889
0.010024304286380212
0.009412971338229503
0.008901365650147017
0.00847333332410839
0.00811640177095484
0.007820884471398082
0.007579246502359522
0.007385649604769727
0.007235624013033489
0.007125832167703766
0.007053901049888609
0.00701830766799881
0.006763370032342623
0.006797670495551135
0.0068669887375323434
0.006972792427582215
0.007117368385277507
0.00730393293402772
0.0075367934762608346
0.007821576197634818
0.00816554231681499
0.008578026492336441
0.00907104824901006
0.009660174697455347
0.010365757782364218
0.011214745712362474
0.012243403664791428
0.013501531364355696
0.015059261788759945
0.01701851554746593
0.01953278602211007
0.02283814433883588
0.02727239303243181
0.03310592421045226
0.03942774125711246
0.039866095732922414
0.010960685447454651
-0.1096198324134803
-0.4450386900614969
-1.1659548177080676
-2.396183267213992
-4.047680751893004
-5.711738965874586
-6.776790733799222
-6.7767907337992765
-5.7117389658747495
-4.047680751893242
-2.3961832672142434
-1.1659548177082932
-0.4450386900616888
-0.10961983241363182
0.010960685447331992
0.03986609573282248
0.03942774125702596
0.03310592421038167
0.027272393032366803
0.022838144338781056
0.019532786022055288
0.017018515547420253
0.015059261788719337
0.013501531364320765
0.012243403664757766
0.011214745712328224
0.010365757782340886
0.009660174697429143
0.009071048248989806
0.008578026492317183
0.008165542316803241
0.007821576197621586
0.007536793476252414
0.007303932934022117
0.007117368385272862
0.006972792427579552
0.006866988737529719
0.0067976704955515395
0.006763370032343088
0.0065231484969048344
0.006556230674347763
0.0066230868671113986
0.006725132615648761
0.006864573516026221
0.007044511653907063
0.007269101440878941
0.007543769231021204
0.007875518338044871
0.008273351870715682
0.008748862442448636
0.009317064248507787
0.009997586369259077
0.010816419860969359
0.0118085418253643
0.01302198318607727
0.014524385913668517
0.0164140505614944
0.018839018684697485
0.02202697673167
0.026303730460108414
0.03193007582030275
0.03802740639075658
0.03845040193978496
0.010572349560634787
-0.10572348207110913
-0.4292245704334027
-1.1245269012090051
-2.31104709583469
-3.903870275946769
-5.508808606450474
-6.53602195864783
-6.536021958647879
-5.5088086064506205
-3.9038702759469937
-2.3110470958349123
-1.1245269012092034
-0.42922457043357254
-0.1057234820712433
0.010572349560525454
0.03845040193969673
0.03802740639067913
0.031930075820240364
0.026303730460049874
0.02202697673162112
0.018839018684647574
0.01641405056145348
0.014524385913632535
0.013021983186046804
0.011808541825334947
0.010816419860938856
0.009997586369238556
0.009317064248483817
0.00874886244243084
0.00827335187069756
0.007875518338032989
0.007543769231007091
0.007269101440870349
0.007044511653900808
0.006864573516020617
0.006725132615644718
0.006623086867108231
0.006556230674349571
0.006523148496903649
0.006295242179431715
0.0063271685279097795
0.00639168889120254
0.006490169353367517
0.006624738450982676
0.006798389888503658
0.0070151329299398945
0.007280204342406919
0.00760036275648154
0.00798429672847837
0.00844319384657887
0.008991543736620495
0.009648289673249454
0.01043851463010278
0.011395973668313932
0.01256701959064818
0.01401693106590008
0.015840574179657334
0.018180818159087397
0.021257394636543248
0.0253847276601522
0.03081450913900815
0.03669886299063384
0.037107291637952095
0.010203944784516597
-0.10202681054214353
-0.41422098203748303
-1.0852223729139825
-2.230274617166356
-3.7674308916058887
-5.316279571957674
-6.307593942510646
-6.307593942510692
-5.316279571957798
-3.767430891606077
-2.2302746171665495
-1.0852223729141581
-0.4142209820376329
-0.10202681054226222
0.010203944784419319
0.03710729163787395
0.03669886299056439
0.0308145091389528
0.02538472766009927
0.021257394636499602
0.01818081815904211
0.015840574179620356
0.014016931065868595
0.012567019590621505
0.011395973668288237
0.01043851463007549
0.009648289673230906
0.008991543736598398
0.008443193846562995
0.007984296728461251
0.007600362756469417
0.007280204342392146
0.007015132929931306
0.006798389888496375
0.00662473845097616
0.006490169353361884
0.006391688891198632
0.006327168527913088
0.006295242179428614
0.006077624739540941
0.0061084474392363065
0.0061707374246537305
0.0062658135561803555
0.006395730789779732
0.006563379341604527
0.006772629880819548
0.007028538146543797
0.0073376291325242884
0.007708291043206231
0.008151324726553258
0.00868071892086707
0.009314762056058433
0.010077670018926864
0.011002030999625908
0.012132595439712183
0.013532385398900917
0.015292987546523163
0.017552332291305418
0.020522555580942195
0.024507213615099256
0.029749305391423706
0.035430298365550755
0.035824821413848754
0.009852189689102803
-0.09849696903769378
-0.3998945776611415
-1.047691891757116
-2.153147910779966
-3.637149895557756
-5.132440619845731
-6.089476363965902
-6.089476363965933
-5.1324406198458385
-3.637149895557923
-2.15314791078014
-1.0476918917572688
-0.39989457766127307
-0.09849696903779828
0.009852189689017214
0.03582482141377952
0.03543029836548903
0.029749305391374964
0.024507213615052034
0.020522555580903643
0.01755233229126532
0.015292987546489743
0.013532385398873996
0.012132595439688889
0.011002030999603476
0.01007767001890238
0.009314762056041339
0.008680718920846847
0.00815132472653885
0.0077082910431901745
0.0073376291325117065
0.007028538146528471
0.006772629880810962
0.006563379341595927
0.006395730789772578
0.006265813556173533
0.006170737424649423
0.006108447439241034
0.006077624739536254
0.005868559837998236
0.005898322263222132
0.0059584695264606625
0.006050275120365438
0.006175723312067257
0.006337604896598613
0.00653965739518032
0.00678676263349827
0.007085221150609829
0.007443132603195176
0.007870926298251712
0.008382109771899666
0.008994342345347212
0.009731006895928805
0.010623570602042665
0.011715244518539352
0.013066882783331851
0.014766921534550833
0.01694854646492422
0.01981659636152664
0.02366418671566392
0.02872596535202713
0.03421159045883894
0.03459275733297168
0.00951427313599546
-0.09510580782441445
-0.3861310883386423
-1.0116360992213191
-2.0790517749492725
-3.511988096347297
-4.955825349887883
-5.879929397317395
-5.879929397317429
-4.955825349887977
-3.511988096347439
-2.079051774949421
-1.0116360992214526
-0.3861310883387552
-0.09510580782450535
0.009514273135921084
0.03459275733291043
0.03421159045878465
0.028725965351984295
0.02366418671562237
0.01981659636149303
0.01694854646488954
0.014766921534520687
0.013066882783309353
0.011715244518519153
0.010623570602023574
0.009731006895907033
0.008994342345331642
0.008382109771881476
0.007870926298238577
0.007443132603180284
0.0070852211505969525
0.006786762633482593
0.006539657395171793
0.006337604896588635
0.006175723312059801
0.006050275120357751
0.005958469526456136
0.005898322263227362
0.005868559837992839
0.0056665365651945975
0.005695274427658194
0.005753351138966982
0.005841996352099503
0.005963126026266722
0.006119434884045322
0.006314531783351939
0.006553130494126492
0.006841314660739305
0.007186905110869057
0.0075999721246625416
0.008093558243751051
0.008684714870083115
0.009396019928708447
0.010257857343888302
0.011311950633031063
0.012617059031792928
0.01425857426295745
0.01636509711495221
0.019134414999878523
0.022849554379687956
0.02773709326593941
0.033033931404187505
0.033402194278725136
0.00918774945983104
-0.0918288302655196
-0.3728310763092259
-0.9767944923858785
-2.007450859591726
-3.391041187393935
-4.78515769768438
-5.67743904279705
-5.6774390427970705
-4.785157697684463
-3.391041187394066
-2.0074508595918523
-0.976794492385992
-0.3728310763093212
-0.09182883026559743
0.009187749459767768
0.033402194278671686
0.03303393140414085
0.027737093265902478
0.022849554379652373
0.019134414999850018
0.016365097114923163
0.014258574262930942
0.012617059031774652
0.011311950633013986
0.01025785734387276
0.009396019928689301
0.008684714870069183
0.008093558243734745
0.007599972124650455
0.00718690511085542
0.006841314660726524
0.006553130494111058
0.006314531783343772
0.006119434884034515
0.005963126026259144
0.00584199635209127
0.005753351138961903
0.0056952744276624985
0.00566653656518948
0.005470219098138223
0.005497961334907644
0.005554025973569645
0.00563960006561327
0.005756533191574144
0.00590742671498252
0.0060957644643380915
0.006326096900295335
0.006604296898379033
0.006937914332343296
0.0073366705956231315
0.007813156368391307
0.008383832303058458
0.009070494107012479
0.009902473045223683
0.010920047110906704
0.012179939804896067
0.013764584419850765
0.015798126334598348
0.018471500745139653
0.022057930047205403
0.02677615041981643
0.03188953403498197
0.03224525918157891
0.008870456784145293
-0.08864437722242996
-0.35990662349301333
-0.9429367480543768
-1.9378718364923848
-3.273509629000297
-4.619309435200533
-5.480666702635759
-5.48066670263578
-4.619309435200602
-3.273509629000409
-1.9378718364924863
-0.9429367480544697
-0.35990662349309077
-0.08864437722249424
0.00887045678409309
0.03224525918153365
0.031889534034943046
0.02677615041978578
0.02205793004717605
0.018471500745116907
0.015798126334575214
0.01376458441982883
0.012179939804882052
0.010920047110893089
0.009902473045211949
0.009070494106995928
0.008383832303046432
0.007813156368376555
0.007336670595611961
0.0069379143323308485
0.006604296898366726
0.0063260969002805634
0.006095764464330276
0.005907426714971544
0.005756533191566549
0.005639600065605101
0.005554025973564012
0.005497961334909902
0.005470219098134351
0.005278406589589699
0.0053051760476177665
0.005359274785329746
0.005441848230319003
0.00555468110766058
0.005700283564181315
0.005882017268061411
0.006104273118186393
0.00637271805782836
0.0066946372244995065
0.007079411130960618
0.007539188964969127
0.008089854185566441
0.008752438232355018
0.009555243866842979
0.010537136729155207
0.011752851300305607
0.013281930331512565
0.015244166033092072
0.01782379862851749
0.021284471436252315
0.02583725879977821
0.03077139804728125
0.031114874573905046
0.008560451965730995
-0.08553297714163288
-0.34727869279766604
-0.9098558096974022
-1.8698891923260508
-3.158674649997091
-4.4572663067203635
-5.288409002712168
-5.288409002712195
-4.45726630672042
-3.158674649997172
-1.8698891923261316
-0.909855809697476
-0.34727869279772794
-0.0855329771416832
0.008560451965690087
0.031114874573868894
0.03077139804725035
0.025837258799754556
0.021284471436230003
0.01782379862850094
0.015244166033074795
0.013281930331495863
0.011752851300295492
0.010537136729145212
0.009555243866834979
0.008752438232340976
0.008089854185556612
0.0075391889649557686
0.007079411130950513
0.006694637224488226
0.006372718057816677
0.0061042731181724565
0.005882017268053389
0.005700283564170567
0.0055546811076526495
0.005441848230311281
0.005359274785323527
0.00530517604761724
0.005278406589587538
0.005090000434936552
0.005115814389588106
0.005167982138355242
0.005247608224127066
0.005356413668272945
0.005496819020815236
0.005672065959037933
0.005886388653683228
0.006145251772883538
0.00645568041931255
0.006826720278695466
0.00727008688676366
0.007801096759472029
0.008440030641153085
0.009214181054900374
0.010161026369553742
0.011333347369110645
0.01280784759629425
0.014700043400860202
0.01718759893090259
0.020524748549103355
0.024915040863762124
0.02967311917481639
0.03000456564041612
0.00825595752385546
-0.08247681562215917
-0.33487497460350146
-0.8773622455499142
-1.8031136340496612
-3.045878662204805
-4.298100391724127
-5.099565002199942
-5.099565002199957
-4.298100391724166
-3.0458786622048795
-1.8031136340497198
-0.8773622455499688
-0.3348749746035462
-0.08247681562219517
0.00825595752382597
0.030004565640390283
0.029673119174793663
0.024915040863745838
0.020524748549087708
0.017187598930891897
0.014700043400848097
0.012807847596282677
0.011333347369103856
0.010161026369547275
0.009214181054895893
0.00844003064114162
0.0078010967594646435
0.007270086886751688
0.006826720278686608
0.00645568041930243
0.006145251772872773
0.005886388653670631
0.005672065959029822
0.00549681902080568
0.005356413668265071
0.005247608224120546
0.005167982138349073
0.005115814389584548
0.005090000434936019
0.004903976820331038
0.0049288473546857114
0.00497910853335942
0.005055824531555425
0.005160653472521438
0.00529592744249731
0.005464769645251935
0.005671259505335538
0.00592066197367057
0.006219745406442107
0.006577224896495314
0.007004387811417242
0.007515990893532716
0.008131573685062374
0.0088774312459875
0.009789672217076325
0.01091914839148363
0.012339760007740992
0.014162801627288963
0.016559444484198736
0.019774632974936184
0.0240044851658539
0.028588729153378598
0.02890829840357694
0.00795531714584518
-0.07945929052085562
-0.3226280805826542
-0.8452795167079465
-1.7371823644448567
-2.934508833952006
-4.140946925508628
-4.913108692150431
-4.913108692150441
-4.140946925508656
-2.934508833952049
-1.7371823644448936
-0.8452795167079827
-0.3226280805826822
-0.07945929052087655
0.007955317145827454
0.02890829840356189
0.028588729153364273
0.02400448516584467
0.019774632974927195
0.016559444484193594
0.014162801627281698
0.012339760007734572
0.010919148391480164
0.009789672217073588
0.00887743124598643
0.008131573685053559
0.007515990893527693
0.007004387811406629
0.006577224896487708
0.0062197454064329884
0.005920661973660918
0.0056712595053247696
0.005464769645244156
0.005295927442489831
0.005160653472514073
0.005055824531550459
0.004979108533353772
0.00492884735467928
0.004903976820331471
0.004719362960780756
0.004743297224427116
0.004791666281704668
0.004865494246050413
0.004966376819256881
0.0050965582941936705
0.005259044298952199
0.005457760684617454
0.005697774198434102
0.005985598395824783
0.006329620282114361
0.006740702301572903
0.0072330456650804556
0.00782545432987031
0.008543233451990845
0.009421132324500878
0.01050808836841656
0.011875219762742771
0.013629631275280694
0.01593605043284404
0.019030202072035488
0.02310083004303442
0.027512557197244485
0.02782033966219465
0.0076569571833069745
-0.07646462682685927
-0.3104739802101044
-0.8134398810631094
-1.671750664375788
-2.82398287089529
-3.984984234529633
-4.728065189570234
-4.728065189570243
-3.984984234529647
-2.8239828708953167
-1.6717506643758002
-0.8134398810631251
-0.3104739802101153
-0.07646462682686472
0.007656957183301535
0.02782033966219094
0.027512557197238902
0.023100830043032303
0.019030202072032834
0.015936050432843754
0.013629631275278112
0.011875219762740795
0.010508088368416279
0.009421132324501934
0.008543233451993027
0.007825454329864638
0.00723304566507795
0.00674070230156436
0.006329620282108548
0.005985598395816855
0.005697774198425725
0.005457760684608442
0.005259044298944866
0.005096558294188345
0.004966376819250278
0.004865494246047
0.00479166628170012
0.004743297224418614
0.004719362960781435
