-0.0027737098399387206
-0.002787776717273776
-0.002816204648257976
-0.0028595955347157703
-0.0029188872179085946
-0.0029953987352804847
-0.0030908965835548955
-0.003207688101755566
-0.003348751167362941
-0.0035179139898391157
-0.0037201058605708433
-0.003961710959582861
-0.0042510757586682775
-0.004599251899477304
-0.005021111969853004
-0.005537079154917624
-0.006175915419482885
-0.006979419011540502
-0.008010538567262016
-0.009366089439669958
-0.011184615030647646
-0.013577050895321388
-0.016169989619692578
-0.0163510260892956
-0.004500882944808899
0.04493855710536829
0.18246977492270233
0.4780719598111448
0.9825175156836372
1.6597069261491852
2.3420505629716537
2.778774199875342
2.778774199875346
2.3420505629716533
1.6597069261491861
0.9825175156836407
0.47807195981114853
0.18246977492270416
0.04493855710536958
-0.004500882944808411
-0.016351026089295027
-0.016169989619690385
-0.013577050895318802
-0.011184615030645644
-0.009366089439668584
-0.008010538567258776
-0.0069794190115407325
-0.006175915419483419
-0.005537079154918105
-0.005021111969852772
-0.004599251899477083
-0.004251075758668353
-0.003961710959582417
-0.003720105860571494
-0.0035179139898387397
-0.003348751167360372
-0.003207688101755614
-0.003090896583552395
-0.0029953987352794565
-0.002918887217905143
-0.00285959553471482
-0.002816204648253882
-0.0027877767172705724
-0.002773709839939746
-0.0026459728500723345
-0.0026593919083009528
-0.002686510653409511
-0.0027279032679146803
-0.0027844644027927115
-0.0028574523500132197
-0.0029485522540262554
-0.003059965194211174
-0.003194531908132584
-0.0033559043050251135
-0.0035487846679251233
-0.0037792631664811294
-0.004055301892553629
-0.004387443526364505
-0.004789875727623334
-0.005282081130250776
-0.005891497119157354
-0.006657996997841814
-0.007641630423603379
-0.008934754218592881
-0.010669532355954602
-0.012951796530065172
-0.015425357707940856
-0.01559819600593229
-0.004294245089557579
0.042867102786352154
0.17406170572774918
0.45604499649522723
0.9372506156357461
1.5832423773683044
2.23415133101912
2.6507558293879923
2.650755829388004
2.2341513310191283
1.583242377368314
0.9372506156357499
0.4560449964952323
0.17406170572775256
0.042867102786354715
-0.004294245089555454
-0.015598196005930877
-0.015425357707937785
-0.012951796530061243
-0.010669532355951715
-0.008934754218590496
-0.007641630423598924
-0.006657996997840054
-0.005891497119156325
-0.005282081130249281
-0.004789875727621122
-0.004387443526362282
-0.004055301892552297
-0.0037792631664792416
-0.00354878466792469
-0.0033559043050234633
-0.0031945319081292255
-0.003059965194210204
-0.0029485522540236603
-0.002857452350012103
-0.0027844644027892156
-0.0027279032679138346
-0.0026865106534055836
-0.0026593919082982314
-0.0026459728500731108
-0.0025172604307760913
-0.002530026722996709
-0.0025558262849736816
-0.0025952053682443913
-0.0026490151036874187
-0.002718452573931404
-0.002805120949925925
-0.0029111142399813558
-0.0030391349945106724
-0.0031926574762485096
-0.003376155226386077
-0.0035954221590567643
-0.003858033050962311
-0.004174017734331074
-0.004556873710442018
-0.005025135879702638
-0.005604906932247143
-0.006334120527618536
-0.0072699052066714735
-0.008500125213548398
-0.010150516375351755
-0.012321767541431146
-0.014675039501544111
-0.014839616732826227
-0.00408602787331314
0.040779834878029
0.16558944292762207
0.4338498589829448
0.8916381038436048
1.5061940221487151
2.125428288414499
2.5217600384788543
2.5217600384788628
2.1254282884145033
1.5061940221487218
0.8916381038436123
0.4338498589829528
0.16558944292762703
0.040779834878032606
-0.004086027873309422
-0.014839616732824152
-0.014675039501540286
-0.012321767541425874
-0.010150516375348157
-0.008500125213545075
-0.007269905206666251
-0.006334120527615312
-0.005604906932244842
-0.00502513587969968
-0.004556873710438293
-0.0041740177343276485
-0.0038580330509600533
-0.0035954221590538986
-0.003376155226385016
-0.003192657476246062
-0.0030391349945072125
-0.002911114239979549
-0.002805120949923706
-0.002718452573930399
-0.002649015103684195
-0.0025952053682435747
-0.0025558262849702798
-0.002530026722994728
-0.0025172604307764812
-0.0023868994983927065
-0.0023990046641523847
-0.0024234681472520736
-0.0024608079105171207
-0.002511831007333217
-0.002577672527034856
-0.002659852617174214
-0.002760356843653458
-0.0028817477998659947
-0.003027319826793402
-0.0032013147941098792
-0.0034092265660620198
-0.003658237643547988
-0.003957858442358004
-0.004320887465936439
-0.004764899742795301
-0.005314646173763001
-0.006006095931766622
-0.00689341902786111
-0.008059929587187802
-0.0096248529566101
-0.011683669255170274
-0.013915111235420788
-0.014071321094392663
-0.003875141425245827
0.03866584156094259
0.15700869092292044
0.41137050168082145
0.8454414970267028
1.4281590151215893
2.0153129790835997
2.3911123753461334
2.3911123753461507
2.015312979083603
1.4281590151216017
0.8454414970267132
0.4113705016808294
0.15700869092292646
0.038665841560947344
-0.0038751414252406764
-0.014071321094389973
-0.013915111235416337
-0.011683669255163993
-0.009624852956606016
-0.008059929587183708
-0.0068934190278557095
-0.006006095931762581
-0.005314646173759634
-0.004764899742791404
-0.004320887465931799
-0.003957858442354179
-0.003658237643545393
-0.003409226566058892
-0.0032013147941088093
-0.0030273198267908195
-0.0028817477998630565
-0.002760356843651145
-0.002659852617172633
-0.0025776725270340766
-0.002511831007330485
-0.0024608079105164268
-0.002423468147249524
-0.0023990046641513114
-0.0023868994983926475
-0.002254181661701689
-0.0022656137479332046
-0.0022887169960498573
-0.002323980568708933
-0.0023721666448870836
-0.002434347199794134
-0.0025119578565316277
-0.00260687377796805
-0.0027215150700706024
-0.002858992899102705
-0.003023313274625346
-0.0032196645861259227
-0.003454829966389127
-0.0037377910237599075
-0.0040806346260153295
-0.004499958575337963
-0.0050191375429353815
-0.005672140697176691
-0.006510126028849061
-0.007611775276796791
-0.009089685592989857
-0.011034034168188937
-0.013141443311491445
-0.01328913378850924
-0.0036604386236451
0.03651363887500819
0.14827283122337526
0.38848479328777297
0.7984098051420417
1.348713384454285
1.9032071353208644
2.2581030178007895
2.2581030178007917
1.903207135320869
1.3487133844542956
0.7984098051420525
0.3884847932877809
0.14827283122338203
0.036513638875013604
-0.0036604386236388227
-0.013289133788506012
-0.013141443311486584
-0.011034034168182038
-0.009089685592985454
-0.007611775276792063
-0.0065101260288439565
-0.0056721406971724465
-0.0050191375429311765
-0.004499958575333779
-0.004080634626010392
-0.0037377910237564225
-0.003454829966386662
-0.0032196645861231918
-0.0030233132746247766
-0.0028589928991007625
-0.0027215150700687367
-0.0026068737779658003
-0.0025119578565308692
-0.002434347199793802
-0.0023721666448850366
-0.0023239805687086763
-0.002288716996048486
-0.0022656137479331972
-0.0022541816617011137
-0.0021183467807365753
-0.002129089979313604
-0.0021508010456033665
-0.0021839396656857476
-0.0022292220901945804
-0.002287655697897688
-0.002360589602279003
-0.0024497859702133406
-0.002557519073737824
-0.0026867126022974593
-0.0028411311658529006
-0.0030256505046494437
-0.0032466450036612187
-0.003512555044026002
-0.003834739144110327
-0.004228794928239551
-0.004716688515275484
-0.005330342095953024
-0.006117830898734362
-0.007153095476219509
-0.008541949105583693
-0.010369141469533223
-0.01234960445068115
-0.012488574469023883
-0.003440688429360984
0.03431090432198798
0.13933184084342184
0.3650616830976553
0.7502737078295658
1.267402194677027
1.7884687965158874
2.12197030365388
2.1219703036538897
1.7884687965158967
1.267402194677043
0.7502737078295779
0.3650616830976655
0.13933184084342964
0.034310904321993914
-0.0034406884293539937
-0.012488574469020467
-0.012349604450676063
-0.010369141469526125
-0.008541949105579285
-0.007153095476214358
-0.006117830898729958
-0.00533034209594916
-0.004716688515271063
-0.00422879492823586
-0.0038347391441059912
-0.0035125550440235514
-0.0032466450036594202
-0.0030256505046476288
-0.00284113116585313
-0.0026867126022964505
-0.002557519073737239
-0.002449785970211626
-0.002360589602279055
-0.0022876556978978805
-0.0022292220901931124
-0.0021839396656859683
-0.0021508010456028517
-0.002129089979314429
-0.002118346780735259
-0.0019785639724697497
-0.001988598261432324
-0.002008876683261192
-0.0020398285907445076
-0.002082122971301855
-0.002136700729812981
-0.002204821955808627
-0.0022881325360268514
-0.002388756670022324
-0.0025094251215472484
-0.0026536540848617306
-0.0028259975640451337
-0.0030324093162980596
-0.0032807727651587297
-0.003581696910598117
-0.003949750129559127
-0.004405449049831563
-0.004978609390206692
-0.005714134017607289
-0.006681084496417082
-0.007978293050310371
-0.009684924063705126
-0.011534750960205498
-0.011664745775858729
-0.003214545070348699
0.03204416912460843
0.13013104280617346
0.3409579274230788
0.7007388268469387
1.18372818244499
1.6703962730310487
1.9818817044561587
1.9818817044561667
1.6703962730310609
1.1837281824450037
0.7007388268469522
0.3409579274230894
0.13013104280618146
0.0320441691246148
-0.0032145450703409983
-0.011664745775854952
-0.011534750960200032
-0.009684924063698138
-0.00797829305030589
-0.0066810844964119735
-0.0057141340176037544
-0.004978609390203694
-0.004405449049827327
-0.003949750129556444
-0.0035816969105948357
-0.0032807727651576538
-0.0030324093162972404
-0.0028259975640445184
-0.0026536540848628156
-0.00250942512154726
-0.002388756670022859
-0.0022881325360258435
-0.002204821955809273
-0.002136700729813669
-0.0020821229713008844
-0.00203982859074533
-0.0020088766832613266
-0.001988598261433895
-0.0019785639724675995
-0.0018339089623282785
-0.0018432096322457477
-0.0018620054740100087
-0.0018906944498322397
-0.0019298966365310852
-0.0019804841481107635
-0.0020436249471657824
-0.002120844587281747
-0.0022141119646627134
-0.0023259581928215052
-0.0024596423916308295
-0.0026193856146797807
-0.0028107063301334428
-0.00304091159078907
-0.0033198347532200586
-0.003660979071792323
-0.004083361160041724
-0.004614616841860507
-0.005296366046660295
-0.0061926212866535175
-0.007394990389628049
-0.008976857706597133
-0.010691494696918085
-0.010812199820860813
-0.002980511286546883
0.029698451317736425
0.1206096163654311
0.31601418647286905
0.6494777046989118
1.0971382067886424
1.5482090260925017
1.8369111402027212
1.836911140202728
1.5482090260925068
1.0971382067886566
0.6494777046989226
0.3160141864728806
0.12060961636544032
0.029698451317743648
-0.0029805112865384127
-0.0108121998208565
-0.010691494696911951
-0.008976857706590406
-0.007394990389623481
-0.006192621286648606
-0.005296366046657446
-0.0046146168418582925
-0.004083361160037933
-0.0036609790717906693
-0.003319834753217888
-0.0030409115907892442
-0.00281070633013364
-0.0026193856146802448
-0.0024596423916325833
-0.002325958192822318
-0.002214111964664148
-0.0021208445872813756
-0.002043624947166622
-0.0019804841481115584
-0.0019298966365300743
-0.001890694449833136
-0.0018620054740100763
-0.001843209632247668
-0.001833908962325295
-0.0016833363309532606
-0.0016918733705364188
-0.0017091259820380018
-0.001735459452947682
-0.0017714429486188864
-0.0018178769780407013
-0.0018758336080860055
-0.0019467131365232156
-0.0020323228029581458
-0.002134985903242447
-0.0022576939662929747
-0.0024043214746432267
-0.0025799338003143386
-0.002791238046769731
-0.003047260196574652
-0.003360394808624504
-0.003748097118311828
-0.004235733877367852
-0.004861507775474625
-0.005684175717990013
-0.006787825579546554
-0.008239825153308846
-0.009813741269586607
-0.009924774576313815
-0.002736893274514509
0.027256806192776088
0.11069877158646552
0.29005024183242745
0.5961199759790827
1.0070066464709513
1.421024239727346
1.6860111828116247
1.6860111828116329
1.421024239727356
1.0070066464709664
0.596119975979098
0.2900502418324411
0.11069877158647584
0.027256806192784193
-0.0027368932745050253
-0.009924774576308816
-0.009813741269579674
-0.00823982515330237
-0.006787825579541525
-0.005684175717985447
-0.004861507775472081
-0.0042357338773660515
-0.003748097118308199
-0.0033603948086234495
-0.003047260196573069
-0.0027912380467706457
-0.0025799338003152116
-0.0024043214746442333
-0.0022576939662947654
-0.002134985903243373
-0.002032322802959689
-0.0019467131365227697
-0.0018758336080863399
-0.0018178769780410968
-0.0017714429486175363
-0.0017354594529482808
-0.0017091259820376623
-0.0016918733705383604
-0.0016833363309498677
-0.001525644681216888
-0.0015333819862733502
-0.0015490184040875057
-0.0015728850025760713
-0.0016054976285460073
-0.001647581800503498
-0.0017001091556731974
-0.0017643488139396945
-0.001841938715222057
-0.0019349845121340603
-0.0020461974909864794
-0.0021790891774354005
-0.00233825042503554
-0.002529760022377158
-0.002761798405426755
-0.0030455990184992295
-0.0033969818967777244
-0.0038389374376629317
-0.004406089522571463
-0.005151690959918614
-0.006151954107804256
-0.007467945649989384
-0.00889448696536494
-0.008995388520334727
-0.0024817441158531788
0.024699762134749177
0.10031945846966342
0.2628589944117496
0.5402400323909113
0.9126145636326213
1.2878274184876817
1.5279781714228902
1.527978171422899
1.28782741848769
0.912614563632639
0.5402400323909266
0.26285899441176586
0.10031945846967535
0.024699762134758517
-0.002481744115842502
-0.008995388520328622
-0.008894486965357084
-0.00746794564998267
-0.006151954107798596
-0.005151690959914022
-0.004406089522568905
-0.0038389374376609853
-0.003396981896774092
-0.0030455990184980993
-0.0027617984054251633
-0.0025297600223779713
-0.0023382504250365234
-0.0021790891774361647
-0.0020461974909876867
-0.0019349845121343994
-0.0018419387152230453
-0.0017643488139385743
-0.0017001091556726818
-0.0016475818005032635
-0.0016054976285443103
-0.0015728850025761168
-0.0015490184040865408
-0.0015333819862748
-0.001525644681213707
-0.0013594319603552965
-0.0013663263161596485
-0.0013802592070942996
-0.0014015256324011152
-0.0014305852391963661
-0.0014680845032847686
-0.0015148892053815023
-0.0015721301990994376
-0.001641266976313251
-0.0017241757857227088
-0.001823272527700582
-0.0019416861580940073
-0.00208350737064297
-0.0022541526870620402
-0.002460911306208069
-0.0027137928149882267
-0.003026893687357076
-0.0034206995553948995
-0.003926062103301017
-0.004590432612765657
-0.005481722332785533
-0.006654356233893334
-0.007925558278726826
-0.008015777233322478
-0.0022127911837093893
0.022004597114917097
0.08937942889292169
0.23419876671221973
0.48134120288043425
0.813122980711714
1.147434678385095
1.3614074720043323
1.3614074720043439
1.147434678385105
0.8131229807117433
0.48134120288045057
0.23419876671223816
0.08937942889293582
0.02200459711492802
-0.0022127911836973754
-0.008015777233315044
-0.007925558278717847
-0.006654356233885947
-0.005481722332778778
-0.004590432612760536
-0.00392606210329792
-0.0034206995553922002
-0.003026893687353035
-0.002713792814986506
-0.002460911306206196
-0.0022541526870623733
-0.0020835073706437198
-0.0019416861580941326
-0.0018232725277008512
-0.0017241757857221185
-0.0016412669763131858
-0.0015721301990971855
-0.0015148892053798392
-0.0014680845032835612
-0.001430585239194261
-0.0014015256324003992
-0.0013802592070926065
-0.001366326316160096
-0.0013594319603530184
-0.001183036965167732
-0.0011890367321736907
-0.0012011617372092056
-0.001219668701251201
-0.0012449576288939982
-0.0012775911110307135
-0.0013183225870237467
-0.0013681361739251246
-0.0014283019837083443
-0.0015004528077044985
-0.001586691064778128
-0.001689739704434675
-0.0018131586203889586
-0.0019616614964226772
-0.0021415916962510824
-0.002361659974605708
-0.0026341336568696536
-0.0029768401645391285
-0.0034166278934910452
-0.003994791182963734
-0.004770431605831406
-0.005790925397683227
-0.006897270884008889
-0.006976148521150168
-0.001927341050020485
0.01914439159137881
0.07776939037602787
0.2037832255439272
0.4188350434083442
0.7075378964866965
0.9984433808599547
1.1846349064098818
1.184634906409888
0.9984433808599722
0.7075378964867249
0.4188350434083642
0.203783225543948
0.077769390376044
0.019144391591391502
-0.001927341050007541
-0.006976148521141468
-0.006897270883999213
-0.005790925397674805
-0.004770431605823577
-0.003994791182957459
-0.003416627893487084
-0.0029768401645350008
-0.002634133656864817
-0.0023616599746027565
-0.00214159169624886
-0.001961661496422523
-0.001813158620389397
-0.0016897397044340887
-0.0015866910647774654
-0.0015004528077029997
-0.001428301983707091
-0.0013681361739217627
-0.001318322587021063
-0.0012775911110285668
-0.0012449576288917135
-0.0012196687012499983
-0.0012011617372071361
-0.001189036732173166
-0.0011830369651668502
-0.0009944611768617673
-0.0009995045799973171
-0.0010096968571012698
-0.0010252538076077292
-0.0010465116750170258
-0.001073943372696777
-0.001108182241001642
-0.0011500555276286657
-0.001200630887144095
-0.0012612808417138983
-0.0013337726814151704
-0.0014203953128697228
-0.001524141175641848
-0.00164897258142243
-0.001800221744494377
-0.0019852108969126156
-0.002214251903872596
-0.0025023304133016747
-0.0028720150836532253
-0.0033580181351228287
-0.0040100230727804845
-0.004867870464018759
-0.005797973922707528
-0.005864721543372456
-0.0016221523397831473
0.01608676316594833
0.06535786712372094
0.17126791758826343
0.3520136655423617
0.594663543174194
0.839166173647228
0.9956584943543252
0.9956584943543265
0.8391661736472473
0.5946635431742167
0.3520136655423858
0.1712679175882859
0.06535786712373876
0.01608676316596283
-0.0016221523397692839
-0.005864721543362492
-0.005797973922697111
-0.004867870464009343
-0.004010023072771804
-0.0033580181351154977
-0.0028720150836487636
-0.002502330413296322
-0.002214251903866811
-0.0019852108969083534
-0.0018002217444917984
-0.0016489725814220757
-0.001524141175641979
-0.0014203953128688347
-0.0013337726814140276
-0.0012612808417120395
-0.0012006308871418824
-0.0011500555276246038
-0.001108182240998234
-0.0010739433726937885
-0.0010465116750146084
-0.0010252538076060956
-0.001009696857098921
-0.0009995045799958135
-0.0009944611768622812
-0.0007912620613842155
-0.0007952749382155902
-0.0008033846115789267
-0.000815762786045541
-0.0008326769995776855
-0.0008545035338450189
-0.0008817463169432495
-0.0009150635625502813
-0.0009553047679631403
-0.0010035620032130136
-0.0010612414415042191
-0.0011301642880206433
-0.0012127115239975463
-0.0013120358225774897
-0.0014323798371745225
-0.0015795696014557683
-0.001761809880093214
-0.001991024175256942
-0.002285169523250122
-0.0026718655879986036
-0.003190647409507622
-0.0038732352778005196
-0.00461342792118989
-0.004667097664274169
-0.0012932620500656143
0.012792139708820052
0.051984186147675304
0.13623189225797783
0.2800119685675161
0.4730385883672723
0.6675409650381998
0.7920316412948747
0.79203164129488
0.6675409650382162
0.47303858836729873
0.28001196856754185
0.13623189225800403
0.051984186147694955
0.012792139708836775
-0.001293262050050893
-0.004667097664262862
-0.004613427921178748
-0.00387323527779025
-0.0031906474094988545
-0.0026718655879907124
-0.0022851695232459016
-0.0019910241752508556
-0.0017618098800868034
-0.0015795696014504453
-0.0014323798371715171
-0.0013120358225769818
-0.0012127115239971864
-0.0011301642880196714
-0.0010612414415029836
-0.00100356200321137
-0.0009553047679603933
-0.0009150635625462247
-0.0008817463169396638
-0.0008545035338415521
-0.000832676999575272
-0.0008157627860437286
-0.0008033846115765675
-0.0007952749382137089
-0.0007912620613857151
-0.0005704039927478107
-0.0005732967855953171
-0.0005791428669594417
-0.0005880660144833645
-0.0006002590897365256
-0.0006159933449107497
-0.0006356320492652973
-0.0006596496925460292
-0.0006886586558019843
-0.0007234461841979264
-0.0007650259511367032
-0.0008147108146563126
-0.0008742171586837125
-0.0009458176558442949
-0.001032570709826066
-0.001138676127769538
-0.0012700484543571432
-0.001435282926408695
-0.0016473241764196197
-0.0019260829100570072
-0.0023000636702854415
-0.0027921604520222444
-0.003325935624703815
-0.0033653813733612713
-0.0009357426892058667
0.009211347281280903
0.0374486795532111
0.09815203015330481
0.20175488022342802
0.3408470132728174
0.48100516379910907
0.5707139289279644
0.5707139289279768
0.48100516379912195
0.34084701327285183
0.20175488022345567
0.0981520301533313
0.037448679553234165
0.009211347281299971
-0.0009357426891901145
-0.0033653813733487727
-0.003325935624691821
-0.002792160452011458
-0.002300063670276733
-0.0019260829100491116
-0.001647324176415903
-0.0014352829264024482
-0.0012700484543502824
-0.0011386761277638073
-0.0010325707098225046
-0.0009458176558437008
-0.0008742171586825619
-0.0008147108146553308
-0.0007650259511353223
-0.000723446184196654
-0.0006886586557989312
-0.000659649692542411
-0.0006356320492618573
-0.000615993344907056
-0.0006002590897341222
-0.0005880660144812816
-0.0005791428669571427
-0.0005732967855934857
-0.0005704039927497775
-0.0003280443748287015
-0.0003297080381890619
-0.00033307015610248335
-0.0003382019133561145
-0.00034521422500530296
-0.0003542630886147649
-0.000365557420757535
-0.0003793701007851714
-0.0003960533090138392
-0.0004160597894595887
-0.0004399725038078807
-0.0004685464726497503
-0.0005027687804569723
-0.0005439464264200217
-0.0005938382710651878
-0.000654859572297585
-0.0007304116877971277
-0.0008254375604561494
-0.000947381424445292
-0.001107694489442746
-0.0013227768189761607
-0.0016058363887514627
-0.0019130949856760223
-0.0019369189737964594
-0.000543353464272347
0.0052821507995701455
0.021498631354746556
0.05636622065896674
0.11588168012831424
0.19579027854867492
0.2763152919471916
0.32785709278314634
0.327857092783157
0.27631529194721427
0.19579027854870557
0.11588168012834588
0.056366220658996824
0.021498631354772174
0.0052821507995915035
-0.0005433534642552943
-0.0019369189737825556
-0.0019130949856630067
-0.0016058363887401297
-0.0013227768189673396
-0.0011076944894347473
-0.0009473814244417567
-0.0008254375604494881
-0.0007304116877896163
-0.000654859572291602
-0.0005938382710607504
-0.0005439464264190069
-0.0005027687804548923
-0.0004685464726488409
-0.00043997250380621534
-0.0004160597894585518
-0.00039605330901044955
-0.0003793701007819765
-0.0003655574207542746
-0.0003542630886110886
-0.000345214225002834
-0.0003382019133535705
-0.0003330701561001584
-0.0003297080381875453
-0.0003280443748305633
-5.9216891841035006e-05
-5.951719339695929e-05
-6.012407605080362e-05
-6.105038808949933e-05
-6.231614870799403e-05
-6.394951392938667e-05
-6.598819083659859e-05
-6.84814305751901e-05
-7.149279627066338e-05
-7.510399998108706e-05
-7.942025369177264e-05
-8.457781912272902e-05
-9.075483441416858e-05
-9.818716387227557e-05
-0.00010719220116064097
-0.00011820576305688127
-0.0001318415523856283
-0.00014899134509423467
-0.00017099826389833234
-0.00019993011917014518
-0.000238760417898342
-0.00028995269543428785
-0.0003459522743258295
-0.00035243028159556884
-0.0001080225570545745
0.000924134428278045
0.003807474825795465
0.010018851576962029
0.020633969326418033
0.03489807938818035
0.04927994007688463
0.05848818397332334
0.05848818397333
0.04927994007691128
0.0348980793882121
0.020633969326451784
0.010018851576994448
0.003807474825824081
0.0009241344283017899
-0.00010802255703561223
-0.000352430281580076
-0.0003459522743112873
-0.0002899526954222697
-0.00023876041788879754
-0.0001999301191617977
-0.00017099826389408487
-0.00014899134508673112
-0.00013184155237704574
-0.000118205763050468
-0.0001071922011546796
-9.8187163870154e-05
-9.075483441088649e-05
-8.457781912166824e-05
-7.942025368953094e-05
-7.510399998003452e-05
-7.149279626689643e-05
-6.848143057210966e-05
-6.598819083336897e-05
-6.394951392583309e-05
-6.231614870543271e-05
-6.10503880862606e-05
-6.012407604850901e-05
-5.951719339567386e-05
-5.921689184254725e-05
0.00024265702480827118
0.0002438876808081949
0.0002463747298175802
0.0002501708312820797
0.0002553580355833529
0.0002620517436471787
0.00027040650446462844
0.0002806241854663282
0.0002929653201311335
0.0003077648389672332
0.000325454009060627
0.00034659139115245183
0.00037190723676470624
0.00040236849071543027
0.00043927642560059876
0.0004844179989752116
0.0005403098513581655
0.0006106093898097745
0.0007008246302923097
0.0008194247190971855
0.0009785134444484887
0.0011876934415513737
0.0014138468745916108
0.0014268746186299024
0.0003809573997668389
-0.003969176004751766
-0.016057243021044443
-0.04202315313979793
-0.08631690487964094
-0.14576318506585673
-0.2056516215233426
-0.2439785320317318
-0.2439785320317247
-0.20565162152331284
-0.1457631850658212
-0.08631690487960142
-0.04202315313976085
-0.016057243021012163
-0.0039691760047251765
0.00038095739978809273
0.001426874618647364
0.00141384687460782
0.0011876934415644014
0.0009785134444591972
0.0008194247191063396
0.0007008246302979606
0.000610609389818371
0.0005403098513676119
0.00048441799898209584
0.0004392764256080312
0.0004023684907191625
0.0003719072367694516
0.00034659139115428717
0.0003254540090641424
0.00030776483896886777
0.00029296532013553794
0.00028062418546969097
0.0002704065044680918
0.0002620517436504521
0.00025535803558608336
0.00025017083128588786
0.00024637472981962373
0.00024388768080935022
0.00024265702480715532
0.0005865645599826704
0.0005895393481673123
0.0005955511361877483
0.0006047272127337501
0.0006172659102719616
0.0006334461760306742
0.0006536415854715323
0.0006783400912349531
0.000708171451787214
0.0007439452550697494
0.0007867039486708226
0.0008377976656975439
0.0008989915354107952
0.0009726227963963493
0.0010618367785922185
0.0011709527250300233
0.0013060535077029983
0.0014759791777219306
0.0016940429060574563
0.0019807181134558448
0.0023652857194524438
0.0028710964524720217
0.0034187041839393705
0.0034540060086561703
0.000938278388964914
-0.009543039977169085
-0.038685785243698534
-0.1013065397374307
-0.20814991164506358
-0.3515636122857779
-0.4960572608868681
-0.5885339582214839
-0.5885339582214826
-0.4960572608868332
-0.35156361228574107
-0.2081499116450175
-0.10130653973739029
-0.038685785243662285
-0.009543039977139692
0.0009382783889889936
0.003454006008675495
0.003418704183957441
0.002871096452486189
0.002365285719464672
0.001980718113466111
0.0016940429060650752
0.0014759791777315921
0.001306053507713058
0.001170952725037571
0.0010618367786009329
0.0009726227964018661
0.0008989915354170055
0.0008377976657005202
0.0007867039486758949
0.0007439452550723298
0.0007081714517923987
0.0006783400912389972
0.0006536415854754281
0.0006334461760336193
0.0006172659102746934
0.0006047272127377508
0.0005955511361890372
0.0005895393481685032
0.0005865645599816998
0.0009853002801346474
0.000990297263413415
0.0010003957313625537
0.0010158094999476916
0.0010368717224105762
0.001064050966251109
0.0010979747525198414
0.001139462729309496
0.0011895727452503253
0.0012496647199676135
0.0013214897216972162
0.001407315656033308
0.0015101075205304123
0.0016337913140311456
0.0017836504235913282
0.0019669401041207376
0.002193878032846758
0.0024793131969606773
0.0028456083656733366
0.003327155329972689
0.003973151845857715
0.0048228939997319
0.005743244477340589
0.005804526673953779
0.0015851926414664876
-0.016003232755868707
-0.06491581381632122
-0.17002740415118317
-0.3493795432466089
-0.5901301560142567
-0.8327001537541632
-0.9879485816089679
-0.9879485816089564
-0.8327001537541305
-0.5901301560142154
-0.3493795432465572
-0.17002740415113826
-0.06491581381628134
-0.01600323275583608
0.0015851926414935883
0.005804526673975574
0.005743244477360571
0.0048228939997476995
0.00397315184587177
0.0033271553299845545
0.00284560836568328
0.0024793131969714412
0.00219387803285698
0.0019669401041289896
0.001783650423600498
0.0016337913140377779
0.0015101075205371899
0.001407315656036814
0.0013214897217033836
0.0012496647199709229
0.001189572745256151
0.0011394627293142899
0.0010979747525244545
0.0010640509662538512
0.0010368717224135226
0.0010158094999516446
0.0010003957313632203
0.0009902972634150803
0.0009853002801338065
0.0014581306177708546
0.0014655255697889075
0.0014804701234830482
0.0015032807010988414
0.0015344503298469875
0.0015746724338761226
0.0016248756695525605
0.001686273018154258
0.0017604299689651915
0.0018493590396263175
0.0019556515998811887
0.0020826638750619155
0.0022347836999248084
0.002417821070304866
0.0026395947435820617
0.0029108415858050364
0.003246682456901389
0.0036690919510422295
0.004211164269784616
0.004923796839381443
0.005879809898977434
0.007137430528869875
0.008499949807078463
0.008592675707883298
0.0023553123414920846
-0.023654741544087962
-0.0959960941435947
-0.25146483924754737
-0.5167513388825925
-0.8728631951781964
-1.2316717417168703
-1.4613165578676508
-1.4613165578676317
-1.2316717417168284
-0.8728631951781489
-0.5167513388825378
-0.25146483924749635
-0.0959960941435504
-0.02365474154405179
0.0023553123415225143
0.008592675707907489
0.008499949807100312
0.007137430528887356
0.00587980989899369
0.004923796839395105
0.004211164269796737
0.0036690919510536405
0.0032466824569112743
0.0029108415858136007
0.002639594743590902
0.0024178210703119135
0.002234783699931385
0.002082663875065373
0.00195565159988783
0.0018493590396302224
0.0017604299689714174
0.0016862730181597292
0.0016248756695578024
0.0015746724338788678
0.0015344503298500866
0.0015032807011025303
0.0014804701234831584
0.0014655255697912251
0.0014581306177699027
0.0020360808166931966
0.0020464068566180592
0.00206727488346651
0.0020991267374252235
0.002142650863225097
0.0021988155323344185
0.0022689174855974772
0.0023546504843560702
0.00245820051865756
0.002582377791740468
0.002730800793473131
0.0029081560281287167
0.0031205704985739417
0.0033761570563853385
0.00368583350591023
0.0040645923773667296
0.004533547828567682
0.0051233843353646735
0.005880313870441915
0.0068754122327499625
0.008210392589660649
0.009966716744911779
0.011870378843778048
0.012004193854426642
0.003309069203161549
-0.03296964516660742
-0.13388842710567145
-0.35079112068052465
-0.7209245286928437
-1.2177946753469648
-1.7184369784926001
-2.0388616823006798
-2.038861682300659
-1.7184369784925475
-1.2177946753469115
-0.7209245286927781
-0.3507911206804683
-0.13388842710562202
-0.03296964516656691
0.003309069203195679
0.012004193854454075
0.011870378843802229
0.009966716744931652
0.008210392589679226
0.006875412232765715
0.005880313870455875
0.005123384335376603
0.00453354782857709
0.004064592377375327
0.003685833505918239
0.0033761570563922783
0.0031205704985798094
0.0029081560281316466
0.0027308007934797062
0.002582377791744637
0.002458200518663727
0.002354650484361772
0.002268917485603243
0.002198815532337361
0.0021426508632283944
0.002099126737428454
0.0020672748834663682
0.0020464068566208474
0.00203608081669206
0.0027717433463812636
0.0027858003140792498
0.002814208220665424
0.0028575685483777868
0.0029168184850849183
0.0029932761500073234
0.0030887068114492508
0.003205416206125701
0.0033463801470465892
0.003515424195254055
0.0037174742406945295
0.003958910071894008
0.004248072441720648
0.004596005456497668
0.005017571627661927
0.0055331804217443855
0.006171574733468533
0.0069745257873858905
0.008004944284142054
0.009359601389103972
0.01117705441786935
0.013568686509443996
0.016163592597110872
0.01635936663444653
0.004568156236598181
-0.04469009084093604
-0.18176883759470178
-0.4764455010321352
-0.9793515600192958
-1.6545029717768847
-2.334808777114518
-2.7702331363830766
-2.770233136383061
-2.334808777114456
-1.6545029717768223
-0.9793515600192245
-0.4764455010320703
-0.1817688375946452
-0.04469009084089026
0.004568156236636834
0.016359366634477845
0.016163592597137885
0.013568686509466544
0.011177054417890481
0.009359601389122039
0.008004944284157817
0.006974525787398617
0.006171574733478009
0.005533180421752982
0.00501757162766926
0.00459600545650436
0.004248072441725542
0.003958910071896262
0.003717474240700661
0.0035154241952583456
0.0033463801470521672
0.0032054162061312206
0.003088706811455142
0.0029932761500106957
0.002916818485088327
0.0028575685483808165
0.0028142082206654697
0.00278580031408248
0.002771743346379824
0.0037531281465249303
0.003772162209184507
0.00381062839013202
0.0038693411344045635
0.0039495694535775895
0.004053098164065309
0.004182317549807679
0.004340349722028564
0.0045312241157098665
0.004760120775174074
0.005033709654292468
0.005360629368588077
0.005752173788188149
0.006223297268700198
0.006794124481786868
0.007492290946703504
0.008356716070141781
0.009443960773967822
0.010839215235648195
0.012673558805427362
0.015134896435610301
0.01837555798980262
0.02189981963255128
0.02220698480071967
0.006381708820234575
-0.0599208358338326
-0.24459958104344284
-0.6417767813208812
-1.3197876852548287
-2.2301627285054293
-3.147578753129631
-3.7347956531281934
-3.734795653128176
-3.147578753129566
-2.230162728505359
-1.3197876852547459
-0.6417767813208067
-0.24459958104337767
-0.05992083583377958
0.006381708820278788
0.022206984800756127
0.021899819632581967
0.018375557989828872
0.015134896435634312
0.012673558805448149
0.010839215235665656
0.009443960773981942
0.00835671607015218
0.007492290946712473
0.006794124481794399
0.006223297268707155
0.005752173788192683
0.0053606293685901415
0.0050337096542984764
0.004760120775178532
0.004531224115714875
0.004340349722033638
0.004182317549813495
0.004053098164068978
0.003949569453580932
0.0038693411344072914
0.003810628390132534
0.00377216220918782
0.003753128146523279
0.005109232336898172
0.005135143821622702
0.005187508669991658
0.005267435597700879
0.0053766521278732805
0.005517587954916451
0.005693497002446594
0.005908629436737364
0.006168470569568491
0.006480072041480632
0.0068525137080084845
0.007297555358395165
0.007830571361508318
0.008471919060515818
0.009248994052957774
0.010199416257397939
0.011376166064814165
0.012856240021514358
0.014755620666757749
0.01725286394982158
0.02060452560676517
0.02502194690346162
0.02984741644847852
0.030376205582677993
0.00920293848070021
-0.08001573101190573
-0.32897222955941596
-0.8648560521152555
-1.7801153962909237
-3.0094389558419072
-4.248515614161894
-5.041706774740322
-5.041706774740293
-4.248515614161814
-3.009438955841822
-1.7801153962908267
-0.8648560521151657
-0.328972229559339
-0.08001573101184271
0.00920293848075212
0.03037620558272147
0.029847416448514665
0.0250219469034926
0.02060452560679297
0.01725286394984569
0.014755620666777762
0.01285624002153096
0.011376166064826847
0.010199416257408207
0.009248994052966777
0.008471919060524047
0.00783057136151328
0.007297555358398135
0.006852513708014898
0.006480072041485817
0.006168470569573239
0.005908629436742275
0.005693497002452334
0.005517587954920676
0.0053766521278766095
0.005267435597703671
0.005187508669992767
0.005135143821626031
0.005109232336896382
0.006969565141551808
0.007004911078250543
0.007076342122696362
0.007185370661217567
0.007334353186885649
0.007526604013286388
0.007766561769202814
0.008060024035171996
0.008414473220105908
0.008839528311619336
0.009347574908543573
0.009954654187543231
0.010681737782279432
0.011556594287797326
0.01261659264881905
0.013913047880450816
0.015518226778076813
0.01753715673681331
0.020128071009100225
0.023534777822060912
0.028108853445689686
0.03414706694208711
0.04078882564584724
0.041746301022303325
0.013653234629562451
-0.10583255067688072
-0.4402169544013201
-1.161004350733264
-2.393084614339549
-4.048800071209945
-5.718189111773661
-6.78703368721896
-6.787033687218928
-5.718189111773569
-4.048800071209838
-2.3930846143394278
-1.1610043507331569
-0.4402169544012271
-0.10583255067680422
0.013653234629624984
0.04174630102235617
0.040788825645890515
0.03414706694212465
0.028108853445722344
0.02353477782208977
0.020128071009124247
0.017537156736834085
0.015518226778093516
0.013913047880463967
0.012616592648831016
0.011556594287807915
0.010681737782286097
0.009954654187548262
0.009347574908551306
0.008839528311625853
0.008414473220111306
0.008060024035177218
0.0077665617692090185
0.007526604013291471
0.007334353186889728
0.007185370661220693
0.0070763421226981505
0.007004911078253917
0.006969565141549979
0.009321528197656888
0.009368801589282756
0.009464336961110837
0.009610157021031306
0.009809413406313423
0.010066538763837406
0.010387469418602493
0.010779959173400182
0.011254015129597741
0.011822501845276244
0.01250198391676206
0.013313914838019109
0.014286341940842459
0.015456402500061335
0.016874072679444657
0.01860797891466775
0.02075476656423011
0.02345489579433882
0.02692002732571588
0.03147664194171185
0.03759767868519394
0.0456944673771533
0.05467827911341411
0.05636041554621411
0.02012936785123494
-0.13590963832347935
-0.574275702969743
-1.5209724820250292
-3.1409807025144776
-5.319501723897643
-7.516952853103621
-8.924227553033004
-8.92422755303297
-7.516952853103506
-5.31950172389751
-3.1409807025143253
-1.5209724820248962
-0.5742757029696295
-0.13590963832338548
0.020129367851310902
0.05636041554627865
0.054678279113466524
0.04569446737719908
0.03759767868523295
0.03147664194174658
0.02692002732574523
0.023454895794365133
0.02075476656425229
0.0186079789146851
0.01687407267946075
0.015456402500075777
0.014286341940852081
0.013313914838027602
0.012501983916771825
0.01182250184528463
0.011254015129604604
0.010779959173406236
0.010387469418609867
0.010066538763843003
0.009809413406318596
0.009610157021034772
0.009464336961113626
0.009368801589285488
0.009321528197655343
0.011761171193564516
0.011820816363255554
0.011941353989249509
0.012125336088685008
0.012376739026306096
0.012701155385959496
0.013106074898603652
0.013601280343482534
0.01419939739251979
0.014916656828719264
0.015773957555282166
0.01679836645620008
0.018025269313732294
0.01950151978982565
0.021290168836104573
0.023477795761257678
0.026186326956868712
0.029592968103864754
0.03396481148952317
0.0397143108820514
0.04744183753120847
0.05768580506512064
0.06915655922466593
0.07182032862338235
0.0279163330474178
-0.1638839246082185
-0.7050500980558482
-1.8762011982624585
-3.8827469417691867
-6.583134979776776
-9.308288494640205
-11.053971245321364
-11.053971245321339
-9.308288494640065
-6.583134979776627
-3.882746941769012
-1.8762011982623013
-0.7050500980557134
-0.16388392460810713
0.027916333047507177
0.07182032862345916
0.06915655922472785
0.057685805065174595
0.04744183753125424
0.03971431088209193
0.0339648114895584
0.02959296810389614
0.026186326956896513
0.02347779576128004
0.02129016883612627
0.019501519789843567
0.01802526931374555
0.016798366456212757
0.0157739575552951
0.014916656828729941
0.014199397392528082
0.01360128034349042
0.013106074898611398
0.012701155385966091
0.01237673902631194
0.012125336088688831
0.011941353989252498
0.011820816363259032
0.011761171193562705
0.013300162277608399
0.013367611450662568
0.013503920253097016
0.01371197455454884
0.013996270899552864
0.014363133473034105
0.014821031768519295
0.015381028263873511
0.016057400168825998
0.016868501312520594
0.01783796414319338
0.01899639568011399
0.02038380960843205
0.02205318684781865
0.024075823001493718
0.026549617247856042
0.029612435349542165
0.033464652006334236
0.038408343959167084
0.044910494539357776
0.05365395258920425
0.0652684622840963
0.07838593545405244
0.08198003504896541
0.03427532624657065
-0.17716887904449152
-0.7763404672365269
-2.07571889103255
-4.304652310599911
-7.306604286995709
-10.337520433327082
-12.279577024183187
-12.27957702418314
-10.337520433326933
-7.3066042869955385
-4.304652310599714
-2.075718891032376
-0.7763404672363785
-0.1771688790443698
0.03427532624666895
0.0819800350490488
0.07838593545412009
0.06526846228415431
0.053653952589255025
0.0449104945394012
0.03840834395920737
0.03346465200636823
0.029612435349573578
0.02654961724788188
0.02407582300151869
0.022053186847839586
0.020383809608447136
0.01899639568013104
0.017837964143207638
0.01686850131253291
0.01605740016883513
0.015381028263882702
0.014821031768527872
0.014363133473040723
0.01399627089955955
0.013711974554552432
0.013503920253099114
0.01336761145066644
0.013300162277606633
0.012553914636585312
0.012617578660973044
0.012746237990094817
0.012942616493732184
0.013210958296373268
0.013557232557459078
0.013989433297634253
0.014518001928852884
0.01515641407551583
0.015921993040416322
0.01683704426550947
0.017930455973864383
0.01923999455475907
0.020815664935184948
0.02272475725642329
0.025059669369139996
0.02795051804458333
0.031586418114196574
0.03625252668828847
0.042390115089812455
0.05064716262780848
0.06163645048438017
0.07414614728049032
0.07805056936040358
0.03473356040064057
-0.160047605440926
-0.7143310008689695
-1.9187896466986867
-3.9873193552886623
-6.775281393363739
-9.591428465221547
-11.396327547855389
-11.396327547855343
-9.5914284652214
-6.775281393363576
-3.9873193552884736
-1.9187896466985195
-0.7143310008688288
-0.1600476054408095
0.034733560400733235
0.07805056936048299
0.07414614728055346
0.061636450484435994
0.05064716262785539
0.04239011508985448
0.03625252668832566
0.031586418114230956
0.027950518044612675
0.025059669369165594
0.022724757256447334
0.02081566493520564
0.019239994554773272
0.01793045597388236
0.01683704426552454
0.01592199304042694
0.015156414075524904
0.01451800192886181
0.0139894332976437
0.01355723255746277
0.0132109582963813
0.012942616493733121
0.012746237990097692
0.012617578660974554
0.01255391463658585
0.008489937771579345
0.008532991813026265
0.008620000182178296
0.008752804910979142
0.008934276108823722
0.009168450441808532
0.009460733884505194
0.009818187446482683
0.010249923994434355
0.010767658332524088
0.011386474337827829
0.01212590731996408
0.013011496145359392
0.014077055455280707
0.015368088048205478
0.01694707403421243
0.018901997984522453
0.021360741218632587
0.02451617667945854
0.02866714159493916
0.034254740605678756
0.04170876592517201
0.05027621755729697
0.05334540928105231
0.025484174040374164
-0.1022205221129332
-0.46762153533872053
-1.2637034786702657
-2.6329420988438628
-4.4801289437696425
-6.3470754335316
-7.544005813834625
-7.544005813834588
-6.347075433531495
-4.480128943769525
-2.632942098843718
-1.263703478670144
-0.46762153533861767
-0.10222052211284885
0.025484174040440483
0.053345409281111165
0.050276217557344544
0.0417087659252107
0.03425474060571225
0.028667141594969456
0.02451617667948627
0.021360741218657782
0.01890199798454357
0.016947074034231305
0.015368088048222685
0.014077055455296307
0.013011496145370897
0.012125907319976382
0.011386474337838813
0.01076765833253359
0.010249923994442633
0.00981818744648795
0.00946073388450998
0.009168450441810047
0.008934276108830463
0.008752804910978209
0.008620000182179784
0.008532991813026986
0.008489937771580145
0.001358031784497052
0.0013649179776673657
0.0013788343373626094
0.0014000754390110582
0.0014291002632188074
0.0014665543358757744
0.001513302143367761
0.0015704728117959944
0.0016395235441865664
0.0017223275529989323
0.0018212966810919767
0.001939554393850248
0.0020811838261317415
0.002251590857871393
0.0024580492793357563
0.002710545637763926
0.003023141527731881
0.003416278767218804
0.00392085233959436
0.004585232354036618
0.005483869230156105
0.006706137321346962
0.008220737266318456
0.009286572531380426
0.006752287798220517
-0.008276568423237742
-0.05402974011940645
-0.15653348212441576
-0.3356280495427031
-0.5795788432383087
-0.8276052689773115
-0.9871371266163389
-0.9871371266163234
-0.8276052689772693
-0.5795788432382547
-0.33562804954264935
-0.15653348212437002
-0.05402974011936956
-0.008276568423209195
0.006752287798243782
0.009286572531401624
0.008220737266337593
0.006706137321359173
0.0054838692301663935
0.004585232354046469
0.003920852339607084
0.0034162787672248488
0.0030231415277392473
0.0027105456377703556
0.002458049279342148
0.0022515908578763164
0.0020811838261339593
0.001939554393855473
0.0018212966810948529
0.0017223275530029178
0.0016395235441900142
0.0015704728117955009
0.0015133021433670572
0.0014665543358749864
0.00142910026322141
0.001400075439010405
0.0013788343373605772
0.0013649179776702137
0.0013580317844931957
-0.007032865559807635
-0.007068531689195208
-0.007140609787353837
-0.007250625882628661
-0.007400957719229996
-0.007594949489872147
-0.007837079821009077
-0.008133198507839737
-0.008490855301589996
-0.00891975568823105
-0.009432396527896188
-0.010044962913200457
-0.010778614330870146
-0.01166136761902567
-0.012730924940362438
-0.014039057386025441
-0.01565867171180302
-0.017695726310225597
-0.020309905087721018
-0.023747656119831612
-0.02836687993188826
-0.0344839129434431
-0.04130346609522474
-0.04273955165208751
-0.0159601687353891
0.10021990219670479
0.427356109237135
1.1346486945973724
2.345815573601441
3.975263987719999
5.6193329220311465
6.67238034279409
6.672380342794082
5.6193329220311075
3.9752639877199596
2.3458155736013944
1.1346486945973258
0.4273561092370979
0.10021990219667168
-0.015960168735415066
-0.04273955165211107
-0.04130346609524281
-0.034483912943459365
-0.028366879931904433
-0.023747656119844217
-0.020309905087732283
-0.01769572631023697
-0.015658671711812122
-0.014039057386034177
-0.012730924940368716
-0.011661367619034285
-0.010778614330879097
-0.010044962913203387
-0.00943239652790007
-0.008919755688237307
-0.008490855301596233
-0.008133198507842321
-0.007837079821012696
-0.00759494948987783
-0.007400957719232427
-0.007250625882632161
-0.007140609787356934
-0.007068531689192555
-0.007032865559813124
-0.014164771546890775
-0.014236605524552467
-0.014381775632170876
-0.014603355354596517
-0.014906133564835684
-0.015296845595804145
-0.01578451156214706
-0.016380913142528094
-0.017101255751837813
-0.017965086467756276
-0.018997574184630633
-0.020231315839312515
-0.02170892665009913
-0.02348683221643346
-0.02564096370922992
-0.02827558578247215
-0.03153752816859371
-0.03564018876164076
-0.04090522942758262
-0.04782956536073274
-0.057137751307409675
-0.069486541547267
-0.0833589463862002
-0.08679838840175631
-0.034692054977539605
0.19416385588639945
0.8409479044564361
2.241818691143186
4.643129622902514
7.875814088251191
11.138803086585215
13.229249030012117
13.229249030012088
11.138803086585115
7.875814088251076
4.643129622902382
2.241818691143063
0.8409479044563378
0.19416385588631163
-0.03469205497760851
-0.0867983884018172
-0.08335894638624787
-0.06948654154731002
-0.05713775130744711
-0.04782956536076542
-0.04090522942761268
-0.0356401887616665
-0.0315375281686157
-0.028275585782494422
-0.02564096370924901
-0.023486832216451703
-0.02170892665011346
-0.02023131583932564
-0.018997574184642915
-0.017965086467766067
-0.017101255751849006
-0.016380913142534436
-0.015784511562156683
-0.015296845595812205
-0.014906133564843577
-0.014603355354600674
-0.014381775632176585
-0.014236605524550059
-0.014164771546898079
-0.018228748411896385
-0.018321192372498078
-0.01850801344008748
-0.01879316693734876
-0.01918281575238392
-0.01968562771145404
-0.020313210975275036
-0.02108072762489522
-0.022007745832917366
-0.023119421175645513
-0.024448144112310666
-0.02603586449321107
-0.027937425059497034
-0.03022544169633699
-0.032997632917447284
-0.03638818111739876
-0.04058604822865349
-0.04586586565720223
-0.05264157943641199
-0.061552538855604445
-0.07353017332953761
-0.08941422610647123
-0.10722887610938865
-0.11150354848110217
-0.04394144133780041
0.25199093921439214
1.0876573699866685
2.896904859171547
5.997506879347183
10.170966537845038
14.383156118274815
17.081570764032453
17.081570764032417
14.383156118274684
10.170966537844887
5.997506879346999
2.8969048591713795
1.08765736998653
0.2519909392142742
-0.043941441337895966
-0.11150354848118241
-0.10722887610945245
-0.08941422610653074
-0.07353017332958788
-0.06155253885564831
-0.052641579436448704
-0.04586586565723792
-0.040586048228683655
-0.03638818111742717
-0.03299763291747237
-0.030225441696358303
-0.027937425059515016
-0.02603586449322946
-0.02444814411232677
-0.02311942117565892
-0.02200774583292894
-0.021080727624906304
-0.020313210975287585
-0.019685627711463753
-0.019182815752392102
-0.01879316693735386
-0.018508013440094142
-0.01832119237249687
-0.018228748411902126
-0.01897499605291928
-0.019071225162186185
-0.019265695703088597
-0.01956252499816501
-0.019968128355563414
-0.020491528627028195
-0.021144809446159027
-0.021943753959913867
-0.02290873192622605
-0.024065929447747436
-0.025449063989992374
-0.02710180419945933
-0.029081240113168535
-0.03146296360896879
-0.03434869866251572
-0.03787812899611199
-0.04224796553361007
-0.047744099549335686
-0.05479739670728841
-0.06407291830514658
-0.07653696329093118
-0.09304623790618341
-0.11146866428294659
-0.11543301416965897
-0.043483207183726384
0.2691122128179565
1.1496668363542055
3.0538341035053476
6.314839834658292
10.702289431476764
15.12924808638
17.96482024035982
17.964820240359792
15.129248086379853
10.702289431476599
6.3148398346581
3.0538341035051744
1.1496668363540603
0.2691122128178341
-0.04348320718382702
-0.11543301416974328
-0.11146866428301473
-0.09304623790624608
-0.07653696329098307
-0.06407291830519257
-0.05479739670732722
-0.0477440995493717
-0.04224796553364158
-0.0378781289961409
-0.034348698662541505
-0.03146296360898793
-0.0290812401131874
-0.02710180419947677
-0.02544906399000779
-0.024065929447764155
-0.022908731926238
-0.02194375395992544
-0.02114480944617012
-0.020491528627039256
-0.01996812835557026
-0.01956252499817232
-0.019265695703095675
-0.01907122516218629
-0.018974996052922324
-0.01743600496887327
-0.017524430074778177
-0.017703129439240663
-0.017975886532302005
-0.018348596482315474
-0.018829550539954484
-0.01942985257624215
-0.020164006039522325
-0.021050729149918714
-0.022114084963944416
-0.023385057402080037
-0.02490377497554315
-0.02672269981846787
-0.02891129655097297
-0.03156304449712453
-0.03480630750951091
-0.038821857140934564
-0.04387241564686423
-0.05035386423764157
-0.05887673464783817
-0.07032484823293335
-0.08546358068720555
-0.10223928805355707
-0.10527330774407226
-0.03712421398457086
0.2558272583816825
1.0783764671735105
2.8543164107352053
5.89293446582745
9.978820124257624
14.100016147692807
16.739214461497635
16.739214461497593
14.100016147692678
9.978820124257474
5.892934465827277
2.854316410735046
1.078376467173379
0.2558272583815704
-0.03712421398466148
-0.10527330774414985
-0.10223928805361909
-0.08546358068726209
-0.0703248482329801
-0.05887673464788053
-0.050353864237677556
-0.0438724156468956
-0.03882185714096205
-0.03480630750953733
-0.03156304449714719
-0.02891129655098987
-0.026722699818483603
-0.024903774975558155
-0.023385057402093262
-0.022114084963958856
-0.02105072914992992
-0.0201640060395321
-0.019429852576253008
-0.018829550539963377
-0.018348596482322885
-0.017975886532307188
-0.017703129439248386
-0.017524430074777657
-0.017436004968878198
-0.014996361972965527
-0.015072415300804675
-0.015226112411103547
-0.015460707464647856
-0.015781270862322096
-0.01619493391783206
-0.016711247096241177
-0.01734268486943854
-0.018105346886995773
-0.01901992998050032
-0.020113083763558876
-0.021419323357360576
-0.02298377244557745
-0.02486617926120825
-0.027146948340464015
-0.02993649066292066
-0.033390296748295405
-0.03773434333733801
-0.04330908007383394
-0.0506390657074986
-0.060480689386919056
-0.07347224299923744
-0.08776100794230418
-0.08981339466690216
-0.029337248788387293
0.2278529720969414
0.9476020720873937
2.4990876944977374
5.151168226572658
8.71518686837835
12.308680506156032
14.609470769209029
14.609470769209002
12.308680506155937
8.715186868378229
5.151168226572512
2.499087694497605
0.9476020720872842
0.22785297209684807
-0.029337248788463152
-0.089813394666967
-0.08776100794235617
-0.07347224299928556
-0.06048068938695822
-0.05063906570753474
-0.043309080073863734
-0.03773434333736417
-0.033390296748318046
-0.029936490662942565
-0.02714694834048228
-0.024866179261221925
-0.022983772445589797
-0.021419323357372823
-0.020113083763568997
-0.019019929980511916
-0.01810534688700536
-0.017342684869446526
-0.016711247096250714
-0.01619493391783909
-0.015781270862328153
-0.015460707464651582
-0.015226112411109084
-0.015072415300805083
-0.014996361972969614
-0.012644398916860092
-0.012708524789772425
-0.012838117572689371
-0.013035921104833929
-0.013306210642894115
-0.01365499916728121
-0.014090339446841772
-0.014622749731210038
-0.01526580497750372
-0.016036956446843057
-0.016958674755340308
-0.01806006270688431
-0.019379168287014567
-0.0209663710489442
-0.02288946830983834
-0.02524155962870385
-0.028153756962141258
-0.031816604279811915
-0.03651712375721766
-0.04269720158784751
-0.05099186414741451
-0.061924842564170635
-0.07387155447473684
-0.07519928014299108
-0.022861115566715013
0.19777588445034075
0.8135433235189629
2.139119563205952
4.403272138397683
7.444485215690572
10.50991676482596
12.472276903394844
12.472276903394832
10.509916764825876
7.444485215690474
4.403272138397567
2.1391195632058455
0.8135433235188742
0.19777588445026584
-0.022861115566776537
-0.07519928014304364
-0.07387155447477929
-0.06192484256421027
-0.05099186414744718
-0.042697201587877216
-0.03651712375724203
-0.031816604279832884
-0.028153756962159514
-0.025241559628721207
-0.022889468309853
-0.020966371048954498
-0.019379168287024386
-0.018060062706893712
-0.016958674755348485
-0.01603695644685254
-0.015265804977511767
-0.014622749731216913
-0.014090339446849533
-0.013654999167286953
-0.013306210642898806
-0.013035921104836652
-0.01283811757269341
-0.012708524789772881
-0.012644398916863805
-0.010784066112205823
-0.010838757533144155
-0.010949284119984564
-0.011117986041317399
-0.011348509583881707
-0.011645983108911845
-0.01201727468008603
-0.012471355132776113
-0.013019802326966687
-0.013677500176704549
-0.014463613554805507
-0.015402963877736167
-0.016528001866244108
-0.01788169582166277
-0.01952186971397763
-0.021527928005651287
-0.024011696248878542
-0.027135687564513053
-0.03114467341487536
-0.03641528771560808
-0.043487536308490685
-0.052799722525545004
-0.06293014527736851
-0.06382918470336574
-0.01841081941785383
0.17195906478536435
0.7022985986770548
1.842971264587931
3.7903029203490375
6.405124100322492
9.040243267214128
10.72694999091615
10.72694999091613
9.040243267214061
6.405124100322418
3.7903029203489407
1.8429712645878438
0.7022985986769832
0.17195906478530326
-0.018410819417903544
-0.06382918470340906
-0.0629301452774031
-0.052799722525578206
-0.04348753630851748
-0.036415287715633356
-0.03114467341489543
-0.027135687564530626
-0.024011696248893155
-0.02152792800566548
-0.019521869713989122
-0.017881695821671473
-0.016528001866251866
-0.01540296387774388
-0.014463613554812349
-0.013677500176712343
-0.013019802326974032
-0.01247135513278183
-0.012017274680092779
-0.011645983108915993
-0.01134850958388572
-0.011117986041318619
-0.010949284119987253
-0.01083875753314438
-0.010784066112209672
-0.009427961921833119
-0.009475775920706506
-0.009572403840125164
-0.009719891578021556
-0.00992142690958668
-0.010181493318061237
-0.010506095227447537
-0.010903075418067669
-0.011382555873108526
-0.011957548910398162
-0.012644809501089767
-0.01346603788792924
-0.014449604292924962
-0.01563307402984769
-0.017067000142807764
-0.018820802694957818
-0.020992246254206825
-0.023723408316967263
-0.02722826798376611
-0.031835982571213936
-0.038017907137336195
-0.046153333611886255
-0.05498254846144152
-0.055659963921407776
-0.015589589757388814
0.1518641696072905
0.6179259501610795
1.619891993793552
3.3299752093129307
5.625847872985995
7.939306406181841
9.420038869303987
9.42003886930398
7.939306406181782
5.625847872985936
3.3299752093128525
1.6198919937934813
0.6179259501610206
0.15186416960723995
-0.015589589757430054
-0.055659963921444025
-0.054982548461470486
-0.04615333361191434
-0.03801790713735879
-0.031835982571235974
-0.027228267983783444
-0.023723408316982386
-0.020992246254218846
-0.018820802694969666
-0.01706700014281722
-0.015633074029855594
-0.01444960429293177
-0.013466037887936076
-0.012644809501096196
-0.011957548910404894
-0.011382555873115287
-0.01090307541807274
-0.010506095227453362
-0.010181493318063955
-0.009921426909589883
-0.009719891578021658
-0.00957240384012677
-0.00947577592070643
-0.009427961921836958
-0.008446577121690519
-0.00848941402560212
-0.008575983670658899
-0.008708118991995261
-0.00888867594109469
-0.00912167130400359
-0.009412484489089053
-0.009768141902164976
-0.010197711904445565
-0.010712852330478188
-0.011328574087491921
-0.012064318591235421
-0.01294550294645844
-0.01400578221764569
-0.015290447288684072
-0.016861692169999987
-0.018807104917535046
-0.02125397333038668
-0.024393997032260924
-0.02852202515489083
-0.03406006511959584
-0.04134646213152775
-0.049246321426001625
-0.04981234575513471
-0.013776037173752559
0.13663342461439376
0.5550952067123378
1.4545607135048044
2.9895390840773945
5.050188116257445
7.126536430166718
8.455476352558861
8.45547635255885
7.12653643016667
5.050188116257395
2.9895390840773253
1.4545607135047427
0.5550952067122883
0.13663342461435057
-0.01377603717378751
-0.04981234575516579
-0.04924632142602614
-0.04134646213155216
-0.03406006511961495
-0.02852202515491043
-0.024393997032276113
-0.021253973330400227
-0.018807104917545038
-0.016861692170010354
-0.015290447288692234
-0.014005782217653508
-0.012945502946465043
-0.012064318591242068
-0.011328574087498527
-0.010712852330484371
-0.01019771190445197
-0.009768141902169597
-0.009412484489094132
-0.009121671304005255
-0.008888675941097076
-0.008708118991994696
-0.008575983670659683
-0.008489414025601657
-0.008446577121694221
-0.007710914592002988
-0.007750020568141105
-0.007829050333459856
-0.007949677181042742
-0.008114508319235473
-0.008327210686331162
-0.008592695163237655
-0.008917376180395942
-0.009309532276057563
-0.009779805926965143
-0.010341900640271275
-0.011013564547470897
-0.011818001003313164
-0.012785933817534002
-0.013958709166933448
-0.01539310412562337
-0.017169078012635303
-0.019402831878366392
-0.022269366618560868
-0.026037835998536856
-0.031093403291386976
-0.03774449236699553
-0.04495310767266884
-0.04545717297511501
-0.01251695014031557
0.12491297894006483
0.5072147962233071
1.3289063331531934
2.7311120527509365
4.613479819827523
6.5101646315447885
7.724104898476453
7.724104898476446
6.51016463154475
4.613479819827475
2.731112052750878
1.3289063331531397
0.5072147962232654
0.12491297894002726
-0.012516950140346176
-0.04545717297514194
-0.044953107672690326
-0.037744492367017005
-0.03109340329140361
-0.026037835998554328
-0.02226936661857478
-0.01940283187837871
-0.017169078012643772
-0.015393104125632648
-0.013958709166940655
-0.01278593381754176
-0.011818001003319614
-0.01101356454747765
-0.01034190064027806
-0.009779805926971086
-0.009309532276063601
-0.008917376180400494
-0.0085926951632422
-0.008327210686332402
-0.00811450831923749
-0.007949677181042175
-0.00782905033346046
-0.00775002056814029
-0.007710914592006573
-0.007132964393081038
-0.007169139281312097
-0.007242245573476171
-0.007353831144716139
-0.0075063077858574
-0.0077030675878731105
-0.00794865334719281
-0.008248998714194544
-0.008611761726366036
-0.009046787174851557
-0.009566751446680084
-0.01018807239440504
-0.010932214204665513
-0.011827597831454326
-0.012912470404606332
-0.01423935333406294
-0.015882212640970332
-0.01794853949404491
-0.020600217017903308
-0.02408622060516831
-0.02876282060070322
-0.034915206150953164
-0.0415826786359689
-0.042045654828571394
-0.011563193278645533
0.11559807531754536
0.4693224632612307
1.2295800517202156
2.526938862940689
4.268548339658757
6.023399394769069
7.146559774043427
7.14655977404342
6.0233993947690205
4.268548339658713
2.5269388629406384
1.2295800517201658
0.469322463261194
0.11559807531751176
-0.011563193278672772
-0.0420456548285949
-0.041582678635987996
-0.0349152061509726
-0.028762820600717935
-0.024086220605183943
-0.020600217017916415
-0.017948539494056386
-0.01588221264097759
-0.014239353334071687
-0.012912470404612832
-0.011827597831461938
-0.010932214204671624
-0.010188072394411865
-0.009566751446686736
-0.00904678717485716
-0.008611761726371604
-0.008248998714199098
-0.007948653347197212
-0.007703067587874474
-0.007506307785859739
-0.00735383114471606
-0.007242245573477147
-0.007169139281310794
-0.0071329643930844915
-0.006660134055445658
-0.00669391097493721
-0.006762171181356151
-0.006866359943565114
-0.007008729178421052
-0.007192446120248252
-0.007421752430159887
-0.00770218842534954
-0.008040904502651327
-0.008447092855192687
-0.008932589568496178
-0.009512724175376571
-0.010207538025271634
-0.01104356807518058
-0.012056526084615656
-0.013295451852379413
-0.01482940821691667
-0.016758760739964195
-0.019234661113791383
-0.022489579095759826
-0.02685616254758299
-0.03260066962181532
-0.03882597330623076
-0.039257505794641906
-0.010793073578619177
0.10794656652932597
0.4382421829339569
1.1481426166238506
2.3595670673047016
3.985815300494814
5.624427806806352
6.673191797784746
6.673191797784741
5.62442780680632
3.9858153004947794
2.359567067304654
1.1481426166238078
0.4382421829339247
0.1079465665292958
-0.010793073578643876
-0.039257505794662466
-0.03882597330624813
-0.032600669621832994
-0.02685616254759631
-0.02248957909577365
-0.019234661113804043
-0.01675876073997492
-0.014829408216923086
-0.013295451852388163
-0.012056526084621736
-0.011043568075188085
-0.010207538025277123
-0.00951272417538338
-0.008932589568502092
-0.008447092855197819
-0.008040904502656132
-0.0077021884253539435
-0.0074217524301640365
-0.007192446120249824
-0.0070087291784239215
-0.006866359943565669
-0.00676217118135759
-0.006693910974935473
-0.006660134055448977
-0.006261398335294076
-0.006293153059691777
-0.00635732658618194
-0.006455277656351488
-0.0065891233662824355
-0.006761841330028112
-0.0069774192631113525
-0.007241065787274561
-0.007559503209188049
-0.007941373390294507
-0.008397803795469505
-0.008943206185040659
-0.009596422040151917
-0.010382399557545219
-0.011334712439615622
-0.012499464473288441
-0.013941583691772886
-0.015755426720725392
-0.018083095654174135
-0.021143141879242804
-0.025248296421176854
-0.030648872074555078
-0.03650143301282857
-0.0369069851293435
-0.0101461593261164
0.10148637375062686
0.4120121543613344
1.0794217522100977
2.2183374357031562
3.747248756766334
5.287784913939064
6.2737771743972495
6.2737771743972495
5.28778491393903
3.7472487567663
2.218337435703114
1.0794217522100578
0.4120121543613054
0.10148637375059935
-0.010146159326138793
-0.03690698512936148
-0.03650143301284435
-0.030648872074571405
-0.0252482964211889
-0.02114314187925489
-0.018083095654186254
-0.015755426720735495
-0.013941583691778565
-0.012499464473297427
-0.011334712439621215
-0.010382399557552349
-0.009596422040156295
-0.008943206185047008
-0.008397803795474208
-0.007941373390298871
-0.007559503209192067
-0.0072410657872786326
-0.006977419263115219
-0.006761841330029713
-0.006589123366286029
-0.006455277656352681
-0.006357326586183971
-0.006293153059689768
-0.006261398335297523
-0.005917490800119458
-0.005947501392333
-0.006008150179812103
-0.006100721274899699
-0.0062272154915935865
-0.006390446897644727
-0.006594184182104329
-0.006843349881505302
-0.007144297077531614
-0.0075051929741914575
-0.007936553855858825
-0.008451999910495224
-0.009069337741505458
-0.009812145251863982
-0.010712152086623352
-0.011812929747233858
-0.013175840035428519
-0.014890056932814005
-0.0170898773784087
-0.019981848484884913
-0.023861524146172763
-0.028965469063635188
-0.03449657570348029
-0.0348798537393171
-0.009588838336917458
0.09591250977820995
0.3893836121386811
1.0201383656124656
2.096504428937732
3.5414483295464088
4.997379274575531
5.929221748207496
5.929221748207485
4.9973792745755015
3.5414483295463817
2.0965044289376964
1.0201383656124297
0.3893836121386553
0.09591250977818518
-0.009588838336937664
-0.03487985373933272
-0.034496575703494486
-0.028965469063650016
-0.02386152414618377
-0.019981848484895304
-0.017089877378420215
-0.014890056932823682
-0.013175840035433841
-0.011812929747243257
-0.010712152086628573
-0.009812145251870697
-0.009069337741508551
-0.008451999910500767
-0.007936553855861925
-0.007505192974194859
-0.0071442970775347815
-0.006843349881509041
-0.006594184182107811
-0.006390446897646299
-0.006227215491597814
-0.0061007212749015285
-0.006008150179814438
-0.005947501392331089
-0.0059174908001232845
-0.0056156168834691385
-0.005644096518127879
-0.005701651373943706
-0.0057895000555278926
-0.005909541307302124
-0.006064445640068519
-0.006257789486803519
-0.0064942442654636135
-0.00677983896112979
-0.007122324135243106
-0.007531679593106278
-0.008020830700220088
-0.008606675670326157
-0.009311589597276073
-0.010165683459861338
-0.011210305985201424
-0.012503688631684393
-0.01413045619790989
-0.0162180544842176
-0.018962493646617624
-0.022644250283825555
-0.02748782292664996
-0.03273677655456219
-0.03310054883909126
-0.009099858380095655
0.09101919934518055
0.36951889429184176
0.9680963608957052
1.9895535547316754
3.3607870650923735
4.74244771297531
5.626755032202445
5.626755032202437
4.742447712975281
3.3607870650923455
1.9895535547316427
0.9680963608956753
0.36951889429181817
0.09101919934515824
-0.009099858380113684
-0.03310054883910506
-0.03273677655457498
-0.02748782292666367
-0.022644250283835658
-0.018962493646626756
-0.01621805448422827
-0.014130456197919408
-0.012503688631689488
-0.011210305985210878
-0.010165683459866072
-0.009311589597282365
-0.008606675670328261
-0.008020830700224777
-0.007531679593108074
-0.007122324135245641
-0.006779838961132271
-0.006494244265466978
-0.006257789486806416
-0.00606444564006977
-0.005909541307306565
-0.005789500055529959
-0.005701651373945932
-0.005644096518126095
-0.0056156168834736835
-0.005346789400480522
-0.005373905673335878
-0.005428705293892154
-0.005512348530261046
-0.005626643231004917
-0.005774132065383324
-0.0059582202568832544
-0.006183355595253645
-0.006455278448386604
-0.006781368345764679
-0.007171127342990035
-0.007636862046693001
-0.008194661724282544
-0.008865830334728025
-0.009679037389956034
-0.010673652175960302
-0.01190511849627264
-0.013454009982548287
-0.015441671323671087
-0.01805472927634552
-0.02156023388274786
-0.02617193923333353
-0.031169633843211413
-0.031516060146890026
-0.008664527472877466
0.08666118297388908
0.3518277377628912
0.9217489918136996
1.89430584392978
3.199894865931876
4.515412361104999
5.3573861233926205
5.357386123392613
4.5154123611049695
3.199894865931852
1.8943058439297489
0.9217489918136742
0.35182773776286946
0.08666118297386911
-0.008664527472893587
-0.031516060146902475
-0.031169633843222813
-0.02617193923334596
-0.021560233882757233
-0.018054729276353473
-0.01544167132368086
-0.013454009982557486
-0.011905118496277662
-0.010673652175969443
-0.009679037389960331
-0.008865830334733881
-0.008194661724284121
-0.007636862046697024
-0.007171127342991097
-0.006781368345766786
-0.006455278448388698
-0.006183355595256803
-0.005958220256885451
-0.005774132065384297
-0.005626643231008999
-0.005512348530262955
-0.005428705293893722
-0.005373905673334208
-0.005346789400485866
-0.005104429782560684
-0.005130316925929645
-0.005182632583035224
-0.00526248442913363
-0.005371598366273708
-0.005512401809087193
-0.005688145628375862
-0.005903076003492704
-0.006162673101598067
-0.006473981951026354
-0.006846073895660984
-0.007290697704686438
-0.007823213346055017
-0.008463959105303481
-0.009240304951194604
-0.010189835620487694
-0.011365481729712253
-0.012844164616595698
-0.014741728571697619
-0.017236340855731235
-0.020582947031438825
-0.024985615170062966
-0.02975679320418315
-0.030087597747324727
-0.00827213824794406
0.0827319864921789
0.33587768956442743
0.879963182319361
1.8084326438346663
3.05483813120773
4.310722489253082
5.114529287247793
5.1145292872477945
4.310722489253061
3.054838131207711
1.8084326438346392
0.8799631823193386
0.33587768956440744
0.08273198649216117
-0.008272138247958255
-0.03008759774733651
-0.02975679320419352
-0.024985615170074714
-0.02058294703144787
-0.017236340855738816
-0.014741728571706723
-0.012844164616604972
-0.011365481729717568
-0.010189835620496393
-0.00924030495119858
-0.008463959105308599
-0.007823213346056077
-0.007290697704689538
-0.0068460738956616085
-0.006473981951028131
-0.0061626731015999026
-0.005903076003495569
-0.005688145628377293
-0.0055124018090877405
-0.005371598366277002
-0.005262484429134911
-0.00518263258303611
-0.005130316925928063
-0.005104429782566837
-0.004883571713924061
-0.004908338773309103
-0.004958390838415889
-0.005034787657571708
-0.0051391804564330824
-0.005273891620153296
-0.0054420313606989325
-0.0056476621334894
-0.005896026989437217
-0.0061938661320119805
-0.0065498584052936515
-0.0069752442313224415
-0.007484718980740655
-0.008097740938570023
-0.008840495823845704
-0.009748942146800468
-0.010873720303975444
-0.012288423367746715
-0.014103883224867624
-0.016490558177789043
-0.019692363292216776
-0.02390454034428459
-0.028469300907696744
-0.028785881456411352
-0.00791461888708465
0.07915119406464052
0.3213421829699644
0.8418833202146873
1.7301755554905782
2.9226465561132766
4.124186688013987
4.893211574880885
4.893211574880889
4.124186688013957
2.9226465561132677
1.730175555490554
0.8418833202146683
0.3213421829699452
0.0791511940646247
-0.007914618887097127
-0.02878588145642294
-0.028469300907706517
-0.023904540344295892
-0.019692363292225984
-0.01649055817779678
-0.014103883224876325
-0.012288423367755943
-0.010873720303981057
-0.009748942146808475
-0.008840495823849274
-0.008097740938573971
-0.0074847189807410765
-0.006975244231324385
-0.006549858405293878
-0.006193866132013333
-0.005896026989438596
-0.005647662133491659
-0.005442031360699534
-0.005273891620153448
-0.0051391804564353835
-0.005034787657572213
-0.004958390838416272
-0.004908338773307594
-0.0048835717139307025
-0.004680372598446715
-0.004704109131526684
-0.004752078592893488
-0.0048252966360098955
-0.0049253457809942175
-0.0050544517813020055
-0.005215595436641456
-0.005412670168412352
-0.005650700870256744
-0.005936147293512077
-0.006277327165382866
-0.0066850132064736
-0.007173289329095873
-0.007760804179724493
-0.008472653916525418
-0.009343300851342287
-0.010421278280195354
-0.011777117129700757
-0.013517037664464954
-0.015804405630663917
-0.018872987628944266
-0.022909905158065832
-0.02728475490617904
-0.02758825757731241
-0.007585728597367546
0.07585657060751316
0.3079685019939191
0.8068472948844017
1.6581738585157308
2.801021601306357
3.9525614794049524
4.689584721821436
4.689584721821431
3.952561479404932
2.8010216013063403
1.6581738585157098
0.8068472948843863
0.3079685019939017
0.07585657060749892
-0.007585728597378254
-0.02758825757732387
-0.027284754906188168
-0.022909905158076796
-0.018872987628953466
-0.015804405630671967
-0.013517037664473023
-0.011777117129709585
-0.010421278280200688
-0.009343300851349436
-0.008472653916528319
-0.007760804179727112
-0.007173289329095637
-0.006685013206474427
-0.006277327165382662
-0.005936147293512676
-0.0056507008702573035
-0.005412670168413494
-0.005215595436641227
-0.0050544517813016715
-0.004925345780995591
-0.00482529663600949
-0.004752078592893597
-0.004704109131525004
-0.0046803725984534235
-0.004491796810141299
-0.004514576979349162
-0.0045606137127853445
-0.00463088174236666
-0.004726899827117577
-0.004850804042968342
-0.0050054550906198205
-0.005194589522117049
-0.005423029773692857
-0.005696975327522535
-0.006024408782020211
-0.006415668814909204
-0.0068842718843488086
-0.0074481152647238764
-0.008131283964768414
-0.008966851773647765
-0.010001396527197315
-0.011302607378461635
-0.01297242485462707
-0.01516763258282212
-0.018112579095893457
-0.021986850224401
-0.02618545794487792
-0.026476830599534353
-0.007280539887130641
0.07279894218208327
0.2955569787416117
0.7743319869287391
1.5913524806497488
2.688147247993853
3.7932842721922295
4.50060830976588
4.50060830976588
3.7932842721922095
2.6881472479938395
1.5913524806497308
0.7743319869287246
0.2955569787415965
0.07279894218207059
-0.007280539887139699
-0.026476830599545306
-0.026185457944886175
-0.02198685022441103
-0.01811257909590239
-0.01516763258283017
-0.012972424854634299
-0.011302607378469703
-0.010001396527201813
-0.0089668517736539
-0.008131283964770171
-0.007448115264724956
-0.006884271884347698
-0.0064156688149089695
-0.0060244087820195
-0.005696975327522275
-0.0054230297736926015
-0.005194589522117031
-0.005005455090618817
-0.004850804042967537
-0.0047268998271180595
-0.004630881742365386
-0.004560613712785147
-0.0045145769793470975
-0.004491796810147536
-0.004315401814955101
-0.004337287395362625
-0.004381516242900549
-0.004449024811217335
-0.004541272216815692
-0.0046603106507145265
-0.0048088884722620635
-0.004990595496943408
-0.005210064781087794
-0.005473252349504935
-0.005787827319097745
-0.0061637223612501894
-0.006613923134094957
-0.007155624074084108
-0.007811964354811128
-0.00861471893326374
-0.009608636496708631
-0.010858747987603688
-0.01246299064481615
-0.014571991153019062
-0.017401288368938964
-0.021123419388190394
-0.025157170550160438
-0.0254372018873621
-0.006995089753442632
0.06993873665854516
0.28394694022471834
0.7439164457604466
1.5288463211776615
2.582562163768835
3.644292974667088
4.323835744171426
4.3238357441714195
3.644292974667072
2.582562163768824
1.528846321177644
0.7439164457604341
0.28394694022470407
0.06993873665853395
-0.006995089753450008
-0.025437201887372068
-0.025157170550167824
-0.021123419388199255
-0.01740128836894742
-0.014571991153027082
-0.012462990644822619
-0.010858747987611059
-0.009608636496712009
-0.008614718933268897
-0.007811964354811361
-0.007155624074083688
-0.006613923134092741
-0.006163722361248937
-0.005787827319096389
-0.005473252349503761
-0.005210064781086862
-0.004990595496942376
-0.0048088884722604815
-0.004660310650713321
-0.004541272216815527
-0.004449024811215481
-0.0043815162429001395
-0.0043372873953602155
-0.004315401814960493
-0.004149189094093363
-0.004170231725246976
-0.00421275704590638
-0.004277665441041741
-0.004366359827465751
-0.004480813353495457
-0.0046236685219700835
-0.00479837688210372
-0.005009393042179124
-0.005262443623094578
-0.005564902355812322
-0.00592631934190946
-0.006359180079702989
-0.0068800167387690365
-0.007511077255592448
-0.008282912729752076
-0.009238548287287233
-0.01044051010533448
-0.011982963225544985
-0.01401073280586593
-0.016731056593919935
-0.020309829972094275
-0.02418824186352231
-0.02445759060034998
-0.006726136821299397
0.06724357163871302
0.2730069106479768
0.715256218060917
1.4699474916671829
2.4830705808479334
3.503900234564494
4.157265044752878
4.157265044752871
3.5039002345644787
2.4830705808479268
1.4699474916671678
0.7152562180609057
0.27300691064796373
0.06724357163870341
-0.006726136821305405
-0.024457590600358577
-0.024188241863528866
-0.020309829972101453
-0.016731056593927648
-0.01401073280587345
-0.011982963225550827
-0.010440510105341154
-0.00923854828728975
-0.008282912729756587
-0.007511077255591537
-0.006880016738767704
-0.006359180079699982
-0.005926319341907578
-0.00556490235581043
-0.005262443623092759
-0.005009393042177996
-0.004798376882102299
-0.004623668521968367
-0.004480813353494357
-0.004366359827465441
-0.00427766544103998
-0.00421275704590604
-0.004170231725244652
-0.004149189094097677
-0.0039914974443567295
-0.0040117403409823775
-0.0040526494679549736
-0.004115090990669264
-0.004200414507392092
-0.004310518175957243
-0.004447944069556165
-0.00461601255951965
-0.004819008954442209
-0.00506244223198607
-0.005353405880505492
-0.005701087044701656
-0.006117496704424399
-0.006618538714376593
-0.007225615464444788
-0.007968116939627071
-0.008887433065753129
-0.010043713665629693
-0.011527544972641836
-0.013478248047795306
-0.01609518512217792
-0.019537950468775364
-0.023268987559300854
-0.023528204544371177
-0.006470987662638511
0.06468652758068597
0.26262759753117415
0.6880649706402391
1.4140675480790104
2.388678498009601
3.3707034133248377
3.9992320333641365
3.9992320333641347
3.3707034133248213
2.3886784980095968
1.4140675480789975
0.6880649706402289
0.26262759753116305
0.06468652758067772
-0.006470987662643295
-0.023528204544378383
-0.023268987559306557
-0.019537950468780672
-0.016095185122184538
-0.013478248047801912
-0.01152754497264702
-0.010043713665635648
-0.008887433065755262
-0.007968116939631327
-0.0072256154644436636
-0.006618538714375441
-0.006117496704421559
-0.005701087044700014
-0.005353405880503808
-0.005062442231984337
-0.0048190089544415445
-0.004616012559518441
-0.004447944069554673
-0.004310518175956373
-0.004200414507391873
-0.004115090990667816
-0.004052649467954854
-0.0040117403409804415
-0.003991497444359915
-0.0038409248129805127
-0.0038604040792713937
-0.0038997699759818474
-0.003959855993783725
-0.00404196081947913
-0.004147911005886281
-0.004280152730475625
-0.004441881108760691
-0.004637219792737173
-0.004871469942406819
-0.00515145745516732
-0.005486022904665112
-0.005886724174605399
-0.006368865170357585
-0.00695304090779976
-0.007667532676460041
-0.0085521690240234
-0.009664830701137876
-0.011092686701456404
-0.012969802479132687
-0.015488020312096536
-0.018800917915487776
-0.022391234131969376
-0.022640779299824856
-0.006227369650606705
0.062244882455725
0.25271675275220784
0.6621010259997971
1.360709819359181
2.2985469376919094
3.2435186269596836
3.848332075973055
3.84833207597305
3.2435186269596663
2.2985469376919063
1.3607098193591702
0.6621010259997893
0.2527167527521983
0.06224488245571781
-0.006227369650610735
-0.02264077929983084
-0.022391234131974642
-0.018800917915491537
-0.015488020312102276
-0.012969802479138452
-0.011092686701461203
-0.009664830701143247
-0.008552169024025703
-0.007667532676464261
-0.006953040907799259
-0.006368865170357352
-0.005886724174603516
-0.005486022904664311
-0.00515145745516645
-0.0048714699424057956
-0.004637219792737411
-0.004441881108760157
-0.004280152730474586
-0.004147911005885706
-0.004041960819479098
-0.0039598559937826594
-0.0038997699759820512
-0.003860404079270079
-0.003840924812982712
-0.003696269802837468
-0.0037150154500836655
-0.003752898766729967
-0.0038107218528710815
-0.0038897344847082967
-0.003991694424184029
-0.004118955721833036
-0.0042745931600158965
-0.004462575087377966
-0.004688003013681113
-0.004957445761936474
-0.005279410955300002
-0.005665021188440967
-0.006129003995988477
-0.0066911787504224385
-0.007378761618694206
-0.008230081134233798
-0.009300838152792722
-0.010674918730509794
-0.012481339269369441
-0.014904717651414174
-0.018092851558380117
-0.021547977868682074
-0.021788233344827358
-0.005993335866805402
0.0598991646488521
0.2431953263114645
0.6371572850495868
1.3094486972111512
2.2119569620355595
3.1213313800211355
3.703361511719602
3.703361511719601
3.1213313800211226
2.211956962035559
1.3094486972111445
0.6371572850495798
0.24319532631145685
0.05989916464884608
-0.005993335866808875
-0.021788233344832608
-0.02154797786868691
-0.01809285155838293
-0.014904717651419173
-0.012481339269374572
-0.01067491873051432
-0.009300838152797782
-0.00823008113423681
-0.007378761618698699
-0.006691178750423083
-0.006129003995989674
-0.00566502118844053
-0.005279410955300321
-0.004957445761936859
-0.004688003013681191
-0.004462575087379223
-0.004274593160016219
-0.004118955721832613
-0.003991694424183712
-0.0038897344847085426
-0.003810721852870292
-0.0037528987667305755
-0.00371501545008284
-0.0036962698028390703
-0.0035564869945698087
-0.00357452373220235
-0.0036109744043877085
-0.003666610777929385
-0.0037426353658150356
-0.0038407394560984113
-0.00396318807536205
-0.004112939725828671
-0.004293812683662264
-0.00451071553293011
-0.004769968680944864
-0.0050797580146954135
-0.005450785501077469
-0.0058972217171214016
-0.00643813651691082
-0.007099716820014682
-0.007918841668790401
-0.00894910544704802
-0.010271221849384098
-0.012009328289567706
-0.014341061596141456
-0.017408634152552446
-0.02073312437820679
-0.020964404651662213
-0.005767192507792769
0.057632429451472296
0.23399452827421535
0.6130535293750088
1.2599138162285235
2.1282829498035216
3.003258856536295
3.5632729125218967
3.5632729125218896
3.0032588565362897
2.128282949803518
1.2599138162285182
0.6130535293750035
0.233994528274209
0.05763242945146714
-0.005767192507795962
-0.020964404651666796
-0.020733124378211065
-0.017408634152554593
-0.01434106159614561
-0.012009328289572154
-0.010271221849388145
-0.00894910544705303
-0.007918841668794394
-0.007099716820019785
-0.006438136516912996
-0.005897221717124323
-0.005450785501078668
-0.0050797580146968325
-0.00476996868094659
-0.004510715532931343
-0.00429381268366438
-0.004112939725829843
-0.0039631880753621535
-0.0038407394560981967
-0.00374263536581527
-0.0036666107779284914
-0.003610974404388291
-0.003574523732201552
-0.0035564869945711062
-0.0034206521136042403
-0.00343799996358337
-0.003473058453941617
-0.0035265698749058546
-0.0035996908111222813
-0.003694047954201146
-0.0038118198211089314
-0.003955851918073126
-0.004129816687329384
-0.004338435236123905
-0.004587786572172127
-0.004885743933218646
-0.00524260053834933
-0.005671985737387874
-0.006192241035006464
-0.006828553172916887
-0.007616392641130998
-0.0086073068458255
-0.009878926719270782
-0.011550648488990768
-0.013793325108735916
-0.016743741453897065
-0.019941285517397253
-0.020163845332176723
-0.0055474423135079805
0.05542969489845213
0.22505353789426116
0.5896304191848915
1.2117777189160468
2.046971760026264
2.8885205177313225
3.427140198374966
3.4271401983749774
2.8885205177313122
2.0469717600262687
1.2117777189160424
0.5896304191848879
0.2250535378942565
0.055429694898447644
-0.0055474423135111915
-0.020163845332180717
-0.019941285517400757
-0.016743741453898814
-0.01379332510873916
-0.011550648488994548
-0.009878926719274074
-0.008607306845830612
-0.00761639264113573
-0.006828553172922467
-0.006192241035009802
-0.0056719857373922645
-0.005242600538351956
-0.004885743933220986
-0.004587786572175026
-0.004338435236126113
-0.004129816687331914
-0.003955851918074879
-0.0038118198211092255
-0.0036940479542008457
-0.003599690811122139
-0.0035265698749046893
-0.003473058453941758
-0.003437999963582219
-0.003420652113605521
-0.003287934276913462
-0.0033046090473654787
-0.0033383073027402413
-0.003389742533097333
-0.0034600264486762096
-0.0035507226269598426
-0.0036639250604663135
-0.003802368852387263
-0.003969583957534483
-0.004170108308432792
-0.0044097850526878726
-0.004696181953282593
-0.005039192861190508
-0.005451918318790255
-0.0059519881950856005
-0.0065636120054596014
-0.007320884010303445
-0.008273351611235946
-0.00949563372025949
-0.011102494178599587
-0.013258157745115838
-0.0160941063669158
-0.019167617593468682
-0.01938165802629338
-0.005332739511906803
0.053277492212517166
0.2163176781947153
0.5667447107918417
1.164746027031388
1.967526129358957
2.7764146739685867
3.2941308408296277
3.294130840829632
2.7764146739685827
1.9675261293589632
1.164746027031386
0.5667447107918393
0.21631767819471145
0.053277492212513745
-0.005332739511909894
-0.019381658026296645
-0.019167617593471343
-0.01609410636691724
-0.013258157745118234
-0.011102494178602807
-0.0094956337202619
-0.008273351611241136
-0.007320884010308396
-0.0065636120054652185
-0.005951988195089447
-0.0054519183187952715
-0.005039192861193826
-0.004696181953285301
-0.004409785052691389
-0.004170108308435496
-0.003969583957536825
-0.003802368852389342
-0.003663925060466458
-0.003550722626959462
-0.003460026448675475
-0.003389742533096041
-0.0033383073027395548
-0.003304609047363771
-0.0032879342769147916
-0.0031575733445300107
-0.00317358698852203
-0.003205949165019118
-0.0032553450753695992
-0.003322842352322391
-0.00340994258006325
-0.003518656727715307
-0.0036516114560595707
-0.0038121967628909396
-0.004004770658977919
-0.004234944620412637
-0.004509986360288288
-0.004839397453776663
-0.005235759026817819
-0.00571600195057988
-0.006303375868551791
-0.00703062325181893
-0.00794532701538345
-0.009119147541448911
-0.010662298552238358
-0.012732494326373769
-0.015456008080654546
-0.018407689327345746
-0.018613362387859315
-0.005121853063838723
0.05116349889543068
0.207736926190013
0.5442653534897168
1.1185494202144848
1.8894911223318296
2.666299364637693
3.1634831776969063
3.163483177696911
2.666299364637684
1.8894911223318382
1.1185494202144837
0.5442653534897166
0.2077369261900105
0.051163498895428185
-0.005121853063841612
-0.018613362387861866
-0.0184076893273472
-0.015456008080655465
-0.012732494326375039
-0.010662298552240684
-0.009119147541450191
-0.007945327015388413
-0.0070306232518235505
-0.006303375868556927
-0.005716001950583562
-0.005235759026822588
-0.0048393974537799395
-0.0045099863602908455
-0.004234944620416103
-0.00400477065898054
-0.0038121967628924405
-0.0036516114560615886
-0.0035186567277148664
-0.0034099425800627635
-0.0033228423523209314
-0.003255345075368392
-0.0032059491650174307
-0.0031735869885197695
-0.0031575733445313794
-0.0030288609252348605
-0.0030442218032195683
-0.003075264796584461
-0.00312264717569941
-0.0031873930532176973
-0.003270942803981337
-0.003375225423615228
-0.003502760501829351
-0.003656799849269322
-0.0038415238302008333
-0.004062315178873814
-0.004326145352863806
-0.0046421286121855285
-0.005022333234784963
-0.005482999933398413
-0.006046430618003571
-0.006744033064908919
-0.007621450545159999
-0.008747422324516968
-0.010227669547193709
-0.012213478345770752
-0.014825979092020512
-0.01765737112094943
-0.017854783114753327
-0.004913635847593932
0.049076230987107186
0.1992646633898852
0.5220702159774341
1.0729369084223475
1.8124427671122434
2.557576322033062
3.0344873867877715
3.0344873867877755
2.557576322033059
1.8124427671122458
1.072936908422347
0.5220702159774359
0.19926466338988397
0.04907623098710574
-0.0049136358475961595
-0.017854783114754892
-0.017657371120949745
-0.014825979092020427
-0.012213478345770846
-0.010227669547194885
-0.00874742232451687
-0.007621450545163997
-0.006744033064912619
-0.006046430618007685
-0.005482999933401386
-0.005022333234788637
-0.004642128612188146
-0.004326145352865748
-0.004062315178876676
-0.003841523830202893
-0.003656799849269574
-0.003502760501831069
-0.0033752254236140812
-0.003270942803980741
-0.003187393053215373
-0.0031226471756982312
-0.0030752647965815406
-0.0030442218032166453
-0.0030288609252361372
-0.002901123935369514
-0.002915836994248097
-0.0029455708017368048
-0.0029909549088983508
-0.0030529702381019005
-0.00313299641871358
-0.0032328810940861945
-0.003355037594284103
-0.0035025805900385804
-0.00367951414538613
-0.0038909939862279298
-0.004143697559761851
-0.004446354746071055
-0.004810524861672718
-0.005251763691168991
-0.0057914325933372465
-0.006459614764584221
-0.007300028531461895
-0.00837851418085892
-0.00979633432611729
-0.011698395671078082
-0.014200724726764749
-0.016912739209198464
-0.017101953031390425
-0.00470699799234272
0.04700477666809058
0.19085659419493162
0.5000432526615158
1.0276700083744539
1.7359782183313657
2.4496770900805296
2.9064690163004165
2.906469016300429
2.4496770900805305
1.7359782183313692
1.0276700083744523
0.5000432526615193
0.19085659419493164
0.0470047766680905
-0.004706997992343807
-0.017101953031390893
-0.01691273920919739
-0.01420072472676349
-0.011698395671077014
-0.009796334326117144
-0.008378514180857218
-0.007300028531464181
-0.0064596147645864625
-0.00579143259333976
-0.005251763691170613
-0.00481052486167465
-0.004446354746072553
-0.004143697559762755
-0.0038909939862297937
-0.0036795141453871126
-0.003502580590037371
-0.003355037594285182
-0.003232881094084299
-0.0031329964187128217
-0.003052970238098897
-0.0029909549088972887
-0.0029455708017330313
-0.0029158369942448056
-0.0029011239353706852
