0.000920318570959161
0.0009249859692074914
0.0009344183735796364
0.0009488154954604158
0.0009684885111333448
0.0009938750780088409
0.0010255613207455648
0.0010643128158038754
0.0011111176246977011
0.0011672459496013437
0.0012343333323212768
0.0013144980475808803
0.0014105094596775297
0.0015260345098723877
0.0016660079316456553
0.001837206149948796
0.00204917240179799
0.0023157753707495894
0.0026579014520346786
0.0031076740397862766
0.0037110619321867686
0.004504873690323584
0.005365212849301287
0.005425283047733083
0.0014934058893759832
-0.014910608763025588
-0.06054349879757459
-0.15862438106670013
-0.3259995567925108
-0.5506911983467501
-0.7770930178926498
-0.9219980506330223
-0.9219980506330224
-0.7770930178926494
-0.5506911983467511
-0.3259995567925115
-0.15862438106669857
-0.060543498797573855
-0.014910608763023976
0.0014934058893761606
0.005425283047734018
0.005365212849301165
0.0045048736903244326
0.0037110619321870457
0.0031076740397868595
0.002657901452034355
0.0023157753707501
0.002049172401797749
0.0018372061499494067
0.001666007931644818
0.001526034509872421
0.0014105094596773397
0.0013144980475815493
0.0012343333323218792
0.0011672459496024374
0.0011111176246990143
0.0010643128158049305
0.0010255613207464614
0.0009938750780093843
0.0009684885111338213
0.0009488154954606543
0.0009344183735801845
0.0009249859692068113
0.0009203185709599677
0.0008825887767828313
0.000887064828076128
0.0008961105369512216
0.0009099174273131775
0.0009287839182864395
0.0009531297248294122
0.000983516942495646
0.0010206797617246664
0.0010655657368707867
0.0011193929961247754
0.001183730029595711
0.0012606082698447733
0.00135268354644831
0.001463472468160912
0.0015977074604539023
0.001761887136556168
0.0019651634906910384
0.0022208366331925595
0.0025489366852459432
0.002980270128630216
0.003558921525469997
0.004320192240406089
0.00514527307466983
0.005202931118753752
0.001432414454924614
-0.014298630835887257
-0.05805966526603738
-0.15211752579355273
-0.3126276660329715
-0.5281036148382015
-0.7452197456330674
-0.8841816678244698
-0.8841816678244675
-0.7452197456330634
-0.5281036148381969
-0.312627666032967
-0.15211752579354682
-0.05805966526603356
-0.014298630835882929
0.0014324144549268292
0.005202931118756584
0.00514527307467127
0.004320192240408223
0.0035589215254714706
0.0029802701286318345
0.0025489366852465213
0.0022208366331938696
0.0019651634906916503
0.0017618871365574402
0.0015977074604537637
0.0014634724681617515
0.001352683546449031
0.0012606082698462752
0.0011837300295969276
0.0011193929961262504
0.001065565736872409
0.0010206797617258634
0.0009835169424966875
0.0009531297248300662
0.0009287839182872205
0.0009099174273135298
0.0008961105369518948
0.0008870648280755847
0.0008825887767835129
0.000844570869013891
0.0008488541121806698
0.0008575101726587056
0.0008707223243515297
0.0008887761318077794
0.0009120732305207308
0.0009411515034463971
0.00097671351533215
0.0010196660040493694
0.0010711746261553075
0.0011327403080372347
0.0012063069769450128
0.0012944160607524
0.0014004326877283136
0.0015288854304555538
0.0016859929689922012
0.0018805130671245823
0.0021251729201647957
0.0024391398364553155
0.0028518933289449757
0.0034056193344919306
0.004134100509019258
0.004923653755050814
0.0049788811385424805
0.0013709568531913776
-0.013681981039159633
-0.05555686825912252
-0.14556099117467408
-0.29915368119313956
-0.5053435752400022
-0.7131031209247319
-0.8460765568710912
-0.8460765568710867
-0.7131031209247243
-0.5053435752399911
-0.2991536811931301
-0.14556099117466376
-0.05555686825911546
-0.013681981039152519
0.00137095685319571
0.0049788811385472614
0.004923653755053831
0.0041341005090227475
0.0034056193344945895
0.002851893328947645
0.002439139836456731
0.002125172920166802
0.0018805130671259692
0.0016859929689940231
0.0015288854304560803
0.0014004326877298419
0.0012944160607539852
0.001206306976947201
0.001132740308039034
0.00107117462615707
0.001019666004051316
0.0009767135153334145
0.0009411515034476402
0.0009120732305214496
0.0008887761318088373
0.0008707223243519662
0.0008575101726594625
0.0008488541121802878
0.0008445708690143819
0.0008060660382375348
0.0008101540038420458
0.0008184154254088446
0.0008310252211757953
0.0008482559364777043
0.0008704908957851483
0.0008982434593476613
0.0009321841611663094
0.0009731783998616903
0.0010223386883134373
0.0010810975238463765
0.0011513102076513466
0.0012354023006675432
0.0013365855105490958
0.0014591819460844297
0.0016091267688313907
0.001794778462905732
0.0020282839707881127
0.002327936737158167
0.0027218723102963183
0.003250353683453522
0.003945625347550036
0.004699195938875862
0.0047519613824102466
0.0013087113957131308
-0.013057435652054503
-0.053022022384573465
-0.1389204968669735
-0.2855071540558844
-0.48229207925933726
-0.6805752226833136
-0.8074834859851293
-0.8074834859851263
-0.6805752226833053
-0.48229207925932366
-0.28550715405587046
-0.13892049686695948
-0.053022022384562786
-0.013057435652044584
0.0013087113957197332
0.004751961382416972
0.0046991959388805946
0.003945625347554956
0.003250353683457388
0.002721872310300133
0.00232793673716045
0.0020282839707908016
0.0017947784629078153
0.0016091267688336534
0.0014591819460855234
0.0013365855105510972
0.0012354023006698337
0.0011513102076539956
0.0010810975238487138
0.0010223386883154036
0.0009731783998639722
0.0009321841611676216
0.0008982434593491822
0.0008704908957859798
0.0008482559364790313
0.0008310252211763596
0.000818415425409666
0.0008101540038418541
0.0008060660382378429
0.0007668650462026507
0.0007707542036547571
0.0007786138512957928
0.0007906104006282786
0.000807003142387736
0.0008281567589605607
0.0008545596445224254
0.0008868497232156815
0.0009258503070012325
0.000972619804248937
0.0010285210460306493
0.0010953191051275607
0.0011753215806798436
0.0012715839858939224
0.001388218232911479
0.0015308708387887112
0.001707493789002794
0.001929643282221302
0.0022147230999277736
0.0025895005265069502
0.003092280843241079
0.003753742558867836
0.0044706798782231895
0.004520938654430174
0.0012453394956535612
-0.0124216019241669
-0.05044135604351833
-0.13215996478451536
-0.27161394189296045
-0.45882388585769346
-0.6474593235120236
-0.7681927750324674
-0.7681927750324609
-0.6474593235120107
-0.458823885857676
-0.27161394189294186
-0.13215996478449724
-0.05044135604350439
-0.012421601924154056
0.0012453394956626047
0.004520938654438965
0.004470679878229751
0.0037537425588742976
0.0030922808432461853
0.0025895005265119237
0.00221472309993092
0.0019296432822246607
0.0017074937890055161
0.001530870838791392
0.0013882182329131294
0.0012715839858962914
0.0011753215806827267
0.0010953191051305373
0.0010285210460335313
0.0009726198042511294
0.0009258503070039134
0.0008868497232171219
0.0008545596445242684
0.0008281567589615445
0.0008070031423892519
0.0007906104006290349
0.0007786138512966251
0.0007707542036548152
0.0007668650462028114
0.0007267433695694551
0.0007304290496060335
0.0007378774871480756
0.000749246387170688
0.0007647814745088619
0.0007848283516306299
0.0008098498602772617
0.0008404505488465439
0.0008774106541792773
0.0009217332094190532
0.0009747097431801093
0.0010380129806985773
0.0011138297888231155
0.0012050558178722873
0.001315587846581985
0.0014507769682844105
0.0016181591226123201
0.0018286858899200587
0.002098850493342424
0.0024540198172122605
0.0029304954490131595
0.0035573531262067045
0.004236796718442118
0.004284489662355803
0.001180477796798706
-0.011770839372680048
-0.04780009191305588
-0.12524068201274147
-0.25739448718069435
-0.43480460735528825
-0.613565789193594
-0.7279794304396935
-0.7279794304396843
-0.6135657891935785
-0.4348046073552678
-0.2573944871806708
-0.12524068201271854
-0.047800091913038155
-0.011770839372664212
0.0011804777968103606
0.004284489662366652
0.0042367967184505405
0.00355735312621471
0.0029304954490194674
0.002454019817218387
0.0020988504933464472
0.0018286858899241487
0.001618159122615703
0.0014507769682876228
0.001315587846584272
0.001205055817874997
0.001113829788826485
0.0010380129807017655
0.0009747097431834653
0.0009217332094214597
0.0008774106541823232
0.0008404505488481817
0.0008098498602793972
0.0007848283516318151
0.0007647814745104651
0.0007492463871717266
0.0007378774871488939
0.0007304290496064119
0.0007267433695694952
0.0006854555895351568
0.0006889318782483529
0.0006959571541998017
0.0007066801627883902
0.0007213326686662707
0.0007402406398394787
0.0007638406229530956
0.0007927028206189743
0.0008275631426119669
0.000869367637408874
0.0009193344588126686
0.000979041300499032
0.001050550788026184
0.0011365940625194112
0.001240846516599509
0.001368355233571361
0.0015262280150974243
0.0017247942503053073
0.001979610138970151
0.0023146014629107617
0.0027640078768360315
0.003355255750603459
0.003996115791314293
0.004041167946729141
0.001113729077939589
-0.011101168865359628
-0.045082077831889486
-0.11812033378072893
-0.24276183026996462
-0.4100873524414156
-0.5786873416429763
-0.6865975248721249
-0.6865975248721152
-0.5786873416429575
-0.4100873524413892
-0.24276183026993517
-0.11812033378070262
-0.04508207783186792
-0.011101168865340807
0.0011137290779539837
0.004041167946742084
0.003996115791324612
0.0033552557506130584
0.002764007876843645
0.002314601462918059
0.0019796101389751445
0.0017247942503101916
0.001526228015101477
0.001368355233575123
0.0012408465166024185
0.0011365940625224734
0.001050550788029952
0.0009790413005024135
0.0009193344588164425
0.0008693676374115268
0.0008275631426153324
0.0007927028206209234
0.0007638406229554842
0.0007402406398409177
0.0007213326686678683
0.0007066801627897627
0.0006959571542005535
0.0006889318782490771
0.000685455589535061
0.0006427287021217998
0.0006459883010603746
0.0006525756658880758
0.000662630270136157
0.0006763694316832058
0.0006940987997020567
0.0007162277092100359
0.0007432908198891215
0.0007759781694007238
0.0008151768353175747
0.0008620290391050554
0.0009180141304899776
0.0009850661632257284
0.0010657460351605316
0.0011635000362257234
0.0012830606431959862
0.0014310925966638118
0.0016172814074933272
0.0018562135911623292
0.0021703235953152303
0.002591717267939793
0.003146114104928699
0.00374704561571961
0.0037893644467739446
0.0010446514040643939
-0.010408164223363403
-0.0422693467041451
-0.110751850462913
-0.2276192398646377
-0.38450872358579347
-0.542593410854747
-0.6437734960395559
-0.6437734960395448
-0.5425934108547225
-0.38450872358576155
-0.2276192398646039
-0.110751850462882
-0.04226934670411942
-0.01040816422334156
0.0010446514040815373
0.003789364446788982
0.0037470456157318636
0.0031461141049400235
0.0025917172679488978
0.0021703235953238137
0.0018562135911685135
0.0016172814074991572
0.001431092596668616
0.001283060643200337
0.0011635000362292497
0.0010657460351640004
0.0009850661632297905
0.0009180141304935367
0.0008620290391091192
0.0008151768353204367
0.0007759781694042485
0.0007432908198914055
0.0007162277092126225
0.0006940987997037877
0.0006763694316847762
0.0006626302701379118
0.0006525756658887956
0.0006459883010614222
0.0006427287021215591
0.0005982539206660442
0.0006012879653627465
0.000607419504751579
0.0006167783611971593
0.000629566814806607
0.0006460693647041264
0.0006666670210886815
0.00069185744669943
0.0007222829305180718
0.0007587691667922259
0.0008023793383585424
0.00085449042787215
0.0009169026575745829
0.000991999717598559
0.0010829894228756845
0.0011942767734679533
0.0013320653237633491
0.0015053703659546108
0.0017277690622374124
0.00202014351618127
0.002412378472842305
0.0029284167071606925
0.003487786107841872
0.003527259176870634
0.0009727448275950179
-0.009686819407435059
-0.03934157725123953
-0.10308199480333233
-0.2118573096252968
-0.3578839126268559
-0.5050232142870487
-0.5991979356551441
-0.5991979356551348
-0.5050232142870225
-0.35788391262681857
-0.21185730962525734
-0.10308199480329686
-0.03934157725121001
-0.009686819407410141
0.0009727448276148909
0.00352725917688778
0.0034877861078560324
0.002928416707173699
0.0024123784728529263
0.0020201435161911474
0.0017277690622449168
0.0015053703659614834
0.0013320653237690343
0.0011942767734729278
0.0010829894228798697
0.000991999717602563
0.0009169026575788912
0.0008544904278758806
0.0008023793383627845
0.0007587691667953055
0.0007222829305216567
0.0006918574467020851
0.0006666670210914825
0.0006460693647061805
0.0006295668148081941
0.0006167783611992949
0.0006074195047522937
0.0006012879653640059
0.0005982539206656766
0.0005516763871528166
0.0005544742134725655
0.0005601283761354506
0.0005687585900351645
0.0005805513865245711
0.0005957691147100986
0.0006147631207808954
0.0006379923213259145
0.0006660489990989357
0.0006996945628302928
0.0007399094197949647
0.0007879633456762049
0.0008455164036663212
0.0009147666978174529
0.0009986722929750443
0.0011012952293867882
0.0012283560703126434
0.0013881682011939209
0.0015932517082777146
0.0018628629547265338
0.0022245605629615905
0.0027004265572982177
0.0032162685998315226
0.003252760573965382
0.0008974346904150141
-0.008931381845279685
-0.0362754172628259
-0.09504958888508926
-0.19535031440307676
-0.33000054572373777
-0.4656770714713848
-0.5525152845588344
-0.5525152845588204
-0.4656770714713552
-0.3300005457236971
-0.1953503144030325
-0.09504958888504961
-0.03627541726279229
-0.00893138184525163
0.0008974346904375874
0.0032527605739847234
0.003216268599847585
0.002700426557312914
0.0022245605629737392
0.001862862954737731
0.0015932517082866554
0.0013881682012019413
0.0012283560703193273
0.0011012952293924364
0.0009986722929799846
0.0009147666978221889
0.0008455164036709701
0.0007879633456802144
0.0007399094197993976
0.0006996945628336299
0.0006660489991025273
0.0006379923213288851
0.0006147631207838827
0.0005957691147124218
0.0005805513865262145
0.0005687585900375989
0.000560128376136205
0.0005544742134738777
0.0005516763871524093
0.0005025819756499575
0.0005051308192112398
0.0005102818094461655
0.0005181440076062215
0.0005288873452828005
0.0005427508246563447
0.000560054524967546
0.0005812165229499443
0.0006067763929679838
0.0006374277844698792
0.0006740638562646801
0.0007178413839681907
0.0007702726980067373
0.0008333602879061134
0.0009097989727606067
0.0010032893005713914
0.0011190427441556316
0.0012646328532732174
0.0014514655167244723
0.0016970835056478498
0.0020265936161978464
0.0024601165398279506
0.0029300789050799893
0.002963427699886015
0.0008180501967398931
-0.008135138683291677
-0.03304361566361789
-0.0865832401887277
-0.17795153703370375
-0.30061078937250457
-0.4242052648083474
-0.5033106164867335
-0.5033106164867219
-0.4242052648083142
-0.30061078937245805
-0.17795153703365352
-0.08658324018868285
-0.03304361566358012
-0.00813513868326033
0.0008180501967651865
0.002963427699907609
0.0029300789050980044
0.0024601165398444058
0.002026593616211618
0.0016970835056604682
0.001451465516734985
0.0012646328532824917
0.001119042744163388
0.0010032893005777678
0.0009097989727663591
0.000833360287911667
0.0007702726980118211
0.0007178413839725415
0.0006740638562693537
0.0006374277844735566
0.0006067763929716539
0.0005812165229532574
0.0005600545249707825
0.0005427508246589478
0.0005288873452845858
0.0005181440076089137
0.000510281809447048
0.0005051308192125023
0.000502581975649656
0.00045048001461313954
0.00045276462258497373
0.00045738161575065487
0.00046442874907032933
0.00047405833746058017
0.0004864846059269368
0.0005019944513254902
0.0005209626086550794
0.0005438727149349807
0.0005713465093457175
0.0006041845573194392
0.0006434237119269744
0.0006904195205912063
0.0007469668747869535
0.0008154812211652641
0.0008992794700830218
0.0010030328164356333
0.0011335296509613578
0.0013009934073876328
0.0015211482859400645
0.0018164990454129534
0.0022050848485600755
0.002626356589718608
0.0026563683800497513
0.0007337963449121658
-0.007290136981786648
-0.029613886294936727
-0.07759836472208481
-0.15948715051364104
-0.2694210161636098
-0.38019345691202466
-0.4510923363214676
-0.4510923363214536
-0.3801934569119868
-0.26942101616355646
-0.15948715051358456
-0.07759836472203452
-0.029613886294894566
-0.007290136981751584
0.0007337963449403715
0.002656368380073843
0.0026263565897387134
0.0022050848485784063
0.0018164990454283911
0.0015211482859542008
0.001300993407399747
0.0011335296509719904
0.0010030328164444898
0.000899279470090235
0.0008154812211718639
0.0007469668747933232
0.0006904195205968615
0.0006434237119317739
0.000604184557324486
0.0005713465093498542
0.000543872714938914
0.0005209626086587918
0.0005019944513290566
0.0004864846059298547
0.0004740583374625984
0.0004644287490731696
0.00045738161575169776
0.0004527646225860624
0.0004504800146130422
0.00039478019912104134
0.0003967823249296737
0.000400828446292031
0.0004070042311286856
0.00041544316117382563
0.00042633297328693626
0.0004399250905514897
0.00045654791329591466
0.0004766252784753163
0.0005007020492819314
0.0005294798037869035
0.0005638671913277167
0.0006050521497480196
0.000654607636875098
0.0007146504349478584
0.0007880873246740086
0.000879011914188272
0.000993373215951156
0.0011401305535459461
0.0013330639721725861
0.0015918964977993735
0.0019324419702779873
0.0023016603697585585
0.0023281030823494153
0.0006437163981311486
-0.006386809890521447
-0.025947389812909658
-0.06799320957100446
-0.13974804383611192
-0.2360779969527076
-0.33314320637434736
-0.3952690628128648
-0.39526906281284635
-0.33314320637430506
-0.23607799695264853
-0.1397480438360496
-0.06799320957094812
-0.025947389812862452
-0.006386809890482417
0.0006437163981625757
0.0023281030823761794
0.0023016603697810292
0.0019324419702982623
0.001591896497816562
0.001333063972188298
0.0011401305535596977
0.0009933732159632363
0.0008790119141983213
0.0007880873246822948
0.0007146504349554443
0.0006546076368822839
0.000605052149754366
0.0005638671913330599
0.0005294798037924219
0.0005007020492866051
0.000476625278479671
0.000456547913300083
0.0004399250905553991
0.0004263329732902008
0.000415443161176143
0.00040700423113163627
0.0004008284462932852
0.00039678232493062086
0.0003947801991211839
0.00033476107481889526
0.0003364588130196594
0.00033988979358566974
0.00034512666009066915
0.0003522826006398821
0.0003615168098845519
0.0003730424862689656
0.00038713810235918903
0.0004041630577583851
0.0004245793782019355
0.00044898197826587606
0.0004781413617844564
0.0005130648594507277
0.0005550862852045705
0.0006060005963806861
0.0006682726397144111
0.000745373646357873
0.0008423481588468327
0.0009667933614607065
0.0011303943768746381
0.0013498767669953746
0.0016386564102602447
0.0019517843679476192
0.0019743790943282085
0.0005466406193344985
-0.005413466472408021
-0.021996661715514933
-0.05764342421797697
-0.11847866531517753
-0.20015005494552485
-0.28244537428718897
-0.3351180764694227
-0.3351180764694053
-0.2824453742871429
-0.20015005494546195
-0.11847866531510837
-0.05764342421791463
-0.02199666171546242
-0.005413466472364617
0.0005466406193694519
0.001974379094357921
0.0019517843679726582
0.0016386564102826191
0.0013498767670144206
0.0011303943768919919
0.0009667933614761061
0.0008423481588604293
0.0007453736463692243
0.0006682726397240423
0.000606000596389466
0.0005550862852126883
0.0005130648594579661
0.0004781413617905349
0.00044898197827198446
0.0004245793782071648
0.00040416305776323693
0.00038713810236380404
0.00037304248627312796
0.00036151680988812107
0.0003522826006424983
0.0003451266600936288
0.00033988979358714143
0.0003364588130205288
0.0003347610748192553
0.00026952600487541785
0.0002708929027092472
0.00027365528376010367
0.0002778716353728897
0.0002836330884051951
0.00029106781483720986
0.00030034746655828014
0.00031169624939391
0.0003254035256576659
0.0003418412846232934
0.00036148850775532377
0.000384965547809086
0.00041308343259627615
0.00044691604926026785
0.00048790856185317575
0.0005380454765438012
0.000600121559238564
0.0006781982784186632
0.0007783922997251789
0.0009101117570516951
0.0010868242299164384
0.0013193391441008125
0.001571501389914764
0.0015899108817390116
0.00044111458611310905
-0.0043555790961342135
-0.017702717995923753
-0.04639447706463959
-0.09536143744159903
-0.16110073917320755
-0.22734297488701338
-0.26974124333539673
-0.2697412433353774
-0.22734297488695931
-0.16110073917313644
-0.09536143744152342
-0.046394477064570616
-0.017702717995865466
-0.004355579096086077
0.00044111458615198854
0.001589910881771934
0.0015715013899426705
0.0013193391441254478
0.0010868242299375743
0.0009101117570708066
0.0007783922997423713
0.0006781982784338501
0.0006001215592513968
0.0005380454765549568
0.0004879085618633085
0.0004469160492693812
0.00041308343260450177
0.0003849655478160162
0.00036148850776205655
0.0003418412846290459
0.0003254035256629889
0.00031169624939894613
0.00030034746656259364
0.00029106781484104815
0.00028363308840810943
0.00027787163537584987
0.0002736552837617779
0.00027089290271023513
0.0002695260048759334
0.00019793999636675435
0.00019894384492873476
0.00020097253507637784
0.00020406901974468698
0.00020830022515869108
0.00021376028041188524
0.0002205752460684745
0.00022890977806588376
0.00023897638293355022
0.00025104824796094824
0.000265477134796719
0.00028271862710059167
0.00030336833864177547
0.00032821492443898636
0.00035831970087693153
0.0003951400695507005
0.00044072847302202155
0.0004980675969153596
0.0005716494487200954
0.0006683834876760838
0.0007981620977627973
0.0009689343703491254
0.0011541945965497184
0.001168007552249735
0.0003252962313816086
-0.0031947614344744833
-0.012990903685951911
-0.03405077794602146
-0.069994401938758
-0.11825106234161975
-0.1668778894124997
-0.19800179314557564
-0.19800179314555655
-0.16687788941244208
-0.11825106234154092
-0.06999440193867346
-0.03405077794594499
-0.01299090368588754
-0.0031947614344211787
0.00032529623142472236
0.0011680075522861304
0.0011541945965807161
0.0009689343703761862
0.0007981620977862143
0.0006683834876970423
0.0005716494487391682
0.0004980675969321461
0.000440728473036459
0.00039514006956345286
0.00035831970088855917
0.0003282149244492271
0.00030336833865105364
0.0002827186271084567
0.00026547713480409786
0.0002510482479672015
0.00023897638293931406
0.0002289097780713218
0.00022057524607292027
0.00021376028041596314
0.0002083002251619193
0.00020406901974766268
0.0002009725350782378
0.00019894384492998767
0.0001979399963674027
0.00011853614128853765
0.00011913729220663037
0.0001203521655480578
0.00012220648332993123
0.00012474032376474182
0.00012801005524513823
0.0001320911679934722
0.00013708226462843512
0.00014311060248766556
0.00015033977672104543
0.000158980435487848
0.0001693053989062156
0.00018167134129290345
0.0001965505352424378
0.00021457852926185764
0.0002366280548630915
0.0002639281612716667
0.000298264935520565
0.0003423282935770323
0.0004002561272216207
0.0004779751340151595
0.0005802615125380726
0.0006913119911373762
0.0007000210404332647
0.00019680302512536528
-0.0019072559652545222
-0.007764747538809638
-0.020359575550146114
-0.0418581258426336
-0.07072359796976724
-0.09981198146072379
-0.11843072584890402
-0.1184307258488807
-0.0998119814606595
-0.07072359796967892
-0.041858125842541005
-0.020359575550061654
-0.007764747538738348
-0.0019072559651957012
0.0001968030251730628
0.0007000210404733906
0.0006913119911717428
0.0005802615125677117
0.0004779751340410754
0.0004002561272445672
0.00034232829359814084
0.0002982649355389817
0.0002639281612878367
0.0002366280548774932
0.00021457852927510854
0.00019655053525402598
0.00018167134130341002
0.0001693053989151904
0.0001589804354959882
0.00015033977672783438
0.00014311060249383488
0.00013708226463423636
0.00013209116799804232
0.00012801005524942072
0.00012474032376822688
0.00012220648333293544
0.00012035216555000849
0.00011913729220821472
0.00011853614128929432
2.9371317335078937e-05
2.952026762557524e-05
2.9821282945671963e-05
3.028073621769232e-05
3.090855724557776e-05
3.1718711839049535e-05
3.2729903319333076e-05
3.396656111712593e-05
3.5460213773157124e-05
3.725139222682098e-05
3.939228416910889e-05
4.1950479162977975e-05
4.501433934948722e-05
4.8700862081193586e-05
5.316748833217246e-05
5.863040582247008e-05
6.53940499944093e-05
7.390080948907907e-05
8.481697224822825e-05
9.916813692404042e-05
0.00011842774961433756
0.00014380880062218968
0.00017152492754393244
0.0001744945211684945
5.2474497272870504e-05
-0.000461606677604684
-0.001896498409540967
-0.004986154632239392
-0.010264722607070176
-0.017356362384373936
-0.024505573245009238
-0.029082627327966293
-0.029082627327941202
-0.02450557324493896
-0.017356362384274904
-0.010264722606967314
-0.0049861546321463834
-0.0018964984094622592
-0.00046160667753973074
5.247449732561304e-05
0.0001744945212126866
0.00017152492758188472
0.00014380880065472095
0.00011842774964306848
9.916813694932575e-05
8.481697227163878e-05
7.39008095093697e-05
6.539405001248599e-05
5.863040583859217e-05
5.3167488347059854e-05
4.8700862094205096e-05
4.501433936123281e-05
4.195047917308881e-05
3.939228417817412e-05
3.7251392234331684e-05
3.546021377995735e-05
3.396656112347664e-05
3.272990332429395e-05
3.1718711843620206e-05
3.090855724934005e-05
3.0280736220728954e-05
2.9821282947646403e-05
2.9520267627369595e-05
2.9371317335953346e-05
-7.220903606319415e-05
-7.257525209842597e-05
-7.331534298856779e-05
-7.444497914067382e-05
-7.59885771288557e-05
-7.798047801195192e-05
-8.046667258188988e-05
-8.350723274322533e-05
-8.717968839097915e-05
-9.158370873612264e-05
-9.68476312319306e-05
-0.00010313767403996544
-0.00011067114817594494
-0.00011973580173458794
-0.0001307188754017946
-0.00014415214606669545
-0.00016078454108281416
-0.0001817044766571482
-0.0002085510819837778
-0.00024384445260687256
-0.00029118460537743557
-0.00035341844148655856
-0.0004206443874990246
-0.00042422891182775785
-0.00011202598732988536
0.001185100884770151
0.004788213560882958
0.012526399865764593
0.02572487870866408
0.0434369684859815
0.0612798269442838
0.0726983991121094
0.07269839911214104
0.06127982694436307
0.04343696848608947
0.025724878708777543
0.012526399865868482
0.004788213560970374
0.0011851008848419772
-0.00011202598727139308
-0.00042422891177894273
-0.0004206443874570148
-0.0003534184414506836
-0.0002911846053454555
-0.00024384445257883726
-0.00020855108195778167
-0.00018170447663469176
-0.00016078454106267575
-0.00014415214604865498
-0.0001307188753851599
-0.00011973580171995273
-0.000110671148162763
-0.00010313767402850543
-9.684763122166625e-05
-9.158370872764505e-05
-8.717968838334225e-05
-8.350723273616674e-05
-8.046667257634505e-05
-7.798047800695136e-05
-7.598857712479222e-05
-7.44449791374905e-05
-7.331534298653415e-05
-7.25752520965206e-05
-7.22090360622226e-05
-0.00018998407403936408
-0.0001909475882734187
-0.0001928947667349547
-0.00019586683750095232
-0.0001999280393263405
-0.0002051687216484576
-0.00021170988348856185
-0.00021970957005716478
-0.00022937175678774014
-0.00024095866506828288
-0.0002548079385518364
-0.0002713568790628075
-0.0002911772043094755
-0.00031502593665020404
-0.000343921837648975
-0.000379263898178706
-0.00042302234903724757
-0.00047806047463276537
-0.0005486903943213266
-0.0006415432637521005
-0.0007661017675132564
-0.0009299215666498557
-0.001107237751719851
-0.0011184672030325853
-0.00030297155931213846
0.00309365952486898
0.012536842381481818
0.032826823381186865
0.06744426382813895
0.11390939265295702
0.16072364599940958
0.19068473222614657
0.19068473222617877
0.1607236459994993
0.11390939265307876
0.06744426382826624
0.03282682338130272
0.012536842381579247
0.0030936595249487723
-0.0003029715592469994
-0.0011184672029783752
-0.0011072377516732164
-0.0009299215666099597
-0.0007661017674775528
-0.0006415432637208139
-0.0005486903942924694
-0.00047806047460775933
-0.0004230223490148549
-0.0003792638981584397
-0.0003439218376303846
-0.0003150259366336123
-0.0002911772042944918
-0.0002713568790496798
-0.0002548079385400145
-0.0002409586650585617
-0.00022937175677903963
-0.00021970957004925054
-0.00021170988348225537
-0.0002051687216429183
-0.00019992803932185246
-0.0001958668374974935
-0.00019289476673265034
-0.0001909475882714653
-0.00018998407403826535
-0.00032964455443986157
-0.0003313163597290236
-0.0003346949326597751
-0.0003398518082607014
-0.00034689844747026147
-0.0003559916159305978
-0.0003673412593988973
-0.0003812216024302094
-0.00039798656295561194
-0.0004180911211160817
-0.000442121121559623
-0.0004708353246016697
-0.0005052257133477537
-0.0005466057890014067
-0.0005967431890986136
-0.0006580652731187605
-0.0007339905323488726
-0.0008294869525006462
-0.0009520364089387304
-0.0011131453171939329
-0.0013292735370682368
-0.0016135671717014176
-0.0019214787586816972
-0.0019419615769851418
-0.0005302840442243373
0.005354172641576125
0.021718286173271227
0.0568837724397733
0.11688607086815456
0.19742857374555178
0.2785792699060907
0.33051674732772796
0.33051674732776304
0.27857926990618964
0.19742857374568729
0.11688607086829733
0.056883772439903696
0.021718286173380737
0.005354172641665515
-0.0005302840441512027
-0.0019419615769244473
-0.001921478758629554
-0.0016135671716566678
-0.0013292735370281257
-0.0011131453171587058
-0.0009520364089065018
-0.0008294869524724782
-0.0007339905323238
-0.000658065273095796
-0.0005967431890777312
-0.0005466057889825212
-0.0005052257133306762
-0.00047083532458660994
-0.0004421211215459855
-0.0004180911211048283
-0.0003979865629455987
-0.0003812216024211844
-0.0003673412593916379
-0.0003559916159242893
-0.0003468984474652092
-0.00033985180825679706
-0.0003346949326570543
-0.0003313163597270487
-0.00032964455443870234
-0.0005003544135308999
-0.0005028919779330518
-0.0005080201745648637
-0.0005158475833153247
-0.0005265433858505025
-0.00054034552982477
-0.0005575726825905227
-0.0005786410773434482
-0.0006040879101478177
-0.0006346037746038812
-0.0006710778972129727
-0.0007146619645894776
-0.0007668616603177208
-0.0008296706833207065
-0.0009057720410524527
-0.0009988500947329464
-0.0011140935850361268
-0.0012590431484760388
-0.0014450552719862237
-0.0016895964450879659
-0.002017660390535332
-0.0024492545822932094
-0.0029169937753820924
-0.0029495714631084385
-0.0008118029818579089
0.008106108954124143
0.032912081159242386
0.08622515528715835
0.17719904049273855
0.29932112519112264
0.42236898962036373
0.5011224740486908
0.5011224740487352
0.4223689896204762
0.29932112519127757
0.17719904049289992
0.08622515528730668
0.03291208115936667
0.008106108954225439
-0.0008118029817749375
-0.002949571463039662
-0.0029169937753230875
-0.002449254582242277
-0.0020176603904897865
-0.001689596445047787
-0.0014450552719498327
-0.001259043148443874
-0.0011140935850077452
-0.0009988500947066613
-0.0009057720410288073
-0.0008296706832990677
-0.0007668616602981111
-0.0007146619645721189
-0.0006710778971972015
-0.0006346037745907757
-0.0006040879101361904
-0.0005786410773330707
-0.0005575726825820763
-0.0005403455298175413
-0.00052654338584468
-0.0005158475833109218
-0.0005080201745616322
-0.0005028919779311156
-0.0005003544135297155
-0.0007176477369034746
-0.0007212873090062555
-0.0007286425671224731
-0.0007398692447735826
-0.0007552099951360496
-0.000775006100747431
-0.0007997146183901503
-0.0008299325410487398
-0.0008664303556063002
-0.0009101985629480649
-0.0009625125577037543
-0.0010250241736517063
-0.001099892972097612
-0.0011899784598974968
-0.0012991287970763117
-0.0014326283516184824
-0.0015979191733749298
-0.0018058166051066354
-0.0020726094517449973
-0.002423353820186962
-0.00289392577077531
-0.0035131687619153447
-0.004185068070711231
-0.004235893592748218
-0.0011834544587720382
0.01156872848802979
0.04705645910223118
0.12334395183617967
0.25353861558836127
0.42832442612956567
0.6044441931131173
0.7171680832585765
0.7171680832586275
0.6044441931132455
0.42832442612974553
0.25353861558854807
0.12334395183635066
0.04705645910237439
0.011568728488146343
-0.0011834544586764781
-0.004235893592669063
-0.004185068070643381
-0.003513168761856505
-0.002893925770722861
-0.002423353820140556
-0.0020726094517032403
-0.001805816605069373
-0.0015979191733421928
-0.0014326283515880165
-0.0012991287970490829
-0.001189978459872447
-0.0010998929720749124
-0.0010250241736315883
-0.0009625125576854835
-0.0009101985629326977
-0.0008664303555926977
-0.0008299325410366497
-0.0007997146183802082
-0.0007750061007390049
-0.0007552099951292303
-0.0007398692447685109
-0.0007286425671186723
-0.0007212873090042888
-0.0007176477369023115
-0.0010075192909261895
-0.0010126289473384135
-0.0010229551174940092
-0.0010387164377364637
-0.001060253572012703
-0.0010880456512143608
-0.0011227343430008992
-0.0011651577729114107
-0.0012163976361807163
-0.001277844507470881
-0.0013512889256590164
-0.0014390499143971188
-0.0015441592974762947
-0.001670631552489804
-0.0018238691244256728
-0.002011290741686435
-0.0022433442926192695
-0.0025352135560264633
-0.002909768023593176
-0.0034021973457100687
-0.004062952915474469
-0.0049329700471366445
-0.0058793551466331615
-0.005963010660990276
-0.0017187911856476968
0.01606843134158179
0.06561732810694451
0.17218342654884133
0.3541036396773781
0.5983736601744598
0.8445347476842809
1.0020974252486994
1.0020974252487567
0.8445347476844312
0.5983736601746681
0.354103639677598
0.17218342654904134
0.06561732810711288
0.01606843134171869
-0.0017187911855355027
-0.005963010660897216
-0.005879355146553463
-0.004932970047067373
-0.004062952915412976
-0.0034021973456555385
-0.0029097680235443592
-0.0025352135559825718
-0.0022433442925807187
-0.0020112907416505467
-0.0018238691243936936
-0.0016706315524603267
-0.001544159297449646
-0.0014390499143734413
-0.0013512889256375598
-0.0012778445074526216
-0.0012163976361645552
-0.0011651577728971664
-0.0011227343429890246
-0.0010880456512044711
-0.0010602535720045875
-0.0010387164377305177
-0.0010229551174895293
-0.00101262894733631
-0.0010075192909249826
-0.0014080688609964449
-0.0014152098869663495
-0.0014296412770253308
-0.001451668585632763
-0.0014817679063454424
-0.0015206088463397356
-0.0015690881647525432
-0.001628377178433873
-0.0016999876019821451
-0.001785862819640877
-0.001888505178089818
-0.0020111555958309208
-0.002158051145504033
-0.002334802174599641
-0.0025489587275388075
-0.0028108886060253455
-0.003135192865669209
-0.003543091318563274
-0.004066548530745964
-0.004754777127742275
-0.0056785050660533585
-0.006896094069666421
-0.008226788736029403
-0.0083758029902287
-0.002551619371436319
0.022005237129917542
0.09054192760183383
0.2380817987418105
0.4900844347893242
0.8285703989747935
1.1697483113627873
1.3881545850809833
1.388154585081054
1.169748311362969
0.8285703989750443
0.4900844347895877
0.2380817987420519
0.09054192760203665
0.022005237130082185
-0.0025516193713014824
-0.008375802990116778
-0.008226788735933577
-0.006896094069583122
-0.005678505065979635
-0.004754777127676814
-0.004066548530687458
-0.003543091318510443
-0.003135192865622611
-0.0028108886059821543
-0.0025489587275003374
-0.0023348021745642554
-0.00215805114547215
-0.0020111555958025494
-0.0018885051780641777
-0.0017858628196187956
-0.0016999876019626388
-0.001628377178416832
-0.0015690881647381625
-0.0015206088463278911
-0.0014817679063356924
-0.0014516685856255894
-0.0014296412770200793
-0.0014152098869639317
-0.0014080688609951209
-0.001957545466011577
-0.001967473096273917
-0.001987535968065872
-0.0020181588659384385
-0.002060003659029
-0.0021140012398806604
-0.002181398287844338
-0.002263823171499199
-0.0023633774776939107
-0.002482762894731986
-0.0026254581696908245
-0.0027959687925455806
-0.0030001850715088638
-0.003245906377997602
-0.0035436285338735765
-0.0039077643934063554
-0.00435861154279144
-0.0049256691290674795
-0.005653381092286247
-0.006610233162090833
-0.007895018057056738
-0.00959132461459375
-0.011458450640518713
-0.011733937604924994
-0.0038654026351326205
0.029632648631357204
0.12340488962561841
0.325564880640309
0.6711550072469235
1.1355946121204592
1.6038838514814482
1.9037161100245443
1.903716110024631
1.6038838514816707
1.135594612120769
0.6711550072472481
0.32556488064060474
0.1234048896258674
0.029632648631559247
-0.0038654026349673482
-0.011733937604787744
-0.011458450640401265
-0.009591324614491735
-0.007895018056966564
-0.006610233162010652
-0.005653381092214646
-0.0049256691290026485
-0.004358611542733979
-0.003907764393353384
-0.003543628533826438
-0.003245906377954362
-0.0030001850714701656
-0.0027959687925110236
-0.0026254581696596377
-0.002482762894704911
-0.0023633774776700076
-0.002263823171478374
-0.0021813982878265623
-0.0021140012398661884
-0.0020600036590170652
-0.002018158865929592
-0.0019875359680596155
-0.001967473096271044
-0.0019575454660099934
-0.0026522228876034127
-0.0026656734197687305
-0.0026928557635332896
-0.0027343454324455048
-0.002791039150093805
-0.002864198120879201
-0.002955511384974985
-0.0030671851024415735
-0.003202066555491467
-0.0033638160470035646
-0.0035571466365552718
-0.0037881624012195887
-0.004064843534248931
-0.004397756549750388
-0.004801120951131035
-0.005294462713288513
-0.005905279904204487
-0.006673537138691428
-0.007659458745612479
-0.008955948540881798
-0.010697643799301156
-0.013001963147674798
-0.01556079146795864
-0.016050120392590343
-0.005777297007657349
0.03851894476468232
0.16300748132296686
0.43190034712707936
0.8920820642502258
1.5109544065148721
2.1352285507725597
2.5350298927884074
2.535029892788512
2.1352285507728355
1.5109544065152551
0.8920820642506251
0.43190034712744385
0.1630074813232733
0.03851894476493098
-0.005777297007454668
-0.016050120392421454
-0.01556079146781468
-0.013001963147549585
-0.010697643799190713
-0.008955948540783513
-0.007659458745524811
-0.006673537138611839
-0.005905279904133554
-0.005294462713223588
-0.004801120951073189
-0.00439775654969743
-0.004064843534201707
-0.003788162401177373
-0.0035571466365172354
-0.0033638160469704062
-0.0032020665554620513
-0.003067185102416302
-0.0029555113849530855
-0.0028641981208614676
-0.0027910391500792784
-0.0027343454324344598
-0.0026928557635257757
-0.0026656734197650998
-0.00265222288760152
-0.0033727850894691106
-0.003389889696314358
-0.0034244565973947294
-0.003477217640801306
-0.0035493131381458473
-0.003642346887924893
-0.0037584667377661097
-0.0039004781177183244
-0.00407200172007055
-0.004277692081930665
-0.0045235424258870255
-0.004817314776937953
-0.0051691567833518585
-0.005592504752489725
-0.006105439905673348
-0.006732790709281268
-0.007509522142637146
-0.00848645184137365
-0.009740176184741819
-0.011388991461897615
-0.013605171444061884
-0.01654366207540513
-0.01983697034118667
-0.02061601684741579
-0.008076233429772534
0.04678427345860244
0.20163998961157953
0.5368355504407796
1.1111973322064688
1.8842239327798807
2.664375372199334
3.1641383697902516
3.1641383697903764
2.6643753721996632
1.884223932780337
1.111197332206947
0.5368355504412146
0.20163998961194454
0.046784273458898136
-0.008076233429531449
-0.020616016847215403
-0.01983697034101565
-0.016543662075256874
-0.013605171443930971
-0.011388991461781087
-0.009740176184637767
-0.008486451841279432
-0.007509522142552575
-0.006732790709204171
-0.006105439905604533
-0.005592504752426905
-0.005169156783296126
-0.004817314776887761
-0.00452354242584233
-0.0042776920818913215
-0.004072001720035884
-0.003900478117688325
-0.0037584667377403257
-0.0036423468879035388
-0.0035493131381288323
-0.0034772176407877335
-0.003424456597385975
-0.00338988969630971
-0.003372785089467106
-0.003827317927490175
-0.0038467274060318872
-0.0038859522418549725
-0.0039458228846996355
-0.0040276332786551815
-0.00413320329691434
-0.004264970155068033
-0.004426117235760091
-0.004620753004765636
-0.00485415903039004
-0.005133135874360089
-0.005466491123461576
-0.005865739254907878
-0.006346126232729692
-0.006928168297981968
-0.007640037189632616
-0.00852140551107932
-0.009629933770757671
-0.011052550853554596
-0.012923658007007777
-0.015439887473877761
-0.018783154063974006
-0.02256277683922983
-0.023616446362126793
-0.009953657220849508
0.05070993043652362
0.2227003424486393
0.5957731128024755
1.2358252936218175
2.097929102020027
2.9683974481589335
3.5261656359036655
3.526165635903805
2.968397448159293
2.0979291020205295
1.2358252936223433
0.5957731128029529
0.2227003424490397
0.05070993043684795
-0.009953657220585853
-0.023616446361907233
-0.022562776839042748
-0.018783154063811806
-0.015439887473734863
-0.012923658006880126
-0.011052550853440743
-0.009629933770654676
-0.008521405510986664
-0.007640037189548143
-0.006928168297906885
-0.006346126232660643
-0.0058657392548471955
-0.005466491123406596
-0.005133135874311505
-0.004854159030347166
-0.004620753004727692
-0.004426117235727245
-0.004264970155039468
-0.004133203296890988
-0.00402763327863649
-0.003945822884684801
-0.003885952241845257
-0.003846727406026768
-0.003827317927487681
-0.0036068776817165726
-0.0036251690342071607
-0.003662134229495086
-0.003718555862874276
-0.0037956533140357258
-0.0038951415823286566
-0.004019317429576346
-0.004171180776762961
-0.004354603302933331
-0.004574562160956452
-0.004837465917568475
-0.005151614430662709
-0.005527858330914219
-0.005980564480423001
-0.006529065915502478
-0.007199909295296462
-0.008030478189426232
-0.009075106969760927
-0.01041572651108482
-0.012179142829319155
-0.014551687928749474
-0.017710266349182074
-0.021310357197988523
-0.022455709568561542
-0.010089084983256181
0.045652137830324485
0.20438232775248522
0.5494152782501576
1.1420833197527047
1.9409732997932752
2.7479976346983737
3.2652487016388765
3.265248701639008
2.7479976346987174
1.9409732997937517
1.1420833197532037
0.5494152782506112
0.20438232775286488
0.04565213783063151
-0.010089084983006754
-0.022455709568353632
-0.021310357197811443
-0.017710266349028825
-0.014551687928614197
-0.012179142829198679
-0.010415726510977417
-0.009075106969663349
-0.0080304781893381
-0.007199909295216975
-0.006529065915431507
-0.00598056448035756
-0.00552785833085624
-0.005151614430611037
-0.004837465917522779
-0.00457456216091516
-0.004354603302897673
-0.004171180776731584
-0.004019317429549439
-0.003895141582306325
-0.003795653314018379
-0.0037185558628596628
-0.003662134229486145
-0.0036251690342018316
-0.0036068776817140815
-0.002406520195124003
-0.0024187240742607513
-0.0024433870221254764
-0.0024810311696691926
-0.002532470060134585
-0.0025988479012828422
-0.0026816970357662895
-0.002783018930760623
-0.002905396657703037
-0.003052150813034761
-0.003227556962987821
-0.003437152438106786
-0.0036881762811523796
-0.0039902133025126905
-0.004356161308388319
-0.004803730286954481
-0.005357859403218311
-0.006054796751359377
-0.006949215658581536
-0.00812585230931151
-0.009709937194118879
-0.01182433774248912
-0.014260105903988012
-0.015159080228300235
-0.007358621234564827
0.028567567935574634
0.13150153010396612
0.35590074723607557
0.742001062806676
1.2629912687323523
1.7896278903660865
2.127289247337495
2.12728924733759
1.7896278903663387
1.2629912687327007
0.742001062807043
0.35590074723640797
0.13150153010424476
0.028567567935799187
-0.007358621234381512
-0.015159080228148276
-0.014260105903857923
-0.011824337742377209
-0.00970993719401968
-0.008125852309223674
-0.006949215658503341
-0.006054796751288198
-0.0053578594031534095
-0.004803730286896894
-0.0043561613083355905
-0.0039902133024651044
-0.0036881762811096534
-0.003437152438068978
-0.0032275569629544544
-0.0030521508130041536
-0.002905396657676792
-0.0027830189307374567
-0.0026816970357471277
-0.0025988479012663828
-0.0025324700601214367
-0.002481031169658325
-0.0024433870221175955
-0.002418724074257634
-0.002406520195121627
-0.00030003254261360974
-0.00030155384402600466
-0.00030462825091808626
-0.00030932083554689163
-0.0003157329871213146
-0.0003240073019446693
-0.0003343347429318118
-0.00034696472853738933
-0.0003622191434250932
-0.0003805117585453761
-0.0004023753111363866
-0.00042849970701702147
-0.0004597867940659391
-0.0004974305300308691
-0.0005430373442050207
-0.0005988126441267274
-0.0006678615827850462
-0.0007546987405401453
-0.0008661554049530641
-0.0010129899242445179
-0.001212141154277228
-0.0014859515871086552
-0.0018387287023460402
-0.0021465847701156067
-0.0018287096348079091
0.0008118824014040089
0.009321426118411365
0.02883971305584032
0.0633781554128397
0.11078414050753432
0.15920533684356952
0.19042848439606297
0.1904284843960985
0.1592053368436661
0.11078414050766139
0.06337815541297503
0.02883971305596225
0.009321426118515108
0.0008118824014864152
-0.0018287096347392921
-0.0021465847700595023
-0.0018387287022974628
-0.0014859515870675952
-0.001212141154240951
-0.001012989924211857
-0.000866155404925018
-0.0007546987405133245
-0.0006678615827616673
-0.0005988126441047045
-0.0005430373441856391
-0.0004974305300124587
-0.00045978679405066203
-0.00042849970700244155
-0.0004023753111242021
-0.0003805117585336617
-0.0003622191434154543
-0.0003469647285283938
-0.00033433474292538044
-0.0003240073019383382
-0.0003157329871160692
-0.0003093208355425869
-0.00030462825091497633
-0.0003015538440258954
-0.00030003254261187177
0.0021783041050467246
0.002189351066224013
0.002211675999864574
0.00224575156777843
0.0022923142366594196
0.0023523998147229642
0.002427395482568345
0.0025191131182468966
0.0026298911342240864
0.0027627356481409056
0.00292151736305996
0.0031112493568808512
0.0033384854538084483
0.0036119034466027293
0.003943181028130798
0.004348353565296047
0.004850002938918177
0.005480948232435683
0.006290647633393848
0.007355419861658321
0.008786020842286756
0.01067991357508467
0.012788538199309765
0.013218940692507845
0.004876358535065307
-0.03124353133038108
-0.13288597979137806
-0.35257888517911457
-0.7287153637013817
-1.234697032820508
-1.7451840882810234
-2.072145391212616
-2.0721453912126524
-1.7451840882811167
-1.2346970328206412
-0.7287153637015178
-0.3525788851792383
-0.13288597979148026
-0.03124353133046402
0.0048763585349984664
0.013218940692452111
0.012788538199261764
0.010679913575043033
0.008786020842249477
0.007355419861625797
0.006290647633363792
0.005480948232410288
0.004850002938894339
0.004348353565275427
0.003943181028111019
0.0036119034465865608
0.003338485453792733
0.003111249356867446
0.0029215173630463276
0.002762735648131014
0.002629891134213686
0.002519113118239586
0.0024273954825609605
0.002352399814717878
0.002292314236654453
0.0022457515677757047
0.0022116759998608215
0.002189351066221852
0.002178304105047599
0.004284791757558108
0.004306521296458522
0.0043504347710715315
0.004417461901901648
0.004509051309673456
0.004627240414061678
0.004774757775402465
0.004955167320470825
0.005173068648502484
0.00543437470263076
0.005746699014911567
0.00611990208797127
0.006566874940894404
0.007104686219085227
0.007756304992313341
0.008553271208124474
0.009540000759350627
0.010781046243255316
0.012373707887021818
0.01446828224672541
0.01728381688212808
0.02101829973046518
0.025209915400952354
0.026231436150692226
0.010406270134822568
-0.058999216864551396
-0.2550660837769293
-0.6796399193593455
-1.4073382710952078
-2.386904161045309
-3.3756066418035138
-4.0090061541540205
-4.009006154154115
-3.375606641803767
-2.3869041610456625
-1.4073382710955755
-0.6796399193596787
-0.2550660837772078
-0.058999216864775314
0.01040627013464043
0.02623143615054091
0.0252099154008217
0.02101829973035361
0.017283816882027993
0.014468282246637466
0.012373707886941965
0.010781046243185268
0.009540000759286535
0.008553271208066733
0.007756304992261486
0.007104686219038573
0.006566874940852448
0.006119902087933589
0.005746699014876715
0.005434374702601321
0.005173068648475722
0.004955167320449171
0.004774757775383277
0.004627240414046042
0.0045090513096606956
0.00441746190189218
0.004350434771064687
0.004306521296452994
0.004284791757558392
0.005485149244150857
0.0055129662564051135
0.005569181978441784
0.005654986595106852
0.005772234563574423
0.005923534095107564
0.006112378169212405
0.006343329166473018
0.0066222752937321
0.006956786050552404
0.00735660796949188
0.007834364080526941
0.008406556990656452
0.009095037396995305
0.009929209599427362
0.010949450216465727
0.012212619545558627
0.013801356461656318
0.015840218739524216
0.018521572766732858
0.022125567616758563
0.026904228337157908
0.0322601666949522
0.033528065490953274
0.013136733883513867
-0.07608378675930036
-0.32794688142544537
-0.873154450373419
-1.8074205280412197
-3.064886192106204
-4.33397638613576
-5.146965608455354
-5.146965608455485
-4.333976386136106
-3.0648861921066857
-1.8074205280417184
-0.8731544503738733
-0.3279468814258249
-0.07608378675960722
0.01313673388326531
0.033528065490746016
0.032260166694775064
0.026904228337004572
0.022125567616622606
0.018521572766612503
0.01584021873941606
0.013801356461560058
0.012212619545471039
0.010949450216386863
0.009929209599357006
0.009095037396931247
0.008406556990598394
0.007834364080475756
0.007356607969444909
0.006956786050512262
0.006622275293696103
0.00634332916644267
0.006112378169185102
0.005923534095085822
0.005772234563557353
0.005654986595093307
0.005569181978432821
0.005512966256397965
0.005485149244150495
0.005705589489924629
0.005734524628229872
0.005792999990801864
0.005882253616932906
0.006004214528193702
0.006161595809693323
0.006358030894703746
0.0065982656254705615
0.006888424995563727
0.00723638291998631
0.007652277926283099
0.008149240773325633
0.008744437914650054
0.009460599149302331
0.01032831198190659
0.011389578110801192
0.012703546867211712
0.014356183262652998
0.01647704308199302
0.01926608794442132
0.023013767161887043
0.027977116051949587
0.033512586336193126
0.0346888022845182
0.013001306121107312
-0.08114157936549848
-0.3462648961215957
-0.9195122849257289
-1.9011625019103153
-3.2218419943329257
-4.554376199596284
-5.407882542720095
-5.407882542720235
-4.554376199596644
-3.2218419943334347
-1.9011625019108422
-0.9195122849262075
-0.34626489612199685
-0.0811415793658227
0.013001306120844098
0.03468880228429947
0.033512586336006414
0.027977116051787154
0.023013767161743533
0.019266087944294196
0.016477043081879486
0.014356183262551187
0.01270354686711942
0.011389578110717983
0.0103283119818324
0.009460599149234382
0.008744437914588867
0.008149240773271258
0.00765227792623388
0.007236382919943922
0.006888424995526247
0.006598265625437727
0.006358030894675016
0.006161595809670181
0.006004214528175842
0.005882253616918196
0.005792999990791798
0.0057345246282230825
0.005705589489924054
0.0052510566519043955
0.005277686918512695
0.005331504346341966
0.0054136483730350335
0.005525894387685002
0.0056707394007041185
0.005851527477401738
0.006072626507428909
0.00633967371086867
0.00665991597152701
0.007042684477809405
0.007500064426802311
0.008047855443093659
0.008706977669062723
0.009505583589597428
0.010482331630449787
0.01169166349876951
0.013212701333268368
0.015164668413179844
0.017731421399310564
0.021179051132070713
0.02573762406338019
0.03078677983814975
0.031688372769807106
0.011123882330030045
-0.07721592238757648
-0.32520454328453335
-0.8605747225640252
-1.7765345404949513
-3.0081368250927536
-4.2503541236366456
-5.045855276606634
-5.045855276606762
-4.250354123636978
-3.0081368250932146
-1.77653454049543
-0.8605747225644611
-0.3252045432848991
-0.07721592238787253
0.011123882329789649
0.03168837276960716
0.030786779837978832
0.025737624063232125
0.021179051131939602
0.01773142139919502
0.015164668413076211
0.01321270133317608
0.01169166349868495
0.01048233163037394
0.009505583589529975
0.008706977669000445
0.008047855443038083
0.007500064426752148
0.007042684477765046
0.006659915971487679
0.006339673710834498
0.006072626507398823
0.005851527477375835
0.005670739400682559
0.005525894387668517
0.005413648373021507
0.005331504346332602
0.005277686918506568
0.0052510566519036505
0.004530494450038696
0.004553470641967353
0.004599903512480476
0.0046707761646795805
0.004767620399632929
0.004892590633658725
0.005048572124610146
0.005239333492151877
0.005469738546289337
0.005746039936599777
0.006076288688477378
0.006470912051083905
0.006943542193990753
0.007512229466323169
0.008201264635054802
0.00904400363445694
0.010087421260336805
0.011399786630585594
0.013083950974049931
0.015298378478294326
0.018271523487309423
0.02219592513564932
0.026510600964921555
0.02712247631498142
0.0088249459079148
-0.06895059369365597
-0.28657203499591877
-0.7556395192503191
-1.5574192725386995
-2.634867298827729
-3.721207302209846
-4.416746799604762
-4.416746799604868
-3.7212073022101246
-2.634867298828116
-1.5574192725391005
-0.755639519250686
-0.28657203499622635
-0.06895059369390485
0.008824945907712644
0.027122476314813022
0.026510600964777573
0.02219592513552475
0.018271523487199362
0.015298378478197181
0.013083950973963072
0.01139978663050813
0.010087421260265735
0.009044003634393036
0.008201264634998384
0.007512229466270838
0.006943542193943644
0.006470912051041898
0.006076288688439946
0.005746039936566643
0.005469738546260374
0.005239333492126744
0.0050485721245883105
0.004892590633640315
0.004767620399618922
0.0046707761646680255
0.004599903512472724
0.004553470641962051
0.004530494450038259
0.0038358170284466557
0.003855270318472252
0.0038945837170130003
0.003954589598172736
0.004036584908568248
0.004142393752660146
0.004274459027479461
0.004435971561209305
0.004631049468491892
0.004864986784328138
0.005144600221612783
0.005478718442409907
0.005878883731250751
0.006360379294570373
0.0069437722177973
0.007657305314574743
0.00854075289892399
0.009651918620961684
0.011077873320723661
0.012952663099503308
0.01546889774506482
0.018785286602568212
0.022408260137481532
0.022806293527316036
0.006913051535389701
-0.06006429756033053
-0.246969443298569
-0.6493040527635463
-1.3364922155353904
-2.259507504433305
-3.1898626029187174
-3.785433016840883
-3.7854330168409698
-3.189862602918944
-2.2595075044336195
-1.3364922155357166
-0.6493040527638441
-0.24696944329881962
-0.060064297560532984
0.006913051535225241
0.022806293527178875
0.02240826013736423
0.018785286602466957
0.015468897744975311
0.012952663099424291
0.011077873320652935
0.009651918620898732
0.008540752898865949
0.007657305314522815
0.00694377221775157
0.006360379294527773
0.005878883731212181
0.005478718442375796
0.005144600221582504
0.004864986784301249
0.004631049468468229
0.00443597156118905
0.00427445902746167
0.004142393752645105
0.004036584908556811
0.003954589598163019
0.0038945837170067206
0.003855270318467898
0.0038358170284464904
0.003286340423431275
0.003303007109164328
0.0033366890259723366
0.00338809931786715
0.00345834915588475
0.0035490013591190396
0.0036621489043875497
0.0038005255681437125
0.003967659592780022
0.00416808670923681
0.004407647230011573
0.004693905245695276
0.00503674980524589
0.005449275091172465
0.005949102411462636
0.0065604295271939105
0.007317334221802037
0.008269340810457727
0.009491040759183555
0.011097207065154843
0.013252384754061257
0.0160900560576408
0.019176598232992143
0.019448158912619612
0.005599268271693158
-0.05243688605889079
-0.21410648127478382
-0.5618209708650462
-1.1554216430777875
-1.9524832912876324
-2.7557270628000503
-3.2698714918973115
-3.2698714918973817
-2.7557270628002337
-1.9524832912878882
-1.1554216430780524
-0.5618209708652888
-0.21410648127498821
-0.052436886059055735
0.0055992682715591945
0.019448158912507674
0.01917659823289651
0.016090056057558283
0.013252384753988374
0.011097207065090263
0.00949104075912563
0.008269340810406213
0.007317334221754493
0.006560429527151568
0.005949102411425485
0.00544927509113763
0.005036749805214359
0.004693905245667539
0.004407647229987101
0.004168086709215193
0.003967659592760789
0.003800525568127524
0.003662148904373071
0.003549001359106868
0.003458349155875312
0.003388099317858876
0.0033366890259672556
0.003303007109160762
0.0032863404234313035
0.0028857908533606747
0.002900426169535969
0.002930002866440796
0.0029751471699706665
0.0030368348215517958
0.003116438163993294
0.003215795082635603
0.003337306162620862
0.003484069626978461
0.0036600683970665817
0.0038704309775805046
0.004121799564261418
0.004422857957218081
0.004785104469062511
0.0052240128083495116
0.005760831662855032
0.006425485648752243
0.0072614630479211125
0.008334260252031135
0.009744627283122876
0.011636832603482482
0.014126932035111228
0.0168291646435961
0.01703536658338127
0.0047664400859045416
-0.04650008027055495
-0.1891818817798938
-0.4959225986720761
-1.0194408479658392
-1.7222865524872963
-2.4305134991215396
-2.883814332065021
-2.8838143320650795
-2.43051349912169
-1.7222865524875077
-1.0194408479660606
-0.4959225986722783
-0.18918188178006412
-0.04650008027069201
0.004766440085793162
0.01703536658328815
0.016829164643516442
0.014126932035042745
0.011636832603421778
0.009744627283069098
0.008334260251982497
0.007261463047878084
0.006425485648712408
0.005760831662819859
0.005224012808318623
0.004785104469033453
0.00442285795719183
0.004121799564238574
0.003870430977560433
0.0036600683970489604
0.003484069626962559
0.003337306162607766
0.0032157950826236584
0.003116438163983304
0.003036834821543948
0.0029751471699635042
0.002930002866436689
0.002900426169533097
0.0028857908533608183
0.0025959192993378734
0.002609084531203537
0.0026356903160692927
0.002676299977007582
0.0027317912446749625
0.002803398613525997
0.0028927753580246397
0.003002080930757909
0.003134102346403985
0.00329242245254358
0.0034816546096250274
0.0037077738235158767
0.003978591631839218
0.004304451376469962
0.004699272480999983
0.0051821692727870156
0.005780060529507835
0.006532066097001545
0.007497101680183256
0.008765783757600119
0.010467805458783515
0.01270713074989023
0.015134877567674326
0.0153082495151394
0.004231103359028949
-0.04200037741700284
-0.17062101277518035
-0.44708312395941396
-0.9188758238768219
-1.5522373184424003
-2.190422944550374
-2.5988849900748976
-2.5988849900749473
-2.190422944550503
-1.5522373184425815
-0.9188758238770103
-0.4470831239595865
-0.17062101277532551
-0.04200037741711944
0.004231103358934175
0.01530824951506006
0.015134877567606425
0.012707130749832042
0.0104678054587318
0.008765783757554239
0.007497101680141485
0.0065320660969646486
0.005780060529473738
0.005182169272757104
0.004699272480973666
0.004304451376445095
0.003978591631816898
0.0037077738234966824
0.003481654609608186
0.0032924224525289324
0.00313410234639052
0.003002080930747167
0.0028927753580145726
0.002803398613517744
0.0027317912446683137
0.0026762999770014347
0.0026356903160658376
0.002609084531201337
0.0025959192993379883
0.002378625975965276
0.0023906892001301443
0.0024150679235118377
0.002452278315549179
0.002503124635389292
0.0025687380426031624
0.0026506334222249324
0.002750789467052584
0.002871759900945549
0.0030168276641994703
0.0031902199491342723
0.0033974116144537348
0.0036455603200593704
0.0039441435998931965
0.004305915724976116
0.004748391015901559
0.0052962349411689105
0.0059852926403711855
0.006869547500424587
0.008032026382501303
0.009591540078543603
0.011643216570268212
0.013866803272345058
0.0140219273854996
0.0038594518821149027
-0.03853775788309724
-0.15647663483219146
-0.40996432741039274
-0.8425362487811972
-1.4232340175039575
-2.008347741057617
-2.3828393808650095
-2.3828393808650525
-2.0083477410577277
-1.4232340175041145
-0.8425362487813615
-0.4099643274105421
-0.15647663483231772
-0.03853775788319828
0.0038594518820326764
0.014021927385430781
0.013866803272286161
0.011643216570217826
0.009591540078498672
0.008032026382461432
0.006869547500388056
0.0059852926403388546
0.005296234941139129
0.004748391015875589
0.0043059157249531995
0.003944143599871483
0.003645560320040107
0.0033974116144373213
0.0031902199491198784
0.003016827664186943
0.002871759900933909
0.002750789467043496
0.0026506334222162926
0.0025687380425961515
0.0025031246353836014
0.0024522783155439066
0.0024150679235088127
0.002390689200128503
0.0023786259759652996
0.0022079161168742805
0.0022191135819259146
0.0022417426816069685
0.00227628254049445
0.0023234796970090514
0.002384384128709033
0.002460401999033487
0.0025533699921396124
0.0026656585537536076
0.0028003150107120053
0.0029612631734812008
0.003153584974466126
0.0033839243730894816
0.0036610787055739273
0.0039968868730221145
0.004407606194287339
0.004916131888481258
0.005555736444395945
0.0063765286373770325
0.00745557525460752
0.008903153225076729
0.010807529159676681
0.012871288255644563
0.013014317499376303
0.0035779329444813697
-0.03578582157054934
-0.14528283984622054
-0.3806229445630073
-0.7822232791566142
-1.3213414660583844
-1.8645580213433441
-2.2122336541440446
-2.2122336541440832
-1.864558021343441
-1.3213414660585248
-0.7822232791567576
-0.3806229445631393
-0.1452828398463315
-0.03578582157063826
0.0035779329444090508
0.0130143174993157
0.012871288255592805
0.01080752915963231
0.008903153225037137
0.007455575254572336
0.006376528637344815
0.005555736444367156
0.004916131888454998
0.00440760619426441
0.003996886873001879
0.0036610787055546814
0.0033839243730726556
0.003153584974451815
0.002961263173468622
0.0028003150107009126
0.002665658553743262
0.0025533699921315815
0.002460401999025784
0.002384384128702859
0.002323479697004069
0.002276282540490009
0.0022417426816042267
0.0022191135819248095
0.0022079161168741734
0.0020682556364739124
0.002078744810470212
0.0020999425156823797
0.0021322975697346588
0.00217650928886508
0.002233561234426929
0.0023047706231233006
0.0023918579597668197
0.002497043747585909
0.0026231825546645235
0.0027739499904736635
0.002954106528927403
0.003169875864051223
0.003429498853222803
0.003744065521572355
0.004128804819347281
0.00460516370516924
0.005204309966528165
0.005973182622759476
0.006983973201165835
0.008339981455521972
0.01012388355462534
0.012057047248682753
0.012190823125423838
0.0033506204595694323
-0.03352530845384224
-0.13610139605443106
-0.35656599550442086
-0.7327814721165988
-1.2378222849657914
-1.746702397436664
-2.0724016390424618
-2.0724016390424986
-1.7467023974367515
-1.2378222849659148
-0.7327814721167278
-0.3565659955045385
-0.13610139605452984
-0.033525308453921314
0.003350620459505109
0.01219082312536984
0.012057047248636748
0.0101238835545857
0.008339981455486666
0.006983973201134475
0.00597318262273097
0.00520430996650232
0.00460516370514598
0.004128804819326836
0.0037440655215543093
0.0034294988532055422
0.0031698758640363667
0.0029541065289146523
0.002773949990462431
0.002623182554654372
0.0024970437475764946
0.0023918579597593977
0.0023047706231162013
0.0022335612344212726
0.002176509288860616
0.0021322975697308667
0.0020999425156797906
0.0020787448104694862
0.0020682556364736687
0.001950480598498059
0.001960372474295255
0.001980363091936291
0.002010875711374473
0.002052569826667719
0.0021063729907905594
0.0021735274122169587
0.0022556556224532336
0.0023548516791894545
0.0024738075983327785
0.002615989683154164
0.0027858873239048074
0.0029893698079178433
0.0032342087183074046
0.0035308625593252
0.0038936930672353242
0.004342925897214477
0.004907953968552524
0.005633043310421679
0.006586274390020558
0.007865064293386178
0.009547380429462089
0.01137045388446185
0.011496584834218993
0.0031596748875873655
-0.03161674981374352
-0.1283527672338325
-0.33626557198899854
-0.6910620869971238
-1.1673498607988144
-1.6472585783815366
-1.9544153059284257
-1.954415305928457
-1.6472585783816147
-1.1673498607989239
-0.6910620869972378
-0.3362655719891038
-0.1283527672339207
-0.03161674981381441
0.0031596748875297904
0.01149658483417048
0.01137045388442071
0.009547380429426277
0.007865064293354469
0.006586274389992304
0.00563304331039638
0.0049079539685291254
0.004342925897193766
0.0038936930672169435
0.0035308625593089707
0.0032342087182918207
0.0029893698079046342
0.00278588732389325
0.002615989683143927
0.0024738075983233034
0.0023548516791806933
0.0022556556224461615
0.002173527412210162
0.0021063729907852364
0.0020525698266635178
0.0020108757113710763
0.0019803630919336683
0.0019603724742947026
0.0019504805984976196
0.0018489002450999812
0.0018582769545712466
0.001877226466002107
0.0019061499960161858
0.0019456726922933896
0.0019966738009396575
0.0020603308363160537
0.002138181828593171
0.002232211777025614
0.002344972497370208
0.002479749767753552
0.0026407991707021817
0.0028336843203926763
0.003065772054491962
0.0033469761955914386
0.0036909105153462617
0.004116747306137118
0.0046523486824062744
0.0053396752561896185
0.006243261800489685
0.007455451938394553
0.009050153187353438
0.01077828456941906
0.010897861401222717
0.0029951744029848406
-0.029970042251368824
-0.1216680552634084
-0.3187530174909943
-0.6550724856813894
-1.10655652992846
-1.5614731781922426
-1.8526342794883495
-1.8526342794883779
-1.5614731781923128
-1.10655652992856
-0.655072485681492
-0.3187530174910892
-0.12166805526348798
-0.02997004225143269
0.0029951744029330122
0.010897861401178963
0.010778284569382011
0.009050153187320848
0.007455451938365935
0.00624326180046412
0.00533967525616719
0.004652348682385132
0.004116747306118666
0.003690910515329743
0.003346976195576751
0.003065772054477777
0.0028336843203807726
0.002640799170691506
0.0024797497677440574
0.0023449724973613126
0.0022322117770173767
0.0021381818285863574
0.002060330836309405
0.0019966738009345964
0.0019456726922893238
0.001906149996012945
0.0018772264659994253
0.0018582769545706266
0.0018489002450993728
0.0017597354211466118
0.001768659929990125
0.0017866955833995277
0.0018142242489039104
0.0018518409257742858
0.0019003824575335815
0.001960969571642183
0.0020350661250820423
0.002124561388311377
0.0022318841128761762
0.0023601616164351125
0.002513444250959109
0.002697027318449433
0.0029179223813309155
0.0031855651546619556
0.0035129128663056934
0.0039182131948598455
0.004427984556374774
0.0050821639348609315
0.005942173810192252
0.007095904553993911
0.008613700475437771
0.010258497505826003
0.01037233488195809
0.0028508458751327443
-0.028524392963718823
-0.11579980613413954
-0.30337959657308783
-0.6234790824458256
-1.0531892943430663
-1.4861667699765286
-1.7632861809674127
-1.7632861809674374
-1.4861667699765932
-1.0531892943431562
-0.6234790824459182
-0.30337959657317415
-0.11579980613421162
-0.02852439296377659
0.002850845875085942
0.010372334881918546
0.010258497505792517
0.008613700475408048
0.007095904553968076
0.00594217381016901
0.005082163934841011
0.004427984556355713
0.003918213194843397
0.0035129128662908476
0.0031855651546486285
0.002917922381317976
0.0026970273184386403
0.002513444250949173
0.0023601616164261943
0.0022318841128678452
0.0021245613883035235
0.002035066125075478
0.0019609695716356033
0.0019003824575287963
0.0018518409257703367
0.0018142242489007489
0.0017866955833968925
0.00176865992998933
0.0017597354211459073
0.0016803315660684007
0.0016888533772680264
0.0017060752138709067
0.001732361712489138
0.0017682810243804217
0.0018146322323668441
0.0018724854935673345
0.0019432386116446717
0.0020286956078657023
0.0021311756416363308
0.0022536649171264805
0.0024000310227648932
0.002575330321100795
0.0027862579921345523
0.0030418239830471757
0.0033544008516181545
0.0037414128831095485
0.004228181894979994
0.004852842779718078
0.005674046449737862
0.006775717590246363
0.008225027617626795
0.009795614900414026
0.009904348370141642
0.002722352668876716
-0.027236887494498867
-0.11057364998699708
-0.2896883941772127
-0.5953428063497017
-1.0056618299712137
-1.4191008620247518
-1.6837151136707393
-1.6837151136707629
-1.4191008620248096
-1.0056618299712958
-0.5953428063497861
-0.28968839417729053
-0.11057364998706262
-0.027236887494551103
0.002722352668834348
0.009904348370105953
0.009795614900383675
0.008225027617599762
0.006775717590223029
0.005674046449716688
0.004852842779700212
0.004228181894962779
0.003741412883094776
0.003354400851604821
0.0030418239830350994
0.0027862579921228347
0.00257533032109105
0.0024000310227557187
0.002253664917118136
0.0021311756416286095
0.002028695607858193
0.0019432386116383681
0.0018724854935608316
0.0018146322323622892
0.0017682810243765793
0.00173236171248598
0.0017060752138684605
0.0016888533772669511
0.0016803315660677252
0.0016087455575597108
0.0016169043194875009
0.001633392465186829
0.001658559096860781
0.0016929481611338568
0.0017373246979413021
0.0017927132730773377
0.0018604521403164142
0.0019422684651415499
0.002040382604973757
0.0021576535441678872
0.0022977841020563614
0.002465615227146398
0.002667556867313239
0.0029122351220711305
0.0032114954446250616
0.003582019796893008
0.0040480512134767705
0.004646099928713272
0.005432318180362397
0.0064870554580927775
0.007874622843875207
0.00937830810704926
0.009482445040652347
0.0026065343141452443
-0.0260760698328392
-0.10586183567702535
-0.27734469505859494
-0.5699757708468602
-0.9628121531396246
-1.3586357765502388
-1.6119756634809184
-1.611975663480941
-1.3586357765502912
-0.9628121531396998
-0.5699757708469366
-0.2773446950586653
-0.10586183567708471
-0.026076069832886285
0.002606534314107037
0.009482445040620253
0.009378308107021787
0.00787462284385082
0.006487055458071839
0.005432318180343129
0.004646099928697214
0.004048051213461322
0.0035820197968797736
0.003211495444613041
0.0029122351220601545
0.0026675568673025906
0.0024656152271374863
0.0022977841020478578
0.0021576535441601014
0.0020403826049667064
0.0019422684651344457
0.0018604521403105165
0.0017927132730710957
0.001737324697937013
0.001692948161130151
0.0016585590968576274
0.0016333924651845925
0.001616904319486104
0.0016087455575591156
0.0015435104876158393
0.0015513384091766903
0.001567157955360694
0.0015913040721426209
0.0016242986488989861
0.001666875702893696
0.0017200182533663702
0.0017850102873509465
0.0018635089330408328
0.0019576445113949773
0.0020701600736573855
0.002204608288081009
0.0023656338002921076
0.002559386631368896
0.002794143087543854
0.0030812682814545514
0.003436767709773715
0.003883901333048776
0.004457698866977999
0.005212035560539445
0.006224002921013729
0.007555305577715662
0.008998025129016445
0.009097976828063015
0.0025010082809237295
-0.02501818245656546
-0.10156789195743404
-0.26609574790525725
-0.5468585429732828
-0.9237628373673081
-1.303533377150063
-1.546598830346892
-1.5465988303469114
-1.3035333771501105
-0.9237628373673769
-0.5468585429733519
-0.266095747905321
-0.10156789195748785
-0.025018182456607703
0.0025010082808894028
0.009097976828034302
0.008998025128991723
0.00755530557769382
0.006224002920994974
0.005212035560521961
0.004457698866963396
0.00388390133303488
0.0034367677097618017
0.003081268281443639
0.0027941430875338498
0.0025593866313592542
0.0023656338002839353
0.002204608288073182
0.002070160073650217
0.00195764451138861
0.0018635089330342224
0.0017850102873455348
0.001720018253360571
0.0016668757028896752
0.0016242986488954492
0.0015913040721395278
0.0015671579553587257
0.0015513384091751048
0.001543510487615371
0.0014834913633131838
0.0014910148972660056
0.0015062193026538265
0.0015294265011042188
0.001561138088364982
0.0016020595394912165
0.0016531356490837017
0.0017156004764142135
0.00179104671232392
0.0018815218403148864
0.001989662248136263
0.002118882458537607
0.0022736465099947867
0.0024598652796981443
0.002685493248976779
0.002961453596494988
0.0033031294419432343
0.0037328762759445784
0.004284361674892886
0.005009365965241338
0.005981983190209403
0.0072615200176976286
0.008648149127205327
0.008744252840041588
0.002403932502126862
-0.02404483903845205
-0.0976171638600394
-0.25574596255223
-0.525589164452348
-0.8878348953601246
-1.2528355450629043
-1.4864478440034503
-1.4864478440034716
-1.2528355450629478
-0.8878348953601871
-0.52558916445241
-0.255745962552287
-0.09761716386008776
-0.024044839038489807
0.0024039325020961235
0.008744252840015935
0.00864814912718314
0.007261520017678188
0.005981983190192679
0.005009365965225478
0.004284361674879502
0.0037328762759320294
0.00330312944193248
0.0029614535964850087
0.002685493248967662
0.002459865279689494
0.002273646509987322
0.0021188824585304865
0.0019896622481297265
0.0018815218403090963
0.0017910467123177834
0.00171560047640924
0.0016531356490784364
0.0016020595394874975
0.0015611380883616647
0.0015294265011013776
0.0015062193026521863
0.0014910148972645172
0.0014834913633128104
0.001427791547820727
0.001435032599610072
0.0014496661331949217
0.0014720019831622878
0.0015025229120782255
0.001541907906851197
0.001591066288309595
0.0016511857810551259
0.0017237992758642137
0.0018108773802511286
0.0019149574946036234
0.002039325937938273
0.0021882791391516143
0.0023675060417861597
0.0025846624627595466
0.0028502614510861135
0.0031791085396959727
0.0035927198409346564
0.0041234988210515355
0.004821281651473865
0.005757380642595728
0.006988877139415389
0.008323452907245114
0.00841598754234106
0.0023138525553455906
-0.023141511947186937
-0.09395066737801225
-0.2461408074011494
-0.5058500577748195
-0.8544918761492237
-1.205785294525227
-1.4306245704948481
-1.4306245704948626
-1.2057852945252643
-0.854491876149278
-0.5058500577748741
-0.2461408074012005
-0.09395066737805577
-0.02314151194722065
0.002313852555318089
0.008415987542318051
0.008323452907225276
0.006988877139398079
0.005757380642580766
0.004821281651459515
0.004123498821039202
0.003592719840923349
0.0031791085396863034
0.0028502614510770696
0.0025846624627512784
0.0023675060417784376
0.002188279139144751
0.002039325937931773
0.0019149574945976503
0.0018108773802457765
0.0017237992758586107
0.0016511857810506414
0.0015910662883050443
0.0015419079068478944
0.0015025229120751965
0.001472001983159795
0.0014496661331935491
0.001435032599608858
0.0014277915478203384
0.0013756895867835252
0.0013826664029831157
0.0013967659394992138
0.0014182867246261052
0.001447693904255986
0.0014856416881217523
0.0015330062146674088
0.0015909318667603179
0.0016608955978310003
0.0017447961051270072
0.0018450781956582158
0.0019649082658969807
0.002108425961736079
0.002281112628666875
0.002490344711164327
0.0027462516205978118
0.003063098611976114
0.003461616638623039
0.003973026711715073
0.004645346431766221
0.005547286071810981
0.006733845448147641
0.008019730591883727
0.008108928222504835
0.002229598703517778
-0.022296510245681855
-0.09052093800933128
-0.23715593193450668
-0.48738567125475585
-0.8233021029403269
-1.1617734866289047
-1.3784062903295808
-1.3784062903295942
-1.161773486628939
-0.8233021029403764
-0.48738567125480625
-0.23715593193455214
-0.09052093800937001
-0.022296510245711887
0.0022295987034932057
0.008108928222484142
0.00801973059186594
0.006733845448132153
0.0055472860717975195
0.004645346431753273
0.003973026711703773
0.003461616638612933
0.0030630986119675246
0.0027462516205897973
0.002490344711156954
0.0022811126286600997
0.002108425961729829
0.0019649082658911186
0.001845078195652833
0.0017447961051220598
0.0016608955978260507
0.0015909318667563501
0.0015330062146636345
0.0014856416881189388
0.0014476939042532282
0.0014182867246239949
0.00139676593949801
0.0013826664029822897
0.001375689586782993
0.0013265951752804333
0.001333323008721317
0.0013469193728098358
0.0013676721421969117
0.0013960298630141138
0.0014326233980679203
0.0014782976188538722
0.0015341560683843317
0.001601622991699624
0.0016825293267665133
0.0017792326321275907
0.0018947863041887446
0.0020331822560763083
0.0021997062187553394
0.0024014713909498975
0.0026482456917823124
0.0029537852858191184
0.003338081290702283
0.00383124052016198
0.004479566982687445
0.005349319125047276
0.006493535430677377
0.0077335408971321105
0.007819595348425452
0.002150214209842723
-0.02150026708369379
-0.08728913641012326
-0.22868958323814442
-0.4699868938853826
-0.793912346589096
-1.1203016799658647
-1.3292016222574832
-1.3292016222574974
-1.120301679965896
-0.7939123465891386
-0.46998689388542647
-0.2286895832381849
-0.08728913641015767
-0.02150026708372046
0.0021502142098207716
0.007819595348406838
0.007733540897116193
0.00649353543066351
0.0053493191250351246
0.004479566982675841
0.003831240520151684
0.003338081290693308
0.00295378528581146
0.002648245691775301
0.002401471390943358
0.002199706218749466
0.002033182256070759
0.0018947863041835736
0.0017792326321228566
0.0016825293267619733
0.0016016229916953981
0.0015341560683808436
0.001478297618850827
0.0014326233980656027
0.0013960298630116513
0.0013676721421952373
0.0013469193728087982
0.0013333230087209623
0.0013265951752797025
0.0012800176417669894
0.0012865092568308573
0.0012996282441936728
0.0013196523710347866
0.0013470144347320222
0.001382323148073905
0.0014263937185459534
0.0014802909430108049
0.0015453890602800248
0.0016234547228044798
0.0017167627135636957
0.001828259221992553
0.0019617960021677755
0.0021224731989739993
0.0023171542610491763
0.002555264147700925
0.0028500760323683155
0.0032208791259413327
0.0036967231662022055
0.0043222864212324385
0.0051615012151665215
0.006265545280814873
0.007462023389121742
0.0075450967455202925
0.002074904072662995
-0.020744829521538208
-0.08422297642170927
-0.2206571773199013
-0.45347989866316185
-0.7660289796859764
-1.0809555371502029
-1.2825189711611704
-1.2825189711611804
-1.080955537150229
-0.7660289796860141
-0.4534798986632005
-0.22065717731993673
-0.08422297642173972
-0.020744829521561748
0.002074904072643437
0.00754509674550364
0.007462023389107517
0.006265545280802564
0.005161501215155602
0.004322286421222189
0.003696723166192968
0.0032208791259334575
0.002850076032361501
0.0025552641476948835
0.002317154261043406
0.0021224731989689
0.001961796002162919
0.001828259221988023
0.001716762713559594
0.0016234547228003871
0.001545389060276584
0.0014802909430078046
0.0014263937185435627
0.0013823231480720648
0.001347014434729843
0.0013196523710335359
0.0012996282441927781
0.0012865092568309674
0.0012800176417660709
0.001235542860311276
0.001241808921133391
0.0012544720830572678
0.001273800462095815
0.001300211817855276
0.0013342937130759115
0.0013768330304242916
0.0014288575698209124
0.0014916938213967727
0.0015670470542789156
0.0016571130128168981
0.0017647355193744683
0.0018936324965163499
0.0020487268814118474
0.0022366436476990636
0.002466480277972689
0.002751048759467724
0.003108968084402311
0.0035682786372771684
0.00417210634209821
0.004982162420069043
0.006047847883046862
0.007202763881244107
0.007282991475617099
0.0020029974961940106
-0.02002348470560974
-0.08129520696880352
-0.2129873216603204
-0.4377179684238205
-0.739404168727039
-1.0433853405825038
-1.237943410776761
-1.23794341077677
-1.0433853405825286
-0.7394041687270727
-0.4377179684238539
-0.21298732166035134
-0.08129520696883014
-0.020023484705630236
0.0020029974961767233
0.007282991475602405
0.007202763881231455
0.006047847883036057
0.004982162420059279
0.004172106342089279
0.003568278637268972
0.003108968084395479
0.002751048759461713
0.0024664802779675575
0.002236643647693967
0.002048726881407327
0.0018936324965121375
0.0017647355193705205
0.0016571130128134551
0.0015670470542754045
0.0014916938213942032
0.0014288575698184589
0.0013768330304225077
0.0013342937130744865
0.0013002118178533537
0.0012738004620948462
0.0012544720830564263
0.0012418089211338019
0.0012355428603102398
0.0011928159728979795
0.0011988653439457438
0.0012110905947456305
0.0012297505694437655
0.0012552485808721217
0.0012881518729385758
0.001329220116681046
0.001379445569090974
0.0014401088481851437
0.001512856252187549
0.001599807593109293
0.0017037083493653823
0.0018281478717158406
0.0019778788540530164
0.002159297167325395
0.0023811856875972813
0.002655913341034051
0.0030014552415900736
0.0034448820894692083
0.004027828474502376
0.004809871811172744
0.005838706237372012
0.006953693705649454
0.007031187975661884
0.0019339198223190157
-0.01933048006361357
-0.07848247584105915
-0.2056188383425046
-0.42257537801849354
-0.7138255398714186
-1.0072914097942753
-1.1951193819441905
-1.1951193819441983
-1.0072914097942949
-0.7138255398714466
-0.42257537801852246
-0.20561883834253103
-0.078482475841082
-0.01933048006363121
0.0019339198223039073
0.00703118797564914
0.006953693705638321
0.005838706237362712
0.0048098718111641075
0.004027828474494724
0.0034448820894620105
0.0030014552415841755
0.0026559133410288074
0.0023811856875929774
0.00215929716732093
0.0019778788540489745
0.0018281478717122185
0.001703708349361989
0.0015998075931064964
0.0015128562521847283
0.0014401088481834335
0.0013794455690890723
0.0013292201166797944
0.0012881518729374927
0.001255248580870481
0.0012297505694430233
0.0012110905947448768
0.0011988653439463247
0.0011928159728969662
0.001151528192863833
0.0011573681725885812
0.0011691702617974697
0.0011871843450618068
0.0012117997750294642
0.0012435641611475523
0.0012832108793567087
0.0013316978408632824
0.0013902613366175232
0.001460490680177223
0.001544432308741819
0.0016447366691656543
0.0017648688709187201
0.0019094170987000347
0.002084555837342892
0.0022987639528840587
0.0025639822335189583
0.0028975636019749136
0.0033256417350966383
0.0038884101202004326
0.0046433842389954245
0.005636608861768564
0.00671301277852171
0.006787866260035313
0.0018671711034601265
-0.01866080955629318
-0.07576446175989249
-0.19849849011049214
-0.4079427211077634
-0.689108284957544
-0.9724129622436565
-1.153737476376624
-1.15373747637663
-0.9724129622436728
-0.6891082849575689
-0.4079427211077883
-0.1984984901105143
-0.07576446175991204
-0.01866080955630795
0.0018671711034471956
0.0067878662600245245
0.006713012778512082
0.00563660886176085
0.004643384238988007
0.003888410120194096
0.0033256417350904406
0.0028975636019698825
0.002563982233514424
0.002298763952880479
0.0020845558373389873
0.0019094170986963957
0.0017648688709156022
0.0016447366691627603
0.0015444323087396073
0.001460490680175104
0.0013902613366165617
0.0013316978408619046
0.001283210879355927
0.001243564161146707
0.001211799775028109
0.0011871843450611767
0.0011691702617968225
0.0011573681725891268
0.0011515281928629912
0.0011114065162309214
0.0011170430185405162
0.0011284338976498844
0.0011458203316045516
0.001169578107150456
0.0012002357538176043
0.0012385010951113066
0.0012852986664939198
0.001341821683795367
0.0014096040853472437
0.001490621005891406
0.0015874305447366988
0.0017033770790620957
0.0018428889306785269
0.0020119254510135923
0.0022186700823797474
0.0024746475671284674
0.00279660620967339
0.0032097691285111196
0.0037529294109054623
0.004481598844767367
0.00544021942910735
0.006479129618740834
0.00655141726796114
0.0018023094046055045
-0.018010047004806136
-0.07312319762942981
-0.191579207338718
-0.3937232663954973
-0.6650890064551399
-0.9385194279252261
-1.1135241317838478
-1.113524131783852
-0.9385194279252409
-0.6650890064551618
-0.39372326639551836
-0.19157920733873632
-0.07312319762944584
-0.018010047004818158
0.0018023094045947763
0.006551417267952294
0.006479129618732792
0.005440219429101199
0.004481598844761252
0.0037529294109004446
0.003209769128505954
0.002796606209669227
0.0024746475671246116
0.002218670082376818
0.0020119254510101506
0.0018428889306752398
0.0017033770790593349
0.0015874305447342437
0.0014906210058897127
0.0014096040853458216
0.0013418216837950536
0.0012852986664930767
0.001238501095110982
0.0012002357538169837
0.001169578107149405
0.0011458203316039861
0.0011284338976493837
0.0011170430185408232
0.0011114065162303752
0.0010722055241962159
0.0010776432183538015
0.00108863232353688
0.001105405511057284
0.0011283253130603718
0.0011579016169929032
0.001194817280285855
0.001239964228543009
0.0012944935909348005
0.0013598852012826354
0.0014380445280758286
0.0015314394422129862
0.0016432963590745937
0.0017778874060234795
0.001940961737840827
0.002140414152336986
0.0023873628932255322
0.0026979655211062862
0.0030965554912806173
0.003620557627115894
0.004323526004554851
0.0052483366404251
0.006250613558088368
0.0063203945399812975
0.0017389375045460313
-0.017374213276918377
-0.07054253128837484
-0.18481867525625933
-0.3798300542325723
-0.6416208130534962
-0.905403528753938
-1.0742334208311863
-1.0742334208311903
-0.905403528753948
-0.6416208130535119
-0.3798300542325894
-0.184818675256274
-0.07054253128838756
-0.017374213276927668
0.001738937504537567
0.006320394539974412
0.006250613558081921
0.005248336640420503
0.004323526004550032
0.003620557627112136
0.0030965554912764613
0.002697965521103009
0.0023873628932223234
0.002140414152334686
0.0019409617378377778
0.001777887406020607
0.00164329635907212
0.0015314394422109737
0.0014380445280745896
0.001359885201281853
0.0012944935909349792
0.0012399642285426677
0.0011948172802859292
0.0011579016169925248
0.001128325313059668
0.0011054055110568451
0.0010886323235366252
0.001077643218353784
0.0010722055241960684
0.0010337006934199146
0.0010389431100155948
0.001049537576286947
0.0010657084078815738
0.0010878051177300905
0.001116319282257011
0.0011519092361868327
0.001195434874376758
0.0012480059867469985
0.0013110492634405943
0.001386401743885071
0.0014764426729194139
0.0015842825989899958
0.0017140402288443922
0.0018712582534698807
0.002063547952176078
0.0023016282890067404
0.002601076571729364
0.0029853523919833895
0.0034905366084670795
0.004168260353516286
0.005059861478955812
0.00602615574191358
0.006093474783849237
0.001676692047067869
-0.0167496678898131
-0.06800768541382535
-0.17817818094855956
-0.36618352709531743
-0.6185693170728321
-0.8728756305125194
-1.0356403499452256
-1.0356403499452287
-0.8728756305125263
-0.6185693170728452
-0.3661835270953298
-0.1781781809485697
-0.06800768541383467
-0.016749667889819648
0.0016766920470616781
0.006093474783844353
0.006026155741908787
0.005059861478952664
0.004168260353512755
0.0034905366084644596
0.0029853523919801776
0.0026010765717270085
0.0023016282890042025
0.00206354795217451
0.0018712582534673268
0.0017140402288421076
0.0015842825989878626
0.0014764426729178804
0.0013864017438842118
0.0013110492634403335
0.0012480059867475161
0.0011954348743768496
0.0011519092361871991
0.0011163192822568726
0.001087805117729686
0.0010657084078812703
0.0010495375762869163
0.0010389431100152123
0.0010337006934201696
0.0009956827856509598
0.0010007323941204488
0.001010937211994415
0.0010265133049199911
0.0010477973312514365
0.0010752627879481765
0.001109543797137506
0.0011514686279839993
0.001202106253925586
0.0012628308934710276
0.0013354120223266783
0.001422141380019755
0.0015260151132943313
0.0016510004484119024
0.0018024362234716716
0.0019876537846119815
0.002216977865440323
0.002505412858701369
0.0028755555431927288
0.003362159808781815
0.004014958162538235
0.004873769747569109
0.005804536422294868
0.005869424803638338
0.0016152344453348767
-0.016133018093085157
-0.06550488840691046
-0.17162164632968008
-0.35270954225548523
-0.5958092774746317
-0.8407590058041832
-0.9975352389918442
-0.9975352389918485
-0.8407590058041856
-0.5958092774746397
-0.352709542255493
-0.17162164632968635
-0.06550488840691643
-0.016133018093088945
0.0016152344453309007
0.005869424803635422
0.005804536422291681
0.004873769747567379
0.004014958162536023
0.003362159808780304
0.0028755555431904754
0.002505412858700002
0.002216977865438514
0.001987653784611185
0.0018024362234696585
0.0016510004484103437
0.0015260151132926699
0.0014221413800188086
0.0013354120223261997
0.0012628308934712151
0.001202106253926338
0.0011514686279844545
0.0011095437971380632
0.001075262787948267
0.0010477973312513018
0.0010265133049198703
0.001010937211994625
0.00100073239411983
0.0009956827856515658
0.0009579529914747143
0.0009628112529893593
0.0009726293753660936
0.0009876152367728607
0.0010080927384046178
0.0010345174347687013
0.0010674994188875954
0.0011078355739047195
0.001156554366098795
0.0012149779399945751
0.0012848087196013682
0.0013682516022839612
0.0014681892000655314
0.00158843840670076
0.0017341357522802439
0.0019123347712194639
0.002132968954333535
0.002410474121144298
0.0027665907764040432
0.003234755897625807
0.0038628177558215513
0.004689088297651764
0.00558459664766364
0.005647072874659202
0.0015542430108836354
-0.015521040165946697
-0.06302105487537321
-0.16511479105653273
-0.339337651495946
-0.5732216939660819
-0.8088857335446018
-0.9597188561832916
-0.9597188561832918
-0.8088857335446027
-0.5732216939660854
-0.3393376514959503
-0.16511479105653465
-0.06302105487537592
-0.015521040165947768
0.001554243010881786
0.005647072874658241
0.005584596647662028
0.004689088297651348
0.0038628177558205985
0.0032347558976253744
0.0027665907764027687
0.002410474121143881
0.0021329689543324593
0.001912334771219361
0.001734135752278763
0.0015884384066999595
0.0014681892000645129
0.0013682516022837645
0.0012848087196013973
0.0012149779399952306
0.0011565543660998266
0.001107835573905531
0.001067499418888337
0.0010345174347690489
0.0010080927384047862
0.0009876152367729394
0.0009726293753665029
0.0009628112529886531
0.0009579529914755151
