0.02590673466627671
0.02603812074301966
0.02630364053351484
0.026708915862352533
0.027262706262817717
0.027977331679736896
0.0288692913730654
0.029960136125438016
0.031277679616929364
0.03285767771519552
0.03474617050540808
0.03700278688087483
0.039705483739734114
0.0429574845417196
0.04689770077175197
0.051716887055536766
0.057683683061755385
0.0651884886454458
0.07481925032209617
0.08748023254730344
0.10446544049188301
0.12681100209270652
0.15102916145598544
0.1527194519647413
0.042035834200166176
-0.41973954389307255
-1.7043095419142937
-4.465292945901345
-9.176913233697016
-15.501993515059967
-21.875214433650566
-25.95429699165986
-25.954296991659746
-21.875214433650456
-15.501993515059983
-9.176913233696887
-4.465292945901217
-1.7043095419142096
-0.4197395438929745
0.04203583420021503
0.15271945196480352
0.15102916145598402
0.12681100209275012
0.10446544049186511
0.08748023254734136
0.07481925032212026
0.06518848864545217
0.057683683061803735
0.051716887055548263
0.04689770077178028
0.042957484541733655
0.03970548373976264
0.0370027868808805
0.03474617050546282
0.03285767771521546
0.03127767961694911
0.02996013612542819
0.028869291373096653
0.027977331679719847
0.027262706262843918
0.0267089158623597
0.026303640533525352
0.02603812074306959
0.025906734666251544
0.022167368328893246
0.022279790189362738
0.022506984954163242
0.022853762995177464
0.023327619496910524
0.02393909614638339
0.024702310704276673
0.025635703317991324
0.026763073046651067
0.028115014762298645
0.029730923131144515
0.03166182021885148
0.03397441063046777
0.03675701855336269
0.04012850498151094
0.044252090990521215
0.0493576407264895
0.0557792035549132
0.0640198614063682
0.07485335653039937
0.08938691703340525
0.108507119469183
0.12922964510717166
0.1306760107083687
0.035968479584660054
-0.35915479416436746
-1.458312727533648
-3.820783930027595
-7.852345898257855
-13.264490038167976
-18.717828682714412
-22.208155539770964
-22.208155539770747
-18.717828682714135
-13.264490038167777
-7.852345898257513
-3.8207839300272424
-1.4583127275333778
-0.3591547941641021
0.03596847958482984
0.13067601070854687
0.12922964510725654
0.10850711946930791
0.0893869170334479
0.07485335653049116
0.06401986140643287
0.05577920355495939
0.04935764072657733
0.04425209099057041
0.040128504981583026
0.036757018553406164
0.033974410630529445
0.03166182021888049
0.029730923131223382
0.02811501476234177
0.026763073046691784
0.02563570331801681
0.024702310704332736
0.0239390961463979
0.02332761949695617
0.02285376299521138
0.022506984954188444
0.022279790189424803
0.0221673683288506
0.018399447356401286
0.01849276018550679
0.018681337265954206
0.018969171320465793
0.019362483529913165
0.01987002374429604
0.0205035100393307
0.021278248173616024
0.022213991928704484
0.023336135770414386
0.024677378199923796
0.026280068731381643
0.02819957375139033
0.03050920440028531
0.03330761807029626
0.03673029203332724
0.0409680188121861
0.04629806697381275
0.05313800581037347
0.06213005864652381
0.0741932501803058
0.09006346328509976
0.10726365954270703
0.10846422912311052
0.02985475200276135
-0.29810753668034995
-1.2104377852853117
-3.171354136062478
-6.517665521952172
-11.009903235871363
-15.536336295479785
-18.433412299039063
-18.433412299039063
-15.536336295479305
-11.009903235870889
-6.517665521951577
-3.1713541360618867
-1.210437785284847
-0.2981075366799227
0.029854752003058746
0.10846422912340503
0.10726365954288859
0.09006346328530662
0.07419325018041109
0.06213005864666735
0.053138005810476785
0.04629806697389303
0.04096801881230013
0.03673029203340763
0.033307618070406865
0.030509204400354976
0.028199573751481747
0.026280068731436207
0.024677378200024268
0.023336135770482748
0.022213991928765945
0.0212782481736719
0.020503510039405964
0.01987002374434281
0.019362483529975164
0.018969171320525162
0.018681337265990385
0.018492760185578504
0.01839944735633997
0.014583267958583123
0.014657227013285277
0.014806691805046839
0.015034826935195842
0.01534656326388183
0.01574883585471091
0.01625093236390451
0.0168649840168296
0.017606647506606957
0.01849605028737359
0.019559108932484828
0.020829389328698353
0.022350774427034318
0.024181370037225328
0.026399371186622868
0.02911215600674598
0.03247094497550058
0.036695498622465385
0.0421167783658469
0.049243804111660905
0.058804986571157083
0.0713835844007493
0.08501633452033308
0.0859679455239486
0.023662650850374792
-0.23627862811400246
-0.959388748050364
-2.513608069156631
-5.16589377954358
-8.726445059908453
-12.314102911051243
-14.610331107447593
-14.610331107447479
-12.314102911050547
-8.72644505990784
-5.165893779542704
-2.513608069155822
-0.9593887480496874
-0.23627862811341172
0.023662650850803178
0.08596794552435101
0.08501633452061674
0.0713835844010319
0.058804986571330056
0.04924380411185693
0.04211677836599456
0.03669549862258144
0.03247094497563855
0.029112156006853886
0.02639937118676873
0.02418137003732116
0.022350774427148314
0.02082938932877914
0.01955910893259971
0.018496050287468854
0.017606647506685905
0.01686498401691138
0.016250932363991583
0.015748835854787636
0.015346563263955657
0.015034826935274727
0.0148066918050875
0.014657227013362407
0.014583267958507708
0.01069809275703627
0.010752348124487589
0.010861993484216168
0.011029350343853803
0.011258035914024973
0.011553137660883086
0.011921468879520072
0.012371928866973036
0.012916003153144937
0.013568456953648292
0.014348302297638914
0.015280162637596566
0.016396229869779268
0.01773912956254807
0.019366224420724665
0.021356285405089902
0.023820245488084833
0.02691931741725205
0.03089628886120927
0.03612456795927042
0.04313850498954126
0.05236597425138356
0.062366773945180615
0.06306490415515534
0.017358494569852168
-0.1733321914234186
-0.7038016872808615
-1.843972166581913
-3.789686381982804
-6.401709260240127
-9.033621810384538
-10.718140776523654
-10.718140776523413
-9.03362181038371
-6.401709260239118
-3.7896863819816176
-1.8439721665808584
-0.7038016872799799
-0.1733321914226667
0.017358494570420588
0.06306490415566182
0.062366773945569304
0.05236597425173743
0.04313850498978676
0.036124567959518905
0.030896288861409604
0.026919317417405483
0.023820245488249153
0.021356285405221942
0.019366224420899192
0.017739129562667988
0.016396229869909185
0.015280162637700073
0.014348302297762298
0.013568456953772165
0.012916003153241068
0.01237192886708053
0.0119214688796149
0.0115531376609882
0.01125803591410833
0.011029350343945709
0.010861993484257901
0.010752348124567546
0.010698092756955921
0.006721669488650446
0.006755758403430977
0.006824649122578828
0.00692980025891627
0.007073484520811371
0.007258898383810698
0.00749032266833877
0.007773348837158751
0.008115193291835653
0.00852513307039755
0.009015113495643604
0.009600605561059086
0.010301835528369607
0.011145585150550343
0.012167895534796073
0.013418258592603129
0.014966373582439782
0.016913530390077
0.0194122720374017
0.02269720981451845
0.027104075574938505
0.032901708889983255
0.03918524987833846
0.039623917389518176
0.010906137691819688
-0.10890782437181284
-0.44221306821008977
-1.1586118837060004
-2.381162671778317
-4.022383530074112
-5.676107717741409
-6.734553149097
-6.73455314909646
-5.676107717740347
-4.022383530072917
-2.3811626717769387
-1.1586118837046775
-0.4422130682089913
-0.1089078243709008
0.010906137692532285
0.03962391739012977
0.03918524987884292
0.03290170889041234
0.02710407557526831
0.022697209814825217
0.019412272037660327
0.016913530390273893
0.014966373582642405
0.013418258592758955
0.01216789553499497
0.011145585150696288
0.010301835528511022
0.009600605561182224
0.009015113495770832
0.008525133070549262
0.008115193291945693
0.007773348837289314
0.0074903226684368135
0.0072588983839375
0.007073484520904113
0.0069298002590166795
0.006824649122621564
0.0067557584035119675
0.006721669488575097
0.0026296749695230402
0.0026430113109303204
0.00266996289068374
0.0027111003474823703
0.002767312810553129
0.0028398508047492305
0.0029303890714777667
0.003041115099700238
0.0031748520838071545
0.0033352293747128114
0.003526920200534942
0.003755977086589493
0.00403031288792096
0.004360405053314857
0.004760353395332428
0.0052495198006658195
0.005855171382391874
0.00661693354103602
0.0075944817319253816
0.00887959628910824
0.010603617649828645
0.012871727172196923
0.015329960790466113
0.015501587186527943
0.004266066064862004
-0.042611598850747
-0.17302319300880065
-0.45333590910618327
-0.9317087658687058
-1.5739169659958652
-2.2210275462525395
-2.6352063431641817
-2.6352063431637838
-2.2210275462514417
-1.5739169659943322
-0.9317087658670644
-0.4533359091046343
-0.17302319300748548
-0.042611598849667975
0.004266066065724702
0.015501587187244759
0.015329960791085812
0.012871727172703601
0.010603617650246727
0.008879596289477903
0.0075944817322470964
0.006616933541284779
0.00585517138265023
0.005249519800854467
0.004760353395561988
0.004360405053494741
0.0040303128880801176
0.0037559770867308245
0.0035269202006658305
0.0033352293748856177
0.003174852083926226
0.003041115099845077
0.0029303890715731903
0.0028398508048867836
0.002767312810651311
0.002711100347583966
0.0026699628907265946
0.0026430113110070368
0.002629674969459459
-0.00160494791252027
-0.0016130874856378312
-0.0016295368546412649
-0.0016546443057550153
-0.0016889525143127214
-0.0017332247333111395
-0.0017884831366974004
-0.0018560628566946583
-0.0019376870338244367
-0.0020355708576451394
-0.002152566667850464
-0.0022923686936361723
-0.0024598066780350605
-0.0026612757733822656
-0.0029053822402080876
-0.003203944419850613
-0.0035736063491863465
-0.004038556480378666
-0.004635223915969891
-0.00541963784314603
-0.006471973810387582
-0.007856414695256358
-0.009356833864056585
-0.009461604274194096
-0.0026056823032940477
0.0259946703215701
0.10554738606012704
0.2765180408568071
0.568257159898641
0.9598764242319433
1.3544591011435436
1.6069990767453675
1.606999076745879
1.354459101144883
0.9598764242337943
0.5682571599006145
0.2765180408586536
0.10554738606165692
0.0259946703228221
-0.0026056823022796924
-0.009461604273366092
-0.009356833863323116
-0.0078564146946664
-0.006471973809878753
-0.005419637842702399
-0.004635223915582132
-0.004038556480067908
-0.003573606348860045
-0.0032039444196203387
-0.0029053822399465745
-0.002661275773160922
-0.0024598066778523525
-0.0022923686934740242
-0.002152566667708161
-0.0020355708574531887
-0.0019376870336928406
-0.001856062856536552
-0.001788483136600752
-0.001733224733167716
-0.0016889525142076145
-0.0016546443056527152
-0.001629536854596908
-0.0016130874855703296
-0.001604947912568322
-0.006012802640365734
-0.006043296675087326
-0.0061049224598501775
-0.006198984797659065
-0.006327516741469558
-0.006493377702845825
-0.006700397098010378
-0.006953576785724568
-0.007259372225510166
-0.007626082239257242
-0.00806439259490977
-0.008588143002387062
-0.009215427085133475
-0.009970202832146315
-0.010884711452950162
-0.012003227060852197
-0.01338810119554687
-0.015129946717124629
-0.01736522883691756
-0.020303833081592573
-0.02424610429891716
-0.02943252010982457
-0.03505355033721211
-0.03544608522150172
-0.009758840098263305
0.09740657382996026
0.3955112734450017
1.0362231586452264
2.1295724698182106
3.5973035474748905
5.07618549149424
6.022713495413839
6.022713495414408
5.076185491495746
3.597303547477056
2.129572469820438
1.0362231586473527
0.3955112734467625
0.09740657383139978
-0.009758840097087246
-0.0354460852205489
-0.03505355033636434
-0.02943252010914167
-0.02424610429831718
-0.020303833081068492
-0.017365228836463784
-0.015129946716745286
-0.013388101195147273
-0.012003227060570193
-0.01088471145264995
-0.009970202831876517
-0.009215427084915163
-0.008588143002198532
-0.00806439259474348
-0.0076260822390481625
-0.007259372225359925
-0.006953576785555589
-0.006700397097904931
-0.006493377702699643
-0.006327516741356277
-0.0061989847975554395
-0.006104922459801411
-0.0060432966750344
-0.006012802640395672
-0.010629058760350443
-0.010682964166562173
-0.010791902289751402
-0.010958179673484971
-0.011185390212916292
-0.011478588583867955
-0.011844544170365501
-0.012292098919404477
-0.012832664352150344
-0.013480910555250726
-0.014255727087305613
-0.015181578814807077
-0.016290450354996808
-0.017624692901202305
-0.019241300068959404
-0.021218536249609815
-0.023666621536078278
-0.02674573375022825
-0.030697103954074753
-0.035891748475687935
-0.042860591630043646
-0.05202874354862645
-0.061965225637800575
-0.06265920717481249
-0.017250571662978893
0.17219360829471597
0.6991812551333128
1.8318391656980277
3.7646910055055525
6.359401937680671
8.973838140965235
10.647159060564206
10.647159060564814
8.973838140967093
6.359401937683124
3.764691005508146
1.8318391657004254
0.6991812551353302
0.17219360829636166
-0.017250571661631964
-0.06265920717371601
-0.06196522563683249
-0.05202874354783722
-0.04286059162935102
-0.0358917484750787
-0.030697103953553767
-0.026745733749772793
-0.023666621535608175
-0.021218536249263717
-0.01924130006861511
-0.017624692900877675
-0.016290450354733962
-0.01518157881458377
-0.01425572708710424
-0.01348091055502518
-0.012832664351977857
-0.012292098919225
-0.011844544170243457
-0.011478588583719949
-0.011185390212794011
-0.010958179673377793
-0.010791902289695374
-0.010682964166526122
-0.01062905876036211
-0.015494759770865934
-0.015573341611125783
-0.015732148653794572
-0.01597454331337797
-0.01630576466942869
-0.01673318128607338
-0.017266661380269707
-0.017919094491643174
-0.01870711601060684
-0.01965211156873933
-0.02078161781871303
-0.022131298929219903
-0.023747781131587882
-0.025692802728063027
-0.02804944727512179
-0.030931806162219487
-0.0345005546954718
-0.038989194731980883
-0.04474938443318169
-0.052321978081607226
-0.06248093993590362
-0.07584599281066418
-0.09033114290868763
-0.09134295751789243
-0.025147604354706754
0.25102033717068256
1.0192562582691949
2.670437548263127
5.488145995329019
9.270721725366336
13.082060269872155
15.521438898556056
15.521438898556902
13.082060269874145
9.270721725369057
5.488145995331941
2.6704375482658365
1.019256258271476
0.25102033717255234
-0.025147604353173904
-0.09134295751664129
-0.09033114290759317
-0.07584599280975732
-0.0624809399351111
-0.05232197808090498
-0.044749384432589634
-0.038989194731445895
-0.034500554694937735
-0.030931806161806158
-0.028049447274732374
-0.02569280272768485
-0.023747781131275104
-0.022131298928953984
-0.020781617818465336
-0.019652111568494522
-0.018707116010404933
-0.01791909449145063
-0.01726666138012056
-0.016733181285920794
-0.01630576466929299
-0.015974543313263
-0.01573214865372438
-0.015573341611104498
-0.015494759770858513
-0.020658535482651428
-0.020763305446337546
-0.020975036400822083
-0.02129821131479284
-0.021739815237117575
-0.022309672370335095
-0.023020939600628437
-0.02389080201817685
-0.024941438900035806
-0.026201362821242115
-0.02770728725516633
-0.029506761749649165
-0.031661951105984056
-0.034255168404637354
-0.03739718543460002
-0.041240115378273115
-0.045998179693625296
-0.051982696193042965
-0.059662515073700614
-0.06975873324162152
-0.08330324469281913
-0.10112231122640919
-0.12043481510883777
-0.12178405763144043
-0.03352902045811545
0.3346740912175874
1.35893388163563
3.5603964189200585
7.3171560619924225
12.360349336376904
17.441896367456057
20.694251046200705
20.694251046201423
17.44189636745836
12.360349336380112
7.317156061995734
3.560396418923092
1.358933881638198
0.3346740912196945
-0.03352902045638913
-0.12178405763002292
-0.1204348151076135
-0.10112231122537364
-0.08330324469192255
-0.06975873324082223
-0.05966251507303179
-0.05198269619242006
-0.045998179693028184
-0.041240115377780315
-0.03739718543415845
-0.03425516840420198
-0.031661951105618834
-0.029506761749333407
-0.027707287254868988
-0.026201362820975117
-0.02494143889980118
-0.023890802017965874
-0.02302093960044269
-0.022309672370171927
-0.021739815236961613
-0.021298211314666242
-0.020975036400732495
-0.02076330544632521
-0.02065853548262547
-0.0261788902011029
-0.026311656683144655
-0.026579966157818383
-0.02698949952691543
-0.027549108375036095
-0.028271242115168987
-0.029172573399043156
-0.030274879493148537
-0.031606266389866446
-0.033202865753315755
-0.03511120157615408
-0.037391529521953605
-0.04012262596780511
-0.043408799551569135
-0.04739042229139623
-0.05226025474186744
-0.05828976212795213
-0.06587345179489325
-0.07560545871498532
-0.08839956930781871
-0.10556341975460587
-0.12814407864612365
-0.1526173261243138
-0.15432745738255232
-0.04248999012959167
0.42410197690775703
1.7220607477288516
4.511794486362011
9.27243492304969
15.663275280143509
22.102722309120367
26.22417847531494
26.224178475315842
22.1027223091229
15.663275280147008
9.272434923053323
4.51179448636543
1.72206074773171
0.4241019769101103
-0.042489990127661546
-0.1543274573809632
-0.15261732612295068
-0.12814407864495178
-0.10556341975359548
-0.08839956930691735
-0.07560545871423208
-0.06587345179417875
-0.05828976212728932
-0.05226025474128915
-0.04739042229089364
-0.04340879955107405
-0.040122625967383224
-0.037391529521582464
-0.03511120157580539
-0.03320286575302253
-0.03160626638959535
-0.030274879492916466
-0.02917257339881988
-0.02827124211499502
-0.027549108374858258
-0.02698949952677975
-0.02657996615770694
-0.026311656683134062
-0.026178890201059762
-0.032127326214565044
-0.03229026023505787
-0.032619535672125374
-0.03312212425589388
-0.03380888884951349
-0.03469510765166933
-0.035801241714139904
-0.0371540165859847
-0.038787924569845936
-0.04074730725148097
-0.04308925991315827
-0.04588772964818781
-0.04923939257890274
-0.05327225858055148
-0.05815859529938718
-0.06413496273530095
-0.07153450896066192
-0.08084138197260649
-0.09278471707095395
-0.10848593304798564
-0.1295497927793574
-0.1572613014724225
-0.1872955423655251
-0.189394756790043
-0.052146870529156175
0.5204613836740384
2.1133377100734836
5.536948771038189
11.379296527245575
19.22226100482041
27.12487971779552
32.1828146804075
32.182814680408555
27.12487971779845
19.222261004824226
11.37929652724967
5.536948771041989
2.1133377100766673
0.5204613836766567
-0.052146870527009045
-0.1893947567882756
-0.18729554236401144
-0.15726130147110523
-0.12954979277822873
-0.10848593304697486
-0.09278471707010856
-0.08084138197179637
-0.07153450895992819
-0.06413496273463387
-0.05815859529881775
-0.05327225857999394
-0.04923939257842296
-0.04588772964775794
-0.043089259912761226
-0.04074730725115715
-0.038787924569539924
-0.037154016585730885
-0.03580124171388562
-0.03469510765148642
-0.03380888884931663
-0.03312212425575323
-0.032619535671994576
-0.0322902602350397
-0.03212732621450926
-0.038592707804727795
-0.038788431060795284
-0.03918397068143456
-0.03978770140428958
-0.040612672160768595
-0.0416772357703246
-0.04300597091500533
-0.04463098145619775
-0.04659370100831381
-0.0489473945613315
-0.05176064738469918
-0.05512228785554308
-0.05914844742056557
-0.06399289695297268
-0.06986257162652143
-0.07704163729757965
-0.08593028547617934
-0.09711009512497717
-0.11145693429925514
-0.1303178990942284
-0.1556207031238493
-0.18890897543935875
-0.22498755774602594
-0.2275099456608383
-0.06264433589719173
0.6251905319140616
2.538606508267269
6.651165755365453
13.669198857337216
23.09044677259417
32.583355993924435
38.65912991782536
38.65912991782658
32.583355993927725
23.09044677259839
13.669198857341808
6.651165755369671
2.5386065082707936
0.6251905319169648
-0.06264433589481007
-0.22750994565888172
-0.22498755774434714
-0.18890897543789265
-0.15562070312259327
-0.1303178990931028
-0.11145693429830579
-0.09711009512407104
-0.08593028547536749
-0.07704163729682345
-0.06986257162587867
-0.06399289695235225
-0.05914844742002638
-0.055122287855055
-0.05176064738425773
-0.048947394560974126
-0.04659370100797531
-0.044630981455923965
-0.04300597091472999
-0.041677235770134095
-0.04061267216055772
-0.03978770140414936
-0.03918397068128967
-0.038788431060761824
-0.03859270780466764
-0.04568752221640878
-0.045919226886852266
-0.04638748180597856
-0.04710220130840528
-0.04807883321787838
-0.049339104303614614
-0.050912111748927964
-0.0528358613321841
-0.05515940374998292
-0.05794579613375584
-0.06127623234749908
-0.06525587082025347
-0.07002219239890253
-0.07575723692315761
-0.08270598216546342
-0.09120483453555642
-0.10172755605439875
-0.11496264217097464
-0.13194697917398485
-0.15427531215198698
-0.18422974938473308
-0.22363773474288276
-0.266349200064941
-0.2693363349326823
-0.07416561801246344
0.7401096512777383
3.005260927091585
7.873818808631277
16.181958322322792
27.335092333864296
38.573062859859256
45.76573402842327
45.76573402842462
38.5730628598626
27.33509233386906
16.1819583223278
7.873818808635913
3.0052609270954873
0.7401096512809484
-0.07416561800982938
-0.26933633493051645
-0.26634920006308005
-0.22363773474125898
-0.18422974938334177
-0.15427531215073753
-0.13194697917292356
-0.11496264216997251
-0.10172755605350516
-0.09120483453471401
-0.08270598216474534
-0.07575723692247377
-0.07002219239830469
-0.0652558708197081
-0.06127623234701645
-0.057945796133358186
-0.05515940374961281
-0.05283586133188642
-0.05091211174863963
-0.04933910430341143
-0.04807883321765816
-0.047102201308266894
-0.046387481805827385
-0.04591922688679742
-0.04568752221635655
-0.053557152005119034
-0.05382876758028164
-0.054377678955190134
-0.05521550819964571
-0.056360364010909436
-0.05783771557455475
-0.059681672037486526
-0.06193678563951874
-0.06466055601634535
-0.06792690183530836
-0.07183100253371782
-0.07649612999152627
-0.0820834460185563
-0.08880634667218076
-0.0969520069595291
-0.10691477905320304
-0.11925003017385433
-0.13476484874459416
-0.15467472446125227
-0.1808490982847542
-0.21596318074035492
-0.26215924348731
-0.31222809867606993
-0.3157312604622765
-0.08694770507084458
0.8675707188560927
3.522855427781658
9.229943162833752
18.969027909739953
32.04311459683563
45.21665069692078
53.648147900547784
53.648147900549226
45.2166506969246
32.043114596840965
18.96902790974554
9.22994316283888
3.522855427785987
0.867570718859644
-0.08694770506793664
-0.31573126045988387
-0.31222809867401163
-0.2621592434855249
-0.2159631807388154
-0.1808490982833743
-0.15467472446007008
-0.13476484874349837
-0.11925003017287492
-0.10691477905227717
-0.09695200695873454
-0.08880634667143514
-0.08208344601789788
-0.0764961299909217
-0.07183100253319094
-0.06792690183486308
-0.06466055601594031
-0.0619367856391914
-0.059681672037188244
-0.05783771557433242
-0.05636036401068499
-0.05521550819951074
-0.05437767895504252
-0.05382876758020706
-0.053557152005086914
-0.062394176024467715
-0.06271060866450917
-0.0633500914171238
-0.06432616401620679
-0.06565992312911455
-0.06738104040672929
-0.06952925307197638
-0.07215646457225523
-0.0753296620976329
-0.0791349610444658
-0.08368324565143244
-0.08911812791436005
-0.09562736168244707
-0.10345955382468214
-0.11294926386510962
-0.12455591299918593
-0.13892650539680118
-0.15700130121300898
-0.18019634969944934
-0.21068955756080682
-0.2515975675936668
-0.30541620734881536
-0.36374708719025173
-0.3678305037671472
-0.10130495880445792
1.0106878636335341
4.104042425151414
10.752692653841503
22.09854695318333
37.32961837070998
52.676546719555404
62.49908650105379
62.4990865010555
52.67654671955954
37.32961837071589
22.098546953189484
10.752692653847214
4.104042425156211
1.0106878636374708
-0.10130495880124304
-0.36783050376449633
-0.36374708718797666
-0.30541620734685115
-0.2515975675919648
-0.21068955755928037
-0.18019634969813347
-0.15700130121181
-0.13892650539572765
-0.12455591299817023
-0.11294926386423527
-0.10345955382386855
-0.09562736168172384
-0.08911812791369352
-0.08368324565086069
-0.0791349610439717
-0.07532966209719602
-0.0721564645718974
-0.06952925307167107
-0.0673810404064804
-0.0656599231288867
-0.06432616401606761
-0.06335009141698195
-0.06271060866441477
-0.06239417602446126
-0.07246168156248194
-0.07282917168504639
-0.07357183715552104
-0.07470540239244669
-0.07625436808615757
-0.07825319351547554
-0.080748027648199
-0.08379914874235628
-0.08748435261739276
-0.09190364970860504
-0.09718581584309136
-0.10349763535941317
-0.11105715691814816
-0.12015310109099428
-0.1311740099416538
-0.14465343420906246
-0.16134277504120736
-0.18233400803120628
-0.20927166963697152
-0.24468508731691874
-0.2921938146534535
-0.3546965169774101
-0.4224402351337881
-0.4271862174745958
-0.11766871209093105
1.1737096070730786
4.7660914481443335
12.487325133713789
25.663536130781957
43.35174313296157
61.17449686389131
72.58164594290724
72.58164594290912
61.174496863895975
43.35174313296819
25.663536130788756
12.487325133720098
4.766091448149687
1.1737096070774538
-0.1176687120873704
-0.4271862174716526
-0.4224402351312705
-0.3546965169752437
-0.2921938146515639
-0.24468508731523136
-0.2092716696355067
-0.18233400802989264
-0.1613427750400243
-0.1446534342079462
-0.1311740099406904
-0.12015310109010377
-0.11105715691734773
-0.10349763535867298
-0.0971858158424633
-0.09190364970805522
-0.08748435261691553
-0.08379914874196177
-0.08074802764787888
-0.07825319351519205
-0.07625436808592315
-0.07470540239229471
-0.07357183715538458
-0.07282917168493752
-0.07246168156249842
-0.08413421101699914
-0.0845608985494396
-0.0854231968217862
-0.08673936323628331
-0.08853784520173244
-0.09085865290562589
-0.0937553692712555
-0.09729798254617641
-0.10157682037844375
-0.10670800350435836
-0.11284105176839823
-0.12016961618964676
-0.12894687011415093
-0.1395080431237665
-0.1523042662595288
-0.16795503833131767
-0.18733280165988067
-0.2117054358109999
-0.24298239393567783
-0.2841004583773595
-0.339262305790627
-0.4118338207052835
-0.49049219244680753
-0.4960108878738219
-0.13666285151621152
1.362654433292577
5.533510289407615
14.498098504254209
29.796095307129825
50.33266846414613
71.02545665588903
84.2695224681
84.26952246810208
71.02545665589432
50.332668464153464
29.79609530713749
14.498098504261257
5.5335102894135915
1.362654433297452
-0.13666285151225593
-0.496010887870537
-0.49049219244401226
-0.41183382070287305
-0.339262305788518
-0.28410045837548437
-0.2429823939340452
-0.21170543580954682
-0.18733280165856686
-0.16795503833008116
-0.15230426625846435
-0.13950804312278137
-0.12894687011325834
-0.12016961618881755
-0.1128410517676989
-0.10670800350373892
-0.10157682037790977
-0.09729798254573149
-0.09375536927090278
-0.09085865290529557
-0.08853784520148233
-0.08673936323610584
-0.08542319682164809
-0.08456089854932028
-0.08413421101702813
-0.09797576319325171
-0.09847264841181705
-0.0994768100863542
-0.1010095092940618
-0.10310387356082887
-0.10580649548040896
-0.1091797733473155
-0.1133052097601634
-0.11828799292871264
-0.12426334759857492
-0.13140539240978327
-0.13993963759994624
-0.1501609083095315
-0.1624595857785291
-0.177361020816737
-0.19558663195678125
-0.21815239585075136
-0.24653478499339082
-0.28295740276004244
-0.33084022715042966
-0.3950775506178907
-0.47958995725607406
-0.5711958939697378
-0.5776494522668809
-0.15927396149948767
1.5864425130315085
6.442834588345647
16.880959431071638
34.69360815634208
58.605992642804424
82.70030036039077
98.12146016727453
98.12146016727694
82.70030036039662
58.605992642812836
34.693608156350706
16.880959431079543
6.442834588352369
1.586442513036972
-0.15927396149506362
-0.5776494522631969
-0.571195893966608
-0.479589957253372
-0.3950775506155185
-0.3308402271483338
-0.28295740275820414
-0.24653478499176165
-0.21815239584926896
-0.19558663195539425
-0.17736102081554556
-0.16245958577742237
-0.15016090830852385
-0.13993963759901268
-0.13140539240899726
-0.12426334759787541
-0.1182879929281055
-0.11330520975965647
-0.10917977334690857
-0.10580649548002
-0.10310387356054951
-0.1010095092938463
-0.09947681008620216
-0.09847264841168968
-0.0979757631932788
-0.11489457753333795
-0.11547726687814339
-0.11665483121104284
-0.11845220306842258
-0.12090823058850796
-0.12407755218870073
-0.12803334139165604
-0.13287117504997903
-0.13871440577973196
-0.14572160960056488
-0.15409697283791962
-0.16410494801066988
-0.1760912722559677
-0.19051374004840532
-0.20798842290327607
-0.22936131851060568
-0.25582384959587956
-0.2891074592230053
-0.3318197583636518
-0.38797143863194694
-0.4633027154430194
-0.5624149723089304
-0.6698666103767432
-0.677540532848238
-0.18727542130052316
1.8588806898160568
7.551461509480013
19.787250051462884
40.66798044646117
68.6993713474381
96.94420023746994
115.02189296153013
115.02189296153273
96.94420023747668
68.69937134744754
40.66798044647094
19.787250051471855
7.551461509487623
1.8588806898222399
-0.18727542129552016
-0.6775405328440594
-0.6698666103732037
-0.5624149723058661
-0.4633027154403234
-0.38797143862957495
-0.3318197583615573
-0.28910745922114484
-0.2558238495941824
-0.22936131850902589
-0.20798842290192218
-0.19051374004713975
-0.17609127225481752
-0.16410494800960962
-0.15409697283702517
-0.14572160959976585
-0.13871440577903177
-0.132871175049394
-0.12803334139117292
-0.12407755218824079
-0.12090823058818373
-0.11845220306815782
-0.11665483121086237
-0.11547726687800919
-0.1148945775333503
-0.1364303283331899
-0.13712223664016357
-0.13852052297157122
-0.14065479321274243
-0.1435711771888875
-0.14733455473242316
-0.1520318150002362
-0.15777644976004573
-0.1647149328357982
-0.1730355637381784
-0.18298080149614854
-0.19486466765834598
-0.20909770443676118
-0.22622351550972472
-0.2469736492343324
-0.2723526779086281
-0.303775346666993
-0.3432976502672151
-0.39401603777188365
-0.4606934254290199
-0.5501487508521341
-0.6678601160454036
-0.7955527772891733
-0.8050628058585603
-0.2242374486074621
2.201672956826167
8.952312709416596
23.463907070351738
48.22990515868351
81.47834961439574
114.9807360304921
136.4237247329852
136.4237247329882
114.9807360304997
81.47834961440653
48.229905158694706
23.46390707036205
8.952312709425343
2.2016729568332676
-0.22423744860171269
-0.8050628058537537
-0.7955527772850987
-0.6678601160418722
-0.5501487508490199
-0.46069342542629194
-0.3940160377694555
-0.34329765026505565
-0.30377534666501604
-0.2723526779068046
-0.24697364923276643
-0.22622351550825714
-0.20909770443543285
-0.19486466765713228
-0.1829808014951148
-0.17303556373725287
-0.1647149328349772
-0.15777644975935948
-0.15203181499965002
-0.14733455473187737
-0.1435711771884981
-0.14065479321241758
-0.13852052297134698
-0.1371222366400187
-0.13643032833317964
-0.16515975698094126
-0.1659973665798391
-0.16769010249882998
-0.1702738049693896
-0.17380431773771013
-0.17836018288912253
-0.18404658650018552
-0.1910009191606756
-0.19940049877523808
-0.2094732764439039
-0.22151276748831392
-0.2358991190770332
-0.2531293238936261
-0.2738614554310772
-0.29898110804513733
-0.32970439147580166
-0.3677439606667111
-0.4155887677429998
-0.47698747981131967
-0.5577073901033432
-0.6660122573418212
-0.8085799568383177
-0.9634864490654493
-0.9762875057092166
-0.2774678087952579
2.647123340204306
10.790567981171922
28.301527378874233
58.191573325959325
98.32342582644063
138.76450406100253
164.64951175533696
164.64951175534037
138.76450406101154
98.32342582645333
58.19157332597247
28.30152737888634
10.79056798118218
2.6471233402126195
-0.2774678087885105
-0.9762875057035734
-0.9634864490606623
-0.8085799568341661
-0.6660122573381548
-0.557707390100135
-0.4769874798084538
-0.4155887677404454
-0.36774396066437354
-0.3297043914736605
-0.2989811080432884
-0.2738614554293439
-0.2531293238920648
-0.23589911907561678
-0.22151276748709198
-0.2094732764428097
-0.19940049877425925
-0.19100091915985387
-0.1840465864994654
-0.1783601828884724
-0.17380431773723404
-0.1702738049689969
-0.16769010249855137
-0.16599736657967779
-0.165159756980906
-0.20486005399890822
-0.20589900178865894
-0.20799862454764395
-0.21120337734489747
-0.21558252695145858
-0.22123349439436185
-0.22828674898501822
-0.23691270536081233
-0.24733130251879498
-0.25982528291409523
-0.2747587122097014
-0.29260311052191507
-0.3139749278671007
-0.3396904111099383
-0.37084801208592383
-0.40895613518955864
-0.4561390723047204
-0.5154840307357099
-0.5916411314598465
-0.6917675932237567
-0.8261372261274416
-1.0031570200710531
-1.1961673972606643
-1.2154994147021017
-0.3602587896021413
3.234809052928814
13.25907056695666
34.82889415970523
71.6615619612558
121.12700877776123
170.98115980491923
202.89383572212745
202.8938357221318
170.98115980493006
121.12700877777647
71.66156196127164
34.82889415971976
13.259070566968965
3.234809052938782
-0.36025878959402485
-1.2154994146953286
-1.1961673972549038
-1.0031570200660611
-0.8261372261230235
-0.6917675932198912
-0.5916411314563824
-0.5154840307326242
-0.45613907230189693
-0.4089561351869928
-0.3708480120836841
-0.3396904111078509
-0.31397492786522474
-0.29260311052022225
-0.2747587122082219
-0.2598252829127751
-0.24733130251761035
-0.23691270535981285
-0.228286748984131
-0.2212334943935807
-0.21558252695086516
-0.21120337734441852
-0.20799862454729823
-0.20589900178846346
-0.20486005399885127
-0.25932425759053396
-0.26063941380919486
-0.2632972294579679
-0.267353977687156
-0.2728973393336288
-0.28005063401391067
-0.28897901510519447
-0.2998982001713983
-0.31308659628274327
-0.3289021088920152
-0.34780558431122877
-0.37039388673042695
-0.39744733447473124
-0.4299991498070507
-0.46943976893345674
-0.5176785399878356
-0.5774043916940494
-0.6525251738869349
-0.7489279620031368
-0.8756803870155455
-1.0458385352074253
-1.2703126373686862
-1.5165130547383456
-1.5484570346014508
-0.4908332972330507
3.9897810143780297
16.51374848228551
43.49433663312598
89.59832514706125
151.54179918566996
213.98887667755537
253.96850439493133
253.96850439493647
213.98887667756847
151.54179918568863
89.59832514708067
43.49433663314378
16.513748482300578
3.989781014390223
-0.49083329722309976
-1.5484570345931619
-1.5165130547312828
-1.270312637362569
-1.0458385352020052
-0.8756803870107928
-0.7489279619988732
-0.6525251738831372
-0.5774043916905794
-0.5176785399847016
-0.4694397689306891
-0.429999149804493
-0.397447334472436
-0.3703938867283595
-0.3478055843094029
-0.32890210889039617
-0.31308659628129
-0.299898200170164
-0.2889790151040962
-0.2800506340129649
-0.2728973393328833
-0.2673539776865682
-0.26329722945753886
-0.26063941380894823
-0.25932425759045924
-0.3281856879403635
-0.3298500592431245
-0.3332136075615405
-0.3383475473526979
-0.3453628398584263
-0.354415547497735
-0.36571467351402187
-0.37953321015022123
-0.3962234829287234
-0.41623842174194714
-0.44016122636160926
-0.4687472237434601
-0.5029838956363277
-0.5441787618535766
-0.5940913742977737
-0.6551379265002568
-0.7307211042007516
-0.8257861592417617
-0.9477844249311684
-1.1082040998206417
-1.3236550835403704
-1.6084046779045384
-1.923196631677534
-1.97643932205128
-0.6808226730468555
4.8692464903738895
20.43584922988754
54.02725471739776
111.48366574582562
188.7270296891441
266.62806908305487
316.51208455112635
316.5120845511326
266.62806908307107
188.72702968916695
111.48366574584946
54.02725471741958
20.435849229905998
4.869246490388832
-0.6808226730346435
-1.9764393220411283
-1.9231966316688673
-1.608404677897037
-1.32365508353372
-1.1082040998147924
-0.9477844249259215
-0.8257861592370905
-0.7307211041964896
-0.6551379264964201
-0.5940913742943521
-0.5441787618504383
-0.5029838956335124
-0.46874722374093203
-0.4401612263593572
-0.41623842173996195
-0.39622348292693976
-0.3795332101487037
-0.36571467351267567
-0.35441554749658916
-0.34536283985749927
-0.3383475473519849
-0.33321360756102153
-0.3298500592428114
-0.32818568794027564
-0.39961948529365143
-0.4016461072290938
-0.40574173158339716
-0.4119930711763234
-0.4205352355605835
-0.43155825051395935
-0.44531660354055036
-0.46214269599937235
-0.4824655260236126
-0.5068365876523654
-0.5359659905052162
-0.5707734232590591
-0.6124612395381105
-0.662621457471067
-0.7233964617553982
-0.7977281095295904
-0.8897593189460793
-1.0055112546836233
-1.1540582986337893
-1.3494060294031667
-1.6118961718588491
-1.9595202967914598
-2.3471530745784
-2.4292282289087286
-0.9092443182229006
5.687095772774873
24.261795400903516
64.42158988937817
133.1900705123228
225.70638010902422
319.05142643999716
378.83956626254337
378.83956626255053
319.05142644001637
225.7063801090515
133.19007051235116
64.42158988940406
24.2617954009254
5.687095772792587
-0.909244318208427
-2.4292282288966938
-2.347153074568135
-1.959520296782566
-1.6118961718509808
-1.349406029396199
-1.1540582986275512
-1.0055112546780771
-0.8897593189410244
-0.7977281095250459
-0.723396461751314
-0.6626214574673481
-0.6124612395347795
-0.5707734232560575
-0.5359659905025509
-0.5068365876500075
-0.4824655260215046
-0.4621426959975694
-0.4453166035389662
-0.4315582505126072
-0.4205352355594794
-0.41199307117548545
-0.40574173158280147
-0.40164610722870986
-0.3996194852935552
-0.4446888970200368
-0.44694405915930796
-0.4515015423346452
-0.45845783621196723
-0.467963283769132
-0.48022933566148474
-0.4955391716529095
-0.5142626689513694
-0.5368771907952188
-0.5639964043704704
-0.5964104707840466
-0.6351427510123134
-0.6815311259653047
-0.7373470491976633
-0.8049743479287301
-0.8876863782077433
-0.990092836697997
-1.1188933825852252
-1.2841869047613288
-1.5015759066165897
-1.7938178294531206
-2.1815810239162428
-2.6174528696123156
-2.7268339399332717
-1.0957505909907503
6.075296133682521
26.347377696048706
70.25980585359883
145.53696425211808
246.87956949462
349.17402350237023
414.709936070636
414.7099360706441
349.1740235023915
246.8795694946499
145.5369642521492
70.25980585362713
26.347377696072616
6.075296133701883
-1.095750590974947
-2.726833939920139
-2.6174528696011077
-2.181581023906541
-1.79381782944453
-1.501575906608958
-1.2841869047545031
-1.1188933825791636
-0.9900928366924698
-0.8876863782027837
-0.8049743479242726
-0.737347049193584
-0.6815311259616785
-0.6351427510090328
-0.5964104707811344
-0.5639964043679074
-0.5368771907929264
-0.5142626689493897
-0.4955391716511607
-0.48022933566002624
-0.4679632837679225
-0.45845783621105257
-0.45150154233399253
-0.44694405915888386
-0.4446888970199399
-0.4228518903835037
-0.42499628984061677
-0.4293299307661598
-0.43594456230828327
-0.4449831410073555
-0.45664672858997735
-0.47120459129918296
-0.4890084324037404
-0.5105121587486069
-0.5362992817305491
-0.56712113090655
-0.6039507709206492
-0.6480603210771639
-0.7011341497426087
-0.7654388739376127
-0.8440868664272061
-0.9414610677035387
-1.0639316423165583
-1.2211023618772563
-1.427823313147821
-1.7058315038470724
-2.0752986710760934
-2.493383793949749
-2.6118398124259903
-1.1091322831812995
5.574368278767296
24.533048817838434
65.66817813963853
136.25201903730377
231.33341533599577
327.34387272384083
388.86665424367834
388.86665424368584
327.3438727238608
231.33341533602413
136.25201903733313
65.66817813966533
24.53304881786099
5.574368278785617
-1.1091322831663837
-2.6118398124135678
-2.4933837939391665
-2.0752986710669257
-1.7058315038389713
-1.427823313140606
-1.2211023618708148
-1.0639316423108396
-0.9414610676983078
-0.8440868664225427
-0.7654388739334108
-0.7011341497387542
-0.6480603210737306
-0.603950770917564
-0.5671211309038022
-0.5362992817281397
-0.5105121587464548
-0.48900843240187
-0.4712045912975542
-0.45664672858859395
-0.4449831410062116
-0.4359445623074056
-0.42932993076556725
-0.42499628984017207
-0.42285189038342913
-0.3038734518714662
-0.3054144664747628
-0.3085287197757208
-0.31328214396479986
-0.31977746949254127
-0.3281591818188635
-0.338620778765204
-0.3514149979280852
-0.36686802077193137
-0.38539916266712065
-0.4075483326017137
-0.43401477677059486
-0.46571263830984894
-0.5038522947493931
-0.5500625118111915
-0.6065797842195282
-0.6765535824885219
-0.7645613884135962
-0.8775052348101602
-1.026065152533905
-1.2259207407692592
-1.4918816577501657
-1.794518743731488
-1.8883875687561171
-0.8377195132922989
3.8832790990523582
17.3150916193208
46.5000997237265
96.62027022152762
164.17076140803607
232.4033842563677
276.13416324206054
276.13416324206594
232.4033842563823
164.17076140805682
96.62027022154913
46.50009972374612
17.315091619337316
3.8832790990657515
-0.8377195132813762
-1.8883875687470324
-1.7945187437237378
-1.4918816577434635
-1.2259207407633204
-1.0260651525286384
-0.8775052348054604
-0.7645613884094172
-0.6765535824847115
-0.606579784216135
-0.5500625118081212
-0.5038522947465935
-0.4657126383073785
-0.43401477676832007
-0.40754833259971557
-0.3853991626653781
-0.36686802077038194
-0.35141499792671615
-0.33862077876404506
-0.3281591818178423
-0.3197774694917135
-0.31328214396412224
-0.3085287197753252
-0.3054144664743964
-0.30387345187147397
-0.09506478695882059
-0.09554687648413952
-0.09652113626883349
-0.09800819201022787
-0.10004018103895504
-0.10266230289412953
-0.10593508956502656
-0.10993760480945805
-0.11477188741782979
-0.12056911051538284
-0.1274981712299612
-0.1357778099103411
-0.14569398925064586
-0.15762533617839658
-0.17208134985851067
-0.18976162322233708
-0.21165131920299793
-0.23918232192716304
-0.2745142784479727
-0.32099384595515035
-0.38356410035534116
-0.4670589582494168
-0.5631400188515121
-0.5981036615422832
-0.2881235839498596
1.1362715697972416
5.214824343684299
14.10366447055242
29.395350421498726
50.02745265671716
70.88196418602107
84.25274602318144
84.25274602318328
70.88196418602641
50.02745265672476
29.39535042150669
14.103664470559691
5.214824343690413
1.1362715698021901
-0.28812358394579185
-0.5981036615389012
-0.5631400188486112
-0.46705895824695903
-0.38356410035315247
-0.3209938459531943
-0.2745142784462433
-0.2391823219256495
-0.21165131920161556
-0.18976162322111062
-0.1720813498573896
-0.15762533617736482
-0.14569398924977858
-0.13577780990952132
-0.1274981712292488
-0.12056911051479018
-0.1147718874172827
-0.10993760480896267
-0.10593508956459963
-0.10266230289375483
-0.10004018103862519
-0.09800819200995607
-0.09652113626869435
-0.09554687648397713
-0.09506478695885046
0.15060817024548342
0.15137194820268246
0.15291547571597372
0.15527143153295955
0.158490733204045
0.16264499392042364
0.1678301196708965
0.17417137855025747
0.18183044118205693
0.19101514037648848
0.20199308205212615
0.21511084941573472
0.23082154280705805
0.24972509768283063
0.272628835984832
0.3006413238461835
0.33532368104223853
0.3789447994549432
0.43492486922954954
0.5085492687313309
0.607535389113365
0.7389385761021261
0.886942752154865
0.9255302814093412
0.37824725636031375
-2.036182303844922
-8.868818527756858
-23.67713046004711
-49.07039651901262
-83.26328809530725
-117.78179881946787
-139.89801344979162
-139.89801344979384
-117.78179881947328
-83.26328809531505
-49.07039651902046
-23.67713046005432
-8.868818527762961
-2.0361823038497864
0.3782472563563546
0.925530281406061
0.8869427521520352
0.738938576099645
0.6075353891111472
0.5085492687294055
0.43492486922781115
0.3789447994533067
0.33532368104080856
0.30064132384486375
0.2726288359836802
0.24972509768174211
0.23082154280608885
0.21511084941484115
0.20199308205132827
0.19101514037575493
0.18183044118143998
0.17417137854971343
0.1678301196704504
0.16264499392008464
0.15849073320379606
0.1552714315327519
0.15291547571577888
0.1513719482026551
0.15060817024545659
0.3594168351581075
0.36123953819324883
0.3649230592228321
0.37054538348751564
0.3782280216576493
0.388141872845169
0.40051580887106747
0.41564877166889513
0.4339265745361627
0.4558451925282151
0.48204324342386606
0.5133478162759244
0.5508401918662322
0.5959520562538165
0.6506099979374869
0.717459484843318
0.8002259443277273
0.9043238659413487
1.0379158255917056
1.2136205753100637
1.4498920295272342
1.7637612756028003
2.1183214770347996
2.2158141886231073
0.927843185702633
-4.783189833100099
-20.969085803393277
-56.073565713220674
-116.29531631904008
-197.40659684662378
-279.3032188898108
-331.77943066866624
-331.7794306686718
-279.3032188898254
-197.40659684664448
-116.29531631906153
-56.07356571324024
-20.969085803409776
-4.783189833113401
0.9278431856918283
2.2158141886140754
2.1183214770270764
1.7637612755960912
1.4498920295212956
1.2136205753047957
1.0379158255869898
0.9043238659370596
0.800225944323862
0.7174594848398486
0.6506099979343898
0.5959520562509153
0.550840191863639
0.51334781627363
0.48204324342179594
0.45584519252634204
0.43392657453452854
0.41564877166747816
0.40051580886987925
0.3881418728441985
0.3782280216568721
0.3705453834869266
0.3649230592223548
0.3612395381930344
0.3594168351580173
0.4783952736701096
0.4808213615591303
0.4857242702132426
0.4932078018309861
0.503433693172432
0.5166294196162802
0.5330996214050057
0.5532422061445196
0.5775707125128011
0.6067453115916155
0.6416160417286461
0.6832838104259515
0.7331878746335205
0.7932339112469698
0.865986360063892
0.9549665670509719
1.065133429542728
1.2036941198442723
1.3815129526587755
1.6153787359239402
1.9298027926049919
2.3471782889286823
2.8171865272529573
2.939266432292879
1.1992559555915014
-6.474279012815122
-28.18704300191075
-75.2416441291318
-155.92706513481414
-264.5692507745795
-374.24370735727786
-444.5119216702768
-444.51192167028466
-374.243707357298
-264.5692507746078
-155.92706513484345
-75.2416441291586
-28.18704300193331
-6.474279012833389
1.1992559555766915
2.939266432280479
2.817186527242424
2.3471782889194737
1.9298027925968946
1.6153787359167064
1.3815129526523149
1.2036941198384352
1.0651334295374402
0.9549665670462391
0.8659863600596371
0.7932339112430592
0.7331878746299761
0.6832838104228449
0.6416160417258495
0.6067453115890794
0.5775707125105748
0.5532422061425978
0.5330996214033743
0.5166294196149115
0.5034336931713378
0.49320780183016755
0.48572427021260667
0.4808213615587867
0.47839527366998635
0.5002322803066171
0.502769130877829
0.5078958817816961
0.5157210757346617
0.526413835934185
0.5402120266877675
0.5574342017586696
0.5784964426921254
0.6039357445593807
0.6344424342314965
0.6709053816061152
0.7144757905175747
0.7666586795216418
0.829446810701986
0.9055218340549946
0.9985660788314676
1.1137651985371522
1.2586558601128925
1.4445974955427974
1.6891313293926622
2.017789118210957
2.453460641768751
2.941255602915439
3.0542605598000607
1.185874263400814
-6.975206867730417
-30.001371880120878
-79.83327184309128
-165.21201034962633
-280.1154049331999
-396.0738581358015
-470.3552034972273
-470.35520349723583
-396.07385813582255
-280.1154049332297
-165.2120103496573
-79.83327184311962
-30.00137188014476
-6.9752068677497565
1.1858742633851096
3.054260559786908
2.9412556029042656
2.4534606417589955
2.0177891182023955
1.6891313293849706
1.4445974955359593
1.258655860106697
1.1137651985315766
0.998566078826439
0.9055218340504709
0.8294468106978614
0.7666586795178972
0.7144757905143024
0.6709053816031516
0.6344424342288374
0.6039357445570266
0.5784964426900929
0.5574342017569285
0.5402120266863132
0.5264138359330168
0.51572107573378
0.5078958817810181
0.5027691308774552
0.500232280306505
0.4551628685802155
0.45747117894761624
0.4621360710304194
0.46925631069903007
0.47898578772564004
0.49154094154023614
0.507211633646314
0.5263764697401264
0.5495240797877552
0.5772826175133629
0.6104609013272735
0.6501064627642958
0.6975887930944058
0.7547212189753688
0.8239439478816372
0.9086078101532642
1.0134316807851964
1.145273732211237
1.314468889415215
1.5369614521791755
1.8358674606166168
2.2313999146438612
2.6709558078814286
2.7566548487753706
0.9993679906328428
-6.587006506822849
-27.915789584975528
-73.99505587886989
-152.86511660982916
-258.94221554760054
-365.95126107342355
-434.48483368912844
-434.48483368913617
-365.9512610734427
-258.94221554762794
-152.86511660985758
-73.99505587889584
-27.915789584997405
-6.587006506840562
0.9993679906184294
2.7566548487633242
2.6709558078711604
2.2313999146349386
1.8358674606087508
1.5369614521721369
1.3144688894089396
1.1452737322055595
1.0134316807800867
0.9086078101486559
0.8239439478774949
0.7547212189715906
0.69758879309099
0.650106462761298
0.6104609013245562
0.5772826175109405
0.5495240797856011
0.5263764697382605
0.5072116336447166
0.4915409415389008
0.47898578772457223
0.4692563106982095
0.4621360710298181
0.4574711789472533
0.45516286858013355
0.383729071226929
0.3856751309616606
0.3896079470085399
0.3956107868753966
0.4038133920234842
0.4143982385240015
0.42760970361977485
0.44376698389094293
0.4632820366928352
0.4866844516029175
0.5146561371836271
0.5480802632486788
0.5881114491925974
0.636278523357851
0.6946388604240126
0.7660176271238888
0.8543934660398467
0.9655486367693277
1.1081950157125786
1.2957595225966159
1.5476263722980925
1.8802842957569035
2.2469993649804936
2.303865941917855
0.770946345456726
-5.7691572244219005
-24.089843413959436
-63.600720706889014
-131.15871184333076
-221.96286512771835
-313.5279037164779
-372.1573519777079
-372.15735197771437
-313.52790371649405
-221.9628651277413
-131.15871184335464
-63.60072070691085
-24.089843413977892
-5.76915722443688
0.770946345444556
2.3038659419076755
2.246999364971831
1.880284295749353
1.5476263722914423
1.2957595225906808
1.1081950157072697
0.9655486367645348
0.8543934660355286
0.766017627119999
0.6946388604205153
0.6362785233546675
0.588111449189725
0.5480802632461532
0.514656137181354
0.48668445160088214
0.4632820366910225
0.4437669838893684
0.4276097036184245
0.4143982385228674
0.4038133920225682
0.3956107868747063
0.38960794700803913
0.38567513096134676
0.38372907122686173
0.3148676408771165
0.3164644855277428
0.31969156890495515
0.32461721720985504
0.33134789149869515
0.3400333250401621
0.350874045210935
0.3641319739120953
0.38014515004684635
0.399348138752957
0.4223004951332383
0.4497269262356254
0.48257488803098925
0.5220989113113104
0.5699872550596993
0.6285582406114294
0.7010767535331298
0.792287651414461
0.9093385527845352
1.063235809791507
1.269809823965125
1.5421922552210368
1.840315788041285
1.8758836544679895
0.5809569696428887
-4.889691748426058
-20.16774266635734
-53.06780262261694
-109.27337124456585
-184.77763462424303
-260.8887113109768
-309.6137718215109
-309.61377182151597
-260.88871131098995
-184.7776346242618
-109.27337124458519
-53.06780262263479
-20.167742666372398
-4.889691748438298
0.5809569696329557
1.8758836544596673
1.8403157880342054
1.5421922552148613
1.269809823959699
1.0632358097866599
0.909338552780196
0.792287651410563
0.7010767535296065
0.6285582406082597
0.5699872550568414
0.5220989113087247
0.48257488802864135
0.449726926233583
0.4223004951313926
0.39934813875131037
0.3801451500453661
0.3641319739108204
0.35087404520983706
0.3400333250392366
0.3313478914979367
0.32461721720929415
0.31969156890455486
0.3164644855274771
0.3148676408770623
0.2604034372855179
0.26172407350721594
0.2643929639946324
0.26846661686759715
0.27403307911652575
0.2812161854205909
0.2901817790907506
0.3011464791014894
0.3143898562828847
0.33027131277501753
0.34925362303170715
0.3719361500271016
0.39910248142334337
0.43179017261418706
0.47139549821216037
0.5198358358131201
0.5798114341437878
0.6552465082632071
0.7520517222412307
0.8793230159997109
1.050108514885133
1.2750366379234044
1.5199701305636013
1.5429260345686306
0.4503824620119764
-4.134719786976847
-16.91306475102844
-44.40236014919602
-91.33660805875991
-154.36284421633363
-217.88099443833994
-258.53910314870603
-258.5391031487102
-217.8809944383507
-154.36284421634892
-91.33660805877584
-44.40236014921061
-16.913064751040736
-4.134719786986859
0.4503824620038562
1.5429260345618239
1.5199701305578057
1.2750366379183524
1.050108514880701
0.8793230159957547
0.7520517222376852
0.6552465082600425
0.5798114341409157
0.5198358358105337
0.4713954982098282
0.4317901726120852
0.39910248142142296
0.3719361500254451
0.34925362303020696
0.3302713127736859
0.31438985628168437
0.3011464791004573
0.2901817790898631
0.28121618541984106
0.2740330791159015
0.2684666168671357
0.2643929639943098
0.26172407350699267
0.26040343728546733
0.2207031402675808
0.22182243829839915
0.22408444194582855
0.2275370444920955
0.232254869902782
0.23834287391533876
0.24594161660591835
0.25523469290134154
0.26645905253931834
0.2799193063048131
0.29600767831032315
0.3152321585822171
0.3382568774498644
0.3659612169353299
0.3995285941713739
0.44058409209935123
0.49141632250578127
0.5553512452704893
0.6373980705927016
0.7452628128793006
0.8899835460995171
1.0804595746906807
1.2872891823683945
1.3037141255757425
0.3675914812051003
-3.5470340742523403
-14.444562165243681
-37.87499336836498
-77.86661942346328
-131.55926126501282
-185.66433869442278
-220.294779181915
-220.2947791819185
-185.66433869443173
-131.55926126502567
-77.86661942347655
-37.874993368377126
-14.444562165253949
-3.547034074260683
0.36759148119832297
1.3037141255700728
1.2872891823635546
1.0804595746864734
0.8899835460958212
0.7452628128760118
0.6373980705897476
0.5553512452678813
0.49141632250339884
0.4405840920972067
0.399528594169438
0.36596121693359196
0.33825687744826316
0.31523215858084747
0.29600767830907976
0.2799193063037131
0.26645905253833024
0.25523469290048834
0.2459416166051871
0.2383428739147197
0.2322548699022567
0.22753704449170445
0.2240844419455586
0.22182243829821316
0.22070314026752458
0.19197371161985793
0.19294730835871876
0.19491486241858663
0.19791803273546554
0.2020217293539719
0.2073172457586478
0.21392684510598953
0.2220102235007203
0.23177348659988234
0.24348159359908986
0.2574757123181726
0.27419770716353686
0.2942252579930031
0.31832327701399016
0.3475211353605706
0.3832323785321832
0.4274477085060734
0.48306012779470886
0.5544266285532602
0.6482488482049771
0.77412003960983
0.9397397338977714
1.1193555105921165
1.1324894257250837
0.314361121017303
-3.10158369087421
-12.606306893488327
-33.03737305984241
-67.90495125618743
-114.71418505296782
-161.88057066391212
-192.06899215956315
-192.06899215956614
-161.8805706639199
-114.71418505297876
-67.90495125619876
-33.03737305985282
-12.606306893497099
-3.10158369088132
0.314361121011511
1.132489425720247
1.1193555105879796
0.9397397338941913
0.7741200396066772
0.6482488482021802
0.5544266285507465
0.48306012779251034
0.427447708504056
0.3832323785303651
0.34752113535893026
0.3183232770125176
0.2942252579916355
0.27419770716236935
0.2574757123171124
0.2434815935981522
0.2317734865990511
0.22201022349999527
0.2139268451053715
0.207317245758125
0.20202172935352414
0.19791803273512423
0.1949148624183576
0.19294730835856758
0.19197371161979154
0.17043796082002566
0.17130233859668725
0.17304917065807032
0.17571544259116495
0.17935878275360154
0.18406024321494063
0.18992837149743352
0.1971049487906688
0.20577295954382704
0.2161676394614869
0.22859188365996622
0.24343798751587226
0.2612188258122207
0.2826135015526905
0.30853590902952793
0.34024101913418603
0.37949621143498363
0.42886993675052
0.4922303491450358
0.5755268614079052
0.6872740042007202
0.834294590161301
0.9936693436796852
1.004967152714759
0.2773990937103637
-2.758791423864099
-11.205455693551736
-29.360716040953555
-60.34302654396507
-101.93520678601014
-143.84403487089003
-170.66716038810802
-170.66716038811052
-143.84403487089688
-101.93520678601968
-60.34302654397487
-29.360716040962597
-11.20545569355938
-2.758791423870268
0.27739909370531624
1.0049671527105581
0.9936693436760854
0.8342945901582017
0.687274004197978
0.5755268614054816
0.492230349142854
0.42886993674862645
0.3794962114332462
0.340241019132616
0.30853590902811234
0.2826135015514174
0.2612188258110298
0.24343798751485185
0.22859188365903604
0.21616763946066536
0.20577295954310904
0.19710494879003548
0.1899283714968923
0.18406024321448813
0.1793587827532145
0.17571544259085883
0.1730491706578761
0.17130233859656688
0.17043796081994708
0.15351914647993642
0.154297720130337
0.15587114953337605
0.15827274881681724
0.16155442572592266
0.16578918650666583
0.1710748034531154
0.17753898350087033
0.18534654669282258
0.1947093774595131
0.2059003032318545
0.21927267710516135
0.23528846186579355
0.2545593472828274
0.27790850694299707
0.3064663325803827
0.34182475768986653
0.38629726252092556
0.443367993541431
0.5183956499263868
0.6190488393755963
0.7514695751084478
0.8949986272726785
0.9050760721334121
0.24939763390933622
-2.4863532470795366
-10.096828772417354
-26.454425420562274
-54.36865425384596
-91.84182808137645
-129.60013499381074
-153.76672759385235
-153.76672759385468
-129.60013499381657
-91.84182808138492
-54.36865425385463
-26.454425420570256
-10.096828772424113
-2.486353247084966
0.249397633904884
0.9050760721297133
0.8949986272695103
0.7514695751057312
0.6190488393731797
0.5183956499242546
0.4433679935395086
0.38629726251925844
0.3418247576883504
0.3064663325790015
0.27790850694175484
0.25455934728170515
0.23528846186474306
0.21927267710424916
0.20590030323101935
0.19470937745877578
0.18534654669218661
0.17753898350030325
0.1710748034526277
0.16578918650626945
0.16155442572559076
0.15827274881654135
0.15587114953321896
0.1542977201302434
0.15351914647984982
0.13967759430367885
0.14038597026795047
0.14181753626880378
0.14400260275905596
0.14698839736682695
0.15084134393190052
0.1556503993770731
0.16153175628689395
0.16863537414256385
0.17715403336530644
0.1873359625904883
0.199502655694868
0.21407442367042132
0.2316078046280732
0.2528517523858004
0.27883473895494126
0.31100516349900736
0.35146791333855665
0.4033929847170782
0.47165588115331625
0.5632335945483348
0.6837134385576523
0.8142949257497407
0.8234375077403551
0.22678652392606108
-2.262565167340596
-9.187504473479315
-24.07156449374481
-49.47114140463367
-83.5685039027181
-117.92529128930909
-139.91478989467777
-139.9147898946798
-117.92529128931426
-83.56850390272555
-49.47114140464147
-24.07156449375194
-9.187504473485335
-2.262565167345417
0.22678652392209894
0.8234375077370671
0.8142949257469317
0.6837134385552489
0.5632335945461834
0.47165588115141854
0.4033929847153608
0.3514679133370622
0.3110051634976686
0.2788347389537063
0.2528517523846955
0.23160780462706917
0.21407442366948556
0.19950265569404252
0.18733596258972446
0.1771540333646392
0.1686353741419893
0.16153175628638172
0.15565039937662414
0.15084134393155335
0.14698839736654284
0.1440026027588068
0.14181753626868185
0.14038597026787936
0.13967759430359217
0.1280050648491494
0.1286542434035597
0.12996617660253162
0.13196864191523364
0.13470492025124933
0.1382358845417657
0.1426430577540294
0.14803292248308336
0.1545429063815224
0.16234967956956134
0.1716807266651919
0.18283067486463406
0.1961847104744183
0.2122528625952994
0.23172149606792794
0.25553313483269435
0.28501513688033075
0.3220964855587747
0.3696822604183735
0.43224051009287134
0.5161651034111578
0.6265761348297716
0.7462429684367009
0.7546128373411202
0.2077923845007637
-2.073620341121108
-8.420085632216031
-22.06079112320437
-45.33858222828576
-76.58757857153343
-108.07433149731128
-128.22691336948512
-128.22691336948702
-108.07433149731605
-76.58757857154018
-45.33858222829272
-22.060791123210755
-8.42008563222143
-2.0736203411254204
0.2077923844972166
0.7546128373381729
0.7462429684341909
0.626576134827622
0.5161651034092275
0.4322405100911662
0.3696822604168306
0.32209648555741816
0.2850151368791416
0.25553313483157436
0.23172149606693657
0.21225286259438636
0.19618471047357788
0.18283067486387938
0.1716807266644853
0.16234967956895224
0.1545429063809947
0.1480329224826159
0.14264305775360936
0.13823588454146105
0.13470492025100725
0.13196864191500818
0.12996617660244064
0.12865424340350634
0.12800506484907181
0.11793755931110647
0.11853568038302296
0.1197444308641186
0.12158940353899095
0.12411047529419125
0.1273637314330169
0.13142428317780053
0.13639023831297642
0.14238821586176179
0.14958099090542337
0.1581781564735368
0.16845116741957922
0.18075491523871898
0.1955593153289838
0.2134967499913829
0.23543561362281712
0.26259886723591536
0.29676377874057996
0.3406069404808497
0.3982449803367546
0.47556885635136914
0.5772958252011716
0.687549820493154
0.6952571236336722
0.19142863121428874
-1.9105985976815592
-7.7580366092231205
-20.32615864333213
-41.77359305068717
-70.56545380928185
-99.57638135297526
-118.14435392763149
-118.14435392763318
-99.5763813529796
-70.56545380928793
-41.773593050693435
-20.326158643337834
-7.75803660922796
-1.9105985976854298
0.19142863121109888
0.695257123631023
0.6875498204909029
0.5772958251992402
0.47556885634962837
0.3982449803352149
0.34060694047945894
0.2967637787393392
0.2625988672348508
0.2354356136217906
0.21349674999048968
0.19555931532814538
0.18075491523795767
0.1684511674188868
0.15817815647287808
0.14958099090486662
0.14238821586127134
0.1363902383125507
0.1314242831774032
0.1273637314327506
0.12411047529397949
0.12158940353878643
0.11974443086404524
0.11853568038298457
0.11793755931104252
0.10910053529172853
0.10965383929880235
0.11077201840217041
0.11247874772241645
0.11481091617596477
0.11782040660082692
0.12157670214328867
0.12617055938022295
0.13171910978046364
0.13837293169626147
0.14632591335581832
0.15582916949674597
0.16721099957483138
0.18090610817648506
0.19749949308580322
0.2177944796768366
0.24292239201296206
0.2745273262721713
0.3150853152426526
0.36840452106070765
0.4399344694980595
0.5340388613396708
0.6360308319789736
0.6431578803288089
0.1770713774806824
-1.767481452904108
-7.176849611853365
-18.80340915232435
-38.644074007243766
-65.27895003540749
-92.11648533034065
-109.29341532712547
-109.29341532712706
-92.11648533034452
-65.27895003541299
-38.64407400724945
-18.803409152329515
-7.176849611857729
-1.7674814529075982
0.1770713774778072
0.6431578803264291
0.6360308319769477
0.5340388613379319
0.4399344694964893
0.36840452105930854
0.3150853152414016
0.27452732627103105
0.24292239201200397
0.21779447967588816
0.19749949308499926
0.18090610817571007
0.1672109995741412
0.1558291694961123
0.1463259133552079
0.13837293169575515
0.13171910978001056
0.12617055937983934
0.1215767021429136
0.11782040660059251
0.1148109161757718
0.11247874772222917
0.11077201840209955
0.10965383929877434
0.10910053529167964
0.10123090550300565
0.10174429860538965
0.10278182125295621
0.10436544083116041
0.10652938538292267
0.10932179532987704
0.11280714185471721
0.11706963507288298
0.12221795751410242
0.12839182599471322
0.13577114316959557
0.14458891032547555
0.15514974595517744
0.167856998427461
0.18325346829173308
0.20208453515918956
0.2253999178934975
0.2547251196985516
0.2923575699553769
0.3418307349279395
0.40820103814243214
0.49551735259523544
0.5901519333678371
0.5967629547992056
0.16428929042229481
-1.6400203853257604
-6.659255111163299
-17.447284798121878
-35.857004419826644
-60.57092777243615
-85.47289749327922
-101.41100145500084
-101.41100145500226
-85.47289749328266
-60.57092777244116
-35.85700441983175
-17.44728479812653
-6.659255111167235
-1.6400203853289037
0.16428929041969909
0.596762954797067
0.5901519333660095
0.49551735259366925
0.40820103814101233
0.3418307349266658
0.2923575699542539
0.25472511969750566
0.2253999178926288
0.2020845351583106
0.1832534682910093
0.16785699842674556
0.1551497459545518
0.1445889103248988
0.13577114316903666
0.12839182599425528
0.12221795751368696
0.11706963507254314
0.11280714185436624
0.10932179532967065
0.10652938538273882
0.10436544083099003
0.1027818212528723
0.10174429860536735
0.10123090550296737
0.0941360910913264
0.09461350277935388
0.09557831012841689
0.0970509409270242
0.09906322432580303
0.10165992679657554
0.10490100102078048
0.10886475519689343
0.11365225477243632
0.11939342442229653
0.12625555820679107
0.13445532736077284
0.14427600097683868
0.1560926584572796
0.17041005775278517
0.1879213379212208
0.20960264731527187
0.23687257265255912
0.2718675250806412
0.3178733218701852
0.379591991881544
0.46078859329170807
0.5487902910489179
0.5549365655273492
0.15276800830701165
-1.5251012659620966
-6.19260069233899
-16.2246317448561
-33.34424495484109
-56.32628221116599
-79.48319062734436
-94.30439734440301
-94.30439734440432
-79.48319062734758
-56.32628221117045
-33.34424495484575
-16.224631744860282
-6.192600692342539
-1.525101265964932
0.15276800830467335
0.5549365655254279
0.5487902910472656
0.46078859329029576
0.3795919918802627
0.3178733218690236
0.27186752507963674
0.23687257265160364
0.20960264731448347
0.18792133792041088
0.17041005775214027
0.1560926584566258
0.14427600097628096
0.13445532736025062
0.1262555582062873
0.11939342442188008
0.11365225477205697
0.10886475519659267
0.104901001020453
0.10165992679638808
0.09906322432562237
0.0970509409268691
0.09557831012831111
0.09461350277933256
0.09413609109129524
0.08767070950116743
0.08811533195362847
0.08901387511911507
0.09038536377860354
0.09225944101454228
0.09467779867791222
0.09769627181990509
0.10138779032667894
0.10584647833397288
0.11119333711245542
0.11758417073524954
0.12522076915343333
0.13436694613517705
0.14537202008486472
0.15870608142564385
0.17501466335895105
0.19520687079974655
0.22060385950018935
0.25319530785233135
0.2960413558239412
0.3535210815370484
0.4291409193247679
0.5110982756684168
0.5168213766565481
0.14227054293897629
-1.4203721177220774
-5.7673318941452045
-15.11041476052888
-31.054342624749445
-52.45809644339231
-74.02471435121561
-87.82808210698514
-87.82808210698617
-74.02471435121834
-52.458096443396386
-31.054342624753584
-15.110414760532647
-5.767331894148413
-1.420372117724632
0.1422705429368734
0.5168213766548249
0.5110982756669239
0.42914091932349424
0.3535210815358907
0.29604135582288665
0.2531953078514323
0.22060385949932196
0.19520687079902957
0.17501466335821236
0.15870608142507292
0.1453720200842745
0.13436694613468855
0.12522076915296565
0.11758417073480454
0.11119333711207702
0.10584647833362865
0.10138779032641368
0.09769627181960236
0.09467779867773773
0.09225944101436352
0.0903853637784644
0.08901387511898437
0.08811533195360619
0.08767070950113925
0.08172227348772848
0.08213672840173811
0.08297430560483095
0.08425273904960906
0.08599966054006344
0.08825393314140494
0.09106760350479647
0.09450865323383799
0.09866482015399208
0.10364889561429555
0.10960611239824425
0.11672456902721601
0.1252501795240788
0.13550856105588924
0.14793790841764318
0.16313995536552622
0.18196212396702938
0.20563592932248043
0.23601604949636257
0.27595499208378266
0.3295347085123063
0.40002369649847835
0.47642005942721866
0.48175407724906416
0.13261366253942564
-1.3240127109557909
-5.3760549318005655
-14.085260475852696
-28.947481020553482
-48.89911071871545
-69.00255694254038
-81.86944590189273
-81.86944590189363
-69.00255694254282
-48.89911071871916
-28.9474810205573
-14.085260475856057
-5.376054931803462
-1.324012710958102
0.13261366253753207
0.4817540772475105
0.4764200594258676
0.40002369649732145
0.329534708511258
0.27595499208282354
0.23601604949555455
0.20563592932169644
0.18196212396638012
0.16313995536486095
0.14793790841714333
0.13550856105535986
0.12525017952365972
0.11672456902680134
0.10960611239785921
0.10364889561395266
0.09866482015368438
0.09450865323360588
0.09106760350452378
0.08825393314124044
0.08599966053988975
0.08425273904948218
0.0829743056046767
0.08213672840171152
0.08172227348770228
0.07620191876929674
0.07658837716494399
0.07736937584785591
0.07856145083747233
0.08019036740214477
0.08229236339656623
0.08491596970637053
0.08812457575885868
0.09199999266415516
0.09664739268221698
0.10220219807724963
0.1088398012549186
0.11678950466225271
0.12635492990895958
0.137944671560836
0.15211981600193408
0.16967054153269562
0.19174517372062605
0.2200731058550759
0.25731415601758634
0.30727453345053185
0.3730019290787701
0.4442375484117548
0.44921067749796306
0.1236526928679688
-1.2345848252656122
-5.01292806570733
-13.133862408410728
-26.992202159496244
-45.59618477494881
-64.34173100087602
-76.33951847277837
-76.3395184727792
-64.34173100087818
-45.59618477495223
-26.99220215949964
-13.133862408413776
-5.01292806570994
-1.2345848252677047
0.1236526928662616
0.44921067749655774
0.4442375484105283
0.37300192907771423
0.3072745334495789
0.2573141560167171
0.22007310585434678
0.19174517371992592
0.16967054153211292
0.15211981600134541
0.13794467156040463
0.12635492990848796
0.11678950466189518
0.1088398012545531
0.10220219807691566
0.0966473926819042
0.09199999266387637
0.08812457575865369
0.0849159697061287
0.08229236339641063
0.08019036740198193
0.07856145083735908
0.07736937584768934
0.07658837716491682
0.07620191876927321
0.07103814305751874
0.07139841332972932
0.0721264881008401
0.07323778283604657
0.07475631683445672
0.0767158723123029
0.07916169148600351
0.0821528682323177
0.0857656697747184
0.09009814142970438
0.09527652864078925
0.10146433843449315
0.10887533468785447
0.11779256423238994
0.1285969334013526
0.1418115067858817
0.15817291653454138
0.17875167225955882
0.20515997521455717
0.2398774008575699
0.28645222869363074
0.34772561066303054
0.4141338762116188
0.41876957738442777
0.11527127676458748
-1.1509310712186873
-4.673250442340864
-12.243903537753772
-25.163192092832794
-42.50655716393818
-59.98189490329206
-71.1667063251339
-71.16670632513461
-59.981894903294084
-42.50655716394124
-25.163192092835867
-12.243903537756509
-4.673250442343211
-1.1509310712205767
0.11527127676304962
0.4187695773831577
0.4141338762105035
0.34772561066206464
0.28645222869275977
0.239877400856783
0.20515997521389753
0.17875167225893768
0.15817291653402482
0.14181150678536616
0.12859693340098421
0.11779256423197093
0.10887533468754787
0.10146433843416987
0.09527652864049523
0.09009814142941572
0.0857656697744597
0.08215286823213105
0.07916169148579177
0.07671587231215647
0.07475631683431352
0.07323778283595062
0.07212648810068009
0.07139841332970753
0.0710381430575007
0.06617244204701522
0.06650803588516052
0.06718624173680543
0.06822141919614644
0.06963594237794624
0.07146127961009623
0.07373957427609464
0.07652587266007513
0.07989121811626382
0.08392694041621135
0.0887506379093838
0.09451461832008635
0.10141800391127101
0.10972445440553732
0.11978878619519312
0.13209823687327307
0.14733898337516232
0.16650821127780588
0.19110769473545958
0.22344717125165525
0.26683188038779265
0.3239083614009993
0.38576795894075033
0.39008582704136274
0.10737424407288734
-1.072104342342703
-4.353175439204973
-11.405305155188667
-23.43973710300935
-39.595237376252655
-55.873672774385184
-66.29242648714181
-66.2924264871426
-55.87367277438689
-39.595237376255284
-23.43973710301203
-11.405305155191112
-4.353175439207069
-1.0721043423444008
0.10737424407150875
0.39008582704021655
0.385767958939738
0.3239083614001212
0.26683188038699734
0.22344717125094718
0.1911076947348621
0.16650821127726453
0.14733898337470827
0.1320982368728244
0.11978878619487762
0.10972445440516591
0.10141800391100014
0.09451461831979885
0.0887506379091196
0.08392694041594714
0.07989121811602096
0.07652587265990264
0.07373957427591134
0.0714612796099601
0.06963594237782564
0.06822141919606786
0.06718624173666324
0.06650803588514514
0.06617244204700141
0.06155618592704114
0.061868368393673816
0.06249926190690318
0.06346222432031225
0.06477806890649793
0.06647606872906715
0.06859542720372917
0.07118735052638678
0.07431792598962254
0.07807211210021113
0.08255930341698953
0.08792118250767292
0.09434298064142047
0.10206996433649268
0.11143219757919096
0.1228829276845159
0.13706046303464564
0.154892424244696
0.1777758196183023
0.20785925585755216
0.24821739305667792
0.30131213796219203
0.3588562836401677
0.36287270508805697
0.0998825125081869
-0.9973173078779396
-4.049505457516645
-10.609689148135836
-21.804618567322006
-36.83313898604689
-51.97602012491419
-61.66798092199154
-61.667980921992296
-51.97602012491577
-36.83313898604921
-21.804618567324393
-10.609689148138035
-4.049505457518496
-0.9973173078794476
0.09988251250696073
0.3628727050870284
0.3588562836392598
0.3013121379614064
0.24821739305596177
0.20785925585692303
0.1777758196177676
0.1548924242442325
0.13706046303424949
0.12288292768412279
0.11143219757891334
0.10206996433616294
0.09434298064117427
0.08792118250741618
0.08255930341675398
0.07807211209997711
0.07431792598940076
0.07118735052622549
0.06859542720357382
0.0664760687289413
0.06477806890639978
0.0634622243202476
0.06249926190678517
0.0618683683936638
0.06155618592702749
0.05714833119920438
0.05743815920420786
0.058023876301688884
0.05891788382840084
0.06013950467933959
0.06171591575952314
0.06368351324240232
0.06608983659734351
0.06899624079793157
0.072481600718588
0.07664747748992586
0.08162540819892487
0.0875873602343362
0.09476103727774036
0.10345286836646168
0.11408364504352159
0.12724596818831088
0.1438010340079513
0.16504581469736138
0.19297506061910424
0.23044326256816342
0.27973603254762336
0.3331595671670203
0.3368882241407523
0.09272935471322413
-0.9259054043695457
-3.7595415701317823
-9.849984030347425
-20.243303257402438
-34.195711862803876
-48.25429373456336
-57.25226650332306
-57.25226650332365
-48.2542937345648
-34.195711862805915
-20.243303257404534
-9.849984030349322
-3.7595415701333916
-0.9259054043708699
0.09272935471215066
0.3368882241398444
0.33315956716622047
0.27973603254693463
0.23044326256753
0.19297506061855718
0.16504581469688864
0.1438010340075624
0.12724596818796807
0.1140836450431795
0.1034528683662146
0.09476103727745447
0.08758736023411154
0.08162540819869551
0.07664747748971909
0.072481600718386
0.06899624079773509
0.06608983659719163
0.06368351324227334
0.06171591575940877
0.06013950467926197
0.05891788382834859
0.05802387630159405
0.05743815920420397
0.0571483311991854
0.05291370831716384
0.053182060407619344
0.053724376556352434
0.05455213917515648
0.05568323935447103
0.05714284022145341
0.05896464103420962
0.06119265864093407
0.0638837016802868
0.06711080048621375
0.07096799062152417
0.07557706241869463
0.08109724066838389
0.08773935645104691
0.09578713273092923
0.10563018082301237
0.1178171904567541
0.1331455439865411
0.15281610904947007
0.17867582648684538
0.2133676711079581
0.25900789068016616
0.3084727725125017
0.31192503268002914
0.08585760634506807
-0.8572991351972266
-3.480970991062855
-9.120130080384408
-18.74333733163509
-31.66191847257607
-44.67880708716738
-53.01006108341362
-53.01006108341402
-44.678807087168565
-31.661918472577778
-18.74333733163683
-9.120130080386062
-3.4809709910642264
-0.8572991351983592
0.08585760634415515
0.3119250326792512
0.30847277251182037
0.25900789067958174
0.2133676711074117
0.178675826486381
0.15281610904905918
0.13314554398621553
0.11781719045645711
0.1056301808227179
0.0957871327307078
0.08773935645080473
0.08109724066818202
0.07557706241849008
0.07096799062134856
0.06711080048604229
0.06388370168011989
0.061192658640787566
0.05896464103410572
0.05714284022134976
0.055683239354410705
0.05455213917511259
0.053724376556275794
0.05318206040762194
0.05291370831713575
0.04882171379803282
0.049069313315096064
0.049569690324441376
0.050333439263716695
0.05137706764420878
0.05272379264238896
0.0544047074373377
0.0564604249034715
0.058943360472251655
0.06192089679052151
0.06547979732640216
0.06973243394422107
0.07482571802793664
0.08095417635380929
0.08837959059146977
0.09746144203108029
0.10870598825671615
0.12284894713750259
0.14099831874399554
0.16485821296142655
0.19686721318285322
0.23897790896237614
0.2846174834246282
0.287802702477029
0.07921753471809634
-0.7910029096761666
-3.2117811158615854
-8.414854105784583
-17.293883425725497
-29.21345190849769
-41.22372691567846
-48.91071427748065
-48.91071427748122
-41.22372691567939
-29.213451908499167
-17.29388342572697
-8.414854105785967
-3.2117811158627285
-0.7910029096771143
0.07921753471734207
0.2878027024763844
0.2846174834240661
0.23897790896189688
0.19686721318239497
0.1648582129610484
0.14099831874364677
0.12284894713723023
0.1087059882564582
0.0974614420308295
0.0883795905912691
0.08095417635360706
0.07482571802775953
0.06973243394404427
0.065479797326262
0.06192089679038206
0.058943360472119635
0.05646042490333235
0.05440470743725713
0.052723792642296305
0.05137706764416275
0.05033343926367934
0.0495696903243773
0.049069313315106264
0.04882171379799613
0.04484529052964792
0.045072723594033186
0.045532345962796705
0.04623388917879004
0.04719251625099761
0.04842955336532488
0.04997356122614944
0.05186184487365619
0.0541425506109293
0.05687757290725458
0.06014660852437817
0.06405287686766165
0.06873132368650568
0.07436063194179149
0.08118126170552946
0.0895234152185915
0.09985211635106367
0.11284316011032847
0.12951430192018548
0.15143085481666332
0.18083278376824619
0.21951364360096626
0.2614359593577792
0.26436171571137734
0.07276517784004141
-0.7265785426245747
-2.950192496790846
-7.729493822908686
-15.885359715521052
-26.834126178331672
-37.86621282303533
-44.92712665005399
-44.92712665005452
-37.86621282303625
-26.83412617833296
-15.88535971552227
-7.729493822909795
-2.950192496791758
-0.726578542625334
0.07276517783943987
0.26436171571086037
0.261435959357333
0.21951364360058676
0.1808327837678744
0.15143085481636648
0.12951430191990115
0.11284316011010334
0.09985211635084587
0.08952341521838658
0.08118126170535622
0.07436063194162995
0.0687313236863597
0.064052876867518
0.06014660852427725
0.05687757290714665
0.054142550610833076
0.05186184487352488
0.04997356122608826
0.04842955336523888
0.04719251625096105
0.04623388917875305
0.04553234596274047
0.04507272359404801
0.04484529052960798
0.04096011532807957
0.041167844705221335
0.04158764764194926
0.04222841258745809
0.043103988901137494
0.04423385517151046
0.04564409774176301
0.04736878972380451
0.04945190625746376
0.051949979573521037
0.054935801889515856
0.05850365017654478
0.06277677912923514
0.067918391467097
0.07414811493961884
0.08176754461693253
0.09120141686362221
0.10306697890511017
0.11829381241554121
0.13831161866426153
0.16516630218662592
0.20049603345159916
0.2387863987826305
0.24145867434258514
0.06646102155950881
-0.66363210593399
-2.6946054360213405
-7.059857920333962
-14.509152317960199
-24.50939037866341
-34.58573172236876
-41.03493631913005
-41.034936319130324
-34.585731722369346
-24.509390378664342
-14.509152317961151
-7.059857920334808
-2.6946054360220435
-0.663632105934568
0.06646102155905127
0.24145867434219184
0.23878639878228852
0.20049603345131362
0.16516630218633516
0.13831161866404512
0.11829381241532477
0.10306697890493174
0.09120141686345029
0.08176754461677306
0.07414811493947693
0.06791839146697334
0.06277677912912087
0.05850365017643588
0.05493580188945286
0.051949979573443765
0.049451906257400494
0.04736878972368664
0.04564409774171964
0.044233855171431594
0.04310398890110958
0.04222841258742094
0.04158764764190094
0.04116784470523928
0.04096011532804412
0.03714393593022594
0.03733231153298472
0.03771300218102161
0.038294068202197024
0.03908806863509583
0.04011266728193319
0.04139152006632911
0.042955525567015526
0.04484456183536005
0.0471098940904719
0.049817532622067624
0.05305297077385285
0.05692797980487066
0.061590557104028255
0.06723986805593654
0.07414940859034981
0.08270434302690269
0.09346441055375722
0.1072725849710044
0.1254253641293938
0.14977803857747296
0.1818161545672541
0.21653907376026468
0.21896239074342883
0.06026892040711462
-0.601803197367631
-2.443556398786396
-6.402111853428119
-13.157380575551649
-22.22593220270043
-31.363498337939955
-37.21185512753877
-37.21185512753891
-31.36349833794045
-22.225932202701156
-13.157380575552285
-6.402111853428714
-2.4435563987868987
-0.6018031973680356
0.06026892040679443
0.21896239074315507
0.21653907376001863
0.18181615456705508
0.14977803857725935
0.12542536412925048
0.10727258497085684
0.09346441055362488
0.08270434302678126
0.07414940859023324
0.06723986805582888
0.061590557103938
0.0569279798047881
0.05305297077377772
0.04981753262204043
0.047109894090424764
0.044844561835326285
0.04295552556691759
0.041391520066302354
0.04011266728186195
0.039088068635075954
0.03829406820216012
0.03771300218098379
0.037332311533005806
0.037143935930200406
0.033376014957709
0.033545281529127585
0.03388735449280827
0.03440947652750744
0.035122932668103346
0.0360435948798689
0.03719271940139205
0.038598070422646596
0.04029548071741647
0.04233101509857973
0.044763987690838655
0.04767121928636871
0.051153142925779355
0.05534274295093779
0.06041898114470786
0.06662760963315179
0.07431472111256121
0.08398327397264671
0.09639072937499574
0.11270206624551252
0.1345843717243672
0.16337249838317333
0.1945730881958057
0.1967506091581776
0.054155192825210016
-0.5407559398836083
-2.195681456538072
-5.752682059462992
-11.82270019924593
-19.971345400403752
-28.182005950705424
-33.437111886806846
-33.43711188680701
-28.182005950705737
-19.971345400404356
-11.822700199246329
-5.752682059463362
-2.195681456538365
-0.5407559398838431
0.05415519282501892
0.19675060915801879
0.19457308819564767
0.1633724983830605
0.13458437172422544
0.11270206624543512
0.09639072937491364
0.0839832739725611
0.07431472111249698
0.06662760963307623
0.060418981144640296
0.0553427429508811
0.051153142925731566
0.04767121928632481
0.044763987690842826
0.042331015098559424
0.04029548071740392
0.03859807042257365
0.037192719401380595
0.0360435948798077
0.03512293266809433
0.03440947652747724
0.03388735449278504
0.03354528152915505
0.033376014957692046
0.02963664862031403
0.029786950975475967
0.030090698913460646
0.030554323660353096
0.031187845902207616
0.03200535934653842
0.033025738732618104
0.03427363761521109
0.03578087414714502
0.03758835214567797
0.039748740316566916
0.04233025262433031
0.04542206981649709
0.04914227696256653
0.053649785354452174
0.05916281356812916
0.06598867877726738
0.07457398888210429
0.08559134045925457
0.10007519022860126
0.1195058482658796
0.14506861575964353
0.1727735718469856
0.17470716790179958
0.04808783820968736
-0.480171190154912
-1.9496846421574467
-5.108173043589268
-10.498132863806799
-17.73384192351182
-25.02462019976938
-29.690970434918043
-29.69097043491795
-25.02462019976945
-17.733841923512088
-10.498132863806898
-5.108173043589366
-1.9496846421575529
-0.4801711901549767
0.04808783820961743
0.1747071679017494
0.17277357184690376
0.14506861575960825
0.11950584826580193
0.10007519022858381
0.08559134045923009
0.07457398888206612
0.06598867877726211
0.059162813568097376
0.053649785354432065
0.04914227696254604
0.04542206981648787
0.04233025262431309
0.0397487403165976
0.037588352145678586
0.03578087414714756
0.0342736376151673
0.033025738732625515
0.032005359346494955
0.031187845902214423
0.030554323660337637
0.03009069891345434
0.029786950975513274
0.029636648620298398
