-0.0009751724411299443
-0.0009801180309646955
-0.0009901126362513034
-0.001005367871796004
-0.001026213460972885
-0.0010531131469513654
-0.001086687989268617
-0.0011277491951543167
-0.0011773437177070773
-0.0012368174671594134
-0.001307903468777963
-0.0013928462531590633
-0.0014945802474787208
-0.00161699095432609
-0.0017653072329710403
-0.0019467094048791623
-0.002171309514511505
-0.0024538028637586333
-0.0028163207467156327
-0.0032929012324510237
-0.003932253109275639
-0.004773379367103151
-0.005685001170875595
-0.005748666495587595
-0.0015824870464611607
0.015799115463450003
0.06415152596078448
0.16807765255706908
0.34542779571168303
0.5835103014852749
0.8234049289470886
0.976945835455
0.9769458354550001
0.8234049289470879
0.5835103014852754
0.34542779571168386
0.1680776525570692
0.064151525960785
0.015799115463449594
-0.0015824870464614558
-0.005748666495588122
-0.005685001170876317
-0.004773379367103139
-0.0039322531092761005
-0.003292901232450884
-0.0028163207467153603
-0.002453802863758479
-0.002171309514510846
-0.0019467094048785994
-0.0017653072329703206
-0.0016169909543252673
-0.0014945802474783652
-0.0013928462531588343
-0.0013079034687782554
-0.0012368174671594507
-0.0011773437177068427
-0.0011277491951545847
-0.0010866879892683125
-0.0010531131469516787
-0.0010262134609726095
-0.0010053678717961696
-0.0009901126362510258
-0.0009801180309657784
-0.0009751724411291949
-0.0009869972495410119
-0.0009920028087819477
-0.001002118606997391
-0.0010175588249902734
-0.0010386571842890648
-0.0010658830513115406
-0.0010998650164235264
-0.0011414241233673487
-0.001191620020346001
-0.0012518149377673004
-0.0013237629151142594
-0.0014097356995489423
-0.0015127033002603981
-0.001636598334229597
-0.0017867130640961282
-0.0019703148772032006
-0.0021976384324595465
-0.0024835572210402416
-0.0028504709004770947
-0.0033328303546078276
-0.003979935550733885
-0.0048312653502506015
-0.005753961738992471
-0.0058184806341009775
-0.0016020551159681637
0.01598955147875363
0.06492648921309929
0.1701093258306898
0.34960441041719514
0.5905666887993021
0.8333632046392729
0.9887614908048856
0.9887614908048855
0.833363204639272
0.590566688799302
0.34960441041719453
0.17010932583068894
0.06492648921309899
0.015989551478752757
-0.0016020551159690035
-0.005818480634101973
-0.0057539617389936615
-0.004831265350251008
-0.0039799355507346415
-0.0033328303546079365
-0.0028504709004770583
-0.0024835572210403912
-0.0021976384324590443
-0.0019703148772028225
-0.001786713064095419
-0.0016365983342288783
-0.0015127033002600922
-0.0014097356995488295
-0.001323762915114607
-0.0012518149377674982
-0.00119162002034606
-0.0011414241233678743
-0.0010998650164234206
-0.0010658830513119227
-0.0010386571842889735
-0.0010175588249905546
-0.0010021186069972172
-0.00099200280878293
-0.000986997249540504
-0.00099891235403588
-0.0010039783406191717
-0.0010142162572122579
-0.0010298428702093928
-0.0010511959298238646
-0.0010787504686619812
-0.0011131426654248816
-0.0011552034754809008
-0.0012060053390794087
-0.0012669269314273812
-0.0013397434666925006
-0.0014267541164332334
-0.0015309647435626944
-0.0016563554392281523
-0.0018082823535996318
-0.0019941006047508245
-0.002224168402348484
-0.002513538787546894
-0.0028848818306080317
-0.003373064382527352
-0.004027982104152033
-0.004889593363034518
-0.005823448910542494
-0.0058888279187174425
-0.0016217727314157813
0.01618144130794203
0.06570736914436237
0.17215651078978955
0.35381291347134514
0.5976769515419698
0.8433975116630108
1.000667358556821
1.000667358556821
0.8433975116630097
0.5976769515419695
0.35381291347134425
0.17215651078978822
0.06570736914436155
0.01618144130794065
-0.0016217727314171001
-0.00588882791871887
-0.005823448910544062
-0.004889593363035353
-0.004027982104153061
-0.0033730643825277628
-0.002884881830608213
-0.0025135387875473664
-0.002224168402348195
-0.0019941006047507833
-0.0018082823535990969
-0.0016563554392276772
-0.0015309647435625283
-0.001426754116433335
-0.0013397434666929183
-0.0012669269314277661
-0.0012060053390797985
-0.0011552034754816892
-0.0011131426654250208
-0.0010787504686624884
-0.001051195929824028
-0.0010298428702097918
-0.0010142162572122195
-0.0010039783406200014
-0.0009989123540356751
-0.0010109800623364761
-0.0010161072501914952
-0.0010264688492058528
-0.0010422842444804395
-0.0010638952665112042
-0.0010917826866634166
-0.0011265903691620876
-0.0011691593079459128
-0.0012205748991463965
-0.001282232473388659
-0.0013559286907225713
-0.0014439904983448867
-0.0015494600720945113
-0.001676365585317723
-0.0018301278939648175
-0.002018190970466905
-0.002251038157648784
-0.0025439043462703475
-0.002919733482708277
-0.0034138137127745693
-0.004076644020639375
-0.004948668422781844
-0.005893826062213245
-0.0059600762416974085
-0.0016417430895133743
0.016375788123885612
0.06649824844918811
0.17422991099574953
0.35807530886560923
0.6048782655036229
0.8535603140995679
1.0127256881896924
1.012725688189692
0.8535603140995661
0.6048782655036202
0.3580753088656078
0.1742299109957477
0.06649824844918693
0.01637578812388389
-0.001641743089515121
-0.005960076241699171
-0.005893826062215115
-0.004948668422783037
-0.004076644020640618
-0.00341381371277524
-0.0029197334827085935
-0.002543904346271002
-0.0022510381576486714
-0.0020181909704672235
-0.0018301278939646122
-0.0016763655853176262
-0.0015494600720946652
-0.0014439904983453665
-0.0013559286907231767
-0.0012822324733892665
-0.0012205748991471177
-0.001169159307946891
-0.001126590369162411
-0.0010917826866639938
-0.0010638952665115748
-0.0010422842444808775
-0.0010264688492058953
-0.0010161072501921303
-0.0010109800623365702
-0.0010232659505517187
-0.0010284554461767043
-0.0010389429637487155
-0.0010549505544205817
-0.0010768242027412189
-0.0011050505225897857
-0.001140281202667134
-0.0011833674569765782
-0.0012354078717702007
-0.0012978147342162763
-0.0013724065379820917
-0.001461538508078468
-0.001568289789797577
-0.0016967375079982435
-0.0018523683942751404
-0.002042716881883072
-0.002278393709186304
-0.002574818904361168
-0.00295521524155354
-0.003455299778429904
-0.004126185730906026
-0.005008811546862165
-0.00596547563237477
-0.00603261279523007
-0.001662074806997497
0.016573647699833896
0.06730342392254111
0.1763407913310292
0.3624147545447467
0.6122097560855531
0.8639068274061203
1.025001993733768
1.0250019937337682
0.8639068274061188
0.612209756085552
0.36241475454474525
0.17634079133102767
0.06730342392253946
0.016573647699831887
-0.00166207480699958
-0.00603261279523214
-0.005965475632376906
-0.005008811546863729
-0.004126185730907566
-0.003455299778430925
-0.0029552152415540833
-0.0025748189043620106
-0.0022783937091863772
-0.002042716881883684
-0.001852368394275267
-0.0016967375079984756
-0.0015682897897980196
-0.0014615385080792688
-0.0013724065379828697
-0.0012978147342170647
-0.0012354078717711962
-0.001183367456977652
-0.0011402812026675775
-0.0011050505225903603
-0.0010768242027416912
-0.0010549505544209452
-0.0010389429637487257
-0.0010284554461770902
-0.0010232659505520262
-0.0010358403851170395
-0.001041093651873291
-0.0010517100453285178
-0.0010679143453023183
-0.0010900567879589896
-0.001118629966909054
-0.0011542935790953522
-0.0011979092986148438
-0.0012505892116242527
-0.0013137629600775563
-0.0013892713840454676
-0.001479498650488343
-0.0015875617424196487
-0.0017175878858917918
-0.0018751312353077784
-0.002067818809323523
-0.0023063917338786563
-0.002606459522749264
-0.002991530326494937
-0.0034977601882988053
-0.0041768909824131725
-0.005070367203198984
-0.00603880799729062
-0.006106853058709831
-0.0016828844451090594
0.016776152901053814
0.06812750615109074
0.17850123936805062
0.3668560997248578
0.6197134061023994
0.8744962995460086
1.0375665738521094
1.0375665738521072
0.8744962995460067
0.6197134061023977
0.3668560997248562
0.178501239368048
0.06812750615108898
0.016776152901051618
-0.0016828844451114858
-0.006106853058712147
-0.006038807997293006
-0.005070367203200828
-0.00417689098241503
-0.00349776018830013
-0.0029915303264957996
-0.002606459522750293
-0.0023063917338789937
-0.0020678188093243024
-0.0018751312353082036
-0.0017175878858922233
-0.001587561742420277
-0.0014794986504892825
-0.0013892713840463256
-0.001313762960078404
-0.001250589211625425
-0.0011979092986159055
-0.0011542935790958496
-0.0011186299669095564
-0.0010900567879594816
-0.001067914345302541
-0.0010517100453284467
-0.0010410936518734418
-0.0010358403851174888
-0.0010487802810685261
-0.0010540991723916146
-0.0010648481873617032
-0.0010812549137706937
-0.0011036739629669578
-0.0011326040820866033
-0.0011687132090654735
-0.0012128737821054188
-0.0012662117796281118
-0.0013301747027715163
-0.0014066263874844727
-0.0014979807838446154
-0.0016073938123010913
-0.0017390442562406016
-0.001898555652451933
-0.002093650295898568
-0.0023352034896917595
-0.002639019740447268
-0.0030289008693994454
-0.0035414546641664314
-0.004229069929537987
-0.005133711917751506
-0.006114271725725291
-0.006183251181790467
-0.00170429942674899
0.016984541977523
0.06897553467923062
0.18072446731080438
0.3714265056211228
0.6274351045060715
0.8853934909936428
1.050496267889749
1.0504962678897494
0.8853934909936405
0.6274351045060709
0.3714265056211208
0.18072446731080155
0.06897553467922837
0.016984541977520577
-0.0017042994267516907
-0.00618325118179301
-0.006114271725727789
-0.005133711917753504
-0.0042290699295400025
-0.0035414546641679653
-0.0030289008694005842
-0.002639019740448465
-0.002335203489692383
-0.0020936502958994385
-0.0018985556524526586
-0.0017390442562412278
-0.0016073938123018537
-0.001497980783845595
-0.001406626387485335
-0.0013301747027723593
-0.0012662117796293712
-0.001212873782106411
-0.0011687132090660315
-0.001132604082087079
-0.0011036739629674667
-0.0010812549137708218
-0.0010648481873615757
-0.0010540991723915919
-0.001048780281069031
-0.001062171198570266
-0.0010675580018138938
-0.001078444260841038
-0.0010950604692881922
-0.0011177657661857548
-0.001147065266677732
-0.0011836354369345503
-0.001228359854448143
-0.0012823788741230897
-0.0013471584787673315
-0.0014245863017347525
-0.001517107114318638
-0.0016279171315787817
-0.0017612484912825374
-0.001922796530950284
-0.0021203821427439344
-0.002365019483748489
-0.0026727148499944967
-0.0030675739694774697
-0.003586672120255324
-0.0042830675877407985
-0.005199264537912038
-0.006192365806389057
-0.006262312365180163
-0.0017264615157808597
0.017200192296468027
0.06985311532204631
0.1830251720034238
0.37615618555013064
0.6354258967944064
0.896670439365559
1.0638765496362235
1.063876549636223
0.8966704393655563
0.6354258967944046
0.3761561855501278
0.18302517200342083
0.06985311532204391
0.01720019229646535
-0.001726461515783784
-0.006262312365182824
-0.006192365806391626
-0.0051992645379140955
-0.004283067587742914
-0.0035866721202569584
-0.003067573969478845
-0.002672714849995779
-0.002365019483749375
-0.0021203821427448004
-0.0019227965309513112
-0.001761248491283411
-0.0016279171315797796
-0.0015171071143197283
-0.0014245863017357287
-0.001347158478768221
-0.0012823788741244302
-0.001228359854449013
-0.001183635436935125
-0.0011470652666781224
-0.0011177657661861796
-0.0010950604692881432
-0.001078444260840792
-0.001067558001813673
-0.001062171198570739
-0.0010761099119661588
-0.0010815674052749343
-0.0010925965227468657
-0.0011094307827354845
-0.0011324340371722244
-0.001162118029712198
-0.0011991681036346707
-0.001244479431409263
-0.0012992073325388427
-0.0013648370275524085
-0.0014432809207173699
-0.0015370158653829724
-0.0016492800196003959
-0.001784361058151638
-0.0019480290565333876
-0.0021482075375527415
-0.002396055192562292
-0.002707788361910833
-0.0031078291127839192
-0.0036337393382959884
-0.004339274193192201
-0.005267498809156968
-0.006273654631375454
-0.006344608032262472
-0.0017495310818581222
0.017424661673407466
0.07076658841460898
0.18541997605103522
0.38107931178384646
0.6437435171485923
0.9084086216393363
1.0778040928320218
1.0778040928320214
0.9084086216393334
0.6437435171485888
0.38107931178384263
0.18541997605103164
0.07076658841460642
0.017424661673404576
-0.0017495310818611718
-0.006344608032265267
-0.006273654631378059
-0.005267498809159104
-0.004339274193194348
-0.003633739338297747
-0.003107829112785474
-0.002707788361912158
-0.0023960551925633284
-0.002148207537553461
-0.0019480290565345385
-0.0017843610581526584
-0.0016492800196015213
-0.0015370158653841676
-0.0014432809207184792
-0.0013648370275533982
-0.0012992073325402847
-0.0012444794314100658
-0.001199168103635264
-0.0011621180297125178
-0.0011324340371724828
-0.0011094307827352193
-0.0010925965227464442
-0.0010815674052745289
-0.0010761099119665199
-0.0010907076341714925
-0.0010962391597061675
-0.0011074178898379543
-0.0011244805106433607
-0.0011477958097768173
-0.0011778824727950341
-0.0012154351397883722
-0.0012613611264051673
-0.0013168314242605582
-0.0013833514011487359
-0.0014628594034001275
-0.001557865883235361
-0.0016716529247310374
-0.0018085663654352118
-0.0019744545523839134
-0.0021773484913456204
-0.0024285582414473534
-0.0027445201181722735
-0.00314998748436611
-0.003683031855532508
-0.004398138205058494
-0.0053389591599263195
-0.006358786801876045
-0.006430794871384099
-0.0017736924550718026
0.01765974024019927
0.07172323996290272
0.18792798142572736
0.38623515365234484
0.6524543112681516
0.9207016677416079
1.09238999088271
1.0923899908827108
0.9207016677416044
0.6524543112681488
0.38623515365233985
0.1879279814257233
0.07172323996289988
0.017659740240196113
-0.0017736924550749897
-0.006430794871386975
-0.006358786801878699
-0.00533895915992849
-0.004398138205060604
-0.0036830318555343138
-0.003149987484367743
-0.0027445201181734956
-0.002428558241448454
-0.0021773484913461087
-0.0019744545523850566
-0.0018085663654362249
-0.001671652924732122
-0.0015578658832365332
-0.0014628594034013132
-0.0013833514011497474
-0.0013168314242620474
-0.0012613611264059
-0.0012154351397889846
-0.0011778824727952985
-0.0011477958097769216
-0.0011244805106429248
-0.0011074178898374109
-0.0010962391597056614
-0.0010907076341717353
-0.0011060941523519624
-0.0011117037104888497
-0.001123040137691808
-0.001140343458930175
-0.0011639876642867985
-0.0011944987563305251
-0.0012325811743227797
-0.0012791550332560764
-0.00133540784371222
-0.0014028662094233693
-0.0014834958205829467
-0.001579842543825319
-0.0016952347628326413
-0.0018340796207957468
-0.002002307965766766
-0.0022080640944263947
-0.002462817613003223
-0.002783236698751729
-0.0031944239122543537
-0.0037349879299525255
-0.004460182982573337
-0.005414280947759358
-0.0064485192490594916
-0.006521639260724696
-0.001799160796710327
0.017907516963334067
0.07273157244620473
0.19057147947593533
0.3916695371839562
0.6616357024473316
0.9336588407813884
1.107763886208895
1.1077638862088943
0.933658840781384
0.6616357024473292
0.3916695371839511
0.19057147947593095
0.07273157244620156
0.017907516963330632
-0.0017991607967135872
-0.006521639260727616
-0.006448519249062131
-0.005414280947761545
-0.004460182982575335
-0.003734987929954352
-0.003194423912255934
-0.0027832366987528
-0.0024628176130043174
-0.002208064094426734
-0.002002307965767881
-0.0018340796207967536
-0.0016952347628336334
-0.0015798425438264814
-0.001483495820584155
-0.0014028662094243422
-0.0013354078437136496
-0.001279155033256753
-0.0012325811743233786
-0.001194498756330778
-0.0011639876642867502
-0.0011403434589296567
-0.0011230401376911563
-0.0011117037104883655
-0.0011060941523520526
-0.0011224232425520715
-0.0011281156135428717
-0.0011396193982883085
-0.0011571781651902118
-0.001181171425459585
-0.0012121329469161751
-0.0012507775682877738
-0.0012980389879967045
-0.0013551222475407486
-0.0014235764875006724
-0.0015053964170150826
-0.0016031654866164174
-0.0017202612159046247
-0.001861155809298075
-0.002031867669884178
-0.002240661325476348
-0.002499175703307326
-0.0028243250463677837
-0.003241582505118904
-0.0037901268242588183
-0.004526028619505452
-0.005494216966616099
-0.006543748814611726
-0.00661804924766261
-0.0018261910988867478
0.018170466719634314
0.07380165932752486
0.19337688041687975
0.3974367559602947
0.6713794199846264
0.9474095931198164
1.12407937609132
1.12407937609132
0.9474095931198121
0.6713794199846231
0.3974367559602894
0.193376880416875
0.0738016593275212
0.018170466719630574
-0.0018261910988901355
-0.006618049247665522
-0.006543748814614394
-0.005494216966618349
-0.004526028619507452
-0.003790126824260735
-0.003241582505120531
-0.0028243250463687256
-0.002499175703308448
-0.0022406613254766037
-0.002031867669885238
-0.0018611558092989835
-0.001720261215905455
-0.0016031654866175042
-0.0015053964170162724
-0.0014235764875015363
-0.0013551222475420377
-0.0012980389879972691
-0.0012507775682883118
-0.0012121329469163393
-0.0011811714254593717
-0.0011571781651896354
-0.0011396193982875715
-0.0011281156135425046
-0.0011224232425520054
-0.001139879905067056
-0.0011456608073928615
-0.0011573435062318684
-0.0011751753581035192
-0.0011995417765987622
-0.0012309848310037399
-0.0012702304776294115
-0.0013182269363077388
-0.0013761979900197069
-0.001445716872438212
-0.0015288093155021183
-0.0016280989489365807
-0.0017470158212627112
-0.0018901016908307356
-0.002063468561750786
-0.002275509495369808
-0.0025380444321877233
-0.002868250672768591
-0.0032919975483413286
-0.003849073238133466
-0.0045964211208619635
-0.005579672867848085
-0.006645554451204968
-0.0067211172834391875
-0.001855090216695907
0.018451566632120036
0.07494561871640062
0.1963759552402083
0.4036021242524563
0.6817958127342596
0.9621096538365198
1.1415212355389133
1.1415212355389126
0.9621096538365148
0.6817958127342558
0.40360212425245057
0.1963759552402029
0.07494561871639652
0.018451566632115887
-0.0018550902166995517
-0.006721117283442283
-0.006645554451207831
-0.0055796728678506125
-0.004596421120864096
-0.003849073238135596
-0.0032919975483430087
-0.0028682506727694965
-0.002538044432188823
-0.0022755094953700815
-0.00206346856175175
-0.0018901016908315319
-0.001747015821263328
-0.001628098948937603
-0.0015288093155032293
-0.0014457168724389768
-0.0013761979900208047
-0.0013182269363081996
-0.0012702304776298925
-0.0012309848310038444
-0.001199541776598438
-0.0011751753581029736
-0.0011573435062310813
-0.0011456608073927119
-0.0011398799050667972
-0.0011586902410151327
-0.001164566539829894
-0.001176442026639102
-0.0011945681398297645
-0.0012193366530732514
-0.0012512985808602727
-0.0012911918591990454
-0.0013399803553959064
-0.001398908047226415
-0.0014695741297590533
-0.0015540377634034254
-0.0016549658727842216
-0.0017758451087172605
-0.0019212921770738705
-0.0020975199413272735
-0.0023130599635750866
-0.002579927234411034
-0.002915582511069869
-0.0033463220280365484
-0.003912590659336019
-0.004672272230398754
-0.005671755511546769
-0.006755254828665406
-0.006832178560507977
-0.001886233302510224
0.018754454840978492
0.07617825984714167
0.1996075307544523
0.41024546172016163
0.6930197365438971
0.9779493373261507
1.160315275556097
1.1603152755560977
0.9779493373261441
0.6930197365438924
0.4102454617201551
0.19960753075444654
0.0761782598471368
0.018754454840973975
-0.0018862333025142085
-0.0068321785605112775
-0.0067552548286685405
-0.005671755511549627
-0.004672272230401198
-0.0039125906593384056
-0.0033463220280383833
-0.0029155825110707915
-0.0025799272344121434
-0.0023130599635754895
-0.002097519941328223
-0.0019212921770746247
-0.0017758451087177582
-0.0016549658727852282
-0.0015540377634044834
-0.001469574129759772
-0.0013989080472274142
-0.0013399803553963226
-0.0012911918591996224
-0.0012512985808603569
-0.0012193366530729704
-0.0011945681398292753
-0.0011764420266383352
-0.0011645665398299513
-0.0011586902410146843
-0.0011791352513240037
-0.0011851152368797704
-0.0011972002655347201
-0.001215646212271334
-0.0012408517635536082
-0.0012733776564450427
-0.0013139748477272858
-0.0013636242119997228
-0.001423591676829706
-0.001495504654816696
-0.0015814586398933171
-0.0016841676140656365
-0.001807179749391462
-0.0019551932124848128
-0.002134530491252894
-0.002353873684820278
-0.0026254497845639626
-0.002967027638090804
-0.0034053674832885588
-0.0039816279601094465
-0.004754715075612715
-0.005771840520833123
-0.006874488819455996
-0.006952892522850228
-0.0019200867834744653
0.01908365227591327
0.07751798615046698
0.20311985743717353
0.41746596130526414
0.7052187786126096
0.9951651498433393
1.1807421144640986
1.1807421144640977
0.9951651498433329
0.7052187786126037
0.4174659613052558
0.20311985743716668
0.07751798615046135
0.019083652275908344
-0.0019200867834788234
-0.006952892522853795
-0.006874488819459367
-0.005771840520836336
-0.004754715075615427
-0.003981627960112056
-0.0034053674832904973
-0.0029670276380918924
-0.0026254497845650954
-0.002353873684821009
-0.0021345304912538995
-0.0019551932124857096
-0.0018071797493919531
-0.001684167614066721
-0.0015814586398943205
-0.0014955046548174723
-0.0014235916768306628
-0.0013636242120001383
-0.0013139748477280027
-0.001273377656445143
-0.0012408517635534512
-0.0012156462122709642
-0.0011972002655340499
-0.0011851152368800482
-0.0011791352513233608
-0.0012015706335989367
-0.0012076644000716548
-0.0012199793700204235
-0.0012387762869390192
-0.0012644614230641785
-0.0012976061845531867
-0.0013389758165716931
-0.0013895698567229094
-0.001450678319244635
-0.001523959581330916
-0.0016115490076201431
-0.001716212218687337
-0.0018415648971296578
-0.001992394600787653
-0.002175144114335728
-0.0023986607292784973
-0.0026754040769228155
-0.0030234810892509865
-0.003470161180770844
-0.004057386247501956
-0.004845183999925884
-0.005881669200372682
-0.007005330970763245
-0.007085359814616826
-0.0019572413579079595
0.019444880721926114
0.07898809056602848
0.2069740058073885
0.42538917161272083
0.7186050542951187
1.0140564376086214
1.2031569310861487
1.2031569310861476
1.0140564376086145
0.7186050542951121
0.425389171612712
0.20697400580738112
0.07898809056602188
0.01944488072192075
-0.001957241357912815
-0.007085359814620712
-0.007005330970766943
-0.005881669200376215
-0.004845183999928957
-0.0040573862475047524
-0.0034701611807729463
-0.003023481089252336
-0.0026754040769240784
-0.0023986607292796236
-0.0021751441143368407
-0.0019923946007887757
-0.0018415648971302576
-0.0017162122186885139
-0.0016115490076211
-0.0015239595813317534
-0.0014506783192455627
-0.001389569856723262
-0.0013389758165725549
-0.0012976061845532934
-0.0012644614230642782
-0.0012387762869388416
-0.001219979370020056
-0.0012076644000721445
-0.001201570633598199
-0.0012264561002133093
-0.0012326760732163805
-0.0012452460955388392
-0.0012644323108607037
-0.0012906494056096783
-0.0013244806201750659
-0.0013667070484969309
-0.0014183489293119037
-0.0014807229939615733
-0.0015555219657873564
-0.001644925434300086
-0.0017517562979503117
-0.0018797051225245588
-0.002033658619286583
-0.0022201930070176743
-0.002448338809935905
-0.0027308137055146726
-0.003086099631968482
-0.003542030787617375
-0.004141417865649456
-0.0049455327909035665
-0.006003492069980743
-0.007150462520173944
-0.007232295502324112
-0.001998460958305506
0.019845533549086664
0.08061867298233787
0.21124889428578753
0.43417733351437626
0.7334526709791878
1.0350100325323257
1.2280187072079247
1.2280187072079247
1.035010032532317
0.7334526709791807
0.4341773335143664
0.21124889428577875
0.0806186729823308
0.01984553354908087
-0.001998460958310786
-0.007232295502328415
-0.0071504625201779005
-0.0060034920699846075
-0.004945532790906933
-0.004141417865652442
-0.0035420307876196135
-0.003086099631970214
-0.0027308137055160673
-0.0024483388099374604
-0.0022201930070188183
-0.002033658619287966
-0.0018797051225252466
-0.0017517562979515503
-0.0016449254343009398
-0.0015555219657882838
-0.0014807229939624396
-0.0014183489293122186
-0.001366707048497852
-0.001324480620175204
-0.0012906494056099905
-0.0012644323108607705
-0.0012452460955388418
-0.0012326760732170627
-0.0012264561002125309
-0.0012544005951798836
-0.00126076228859783
-0.0012736187155001732
-0.0012932420835718552
-0.0013200565277462343
-0.0013546585773689893
-0.00139784712336759
-0.0014506656503033603
-0.001514460890829209
-0.0015909641364473116
-0.0016824046379049335
-0.0017916696124472044
-0.0019225337141258346
-0.0020799949961630994
-0.0022707795140062613
-0.002504123548771174
-0.0027930345449820836
-0.0031564155458390242
-0.003622734961980813
-0.004235779086977461
-0.005058217025127919
-0.0061402902446159435
-0.007313435190012932
-0.007397296385588056
-0.002044758805028255
0.020295400051353597
0.08244959307579613
0.21604903363686545
0.4440453029852881
0.7501246310415808
1.0585382194595674
1.2559352765429594
1.2559352765429592
1.058538219459557
0.7501246310415726
0.4440453029852778
0.21604903363685588
0.08244959307578802
0.020295400051347293
-0.0020447588050339937
-0.007397296385592713
-0.007313435190017057
-0.006140290244619878
-0.005058217025131383
-0.0042357790869804145
-0.0036227349619830634
-0.003156415545841026
-0.0027930345449835776
-0.002504123548773067
-0.0022707795140074717
-0.0020799949961647964
-0.00192253371412676
-0.0017916696124484982
-0.0016824046379057109
-0.0015909641364482867
-0.0015144608908299994
-0.0014506656503036296
-0.0013978471233685637
-0.0013546585773691962
-0.0013200565277467675
-0.001293242083572121
-0.0012736187155005679
-0.001260762288598536
-0.0012544005951791804
-0.0012862360010922188
-0.001292759147724049
-0.001305941857471246
-0.0013260632463647
-0.0013535582134365362
-0.0013890384273197798
-0.0014333230539522947
-0.0014874820604315346
-0.0015528963580598992
-0.0016313411766786597
-0.0017251023430425133
-0.0018371403488755484
-0.0019713256448802754
-0.002132783129439916
-0.002328409557912639
-0.002567675617991172
-0.002863918868750125
-0.0032365220940046655
-0.0037146762272380817
-0.004343279014067119
-0.005186591316311953
-0.006296136354025853
-0.007499101431909783
-0.007585277707363312
-0.002097524822137645
0.02080783570324114
0.08453525640566689
0.22151709040264658
0.4552863916242181
0.7691164999355298
1.0853403697238415
1.2877364575449102
1.2877364575449102
1.085340369723831
0.7691164999355202
0.45528639162420576
0.22151709040263579
0.0845352564056581
0.02080783570323429
-0.0020975248221437003
-0.007585277707368323
-0.00749910143191394
-0.006296136354029847
-0.00518659131631535
-0.004343279014070033
-0.003714676227240246
-0.0032365220940068994
-0.0028639188687516635
-0.0025676756179933303
-0.002328409557913875
-0.002132783129441919
-0.0019713256448814533
-0.0018371403488769476
-0.001725102343043237
-0.0016313411766797382
-0.0015528963580606118
-0.00148748206043187
-0.001433323053953276
-0.0013890384273201755
-0.0013535582134372576
-0.001326063246365221
-0.0013059418574720152
-0.0012927591477247652
-0.0012862360010916576
-0.0013231466079114307
-0.0013298569467250156
-0.0013434179555260493
-0.0013641167600307747
-0.001392400739399809
-0.0014288991150841744
-0.0014744545603098988
-0.0015301677466066856
-0.0015974592127562534
-0.0016781551316872021
-0.0017746069256473246
-0.0018898600424581047
-0.0020278960016698127
-0.002193986768928678
-0.0023952270131784945
-0.0026413591989153723
-0.0029461036285737437
-0.003329399310560991
-0.0038212748944432863
-0.0044679167924453166
-0.00533543149046238
-0.006476828780063043
-0.007714371465631182
-0.007803245628115987
-0.0021587684885723303
0.02140176013522198
0.08695287240440694
0.2278556262037652
0.46831713674704994
0.7911321138110596
1.1164098338501192
1.3246009098130405
1.3246009098130402
1.116409833850109
0.7911321138110495
0.4683171367470371
0.22785562620375344
0.08695287240439745
0.021401760135214568
-0.002158768488578732
-0.007803245628121368
-0.007714371465635467
-0.006476828780067155
-0.005335431490465841
-0.004467916792448323
-0.00382127489444549
-0.00332939931056347
-0.0029461036285754
-0.0026413591989176474
-0.002395227013179713
-0.0021939867689307387
-0.002027896001671188
-0.0018898600424595258
-0.0017746069256480966
-0.0016781551316883843
-0.0015974592127569929
-0.0015301677466071023
-0.0014744545603109028
-0.001428899115084736
-0.0013924007394007596
-0.0013641167600315157
-0.001343417955527235
-0.0013298569467256958
-0.00132314660791117
-0.0013669157999533174
-0.0013738481144205342
-0.001387857716639921
-0.0014092412303580426
-0.0014384608339005197
-0.0014761665631723203
-0.0015232289667770414
-0.0015807851261335605
-0.001650302571037153
-0.001733667883704687
-0.0018333102707958871
-0.001952375922758411
-0.002094978066838584
-0.002266563064118202
-0.0024744602737599404
-0.002728734439364326
-0.003043559729753207
-0.0034395347399620016
-0.003947681516083077
-0.0046157146754738886
-0.005511929698012
-0.006691101233636943
-0.007969661319847075
-0.008061792476784567
-0.0022316644842752947
0.02210521365482752
0.08981754388234994
0.23536710020244472
0.4837599390686702
0.8172235524704501
1.1532317478378613
1.368290977285145
1.3682909772851428
1.1532317478378498
0.8172235524704384
0.48375993906865605
0.23536710020243146
0.08981754388233953
0.022105213654819305
-0.002231664484282093
-0.008061792476790385
-0.007969661319851482
-0.00669110123364125
-0.005511929698015483
-0.004615714675477112
-0.003947681516085364
-0.003439534739964797
-0.00304355972975505
-0.002728734439366811
-0.002474460273761244
-0.0022665630641203333
-0.00209497806684016
-0.0019523759227599254
-0.0018333102707967326
-0.0017336678837059387
-0.0016503025710378775
-0.0015807851261340601
-0.0015232289667780037
-0.0014761665631731235
-0.0014384608339017215
-0.0014092412303590806
-0.0013878577166414018
-0.0013738481144212455
-0.0013669157999533707
-0.0014204158239799838
-0.0014276194642241858
-0.0014421773921584086
-0.0014643978411943742
-0.0014947610790250073
-0.0015339425835538727
-0.001582846976119468
-0.0016426558428180292
-0.001714894151691303
-0.0018015223246978954
-0.001905064646296586
-0.002028790447160446
-0.002176973944194569
-0.0023552746665418175
-0.0025713088414650326
-0.002835535143214769
-0.003162682514973712
-0.0035741557890129018
-0.004102191310433823
-0.004796371951101819
-0.005727670569593047
-0.006953027789788836
-0.008281786130879605
-0.008378142814375818
-0.0023219106802216324
0.022961589940523615
0.09331009541206174
0.2445286132845751
0.5025983617078347
0.8490549902343533
1.198156518648229
1.4215964340390095
1.421596434039007
1.1981565186482173
0.8490549902343401
0.5025983617078186
0.24452861328456044
0.0933100954120499
0.022961589940514414
-0.002321910680229154
-0.008378142814382188
-0.008281786130884311
-0.006953027789793443
-0.005727670569596727
-0.004796371951105301
-0.00410219131043634
-0.0035741557890160425
-0.00316268251497595
-0.0028355351432175968
-0.0025713088414667275
-0.002355274666544065
-0.002176973944196488
-0.0020287904471620525
-0.001905064646297603
-0.0018015223246991012
-0.0017148941516920949
-0.0016426558428185372
-0.0015828469761204546
-0.0015339425835548374
-0.0014947610790265234
-0.001464397841195579
-0.001442177392160045
-0.0014276194642248185
-0.0014204158239804225
-0.0014885172872913352
-0.001496066304449529
-0.0015113222089781146
-0.0015346080124896526
-0.0015664270090352027
-0.001607487062201296
-0.0016587361652614383
-0.0017214125552897665
-0.001797114314719147
-0.0018878958577025998
-0.001996402495247663
-0.0021260603057934612
-0.002281348433279413
-0.002468197752727422
-0.002694589651341006
-0.002971484245043339
-0.003314316660294546
-0.003745518016971014
-0.004298870495763512
-0.005026336103739229
-0.006002301992074942
-0.0072864979734817105
-0.008679380176853452
-0.008782009815881982
-0.0024409596869018465
0.024039071076357672
0.0977232573030507
0.2561186661986853
0.5264429703206019
0.8893565767679941
1.2550440113796397
1.4891007691372447
1.4891007691372433
1.2550440113796233
0.8893565767679787
0.5264429703205833
0.25611866619866863
0.0977232573030372
0.02403907107634689
-0.0024409596869104586
-0.008782009815889287
-0.008679380176858717
-0.007286497973486961
-0.006002301992079036
-0.005026336103743198
-0.004298870495766417
-0.0037455180169746957
-0.003314316660297304
-0.0029714842450467376
-0.0026945896513432582
-0.0024681977527299453
-0.0022813484332816904
-0.0021260603057952784
-0.001996402495248876
-0.0018878958577037796
-0.0017971143147200168
-0.0017214125552903398
-0.0016587361652624262
-0.0016074870622024358
-0.0015664270090369353
-0.0015346080124910098
-0.0015113222089796125
-0.0014960663044500896
-0.0014885172872920382
-0.0015793756414773023
-0.0015873854454595403
-0.0016035725598771366
-0.0016282797126491722
-0.0016620409183844551
-0.0017056072479269039
-0.0017599845590428051
-0.001826486669419754
-0.0019068092065818163
-0.0020031319836019326
-0.0021182617778204623
-0.0022558337907092225
-0.0024206005663509646
-0.0026188549904834868
-0.0028590656193518468
-0.0031528615517202995
-0.003516620043931387
-0.003974141429038618
-0.00456127056746673
-0.005333146411406821
-0.006368729613754336
-0.007731566987057577
-0.009210671746920281
-0.009324339244500567
-0.002612225333103212
0.02543904574840592
0.10351434657338573
0.2713687591293435
0.5578555308952242
0.9424835476777695
1.3300613812909647
1.5781325250217373
1.578132525021732
1.3300613812909483
0.9424835476777502
0.5578555308952026
0.2713687591293239
0.10351434657336991
0.025439045748393098
-0.002612225333113517
-0.009324339244509112
-0.009210671746926628
-0.007731566987063782
-0.006368729613759337
-0.0053331464114115155
-0.004561270567470456
-0.00397414142904302
-0.00351662004393492
-0.003152861551724357
-0.0028590656193549033
-0.002618854990486373
-0.0024206005663537076
-0.0022558337907112366
-0.002118261777821961
-0.002003131983602987
-0.0019068092065828296
-0.0018264866694202913
-0.0017599845590438375
-0.0017056072479280384
-0.0016620409183863817
-0.0016282797126505174
-0.0016035725598784246
-0.0015873854454599124
-0.0015793756414782664
-0.001704954817847131
-0.0017136014886557896
-0.0017310756550505985
-0.0017577472949973556
-0.0017941928821703433
-0.0018412232043477255
-0.0018999240939299726
-0.001971713828510549
-0.0020584228522639984
-0.0021624042910254634
-0.0022866880825000704
-0.002435198452817577
-0.002613065804587495
-0.0028270833445392983
-0.003086392920073652
-0.0034035481857139253
-0.003796228438367407
-0.0042901263382657
-0.004923938198622571
-0.005757200307851622
-0.006875237371207227
-0.008347097908418108
-0.009946955599540005
-0.01008217772908749
-0.0028782632438563646
0.0272855103780328
0.1112907127082662
0.29194624760509735
0.6003334174501689
1.014407798207957
1.4316850827019216
1.6987751284042427
1.6987751284042365
1.4316850827019032
1.0144077982079343
0.6003334174501432
0.29194624760507326
0.11129071270824697
0.027285510378016964
-0.002878263243868897
-0.010082177729097929
-0.009946955599547945
-0.008347097908425883
-0.006875237371213563
-0.005757200307857548
-0.004923938198627449
-0.004290126338271179
-0.003796228438371898
-0.0034035481857189213
-0.003086392920077675
-0.002827083344542857
-0.0026130658045907503
-0.00243519845282003
-0.0022866880825018606
-0.0021624042910265524
-0.0020584228522651103
-0.0019717138285111476
-0.0018999240939309577
-0.0018412232043488728
-0.0017941928821722372
-0.0017577472949986633
-0.001731075655051489
-0.0017136014886559876
-0.0017049548178481152
-0.0018772867262295797
-0.0018868073533655518
-0.0019060477083511838
-0.0019354151627225123
-0.0019755444540467356
-0.002027328315714569
-0.002091962323751478
-0.0021710080983250004
-0.0022664810817070945
-0.00238097222172639
-0.002517817677648464
-0.0026813382733116477
-0.0028771829012545075
-0.003112831290342426
-0.003398349139090443
-0.003747558698938337
-0.004179925782385888
-0.004723739562744201
-0.005421610190203765
-0.0063391197520392545
-0.007570404778145303
-0.009192480479349
-0.010960957903893861
-0.011137371062638145
-0.003297374799256824
0.029656439165089372
0.1215432001668629
0.319265138027079
0.6569019477150008
1.1103481936265052
1.567363422029263
1.8599106175117597
1.859910617511753
1.5673634220292385
1.1103481936264767
0.6569019477149689
0.31926513802704987
0.12154320016683898
0.029656439165069576
-0.003297374799272647
-0.011137371062651096
-0.01096095790390422
-0.009192480479358792
-0.0075704047781535826
-0.006339119752046726
-0.0054216101902103304
-0.00472373956275096
-0.004179925782391739
-0.003747558698944372
-0.0033983491390957737
-0.0031128312903467873
-0.00287718290125854
-0.0026813382733147546
-0.0025178176776509045
-0.0023809722217276678
-0.002266481081708599
-0.0021710080983258313
-0.0020919623237527704
-0.00202732831571562
-0.001975544454048653
-0.0019354151627236564
-0.0019060477083517977
-0.0018868073533655407
-0.0018772867262305242
-0.0020952561423104874
-0.0021058821461851945
-0.002127356369201635
-0.0021601334764893843
-0.0022049218948555632
-0.0022627179980993636
-0.0023348561595987376
-0.002423079290047171
-0.002529636804173675
-0.0026574204280938067
-0.0028101536023967073
-0.0029926587266013937
-0.003211240417139449
-0.003474246619740242
-0.003792911366076506
-0.004182661175733352
-0.004665221028852126
-0.005272163644360657
-0.006051050437089988
-0.007075126600190614
-0.008449788540893167
-0.010262738920858595
-0.012248754662339456
-0.012494296164273486
-0.003906680621751291
0.03241642342464071
0.13389717994679942
0.3524730814916325
0.7259304044621402
1.2276605114159673
1.7334508391812629
2.057259614999142
2.0572596149991345
1.7334508391812322
1.2276605114159311
0.7259304044621002
0.3524730814915956
0.1338971799467696
0.0324164234246158
-0.003906680621771052
-0.012494296164289811
-0.012248754662352842
-0.01026273892087106
-0.008449788540903953
-0.007075126600200135
-0.006051050437098571
-0.005272163644368985
-0.004665221028859431
-0.004182661175740622
-0.00379291136608307
-0.003474246619745682
-0.0032112404171444394
-0.0029926587266053705
-0.0028101536023999035
-0.0026574204280957903
-0.002529636804175737
-0.002423079290048513
-0.0023348561596002277
-0.002262717998100724
-0.002204921894857233
-0.0021601334764907404
-0.0021273563692020886
-0.0021058821461850978
-0.0020952561423112645
-0.0023214774484199554
-0.0023332506442997366
-0.002357043239212825
-0.0023933589786998477
-0.0024429827626984784
-0.0025070185204552954
-0.002586944665125872
-0.002684692244229175
-0.0028027534789509985
-0.002944332227230075
-0.0031135538252987727
-0.003315761168565838
-0.0035579393208094523
-0.0038493371608891848
-0.004202401046190618
-0.004634222114348522
-0.00516886941437807
-0.005841322694748116
-0.0067042831084447065
-0.007838969186191088
-0.009362607130196213
-0.011374760711536995
-0.013591914812721574
-0.013930641130399716
-0.004638749730560855
0.03498033568218698
0.14594692194804734
0.38524611023990213
0.7944036647423446
1.3443435143297875
1.898889469302832
2.253966986456586
2.253966986456578
1.8988894693027962
1.3443435143297435
0.7944036647422965
0.3852461102398579
0.14594692194801123
0.03498033568215704
-0.004638749730584704
-0.01393064113041953
-0.013591914812738025
-0.011374760711552422
-0.0093626071302094
-0.007838969186202728
-0.006704283108455136
-0.005841322694758057
-0.0051688694143870355
-0.004634222114356802
-0.004202401046198619
-0.0038493371608954324
-0.00355793932081538
-0.0033157611685707246
-0.0031135538253031446
-0.0029443322272325583
-0.002802753478954142
-0.0026846922442306832
-0.002586944665128041
-0.002507018520456484
-0.002442982762700826
-0.0023933589787008816
-0.002357043239213542
-0.0023332506442994777
-0.0023214774484208184
-0.002464354138874608
-0.002476851834113251
-0.0025021085756519136
-0.002540659102305905
-0.0025933366049813527
-0.002661312931125645
-0.0027461574500137293
-0.00284992000952954
-0.0029752461503507873
-0.003125536821404547
-0.0033051711239209846
-0.003519820595318363
-0.003776899919540079
-0.00408622678000378
-0.0044610128923202215
-0.0049194002133628595
-0.005486937412047448
-0.006200754933726923
-0.007116801477588632
-0.008321358574235048
-0.009939318059113555
-0.012078774610061144
-0.014449163484570884
-0.014875730358992319
-0.005235908336650994
0.036193242632652126
0.1525134553244174
0.4036566760359016
0.833365148601246
1.4111809295371764
1.993996293653876
2.3672315656649645
2.3672315656649525
1.9939962936538367
1.4111809295371276
0.8333651486011927
0.40365667603585254
0.15251345532437724
0.03619324263261906
-0.005235908336677365
-0.014875730359014456
-0.014449163484589377
-0.012078774610078238
-0.009939318059127927
-0.008321358574248445
-0.007116801477600026
-0.006200754933738072
-0.00548693741205694
-0.004919400213372064
-0.004461012892328867
-0.0040862267800104626
-0.0037768999195462753
-0.0035198205953239827
-0.0033051711239259433
-0.0031255368214075808
-0.0029752461503541917
-0.002849920009531849
-0.002746157450016114
-0.002661312931127572
-0.002593336604983373
-0.002540659102307394
-0.0025021085756525463
-0.0024768518341129883
-0.002464354138875157
-0.0023954796888228324
-0.002407628033806168
-0.0024321787672135988
-0.0024696516759158196
-0.002520856653446951
-0.002586932779768016
-0.0026694055397980094
-0.0027702674592866108
-0.0028920900953682107
-0.0030381792827528457
-0.0032127916440111183
-0.0034214400763620707
-0.003671331843664049
-0.003972009950901611
-0.004336316414902558
-0.004781885423133498
-0.005333550408601191
-0.006027402504943142
-0.006917828630931232
-0.008088736732269765
-0.009661798765290037
-0.011743538108078645
-0.01405779094957697
-0.014512857068501278
-0.005277536555360015
0.03461503585586409
0.14679561935683444
0.38918514571269247
0.8041009553332714
1.3621825052118572
1.9251920081855887
2.2857788032866746
2.2857788032866617
1.9251920081855496
1.3621825052118106
0.8041009553332199
0.38918514571264584
0.14679561935679564
0.0346150358558334
-0.0052775365553864705
-0.014512857068521389
-0.014057790949595866
-0.011743538108094238
-0.009661798765304912
-0.008088736732281504
-0.00691782863094328
-0.006027402504952652
-0.005333550408610737
-0.004781885423141671
-0.004336316414910606
-0.003972009950908517
-0.0036713318436690477
-0.0034214400763683756
-0.0032127916440150735
-0.003038179282756933
-0.0028920900953709108
-0.0027702674592897485
-0.002669405539799669
-0.002586932779770874
-0.002520856653447958
-0.0024696516759185553
-0.002432178767213538
-0.002407628033807228
-0.002395479688822157
-0.0020190361305559845
-0.002029275394970447
-0.002049968045014225
-0.002081552184490241
-0.00212471043440821
-0.0021804028714882137
-0.002249915254964558
-0.002334926990786447
-0.0024376055232007577
-0.002560737184499581
-0.002707909681420195
-0.002883769575709256
-0.0030943915314843324
-0.003347818900060317
-0.0036548756163396054
-0.004030424712878022
-0.004495397120851024
-0.005080212227075951
-0.005830708857202875
-0.006817598862220193
-0.008143370548125469
-0.00989748095174938
-0.011845760974897061
-0.012220219002609884
-0.004405745063240624
0.029303725180771865
0.12405853200020929
0.3287566353443556
0.6791147895609718
1.1503313154810986
1.625688990859648
1.9301310904690818
1.9301310904690725
1.6256889908596195
1.1503313154810637
0.6791147895609332
0.32875663534432154
0.12405853200018087
0.02930372518074849
-0.004405745063260065
-0.012220219002625059
-0.011845760974910077
-0.009897480951761913
-0.008143370548136034
-0.0068175988622292795
-0.00583070885721097
-0.005080212227083579
-0.004495397120857721
-0.004030424712884037
-0.0036548756163452814
-0.0033478189000651273
-0.0030943915314881835
-0.0028837695757140615
-0.0027079096814231884
-0.0025607371845031033
-0.0024376055232028034
-0.002334926990789016
-0.0022499152549656344
-0.002180402871490286
-0.0021247104344088823
-0.0020815521844923064
-0.002049968045015129
-0.0020292753949712732
-0.002019036130555719
-0.001358113486709685
-0.0013650010516364419
-0.0013789202153264867
-0.0014001656791451517
-0.0014291966254468865
-0.0014666588751525546
-0.0015134173297569299
-0.0015706016908456544
-0.0016396699576546436
-0.0017224964508183646
-0.00182149457357397
-0.0019397900245118065
-0.0020814692015957634
-0.002251942876404326
-0.002458492403006873
-0.002711116411148269
-0.0030238957008352435
-0.003417293752169313
-0.003922139200795656
-0.004585928652496123
-0.005477133993768271
-0.006653449909466588
-0.00794664354030673
-0.008129416119939949
-0.002641883334629778
0.02068186569158772
0.0859449722112762
0.22662060892299923
0.467087850847462
0.7902435041325497
1.1160742467676015
1.3246936666209104
1.3246936666209046
1.1160742467675906
0.7902435041325349
0.4670878508474487
0.2266206089229859
0.08594497221126529
0.02068186569157819
-0.002641883334637302
-0.008129416119945942
-0.007946643540312184
-0.0066534499094710094
-0.005477133993772105
-0.0045859286525003345
-0.003922139200798325
-0.0034172937521723956
-0.003023895700836767
-0.002711116411151203
-0.0024584924030089687
-0.0022519428764061645
-0.002081469201598141
-0.0019397900245128998
-0.0018214945735744118
-0.0017224964508194803
-0.001639669957656505
-0.0015706016908456789
-0.001513417329758157
-0.0014666588751536167
-0.001429196625447386
-0.0014001656791457302
-0.0013789202153289917
-0.0013650010516341915
-0.0013581134867107528
-0.0005804364776727488
-0.000583380274602717
-0.0005893294349007499
-0.0005984099273203559
-0.0006108180281992316
-0.0006268297939221192
-0.0006468149302756652
-0.0006712563384874836
-0.0007007772625015801
-0.0007361789232318985
-0.000778493006874926
-0.0008290557282630594
-0.0008896140517181568
-0.000962481215542663
-0.0010507703411114476
-0.001158756595813134
-0.0012924609640640903
-0.001460632830683787
-0.001676438463156251
-0.001960045622595929
-0.002339810314579891
-0.00283556916577524
-0.0033545725537834086
-0.003298279218899235
-0.0005035721922606862
0.010726410474471168
0.041585075048162605
0.10750815772865656
0.21960168182438444
0.3697385458290259
0.5208025039758224
0.61741221181987
0.6174122118198714
0.5208025039758312
0.3697385458290379
0.21960168182439835
0.10750815772866822
0.04158507504817205
0.010726410474479793
-0.0005035721922554488
-0.003298279218893276
-0.00335457255378055
-0.002835569165770172
-0.0023398103145775033
-0.0019600456225923645
-0.0016764384631541332
-0.0014606328306804943
-0.001292460964061356
-0.0011587565958111
-0.0010507703411094845
-0.0009624812155418579
-0.0008896140517160932
-0.0008290557282620835
-0.0007784930068728336
-0.0007361789232308816
-0.0007007772625006104
-0.0006712563384869617
-0.0006468149302750766
-0.0006268297939225319
-0.0006108180281996321
-0.000598409927321084
-0.0005893294349005708
-0.0005833802746026208
-0.0005804364776721959
8.048616617233907e-05
8.08940687332027e-05
8.171839478524339e-05
8.297657802411838e-05
8.469578076188752e-05
8.691420241259407e-05
8.968299493129338e-05
9.306896145399061e-05
9.71583030438749e-05
0.00010206181044947605
0.00010792210097231459
0.00011492382293535447
0.00012330827816992474
0.00013339480811331347
0.00014561287222096542
0.00016055170591617175
0.0001790404559513241
0.00020228564422326194
0.00023213119325032503
0.0002716245871274988
0.00032642623977684887
0.0004084618765078686
0.0005445448808057696
0.0007925236637702435
0.0012602895363496161
0.0021045509852883476
0.003471515259231582
0.005372131307305794
0.007574743110884685
0.009650734480493917
0.01118775988380416
0.011974787971727463
0.011974787971732792
0.011187759883832027
0.009650734480528333
0.007574743110922821
0.005372131307337991
0.003471515259259879
0.002104550985310063
0.0012602895363675072
0.0007925236637848819
0.0005445448808184677
0.00040846187651914345
0.00032642623978591974
0.0002716245871361984
0.000232131193258336
0.00020228564422978927
0.00017904045595840438
0.000160551705921776
0.00014561287222696626
0.00013339480811771034
0.00012330827817472211
0.00011492382293906613
0.00010792210097550171
0.00010206181045265645
9.715830304666e-05
9.306896145560607e-05
8.968299493289692e-05
8.691420241391072e-05
8.469578076157375e-05
8.297657802469583e-05
8.171839478535582e-05
8.089406873294563e-05
8.048616617249748e-05
0.0004569297244387438
0.00045924670756758955
0.0004639291169843127
0.00047107606944957236
0.00048084199980007506
0.0004934441106928165
0.0005091732797651814
0.0005284094299536325
0.0005516428752115191
0.0005795039087023153
0.000612804063563071
0.0006525943235874293
0.0007002485903497783
0.0007575858589543654
0.0008270536707840515
0.0009120124161721642
0.0010171937437021238
0.0011494759220903373
0.001319250966979259
0.0015427624571775211
0.0018448544569415193
0.0022545190328368
0.0027565748554855066
0.0030851617296613638
0.0021320810284691048
-0.0032067596898037974
-0.01926557209739
-0.055056379061023286
-0.11741142266139842
-0.20220045525023655
-0.2883152574420986
-0.34367292484581824
-0.3436729248458068
-0.28831525744205855
-0.20220045525019037
-0.11741142266134547
-0.05505637906097832
-0.019265572097352142
-0.0032067596897741215
0.002132081028493794
0.0030851617296812055
0.002756574855503258
0.002254519032851834
0.0018448544569549105
0.0015427624571886338
0.0013192509669903065
0.0011494759220990977
0.0010171937437119666
0.0009120124161797691
0.000827053670792199
0.0007575858589608979
0.0007002485903552515
0.0006525943235935383
0.0006128040635676366
0.0005795039087069546
0.0005516428752145067
0.0005284094299567506
0.0005091732797665933
0.000493444110694726
0.0004808419998005146
0.0004710760694509079
0.00046392911698340405
0.00045924670756918896
0.00045692972443837064
0.0005258041744905097
0.0005284705078742802
0.0005338589254221986
0.0005420834958390387
0.0005533219513343159
0.0005678242620504844
0.0005859251899808801
0.000608061980196436
0.0006347989301936463
0.0006668614473534791
0.0007051835434728959
0.0007509748425433467
0.0008058166662255422
0.0008718026880558719
0.0009517501482015156
0.0010495272064017947
0.0011705807471482019
0.0013228283508745042
0.0015182238136362829
0.0017753842991436591
0.0021223737507646036
0.0025897555348198074
0.0031479473904789997
0.003448035020152624
0.0020904528097595186
-0.004784966466590979
-0.024983408064969584
-0.06952790938422299
-0.14667561592935424
-0.2511988795755252
-0.3571195429103421
-0.42512568722405564
-0.42512568722404565
-0.3571195429103059
-0.25119887957547415
-0.14667561592930095
-0.06952790938417605
-0.024983408064930476
-0.0047849664665591506
0.002090452809785169
0.003448035020173582
0.00314794739049713
0.0025897555348354372
0.0021223737507789315
0.001775384299155316
0.0015182238136473708
0.0013228283508840547
0.0011705807471584584
0.0010495272064099982
0.0009517501482102109
0.0008718026880623737
0.0008058166662322976
0.000750974842548942
0.0007051835434781458
0.0006668614473578371
0.0006347989301979087
0.000608061980198448
0.0005859251899832697
0.0005678242620514847
0.0005533219513354215
0.0005420834958396994
0.0005338589254224927
0.0005284705078750327
0.0005258041744906391
0.00038292748403692364
0.0003848693180604927
0.00038879358898365364
0.000394783372232564
0.0004029681090522118
0.00041352985137940376
0.00042671240509338905
0.0004428342148955623
0.00046230625879429264
0.0004856568531787207
0.0005135662448503429
0.0005469154157904887
0.0005868560674948003
0.000634913068941018
0.0006931383020717995
0.0007643491073868966
0.0008525127494787951
0.0009633961118954417
0.001105705444492369
0.0012929949110988834
0.0015456628218473534
0.001885741636295098
0.0022906987186299506
0.002502945791559538
0.0014932942036692694
-0.0035720595161249803
-0.018416874688597165
-0.051117343588216374
-0.10771413207043656
-0.1843614643681103
-0.26201271855925756
-0.3118611080156366
-0.3118611080156266
-0.2620127185592255
-0.18436146436806777
-0.10771413207038877
-0.05111734358817377
-0.01841687468856136
-0.003572059516096319
0.0014932942036925472
0.002502945791578528
0.0022906987186458866
0.001885741636309354
0.001545662821859905
0.0012929949111096357
0.0011057054445020049
0.000963396111904124
0.0008525127494878079
0.0007643491073946798
0.0006931383020796454
0.0006349130689470347
0.0005868560675008267
0.0005469154157958576
0.0005135662448549462
0.0004856568531829773
0.00046230625879741167
0.00044283421489791676
0.0004267124050949757
0.00041352985138063823
0.0004029681090525275
0.0003947833722339352
0.0003887935889833288
0.00038486931806165224
0.0003829274840361813
0.00015670617792751338
0.0001575008199461086
0.00015910671897200758
0.0001615578700224576
0.0001649072412091032
0.00016922932902366564
0.00017462389956617952
0.00018122126071386073
0.0001891895840169873
0.00019874505404259826
0.0002101660219481767
0.000223812973825941
0.0002401571638249258
0.0002598225277921039
0.0002836486219576972
0.00031278816877179107
0.0003488643639528925
0.00039423706150802824
0.0004524727731375815
0.0005291523250984444
0.0006328442325442118
0.0007737198456168413
0.0009475385682476438
0.0010666008254334872
0.00076122509486001
-0.0010081472585778805
-0.006367132687346809
-0.01834431483994084
-0.0392408717902219
-0.06767846145427259
-0.09657408843766635
-0.11515373655816308
-0.11515373655815653
-0.09657408843763804
-0.06767846145423517
-0.03924087179018193
-0.018344314839905035
-0.0063671326873168885
-0.0010081472585541998
0.0007612250948793886
0.0010666008254491986
0.000947538568261067
0.0007737198456281647
0.0006328442325545074
0.0005291523251072378
0.00045247277314556557
0.0003942370615149359
0.000348864363960354
0.000312788168778527
0.00028364862196428374
0.00025982252779708495
0.0002401571638296991
0.00022381297383064643
0.00021016602195174936
0.0001987450540463019
0.0001891895840191709
0.0001812212607158793
0.00017462389956704298
0.00016922932902465964
0.0001649072412092191
0.00016155787002375204
0.00015910671897189906
0.00015750081994692338
0.00015670617792688563
-6.126323815280909e-05
-6.157397287333266e-05
-6.220194187817117e-05
-6.316044374432182e-05
-6.447019959944771e-05
-6.616035336111826e-05
-6.826993628100578e-05
-7.084993100809028e-05
-7.396613844944154e-05
-7.770315232441104e-05
-8.216990279996672e-05
-8.750747946332615e-05
-9.390035205975944e-05
-0.00010159280160545992
-0.00011091360502817754
-0.00012231430802304055
-0.00013643088251328434
-0.00015418702010861884
-0.00017696747374877034
-0.00020685452305312926
-0.0002465395302037642
-0.0002965385958929069
-0.0003402581901979108
-0.0002903242762020168
0.00015191927236564515
0.0017518370009735017
0.005986847092590883
0.014863628624614766
0.029787584956922852
0.04963385633520129
0.06951332871434535
0.0821952609292399
0.0821952609292449
0.0695133287143681
0.04963385633522949
0.029787584956954827
0.0148636286246433
0.005986847092615009
0.0017518370009927137
0.00015191927238105947
-0.0002903242761892622
-0.00034025819018748855
-0.0002965385958839592
-0.0002465395301957723
-0.00020685452304613052
-0.00017696747374271096
-0.00015418702010311326
-0.00013643088250721324
-0.00012231430801765576
-0.00011091360502276347
-0.0001015928016018749
-9.390035205597666e-05
-8.750747945980922e-05
-8.216990279722369e-05
-7.770315232185471e-05
-7.396613844780895e-05
-7.084993100672982e-05
-6.826993628043245e-05
-6.616035336045809e-05
-6.447019959935686e-05
-6.31604437431795e-05
-6.220194187827742e-05
-6.157397287257426e-05
-6.126323815365434e-05
-0.00023359514653490212
-0.00023477983758276168
-0.00023717399517849628
-0.00024082831146939097
-0.00024582177147589165
-0.0002522654647278581
-0.0002603081661026734
-0.0002701442008223719
-0.00028202436789238113
-0.0002962710830248954
-0.0003132994979482295
-0.00033364729995718915
-0.00035801744872665455
-0.00038734074740850825
-0.0004228698240451006
-0.0004663248212474775
-0.0005201282265317503
-0.0005878002445870805
-0.0006746394653300686
-0.0007887739672405008
-0.0009417069371417423
-0.0011419211668236284
-0.0013542604945518061
-0.0013455176097527614
-0.00026719228303510433
0.004122765788029933
0.01623933455118802
0.04218251904659848
0.08635611522175946
0.14557425175375716
0.20519166804169553
0.24333075003676485
0.24333075003677018
0.20519166804171396
0.14557425175377925
0.08635611522178482
0.04218251904662115
0.016239334551207428
0.004122765788045482
-0.00026719228302260326
-0.0013455176097424276
-0.0013542604945434734
-0.0011419211668167442
-0.000941706937135476
-0.0007887739672351162
-0.0006746394653252743
-0.0005878002445827847
-0.000520128226526872
-0.0004663248212431214
-0.0004228698240407974
-0.00038734074740601416
-0.00035801744872397115
-0.00033364729995454673
-0.0003132994979463434
-0.0002962710830231572
-0.00028202436789139126
-0.0002701442008213355
-0.000260308166102353
-0.0002522654647273818
-0.00024582177147583245
-0.00024082831146832325
-0.00023717399517861424
-0.000234779837582122
-0.0002335951465358006
-0.0003591743229045116
-0.00036099588077876754
-0.0003646770903516926
-0.0003702958938176814
-0.00037797373526184184
-0.0003878814211488139
-0.0004002477009899455
-0.0004153713599130668
-0.0004336380135745203
-0.0004555433904480746
-0.00048172580262771344
-0.0005130119620653055
-0.000550482686963025
-0.0005955691014642482
-0.0006501971247669062
-0.0007170114552410903
-0.0007997366209675843
-0.0009037851538141138
-0.0010373070964858097
-0.0012128278636850984
-0.0014482146945943688
-0.0017574520881840144
-0.0020905443471713686
-0.002103356094339746
-0.0005332301937883113
0.005969230417656637
0.024015700686068654
0.06276000752235267
0.12883400177670418
0.21749850228394602
0.3068153694526564
0.36397335341927695
0.3639733534192813
0.3068153694526714
0.21749850228396544
0.12883400177672566
0.06276000752237185
0.02401570068608462
0.0059692304176695125
-0.0005332301937779219
-0.0021033560943311096
-0.0020905443471645807
-0.001757452088178537
-0.0014482146945894283
-0.0012128278636808465
-0.0010373070964819777
-0.000903785153810699
-0.0007997366209636873
-0.0007170114552376911
-0.0006501971247634859
-0.0005955691014626055
-0.0005504826869611791
-0.000513011962063365
-0.0004817258026263466
-0.0004555433904469291
-0.0004336380135738536
-0.00041537135991225006
-0.00040024770098971805
-0.00038788142114837786
-0.00037797373526177267
-0.00037029589381659743
-0.00036467709035189154
-0.0003609958807781695
-0.0003591743229054777
-0.0004500326770909218
-0.0004523150217887478
-0.0004569274412508698
-0.0004639675939774688
-0.00047358764461141116
-0.00048600160687449316
-0.0005014960947714257
-0.0005204454740428373
-0.0005433329054371082
-0.0005707795163469548
-0.0006035850852003554
-0.0006427854469807336
-0.0006897348200344156
-0.0007462263392200572
-0.0008146730927776594
-0.0008983887619177764
-0.0010020400046041674
-0.0011324085658814796
-0.001299707168188934
-0.0015196381713523895
-0.0018146423162736422
-0.002202521101759677
-0.002621835917238179
-0.002645685522958287
-0.000704495839989782
0.007369205089704987
0.029806789956403845
0.07801010045301134
0.16024656235132753
0.27062547319372227
0.38183273936398376
0.45300510930376736
0.4530051093037708
0.3818327393639972
0.27062547319373875
0.16024656235134682
0.07801010045302736
0.02980678995641762
0.007369205089715891
-0.000704495839980876
-0.002645685522950983
-0.002621835917232406
-0.0022025211017552672
-0.001814642316269541
-0.0015196381713490589
-0.0012997071681857472
-0.0011324085658788552
-0.0010020400046010852
-0.0008983887619152722
-0.0008146730927749131
-0.0007462263392189734
-0.0006897348200331761
-0.0006427854469792491
-0.0006035850851993368
-0.0005707795163461985
-0.0005433329054366453
-0.0005204454740421371
-0.0005014960947711617
-0.00048600160687402424
-0.00047358764461116894
-0.0004639675939763719
-0.00045692744125099753
-0.0004523150217882894
-0.0004500326770916917
-0.0005181341404025812
-0.0005207618620139277
-0.0005260722580706437
-0.0005341777652730774
-0.0005452535746219527
-0.0005595460855221836
-0.0005773852839136193
-0.0005992021865147002
-0.0006255530684651552
-0.0006571530493516631
-0.0006949229341515837
-0.0007400553056137719
-0.0007941093091193639
-0.0008591494254056448
-0.0009379539026536403
-0.0010343378637461902
-0.0011536741499247921
-0.0013037707938393915
-0.0014963863535183393
-0.0017496023239895082
-0.0020892737387552237
-0.0025359912854523775
-0.00301942996321187
-0.0030495525244645773
-0.000823544846670098
0.008446686225538867
0.034219951847392883
0.08960015336712154
0.18409117096409566
0.310927059727362
0.438720232095393
0.5205094444020021
0.5205094444020083
0.43872023209540356
0.3109270597273769
0.18409117096411207
0.0896001533671359
0.03421995184740482
0.008446686225548361
-0.0008235448466623768
-0.0030495525244582334
-0.0030194299632069262
-0.002535991285448665
-0.002089273738751823
-0.0017496023239868055
-0.0014963863535156908
-0.001303770793837377
-0.001153674149922388
-0.0010343378637444928
-0.0009379539026514374
-0.000859149425404916
-0.0007941093091185351
-0.0007400553056125757
-0.0006949229341507053
-0.000657153049351087
-0.0006255530684647377
-0.0005992021865140097
-0.0005773852839132544
-0.0005595460855216225
-0.0005452535746215827
-0.0005341777652719475
-0.0005260722580708044
-0.0005207618620136511
-0.0005181341404031271
-0.0005716341644295612
-0.0005745332118171951
-0.0005803919335892317
-0.0005893343761094739
-0.0006015538197467185
-0.0006173221059038642
-0.0006370032932562549
-0.0006610729031993085
-0.0006901446491196033
-0.0007250074903450106
-0.0007666773096525411
-0.0008164698300158842
-0.0008761051864755796
-0.0009478610278292169
-0.0010348024703587069
-0.001141138567596353
-0.0012727969351450964
-0.0014383918428899545
-0.0016508961478687066
-0.0019302595996170497
-0.002305014610335936
-0.0027979178416039554
-0.0033315547742442265
-0.00336590286205583
-0.000913791042616527
0.0093030625112349
0.03771250337710434
0.09876166644925184
0.20292959360326002
0.34275849749126636
0.48364500290576307
0.5738149011558702
0.5738149011558747
0.4836450029057733
0.34275849749127996
0.20292959360327484
0.09876166644926448
0.0377125033771151
0.00930306251124333
-0.0009137910426096618
-0.0033659028620502416
-0.0033315547742398784
-0.002797917841600805
-0.002305014610332975
-0.0019302595996148414
-0.001650896147866485
-0.0014383918428884615
-0.0012727969351431347
-0.001141138567595332
-0.0010348024703568637
-0.0009478610278286529
-0.000876105186474933
-0.0008164698300148286
-0.0007666773096516098
-0.000725007490344429
-0.0006901446491190363
-0.0006610729031985706
-0.0006370032932557056
-0.0006173221059032693
-0.000601553819746238
-0.0005893343761084399
-0.0005803919335893816
-0.0005745332118172441
-0.0005716341644297657
-0.0006154033564717086
-0.0006185243795124779
-0.000624831694703324
-0.0006344588464368472
-0.00064761391424765
-0.0006645895539921679
-0.0006857776997234976
-0.0007116902827263132
-0.0007429880074006386
-0.0007805202423626578
-0.0008253806548011939
-0.000878985710316273
-0.0009431872516445004
-0.0010204373230187351
-0.0011140357309400595
-0.0012285138080452048
-0.0013702530363245175
-0.0015485272722909184
-0.0017773027695082134
-0.0020780574826455168
-0.0024815128178853215
-0.003012190295177679
-0.0035868446284598706
-0.0036244497107243935
-0.0009866870383193353
0.010006516030840462
0.04057717485504742
0.10627314044793144
0.21837239592488064
0.3688499361506568
0.5204669168935069
0.6175049686279724
0.6175049686279767
0.5204669168935138
0.3688499361506693
0.21837239592489344
0.10627314044794273
0.040577174855057005
0.010006516030848057
-0.0009866870383131614
-0.003624449710719284
-0.0035868446284559926
-0.003012190295174798
-0.002481512817882673
-0.002078057482643571
-0.0017773027695064097
-0.0015485272722897375
-0.0013702530363228522
-0.0012285138080445944
-0.001114035730938448
-0.0010204373230181514
-0.0009431872516438937
-0.0008789857103152358
-0.0008253806548001687
-0.0007805202423619747
-0.0007429880073999064
-0.0007116902827254828
-0.0006857776997227737
-0.0006645895539915013
-0.000647613914247106
-0.0006344588464358791
-0.0006248316947034437
-0.0006185243795127722
-0.0006154033564716438
-0.0006523139632910712
-0.000655622178513153
-0.0006623077927583358
-0.0006725123601027422
-0.0006864564402109688
-0.0007044502417565111
-0.0007269092060811209
-0.0007543759689014934
-0.0007875508620970701
-0.0008273341973713154
-0.0008748852374060208
-0.0009317054038988599
-0.0009997576084342194
-0.0010816409625075299
-0.0011808531862059649
-0.0013021973889695844
-0.0014524377961484345
-0.0016414044888475498
-0.0018839014367135081
-0.0022026952610239067
-0.0026303529920358817
-0.003192882721214873
-0.0038021146621812153
-0.0038424176314770975
-0.001047930704753997
0.010600440462821346
0.04299479085378742
0.11261167624905008
0.23140314104771292
0.39086555002618495
0.5515363810197819
0.6543694208961043
0.6543694208961089
0.5515363810197892
0.3908655500261957
0.2314031410477249
0.1126116762490603
0.04299479085379636
0.010600440462828218
-0.0010479307047483307
-0.0038424176314724445
-0.0038021146621776527
-0.0031928827212122047
-0.002630352992033316
-0.0022026952610220566
-0.00188390143671191
-0.0016414044888464919
-0.0014524377961468767
-0.0013021973889691995
-0.0011808531862045034
-0.0010816409625069349
-0.0009997576084335479
-0.0009317054038978261
-0.0008748852374048298
-0.0008273341973705388
-0.0007875508620961758
-0.0007543759689006669
-0.0007269092060802954
-0.000704450241755919
-0.0006864564402104384
-0.0006725123601019708
-0.0006623077927583597
-0.0006556221785136378
-0.000652313963290781
-0.0006841493692034384
-0.0006876190376392702
-0.0006946309347295942
-0.0007053335228954475
-0.0007199581259012663
-0.0007388300917072799
-0.0007623851366658039
-0.0007911923790297529
-0.0008259863293278241
-0.0008677112376029565
-0.0009175829425436969
-0.0009771761403275048
-0.0010485495391889753
-0.0011344290957845961
-0.001238483230112391
-0.0013657494581898468
-0.0015233221199165623
-0.0017215110370134047
-0.0019758427019706255
-0.0023101951881136502
-0.002758727283219914
-0.0033487288306248133
-0.003987780904077936
-0.004030398953252381
-0.0011006967218632727
0.011112876114708948
0.04508045418365829
0.11807973301483153
0.24264422968664262
0.4098574189201348
0.5783385312840574
0.6861706018980547
0.6861706018980598
0.5783385312840632
0.40985741892014427
0.2426442296866531
0.11807973301484041
0.04508045418366634
0.011112876114715118
-0.0011006967218581609
-0.004030398953248068
-0.003987780904074678
-0.0033487288306221817
-0.0027587272832173613
-0.0023101951881117355
-0.0019758427019691237
-0.0017215110370121973
-0.0015233221199149997
-0.001365749458189371
-0.0012384832301110314
-0.001134429095783913
-0.0010485495391882311
-0.000977176140326442
-0.0009175829425424238
-0.0008677112376020774
-0.0008259863293269033
-0.000791192379028998
-0.0007623851366650377
-0.000738830091706806
-0.000719958125900848
-0.0007053335228948741
-0.0006946309347295633
-0.0006876190376397637
-0.0006841493692030663
-0.0007120938641700218
-0.000715705253020729
-0.00072300355469111
-0.0007341432956064677
-0.000749365248037899
-0.0007690080489011709
-0.0007935252115365093
-0.000823509100021299
-0.0008597242261955341
-0.0009031534082631725
-0.0009550621461486212
-0.0010170894548246492
-0.0010913781307905262
-0.0011807654726613216
-0.0012890697371010383
-0.0014215341970253666
-0.001585542959383935
-0.00179182695088403
-0.002056546876333861
-0.0024045564094416056
-0.0028714115174442757
-0.003485527005259958
-0.004150753573916879
-0.004195399836516278
-0.00114699456858605
0.011562742616976046
0.04691137427711646
0.12287987236590953
0.25251219915755474
0.42652937898252824
0.6018667182112981
0.7140871712330917
0.7140871712330954
0.6018667182113046
0.4265293789825369
0.25251219915756445
0.1228798723659179
0.04691137427712362
0.011562742616981458
-0.0011469945685814167
-0.004195399836512396
-0.0041507535739138835
-0.003485527005257453
-0.002871411517441745
-0.0024045564094397386
-0.0020565468763324084
-0.0017918269508827357
-0.001585542959382377
-0.0014215341970246823
-0.0012890697370996486
-0.001180765472660497
-0.0010913781307896203
-0.001017089454823558
-0.0009550621461472883
-0.0009031534082622236
-0.0008597242261946114
-0.0008235091000206331
-0.0007935252115357777
-0.0007690080489007982
-0.0007493652480375391
-0.000734143295606144
-0.0007230035546910376
-0.00071570525302117
-0.0007120938641696384
-0.0007369793307845306
-0.0007407169261658096
-0.0007482702802097184
-0.0007597993195281696
-0.0007755532305834348
-0.0007958824845229485
-0.0008212564434616166
-0.0008522881726102668
-0.0008897689009123113
-0.0009347157927197125
-0.0009884385728284348
-0.0010526335340877398
-0.001129518356185494
-0.001222029491160436
-0.0013341186297830213
-0.001471212277683079
-0.0016409525879757093
-0.0018544454936016827
-0.0021284164831803136
-0.0024885880275892077
-0.00297176030842204
-0.003607349874868061
-0.004295885123327486
-0.004342335524223466
-0.00118821416898353
0.011963395444136778
0.04854195669342603
0.12715476084430843
0.2613003610592099
0.4413769956665975
0.6228203131350035
0.7389489473548664
0.7389489473548698
0.6228203131350072
0.44137699566660626
0.26130036105921906
0.12715476084431565
0.04854195669343265
0.011963395444141543
-0.0011882141689794283
-0.004342335524220047
-0.0042958851233249225
-0.003607349874865812
-0.002971760308419755
-0.002488588027587548
-0.0021284164831790395
-0.0018544454936004358
-0.0016409525879743478
-0.001471212277682147
-0.0013341186297816095
-0.0012220294911593852
-0.00112951835618446
-0.0010526335340865721
-0.0009884385728271318
-0.0009347157927186666
-0.0008897689009114707
-0.0008522881726096463
-0.0008212564434609822
-0.0007958824845225941
-0.0007755532305831093
-0.0007597993195280046
-0.0007482702802096519
-0.0007407169261660762
-0.0007369793307842125
-0.0007594147130595611
-0.0007632660893580511
-0.0007710493846955306
-0.0007829293941958914
-0.0007991628900941189
-0.0008201110126310281
-0.0008462574123059905
-0.0008782338173334815
-0.000916855543327125
-0.0009631707192339784
-0.001018528940555128
-0.0010846781387094176
-0.0011639035039236688
-0.0012592308794633872
-0.001374732252865991
-0.0015159993221415932
-0.001690906880334589
-0.0019108989447619996
-0.0021932101806626803
-0.0025643463149817936
-0.003062229232735292
-0.003717178554407523
-0.004426727274634601
-0.004474802815989726
-0.0012253687434169095
0.012324623890149938
0.05001206110898756
0.1310089092145234
0.2692235713666676
0.4547632713491056
0.641711600900285
0.7613637639769173
0.7613637639769207
0.6417116009002892
0.4547632713491127
0.26922357136667524
0.13100890921453004
0.05001206110899348
0.012324623890153954
-0.001225368743413327
-0.004474802815986921
-0.004426727274632454
-0.0037171785544056015
-0.003062229232733231
-0.002564346314980366
-0.0021932101806614373
-0.0019108989447608644
-0.0016909068803334212
-0.0015159993221405322
-0.001374732252864626
-0.0012592308794623227
-0.0011639035039226957
-0.0010846781387083555
-0.0010185289405539584
-0.0009631707192328954
-0.000916855543326356
-0.0008782338173328897
-0.00084625741230546
-0.0008201110126307113
-0.0007991628900937851
-0.000782929394195876
-0.0007710493846954596
-0.0007632660893581279
-0.0007594147130592831
-0.0007798597233683131
-0.0007838147864081819
-0.0007918076235910001
-0.0008040074666374165
-0.0008206780005744153
-0.0008421900882156476
-0.0008690404008340645
-0.0009018776739372477
-0.000941539172930196
-0.0009891012442916148
-0.001045949817044904
-0.0011138798799908006
-0.0011952381445978098
-0.0012931319148744614
-0.0014117428027917388
-0.0015568130433870138
-0.0017364294304875064
-0.0019623440717829975
-0.0022522556359148103
-0.0026333836157553963
-0.0031446720779493577
-0.0038172635636939518
-0.004545961265425197
-0.004595516778331811
-0.001259222224381104
0.01265382132508487
0.051351787412312805
0.1345212358972448
0.27644407095177004
0.4669623134178179
0.6589274134174731
0.7817906028849171
0.7817906028849195
0.6589274134174785
0.46696231341782446
0.2764440709517771
0.13452123589725046
0.05135178741231821
0.01265382132508833
-0.0012592222243779743
-0.0045955167783295284
-0.004545961265423417
-0.0038172635636923723
-0.003144672077947607
-0.0026333836157542262
-0.002252255635913639
-0.001962344071782063
-0.0017364294304865774
-0.001556813043385912
-0.0014117428027904813
-0.001293131914873441
-0.0011952381445970355
-0.0011138798799898869
-0.0010459498170439885
-0.000989101244290595
-0.0009415391729296178
-0.0009018776739366934
-0.0008690404008337221
-0.0008421900882153515
-0.0008206780005740649
-0.0008040074666374083
-0.0007918076235909209
-0.0007838147864079888
-0.0007798597233680911
-0.0007986700593162718
-0.0008027205188454665
-0.0008109061439981522
-0.00082340024836374
-0.0008404728770489995
-0.0008625038380721886
-0.0008900017824036968
-0.0009236310930254094
-0.0009642492301367692
-0.001012958501612423
-0.0010711782649462146
-0.0011407468038383732
-0.00122406743205229
-0.0013243224011176135
-0.0014457941823682928
-0.0015943635115923257
-0.0017783122327107818
-0.002009675910084138
-0.00230658011561013
-0.0026969010369580267
-0.003220523187486263
-0.003909346207392694
-0.004655661642885726
-0.004706578055400449
-0.001290365310195424
0.012956709533943365
0.05258442854305371
0.13775281141148868
0.2830874084194744
0.47818623722745657
0.6747670969071033
0.8005846429021027
0.8005846429021071
0.6747670969071081
0.4781862372274631
0.28308740841948155
0.13775281141149398
0.05258442854305863
0.012956709533946396
-0.0012903653101925868
-0.004706578055398675
-0.0046556616428842295
-0.003909346207391565
-0.0032205231874848682
-0.002696901036957257
-0.002306580115609091
-0.0020096759100835418
-0.0017783122327100541
-0.0015943635115912714
-0.0014457941823670774
-0.001324322401116676
-0.0012240674320516383
-0.0011407468038376093
-0.0010711782649455086
-0.0010129585016115596
-0.000964249230136331
-0.0009236310930248427
-0.0008900017824034356
-0.0008625038380718952
-0.0008404728770486026
-0.0008234002483637463
-0.0008109061439981375
-0.0008027205188451109
-0.000798670059316144
-0.0008161267218311002
-0.000820265712695683
-0.0008286302519415333
-0.0008413974412770415
-0.0008588432281880781
-0.000881355722159676
-0.0009094546917452423
-0.0009438190413363441
-0.0009853249726155386
-0.0010350988865498313
-0.0010945911634332103
-0.0011656802661583828
-0.001250822037410189
-0.00135326828265016
-0.0014773950742347937
-0.0016292116814856804
-0.0018171809615910729
-0.002053601536484723
-0.0023569951588325267
-0.0027558474508327033
-0.0032909156888428002
-0.003994802108624806
-0.004757467279479096
-0.0048096460911770415
-0.0013192644280045477
0.013237809446429017
0.05372838793192953
0.1407518862348168
0.28925277671163685
0.4886026299770891
0.6894671576238078
0.8180265023496954
0.8180265023496971
0.6894671576238123
0.4886026299770957
0.28925277671164284
0.14075188623482188
0.053728387931934185
0.013237809446431707
-0.0013192644280020569
-0.0048096460911755765
-0.004757467279477819
-0.0039948021086240165
-0.003290915688841711
-0.0027558474508322267
-0.002356995158831617
-0.002053601536484406
-0.0018171809615904846
-0.0016292116814847042
-0.0014773950742336453
-0.0013532682826493238
-0.00125082203740963
-0.0011656802661577004
-0.0010945911634326437
-0.0010350988865491224
-0.0009853249726151675
-0.0009438190413356836
-0.0009094546917450218
-0.0008813557221594126
-0.0008588432281877418
-0.0008413974412770725
-0.0008286302519417165
-0.0008202657126951965
-0.0008161267218311486
-0.0008324558120311558
-0.0008366776157499367
-0.0008452095125379272
-0.0008582321475370164
-0.0008760269893606636
-0.0008989899127451103
-0.0009276510857100548
-0.0009627029960766817
-0.0010050393764438248
-0.0010558091646268664
-0.0011164917598653107
-0.0011890032089492864
-0.0012758484904819827
-0.0013803444711522543
-0.0015069547783519985
-0.0016618089125353872
-0.00185353905189501
-0.0020946898841004286
-0.0024041537516969235
-0.0028109863451388087
-0.0033567613257748166
-0.004074738127481579
-0.00485269684503143
-0.00490605607811501
-0.0013462947301810459
0.013500759202729003
0.0547984748132494
0.1435572871757613
0.2950199954879753
0.4983463475143831
0.7032179099622382
0.8343419922321198
0.8343419922321237
0.7032179099622402
0.49834634751438933
0.2950199954879805
0.14355728717576582
0.05479847481325364
0.013500759202731426
-0.0013462947301787946
-0.00490605607811374
-0.004852696845030206
-0.00407473812748099
-0.0033567613257739107
-0.002810986345138558
-0.0024041537516960925
-0.002094689884100307
-0.0018535390518944366
-0.0016618089125345066
-0.0015069547783509065
-0.0013803444711515836
-0.0012758484904814358
-0.0011890032089486818
-0.0011164917598648313
-0.0010558091646264065
-0.0010050393764435292
-0.0009627029960760386
-0.0009276510857098639
-0.0008989899127449556
-0.0008760269893604196
-0.0008582321475370718
-0.0008452095125382922
-0.0008366776157493454
-0.0008324558120313821
-0.000847842330211507
-0.0008521421665327703
-0.000860831760391713
-0.0008740950958238361
-0.0008922188438704973
-0.00091560619628052
-0.0009447971202444203
-0.0009804969029274368
-0.0010236157958954262
-0.0010753239729013701
-0.0011371281770482138
-0.0012109798695391946
-0.0012994303285834496
-0.0014058577265125918
-0.0015348081917345934
-0.001692524515615942
-0.0018877984234506682
-0.002133406464679635
-0.002448590179584968
-0.0028629424195587053
-0.0034188061032895713
-0.004150059915314759
-0.004942429292214973
-0.00499690046745576
-0.0013717630718195237
0.013748535925863626
0.055806807296551283
0.14620078522596863
0.3004543790195868
0.507527738693563
0.7161750830020189
0.8497158875583074
0.8497158875583084
0.7161750830020208
0.5075277386935686
0.3004543790195911
0.14620078522597274
0.05580680729655525
0.013748535925865907
-0.0013717630718175285
-0.004996900467454485
-0.004942429292213781
-0.0041500599153142005
-0.0034188061032888054
-0.002862942419558551
-0.0024485901795842538
-0.0021334064646795913
-0.001887798423450119
-0.0016925245156151267
-0.0015348081917335972
-0.0014058577265120451
-0.0012994303285828828
-0.001210979869538601
-0.0011371281770477912
-0.0010753239729011281
-0.0010236157958951877
-0.0009804969029268036
-0.0009447971202442199
-0.0009156061962804515
-0.0008922188438703933
-0.0008740950958239206
-0.0008608317603923052
-0.0008521421665321298
-0.0008478423302119526
-0.0008624400524164392
-0.0008668139209637856
-0.0008756531274825568
-0.0008891448237314969
-0.0009075806164747778
-0.0009313706393630975
-0.0009610641563979529
-0.0009973785979230042
-0.001041239887616951
-0.0010938383464973288
-0.001156706659730826
-0.0012318298873913558
-0.0013218032337138884
-0.0014300630337959971
-0.0015612336875850494
-0.0017216654694088955
-0.0019203014723359001
-0.0021701382209413037
-0.002490748551167357
-0.002912234936795446
-0.003477670115156075
-0.0042215202660844595
-0.005027561462715787
-0.005083087306577598
-0.0013959244450332297
0.013983614492655422
0.05676345884484494
0.148708790600661
0.3056102208880848
0.5162385328131245
0.728468129104288
0.864301785608994
0.8643017856089954
0.7284681291042907
0.5162385328131287
0.305610220888089
0.14870879060066458
0.05676345884484843
0.013983614492657441
-0.001395924445031463
-0.005083087306576306
-0.005027561462714634
-0.0042215202660838315
-0.0034776701151553514
-0.002912234936795303
-0.0024907485511667287
-0.002170138220941251
-0.0019203014723353563
-0.001721665469408167
-0.001561233687584193
-0.0014300630337956458
-0.0013218032337133927
-0.0012318298873909045
-0.0011567066597305362
-0.0010938383464973453
-0.0010412398876167412
-0.0009973785979224196
-0.0009610641563976802
-0.0009313706393630724
-0.0009075806164747343
-0.0008891448237315573
-0.0008756531274832382
-0.0008668139209631291
-0.000862440052417031
-0.0008763787658121807
-0.0008808233244247717
-0.0008898053893884028
-0.0009035151371788316
-0.0009222488874611748
-0.0009464234023975797
-0.000976596823098189
-0.0010134981748841432
-0.0010580683460328596
-0.0011115168952823729
-0.0011754012787135038
-0.0012517386384556894
-0.001343166121735435
-0.0014531756006650283
-0.0015864662131680296
-0.0017494908642176838
-0.0019513371811496717
-0.0022052117328577522
-0.0025310036944737628
-0.0029593021548361587
-0.0035338767206074193
-0.00428975453732951
-0.005108850287702148
-0.005165382973659987
-0.0014189940111104687
0.014208083869594849
0.05767693193740755
0.15110359464827233
0.3105333471218005
0.5245561531673085
0.7402063113780645
0.8782293288047934
0.8782293288047952
0.7402063113780686
0.5245561531673131
0.310533347121804
0.1511035946482754
0.05767693193741069
0.014208083869596655
-0.0014189940111089538
-0.005165382973658711
-0.005108850287701136
-0.004289754537328774
-0.003533876720606805
-0.0029593021548359514
-0.0025310036944732385
-0.0022052117328575736
-0.001951337181149147
-0.0017494908642169736
-0.0015864662131673407
-0.0014531756006647958
-0.0013431661217350697
-0.0012517386384554173
-0.0011754012787134362
-0.0011115168952826268
-0.0010580683460327213
-0.0010134981748836254
-0.000976596823097833
-0.0009464234023975181
-0.0009222488874611024
-0.0009035151371787423
-0.0008898053893890087
-0.0008808233244241004
-0.0008763787658128314
-0.0008897696833139953
-0.0008942821538470434
-0.0009034014628679693
-0.000917320692696532
-0.0009363406906800855
-0.0009608845869888253
-0.0009915190509675075
-0.0010289842472270497
-0.0010742354405282183
-0.0011285006712784193
-0.0011933611929640952
-0.001270864968929985
-0.0013636894410133348
-0.0014753798357070803
-0.0016107070916663191
-0.0017762227110629087
-0.0019811531752062217
-0.0022389068424048374
-0.002569676794551491
-0.003004519610924816
-0.0035878743788099413
-0.004355307157489939
-0.005186944368365774
-0.00524444415704973
-0.0014411561001425087
0.014423734188539782
0.05855451258022319
0.15340429934089175
0.3152630270508073
0.5325469454556431
0.7514832597499804
0.8916096105512653
0.8916096105512686
0.7514832597499823
0.5325469454556468
0.3152630270508111
0.1534042993408946
0.05855451258022597
0.0144237341885413
-0.0014411561001411923
-0.005244444157048536
-0.005186944368364968
-0.004355307157489127
-0.0035878743788094157
-0.0030045196109245303
-0.002569676794551009
-0.0022389068424044922
-0.0019811531752056957
-0.0017762227110622551
-0.0016107070916657877
-0.0014753798357068737
-0.0013636894410130097
-0.0012708649689298105
-0.001193361192964149
-0.0011285006712788087
-0.001074235440528093
-0.0010289842472266393
-0.000991519050967084
-0.0009608845869887499
-0.0009363406906798977
-0.0009173206926962532
-0.0009034014628683568
-0.0008942821538464439
-0.0008897696833145586
-0.0009027095792654005
-0.0009072876743650127
-0.0009165396049011801
-0.0009306612611649014
-0.0009499578656880062
-0.000974858702166304
-0.0010059386809376444
-0.0010439487307175774
-0.0010898580085321053
-0.001144912413972209
-0.0012107161964028685
-0.0012893471022861064
-0.001383521510894672
-0.0014968362060559252
-0.00163413150881046
-0.001802054197638026
-0.002009964931019513
-0.0022714670601031127
-0.0026070473374561537
-0.003048214086792628
-0.0036400533259347135
-0.004418651872042456
-0.0052624080968002845
-0.005320842280130285
-0.0014625710817824282
0.014632123265009183
0.059402541108363134
0.1556275272836457
0.3198334329470724
0.5402686438593168
0.7623804511976152
0.9045393045889106
0.9045393045889109
0.7623804511976174
0.5402686438593205
0.3198334329470749
0.15562752728364782
0.059402541108365445
0.01463212326501041
-0.0014625710817812497
-0.005320842280129199
-0.005262408096799596
-0.004418651872041515
-0.0036400533259341823
-0.003048214086792165
-0.00260704733745562
-0.002271467060102567
-0.002009964931019025
-0.001802054197637495
-0.001634131508810182
-0.001496836206055763
-0.0013835215108944534
-0.0012893471022860342
-0.0012107161964030376
-0.0011449124139726223
-0.0010898580085319269
-0.0010439487307172157
-0.001005938680937132
-0.0009748587021662274
-0.0009499578656876991
-0.0009306612611644955
-0.0009165396049013521
-0.0009072876743646264
-0.000902709579265771
-0.0009152840138304186
-0.0009199258800607821
-0.0009293066864807056
-0.0009436250520463025
-0.0009631904509055212
-0.0009884381464853077
-0.0010199510573658008
-0.0010584905723558173
-0.0011050393483862755
-0.001160860639833455
-0.001227581042466137
-0.0013073072446960407
-0.0014027934635169105
-0.0015176865839498285
-0.0016568943498433903
-0.0018271561250788135
-0.0020379629557123837
-0.0023031076784917563
-0.0026433624223981336
-0.0030906744966620867
-0.00369075857744221
-0.0044802075283795215
-0.005335740461716157
-0.005395082543609928
-0.001483380719893933
0.014834628466229488
0.060226623336913296
0.15778797532066774
0.3242747781271845
0.5477722938761633
0.7729699233375047
0.9171038847072478
0.9171038847072471
0.7729699233375058
0.5477722938761664
0.3242747781271864
0.15778797532066913
0.06022662333691527
0.014834628466230508
-0.001483380719892769
-0.005395082543608973
-0.005335740461715532
-0.004480207528378476
-0.003690758577441643
-0.0030906744966615043
-0.0026433624223975213
-0.002303107678491109
-0.002037962955711886
-0.0018271561250784109
-0.0016568943498432782
-0.0015176865839496457
-0.001402793463516757
-0.0013073072446960698
-0.0012275810424664051
-0.0011608606398338787
-0.0011050393483860305
-0.0010584905723555358
-0.0010199510573652103
-0.0009884381464852785
-0.0009631904509050693
-0.0009436250520458338
-0.0009293066864806344
-0.0009199258800607137
-0.000915284013830465
-0.0009275699020456256
-0.0009322740760453077
-0.0009417808010234966
-0.0009562913619862575
-0.0009761193871354298
-0.0010017059824115216
-0.0010336418908708416
-0.0010726987213865273
-0.001119872321010243
-0.0011764429006611342
-0.0012440588897255668
-0.0013248552544298132
-0.0014216231812202184
-0.0015380585066308114
-0.0016791348501539812
-0.0018516820364952475
-0.002065318507250193
-0.002334022236582845
-0.002678844181243694
-0.0031321605623176683
-0.0037403002877089047
-0.0045403506524598625
-0.005407390031877632
-0.005467619097142538
-0.0015037124373781046
0.015032488042177881
0.061031798810266415
0.15989885565594802
0.3286142238063219
0.5551037844580946
0.7833164366440575
0.9293801902513261
0.9293801902513261
0.783316436644059
0.5551037844580979
0.3286142238063239
0.15989885565594927
0.06103179881026812
0.01503248804217869
-0.0015037124373770215
-0.005467619097141782
-0.005407390031877114
-0.004540350652458872
-0.0037403002877084137
-0.0031321605623170776
-0.0026788441812430194
-0.002334022236582124
-0.0020653185072496117
-0.001851682036494854
-0.001679134850153882
-0.0015380585066305055
-0.0014216231812200835
-0.0013248552544298784
-0.0012440588897259315
-0.0011764429006615087
-0.0011198723210099236
-0.0010726987213862905
-0.0010336418908701637
-0.001001705982411501
-0.000976119387134809
-0.0009562913619857533
-0.0009417808010231876
-0.0009322740760455776
-0.0009275699020452991
-0.0009396376103463448
-0.0009444029856170769
-0.000954033393017111
-0.0009687327362571515
-0.00098881872382268
-0.001014738200412793
-0.001047089594608005
-0.001086654553851553
-0.0011344418810773785
-0.0011917484426224837
-0.0012602441137555482
-0.001342091636341696
-0.001440118509752268
-0.0015580686527208226
-0.0017009803905193598
-0.001875772402211469
-0.002092188262550514
-0.002364387795306228
-0.002713695833343903
-0.003172909892564778
-0.003788962204196065
-0.004599425712207093
-0.005477767183548376
-0.005538867420122601
-0.0015236827954759591
0.015226834858121215
0.06182267811509197
0.1619722558619075
0.3328766192005851
0.5623050984197471
0.7934792390806151
0.9414385198841976
0.9414385198841967
0.7934792390806154
0.5623050984197496
0.3328766192005871
0.16197225586190844
0.061822678115093586
0.015226834858121903
-0.00152368279547501
-0.005538867420122093
-0.0054777671835480315
-0.004599425712206264
-0.0037889622041957457
-0.0031729098925642914
-0.002713695833343258
-0.0023643877953055696
-0.002092188262549845
-0.001875772402211018
-0.0017009803905190918
-0.001558068652720273
-0.001440118509751997
-0.001342091636341627
-0.001260244113755862
-0.0011917484426227057
-0.0011344418810769743
-0.0010866545538514094
-0.0010470895946073455
-0.0010147382004128628
-0.0009888187238220113
-0.0009687327362567387
-0.000954033393016659
-0.0009444029856176873
-0.0009396376103456831
-0.0009515527148414878
-0.0009563785174540065
-0.0009661310432321039
-0.0009810167814761986
-0.0010013574693574104
-0.0010276056177630829
-0.0010603672436092684
-0.0011004339059650543
-0.0011488271998108003
-0.0012068604362825237
-0.0012762246653335763
-0.0013591100532260867
-0.0014583799530546613
-0.00157782575771972
-0.0017225496800230184
-0.0018995581297593107
-0.0021187182324395454
-0.0023943693618129936
-0.0027481067634749783
-0.0032131439204843605
-0.0038370087576141466
-0.004657753724990947
-0.005547254355098325
-0.0056092147047389915
-0.001543400410923539
0.015418724687309664
0.06260355804635506
0.1640194408210075
0.3370851222547355
0.5694153611624148
0.803513546104351
0.9533443876361333
0.9533443876361336
0.8035135461043511
0.5694153611624164
0.3370851222547371
0.16401944082100817
0.06260355804635645
0.01541872468731006
-0.0015434004109228796
-0.005609214704738772
-0.00554725435509823
-0.00465775372499034
-0.0038370087576140638
-0.0032131439204839962
-0.0027481067634744566
-0.002394369361812519
-0.0021187182324388914
-0.0018995581297588107
-0.0017225496800225692
-0.001577825757718948
-0.001458379953054262
-0.0013591100532258352
-0.0012762246653338053
-0.0012068604362825458
-0.0011488271998103168
-0.0011004339059649685
-0.001060367243608656
-0.0010276056177632217
-0.0010013574693567935
-0.0009810167814759516
-0.0009661310432316271
-0.0009563785174548912
-0.0009515527148406268
-0.0009633775232525247
-0.0009682632952709041
-0.0009781370139780813
-0.0009932077346702709
-0.0010138011926734383
-0.0010403755221231143
-0.001073544270764103
-0.0011141088341780597
-0.001163103502449743
-0.0012218579068903816
-0.0012920841116697353
-0.0013759994996160232
-0.001476503005836407
-0.0015974331376234765
-0.0017439555111483037
-0.001923163602083641
-0.0021450471503878625
-0.0024241237190949566
-0.002782256917236825
-0.0032530730426414763
-0.003884691199072565
-0.004715639708138508
-0.005616214923215173
-0.0056790288432522935
-0.001562968480430348
0.01560916070261351
0.06337852129867004
0.16605111409462844
0.34126173696024825
0.5764717484764424
0.8134718217965361
0.9651600429860179
0.9651600429860177
0.8134718217965365
0.5764717484764438
0.3412617369602487
0.16605111409462844
0.06337852129867091
0.015609160702613572
-0.0015629684804301333
-0.00567902884325242
-0.005616214923215461
-0.004715639708138142
-0.003884691199072737
-0.0032530730426412057
-0.0027822569172364243
-0.002424123719094639
-0.0021450471503872007
-0.0019231636020830938
-0.0017439555111477048
-0.0015974331376226382
-0.0014765030058360004
-0.001375999499615723
-0.0012920841116699508
-0.0012218579068903218
-0.0011631035024492861
-0.0011141088341780965
-0.00107354427076361
-0.0010403755221233479
-0.0010138011926729897
-0.000993207734670268
-0.0009781370139777044
-0.0009682632952719755
-0.0009633775232516409
