-0.020098324820887525
-0.020200253531308915
-0.02040624255620995
-0.02072065328110602
-0.021150281311525153
-0.021704684403591627
-0.02239666260702087
-0.02324293491926821
-0.024265079064869542
-0.025490834280756207
-0.026955918252285337
-0.028706590799507947
-0.030803330524084925
-0.03332621770967644
-0.03638301924552313
-0.040121721690832016
-0.04475073446388114
-0.050572927981486014
-0.05804442849635645
-0.06786676056392078
-0.08104380954569104
-0.09837940952119009
-0.11716782221206458
-0.11847944601797465
-0.03261263356172546
0.3256276477678928
1.3221841408000028
3.4641284720748104
7.119359209236009
12.026297933191127
16.9705842569171
20.135099272371008
20.1350992723711
16.970584256917224
12.026297933191296
7.119359209236073
3.464128472074908
1.3221841408000943
0.32562764776797115
-0.032612633561663565
-0.11847944601792862
-0.11716782221200617
-0.0983794095211607
-0.08104380954565864
-0.06786676056391824
-0.058044428496327946
-0.050572927981463706
-0.04475073446384513
-0.04012172169078442
-0.03638301924547446
-0.03332621770964578
-0.030803330524061465
-0.028706590799473474
-0.026955918252266033
-0.025490834280731477
-0.02426507906484753
-0.023242934919232877
-0.02239666260698695
-0.02170468440356343
-0.021150281311508624
-0.020720653281094632
-0.020406242556185658
-0.020200253531293053
-0.020098324820867427
-0.018010029093894438
-0.018101367000158526
-0.018285952934234746
-0.01856769511565024
-0.01895268305835723
-0.01944948142791586
-0.020069560295592655
-0.02082790148515731
-0.02174384070508444
-0.02284223496866859
-0.024155090742319564
-0.025723861253192364
-0.02760274111558532
-0.02986348992270573
-0.0326026771076707
-0.03595291276006721
-0.04010095159877148
-0.04531819437013694
-0.052013373646185475
-0.06081512276764393
-0.07262302322190728
-0.08815741255306705
-0.10499380000718368
-0.10616982182781716
-0.029227125659011366
0.29178466805387737
1.1847819468208767
3.104145845191037
6.379547435520889
10.77659149905529
15.207105140918491
18.04278885195007
18.04278885195022
15.207105140918753
10.776591499055655
6.379547435521179
3.104145845191331
1.1847819468211396
0.29178466805408865
-0.02922712565883802
-0.10616982182768023
-0.10499380000703978
-0.08815741255296383
-0.07262302322180555
-0.06081512276758071
-0.052013373646105934
-0.045318194370064784
-0.04010095159868372
-0.03595291275997775
-0.03260267710758451
-0.0298634899226423
-0.027602741115535866
-0.025723861253129438
-0.024155090742280064
-0.022842234968625915
-0.02174384070504521
-0.020827901485105077
-0.020069560295538986
-0.019449481427868138
-0.01895268305832369
-0.018567695115628953
-0.01828595293419956
-0.018101367000128907
-0.018010029093886215
-0.015905786669191232
-0.015986452897468695
-0.016149472301762443
-0.016398296475135393
-0.016738303448066177
-0.017177057212085612
-0.017724687703963488
-0.01839442630830612
-0.01920334959694312
-0.020173410350154786
-0.021332875475617935
-0.022718354903230955
-0.02437771127380427
-0.026374319951137006
-0.028793467405481464
-0.03175226983790993
-0.03541566190649455
-0.04002333437535196
-0.04593626422214414
-0.053709636946763124
-0.06413793363390165
-0.0778573575315669
-0.09272681240202768
-0.0937661920166074
-0.025815742121235333
0.2576833290245981
1.0463307195059004
2.74141477798971
5.634087216027365
9.517343563577688
13.430161863377133
15.93450364119346
15.934503641193707
13.430161863377524
9.51734356357817
5.634087216027862
2.7414147779902023
1.0463307195063523
0.2576833290249463
-0.025815742120949215
-0.09376619201637824
-0.09272681240179874
-0.07785735753138652
-0.06413793363373044
-0.05370963694663328
-0.04593626422201297
-0.04002333437522434
-0.035415661906353174
-0.03175226983777718
-0.02879346740535991
-0.026374319951039053
-0.02437771127372838
-0.022718354903142043
-0.021332875475557855
-0.020173410350094782
-0.019203349596889453
-0.018394426308241563
-0.017724687703894938
-0.017177057212020126
-0.016738303448019052
-0.01639829647510222
-0.016149472301718926
-0.015986452897426284
-0.015905786669197328
-0.013774593715300782
-0.013844451585717826
-0.013985628242139251
-0.014201112802806535
-0.014495562702228008
-0.014875528441541032
-0.01534978265892135
-0.01592978388063875
-0.016630320607436053
-0.017470404189891
-0.018474514081618373
-0.019674354883482507
-0.02111137616441177
-0.02284046167552009
-0.02493547041452395
-0.027497826251512127
-0.030670364316629783
-0.03466065925556701
-0.03978132080351045
-0.04651314589958419
-0.05554416906055223
-0.06742538139260501
-0.08030270964825481
-0.0812036888740553
-0.02236062693896626
0.22314535550791437
0.9061065929647292
2.374038758424943
4.8790809405050934
8.241970181545058
11.63046371612074
13.799220516583933
13.799220516584182
11.630463716121303
8.24197018154581
4.879080940505831
2.374038758425666
0.9061065929653576
0.22314535550840062
-0.022360626938564773
-0.08120368887372784
-0.08030270964794266
-0.06742538139234734
-0.05554416906031157
-0.046513145899384246
-0.03978132080332667
-0.03466065925537991
-0.030670364316433933
-0.027497826251333818
-0.024935470414366043
-0.0228404616753865
-0.02111137616430638
-0.01967435488337062
-0.01847451408153544
-0.01747040418981505
-0.016630320607369083
-0.01592978388056594
-0.015349782658840721
-0.014875528441460967
-0.014495562702169546
-0.014201112802761316
-0.013985628242088734
-0.013844451585667598
-0.013774593715318424
-0.011604869179987463
-0.011663723279244488
-0.011782662274579999
-0.01196420444792642
-0.012212273609549799
-0.012532388446436636
-0.012931939758395811
-0.013420581160331471
-0.014010771713877882
-0.014718528159244019
-0.015564474019284003
-0.01657531987805412
-0.017785986284966436
-0.019242711850929337
-0.021007721493413144
-0.023166463035243914
-0.02583927252015137
-0.02920102781612529
-0.03351509693287579
-0.03918654328616692
-0.04679503018874115
-0.05680479557982521
-0.06765397683368728
-0.06841404159888897
-0.01884298614209298
0.18798312479481863
0.7633477412768486
2.000021816824237
4.1104265966038795
6.943542125236338
9.798232757010096
11.62533826725742
11.625338267257685
9.798232757010926
6.943542125237332
4.110426596604851
2.000021816825161
0.7633477412776553
0.1879831247954487
-0.01884298614157215
-0.06841404159846222
-0.06765397683329429
-0.05680479557948977
-0.0467950301884318
-0.03918654328589619
-0.033515096932637
-0.029201027815874712
-0.02583927251990297
-0.023166463035018445
-0.021007721493219042
-0.01924271185076181
-0.01778598628483183
-0.016575319877923617
-0.01556447401917918
-0.01471852815915373
-0.014010771713797863
-0.013420581160250206
-0.012931939758303906
-0.012532388446342736
-0.012212273609481156
-0.011964204447869305
-0.011782662274524526
-0.011663723279191893
-0.01160486918001134
-0.009384186003894722
-0.009431777894727328
-0.009527956949834729
-0.009674759556634476
-0.009875358671056409
-0.010134216932455156
-0.010457310848033086
-0.010852446730666869
-0.011329699492996864
-0.011902020932564514
-0.012586088079902195
-0.013403500211226854
-0.014382495513778387
-0.015560464415588383
-0.016987724511771184
-0.018733372358403028
-0.020894716490053547
-0.023613170065365438
-0.02710170284994004
-0.03168786599954884
-0.03784040625468397
-0.045934770333865935
-0.05470816686386383
-0.055323991595211564
-0.015242650913915645
0.15199531428029117
0.617236703214026
1.6172222152782982
3.323722593621416
5.614624109586835
7.922976937831633
9.40040841858311
9.400408418583499
7.922976937832589
5.614624109588046
3.323722593622646
1.6172222152794378
0.6172367032150112
0.15199531428106966
-0.015242650913271736
-0.055323991594680016
-0.05470816686338972
-0.045934770333452266
-0.03784040625430592
-0.0316878659992085
-0.02710170284964499
-0.023613170065053916
-0.020894716489756993
-0.01873337235813319
-0.016987724511540528
-0.015560464415391558
-0.014382495513615305
-0.013403500211081065
-0.012586088079774162
-0.011902020932460199
-0.011329699492900587
-0.010852446730575643
-0.010457310847929672
-0.01013421693235201
-0.009875358670980432
-0.009674759556570833
-0.009527956949777528
-0.009431777894678564
-0.009384186003918299
-0.007098960594883255
-0.007134962950690847
-0.007207720567082104
-0.0073187739310786905
-0.0074705233212971275
-0.007666344636278244
-0.007910758985326966
-0.008209671688927719
-0.008570704217296565
-0.009003654345144857
-0.009521137908900783
-0.010139494320662145
-0.010880085187595583
-0.011771195588845911
-0.012850889719224844
-0.014171437629482572
-0.01580645106502416
-0.01786290584223489
-0.02050190867991076
-0.023971245592224244
-0.02862552287344397
-0.034748814664044655
-0.04138609009405239
-0.041853461646974066
-0.011537572734231505
0.11496187364148747
0.46687996332315285
1.2232989481705352
2.514157811712473
4.247089059621697
5.993228013883078
7.11082427036348
7.110824270363846
5.993228013884096
4.247089059623146
2.5141578117139156
1.2232989481719097
0.4668799633243228
0.114961873642421
-0.011537572733460899
-0.04185346164633619
-0.041386090093499764
-0.03474881466355147
-0.028625522872997147
-0.02397124559181625
-0.02050190867955725
-0.017862905841865458
-0.01580645106468427
-0.014171437629170884
-0.012850889718957207
-0.011771195588623311
-0.010880085187406088
-0.010139494320501628
-0.009521137908751403
-0.009003654345026778
-0.008570704217184297
-0.008209671688825585
-0.007910758985213196
-0.0076663446361672945
-0.00747052332121502
-0.007318773931009225
-0.007207720567023519
-0.0071349629506444676
-0.007098960594900824
-0.0047340825627423845
-0.004758091424406315
-0.004806611235956822
-0.004880669299131824
-0.004981866283139118
-0.0051124534667404894
-0.005275445832628657
-0.005474781448722772
-0.005715542826653049
-0.006004263782986439
-0.0063493574046798
-0.006761719903928369
-0.007255596620276614
-0.007849849911106026
-0.008569863470316089
-0.009450494343384776
-0.010540831516711188
-0.011912213121416416
-0.013672075090763486
-0.01598565797478977
-0.01908944897126398
-0.023172963889058623
-0.027599655664307998
-0.027913372822522292
-0.007703221213681062
0.07663803033720507
0.3112836063852187
0.8156479541409718
1.676380506014815
2.83189665876929
3.996229049659698
4.741450132440047
4.741450132440473
3.996229049660938
2.8318966587709085
1.6763805060165726
0.8156479541425821
0.31128360638658514
0.07663803033829869
-0.007703221212777885
-0.027913372821775972
-0.02759965566367216
-0.023172963888485276
-0.019089448970746062
-0.01598565797431732
-0.013672075090349865
-0.01191221312099424
-0.010540831516331957
-0.009450494343035326
-0.00856986347000947
-0.007849849910859501
-0.007255596620061779
-0.00676171990375319
-0.006349357404510678
-0.006004263782856265
-0.005715542826524773
-0.005474781448609637
-0.005275445832503646
-0.005112453466623226
-0.004981866283050994
-0.004880669299057977
-0.004806611235896784
-0.004758091424360358
-0.004734082562751121
-0.0022724609998992368
-0.002283985731554767
-0.0023072762059845944
-0.002342825545979161
-0.002391402100461522
-0.00245408652183373
-0.0025323260526816556
-0.0026280110308536733
-0.002743581144173869
-0.0028821727271080982
-0.0030478241884678778
-0.003245765866692618
-0.0034828357167602
-0.003768087903179871
-0.004113706875927804
-0.0045364243307337015
-0.005059803297704904
-0.005718086323166158
-0.006562842930434562
-0.007673391307662619
-0.009163267192532992
-0.011123558660791191
-0.013249226272475115
-0.013402969258020744
-0.0037118459469210087
0.03674694483353119
0.14932348691385
0.39132395621715554
0.804337673688682
1.3588220019191457
1.9175515164376318
2.2751670233734806
2.2751670233740278
1.9175515164390937
1.3588220019210162
0.8043376736906742
0.3913239562190034
0.14932348691541497
0.03674694483479324
-0.0037118459458805667
-0.013402969257160266
-0.013249226271751305
-0.011123558660132316
-0.009163267191943214
-0.007673391307125098
-0.006562842929959491
-0.005718086322693931
-0.0050598032972892434
-0.004536424330348808
-0.004113706875584232
-0.0037680879029106246
-0.0034828357165235246
-0.0032457658665006744
-0.0030478241882806803
-0.0028821727269627215
-0.0027435811440278852
-0.002628011030726081
-0.0025323260525423816
-0.0024540865217077545
-0.002391402100367316
-0.002342825545898989
-0.002307276205923744
-0.002283985731503794
-0.0022724609999012248
0.0003055449796943062
0.00030709462292773104
0.00031022631903310574
0.00031500637997499206
0.00032153812896085904
0.000329966886809821
0.0003404872733289849
0.00035335349683898384
0.0003688936452980046
0.00038752949841843257
0.00040980415924925587
0.0004364210443595397
0.00046829980303029345
0.0005066581933788235
0.0005531350680075958
0.0006099810462799546
0.0006803659219527733
0.0007688966179021026
0.0008825114051515953
0.0010318769435333705
0.0012322224185506853
0.0014955425828650087
0.0017797018680382193
0.0017935395994846531
0.000468450300920676
-0.005029506613080548
-0.020292207725192357
-0.05305762865941421
-0.10892654065790897
-0.18388494559242297
-0.2593852511598911
-0.30769747876135867
-0.3076974787607831
-0.25938525115821953
-0.18388494559031798
-0.10892654065560503
-0.05305762865731056
-0.02029220772340845
-0.005029506611641921
0.0004684503021062693
0.0017935396004627874
0.0017797018688593819
0.001495542583611037
0.0012322224192157782
0.001031876944135951
0.0008825114056900465
0.0007688966184224849
0.0006803659224067574
0.0006099810467010136
0.0005531350683897554
0.0005066581936743683
0.0004682998032894091
0.00043642104457088104
0.0004098041594555041
0.0003875294985800637
0.00036889364546307743
0.00035335349698038115
0.0003404872734855853
0.0003299668869465727
0.0003215381290652651
0.000315006380066811
0.00031022631909902176
0.00030709462299007007
0.0003055449796959056
0.003022856648683691
0.0030381871572473518
0.0030691687794480033
0.0031164574918078197
0.0031810753916602583
0.0032644600201827134
0.0033685365798705805
0.0034958197087471797
0.0036495548311919306
0.0038339141088497355
0.004054269725218225
0.004317579491025469
0.004632939853574616
0.005012395552736772
0.005472155707813411
0.006034478994083749
0.006730712584183729
0.0076064121752617425
0.008730185429066242
0.010207546438485954
0.012189447751843663
0.014796539024969788
0.017620757458221226
0.017811285904626897
0.004874900888570833
-0.04906255252788211
-0.1990709702635871
-0.5214464923308118
-1.0715293942004882
-1.8099360992522477
-2.553930362633576
-3.030100465165212
-3.030100465164569
-2.5539303626316574
-1.8099360992498124
-1.0715293941978974
-0.5214464923284359
-0.19907097026157983
-0.0490625525262563
0.004874900889905699
0.01781128590572781
0.017620757459144668
0.014796539025806438
0.012189447752585486
0.010207546439158402
0.008730185429670509
0.007606412175834236
0.0067307125846797974
0.006034478994546406
0.00547215570823633
0.005012395553068306
0.004632939853861991
0.00431757949126501
0.0040542697254478954
0.003833914109032506
0.0036495548313767133
0.003495819708902618
0.0033685365800433763
0.00326446002032945
0.003181075391772127
0.0031164574919122605
0.003069168779516067
0.0030381871573242
0.0030228566486808876
0.005906631957336254
0.005936587553644734
0.005997125201797328
0.00608952666606697
0.00621578910255596
0.006378721434999748
0.006582085465123785
0.0068307947359986625
0.0071311907263119645
0.0074914257305294385
0.007921996845372745
0.008436499424419298
0.009052707629819835
0.009794156452830667
0.010692517866632917
0.011791284314936992
0.013151706525600104
0.014862797543280279
0.017058612385429016
0.019945323155934558
0.023817920836309694
0.028912368613650194
0.03443226955208373
0.034810382489941366
0.009551633186315543
-0.09579199981912162
-0.3887988276950314
-1.0185221266872304
-2.09308801987523
-3.5355770190418276
-4.989008197504695
-5.919240968932932
-5.919240968932151
-4.989008197502605
-3.5355770190390725
-2.09308801987231
-1.0185221266845703
-0.38879882769277896
-0.09579199981729791
0.009551633187811128
0.03481038249117119
0.03443226955312216
0.028912368614582254
0.023817920837135728
0.019945323156681807
0.017058612386103657
0.01486279754390716
0.013151706526143433
0.011791284315442872
0.010692517867096504
0.0097941564532028
0.009052707630140992
0.008436499424692254
0.007921996845633682
0.007491425730738431
0.007131190726521887
0.006830794736171191
0.006582085465315128
0.006378721435155787
0.006215789102675489
0.006089526666181715
0.005997125201864829
0.005936587553734125
0.005906631957323712
0.008989543400726243
0.009035134006314637
0.009127268643743896
0.00926789807829417
0.009460061856727611
0.009708034985059413
0.010017542689150068
0.010396063071651251
0.010853247461257855
0.011401503130430403
0.012056805986427905
0.012839847276836763
0.013777678112947927
0.014906117190383414
0.016273367116232368
0.017945620392568654
0.020016096285621253
0.022620266134538533
0.02596215180633782
0.030355534490490207
0.03624939080276009
0.044002963388482544
0.0524047179713336
0.052983458565223865
0.014551751565572552
-0.1457469068262166
-0.5916243207703218
-1.5499138706216131
-3.185171669162262
-5.38035085649984
-7.592196424567703
-9.007838999548543
-9.007838999547687
-7.592196424565371
-5.3803508564967295
-3.185171669158975
-1.549913870618635
-0.5916243207678165
-0.14574690682418073
0.014551751567238359
0.052983458566595684
0.05240471797249685
0.044002963389516675
0.036249390803674855
0.030355534491317678
0.025962151807083896
0.022620266135222618
0.020016096286214355
0.017945620393122336
0.01627336711673693
0.014906117190804057
0.013777678113309683
0.012839847277149641
0.012056805986725556
0.011401503130670305
0.010853247461494384
0.010396063071844364
0.010017542689358887
0.009708034985224923
0.009460061856853202
0.009267898078416877
0.009127268643806759
0.00903513400641405
0.008989543400700229
0.012311522374737757
0.01237396042397583
0.01250014227477235
0.0126927395719683
0.012955915086505294
0.0132955235959508
0.013719406006610754
0.014237803852935483
0.014863934980469534
0.015614791597888814
0.016512253285222846
0.017584657445708887
0.01886905153510151
0.020414490513103876
0.022286989516977062
0.024577201424844028
0.027412793105954958
0.030979296908860622
0.035556127325179106
0.041573019601089015
0.04964487797460489
0.06026378838605122
0.07177090367344514
0.0725659468954695
0.019940182734158866
-0.19957379686389498
-0.8101731229991387
-2.1225012444487463
-4.361918964925327
-7.368141044296854
-10.397197359365144
-12.335881259848687
-12.335881259847753
-10.39719735936256
-7.368141044293495
-4.361918964921713
-2.122501244445458
-0.8101731229963616
-0.19957379686163496
0.019940182736007075
0.07256594689699186
0.0717709036747444
0.06026378838719555
0.04964487797561849
0.0415730196020054
0.035556127326005445
0.03097929690960919
0.027412793106608387
0.02457720142545123
0.02228698951752966
0.020414490513579377
0.018869051535513173
0.017584657446066063
0.016512253285563765
0.01561479159816145
0.014863934980733896
0.014237803853150061
0.013719406006835862
0.013295523596124088
0.012955915086638764
0.012692739572095778
0.012500142274832267
0.012373960424081357
0.01231152237470217
0.015922196320314656
0.016002945934185702
0.016166133859138516
0.016415215267509473
0.016755573768038885
0.017194781199679578
0.01774297801214695
0.01841340932747027
0.019223169455990896
0.020194233996381632
0.021354899260296063
0.02274181329644351
0.02440288863896197
0.026401566812494996
0.02882322348897906
0.03178509766440806
0.03545229750572502
0.04006476697767022
0.04598386532228224
0.053765359193674436
0.06420450166067415
0.0779377719508008
0.09282015864960759
0.09385045755112799
0.025797654365006528
-0.25807606659018884
-1.0477081524378522
-2.744833495546932
-5.640900163068349
-9.52862786588398
-13.445893354187236
-15.953059797282116
-15.953059797281053
-13.44589335418435
-9.528627865880205
-5.640900163064357
-2.744833495543281
-1.047708152434782
-0.25807606658768334
0.025797654367052097
0.09385045755281836
0.09282015865105302
0.07793777195206787
0.0642045016617962
0.05376535919468986
0.045983865323196295
0.04006476697849168
0.03545229750644627
0.03178509766507672
0.028823223489584937
0.026401566813032303
0.024402888639430513
0.022741813296851248
0.021354899260684866
0.020194233996692575
0.0192231694562854
0.018413409327712488
0.017742978012389842
0.0171947811998658
0.016755573768184862
0.01641521526764288
0.016166133859199138
0.016002945934293977
0.0159221963202754
0.019884385254114758
0.019985229146815508
0.020189025855819213
0.02050009036114868
0.020925145963771954
0.021473648728273318
0.022158262519513455
0.022995528461059723
0.02400679472104357
0.02521950544601061
0.026668998380457838
0.028401041302489945
0.03047546959669214
0.03297151196146522
0.035995789457592756
0.03969471550852668
0.04427448471242228
0.050034749969318705
0.057426793182380136
0.06714468270076301
0.08018158001026668
0.09733242213583164
0.11591873314293018
0.1172074014481094
0.032226409372595924
-0.322270504522168
-1.3083592254438794
-3.427731380653802
-7.044353959159342
-11.89937772441725
-16.791294999147247
-19.922269943774268
-19.92226994377317
-16.791294999144142
-11.899377724413124
-7.044353959154932
-3.4277313806497656
-1.3083592254404814
-0.32227050451939077
0.03222640937486269
0.1172074014499873
0.11591873314453947
0.09733242213723622
0.08018158001151349
0.06714468270188682
0.057426793183392916
0.05003474997022184
0.044274484713222026
0.03969471550926275
0.03599578945825896
0.032971511962066755
0.03047546959722205
0.028401041302952235
0.02666899838089908
0.025219505446364015
0.02400679472137305
0.022995528461333813
0.02215826251977758
0.02147364872847567
0.020925145963934973
0.020500090361285753
0.020189025855885032
0.01998522914691936
0.01988438525408119
0.02427928005190912
0.02440241269939155
0.024651253036973436
0.02503106975139266
0.025550072142739442
0.02621980627631576
0.02705573501278221
0.028078055431716743
0.0293128341207037
0.030793580991854873
0.03256344421483949
0.03467830726037721
0.03721123045628245
0.04025895379203733
0.04395166393041821
0.04846813487487363
0.0540601347376952
0.06109354625010938
0.07011939464693637
0.0819851545469781
0.09790351176761368
0.11884517616190789
0.1415399901067037
0.14311553858188328
0.03935868711382199
-0.3934709351912519
-1.597463008809889
-4.1851780197402455
-8.601018438033359
-14.528936083063186
-20.501905628358333
-24.32478865559327
-24.324788655591988
-20.501905628354873
-14.528936083058612
-8.601018438028454
-4.185178019735776
-1.5974630088061308
-0.39347093518817083
0.03935868711633656
0.14311553858397347
0.1415399901084954
0.11884517616347114
0.0979035117690033
0.08198515454822423
0.07011939464805964
0.061093546251105656
0.05406013473858237
0.04846813487568518
0.04395166393114984
0.04025895379270658
0.037211230456875855
0.03467830726089928
0.03256344421533324
0.030793580992255005
0.029312834121069584
0.02807805543202591
0.027055735013067444
0.02621980627653818
0.025550072142922247
0.025031069751535632
0.024651253037050312
0.02440241269948792
0.024279280051888105
0.0292144290612305
0.02936259037439138
0.029662011461590126
0.030119031953926484
0.030743529822116613
0.03154939805273214
0.032555242578566415
0.03378536585657705
0.035271132922595386
0.03705286511102657
0.03918248114301412
0.04172722369331177
0.04477500376342701
0.0484422252848295
0.052885537431572156
0.058320052870437615
0.06504871559842888
0.07351177988872129
0.08437227600970007
0.09864994394549603
0.11780398334110549
0.14300249940944454
0.1703109820706587
0.17220912118599474
0.04736990230734474
-0.4734169235427433
-1.922086537437247
-5.035691077937326
-10.348951525282354
-17.481592119199775
-24.66844494727623
-29.26825193800278
-29.268251938001395
-24.668444947272487
-17.481592119194715
-10.348951525276902
-5.035691077932361
-1.9220865374330691
-0.47341692353932135
0.04736990231014107
0.17220912118832188
0.17031098207265674
0.1430024994111848
0.11780398334265609
0.09864994394687564
0.0843722760109468
0.07351177988982269
0.06504871559941668
0.05832005287133693
0.05288553743238261
0.04844222528557319
0.0447750037640898
0.04172722369389725
0.03918248114355956
0.03705286511147285
0.03527113292299874
0.033785365856922336
0.03255524257887594
0.031549398052979696
0.03074352982232646
0.03011903195408128
0.02966201146168865
0.029362590374479577
0.029214429061229535
0.03483675714301315
0.035013432168016334
0.03537047697938349
0.03591545127387342
0.03666013404327148
0.03762109198751245
0.03882051176216793
0.04028737284676094
0.042059076497898404
0.04418370391687407
0.04672316561773996
0.049757645175576196
0.05339197213001658
0.0577649524423397
0.06306338255598351
0.06954377377627796
0.07756737200371996
0.08765915904854381
0.10060976678431133
0.11763518919021884
0.14047547191393697
0.1705236304477162
0.20308841911689912
0.20535491571461248
0.05650074219994712
-0.5644817091593719
-2.2918757434605923
-6.004548766589129
-12.340108146093916
-20.845112521925984
-29.414763673524607
-34.899605391072164
-34.899605391070644
-29.414763673520447
-20.845112521920377
-12.340108146087884
-6.004548766583621
-2.291875743455945
-0.5644817091555617
0.056500742203060055
0.205354915717207
0.20308841911912734
0.17052363044965707
0.1404754719156675
0.11763518919174874
0.10060976678569486
0.08765915904976537
0.07756737200481864
0.06954377377727686
0.06306338255688115
0.05776495244316426
0.05339197213075354
0.04975764517623194
0.0467231656183381
0.04418370391737191
0.042059076498342736
0.04028737284714728
0.038820511762504076
0.037621091987790435
0.03666013404351185
0.03591545127404652
0.035370476979507896
0.035013432168097755
0.03483675714303356
0.041355432963089946
0.04156516755511627
0.04198902286793202
0.04263597317643573
0.04352000156935247
0.0446607747247597
0.04608463088881501
0.04782597221294564
0.04992919851927257
0.05245138802015199
0.05546603600157027
0.05906833009388672
0.06338271568622997
0.06857397231971582
0.07486385009470145
0.08255685918073369
0.09208184257178353
0.1040620180500755
0.11943596363888921
0.1396472201140352
0.1667614730489267
0.20243259353363685
0.24109233248982068
0.24378843917675846
0.06709934757182048
-0.670027237908826
-2.72051950207637
-7.127641530328771
-14.648270146508205
-24.744149163888178
-34.91677241967159
-41.427567464899596
-41.42756746489797
-34.91677241966695
-24.744149163881886
-14.648270146501492
-7.127641530322608
-2.7205195020711805
-0.6700272379045707
0.06709934757529787
0.24378843917965431
0.2410923324923102
0.2024325935358025
0.16676147305085876
0.13964722011573386
0.11943596364042708
0.10406201805143346
0.0920818425730079
0.08255685918184344
0.07486385009569826
0.06857397232062847
0.0633827156870501
0.0590683300946202
0.05546603600222824
0.05245138802070748
0.04992919851976432
0.04782597221337778
0.046084630889181966
0.04466077472506938
0.04352000156962371
0.04263597317662886
0.041989022868081254
0.04156516755519135
0.04135543296313031
0.04908542958053948
0.049334366996963655
0.04983744779940402
0.050605323705027974
0.051654591476246244
0.05300859382357407
0.05469859205476207
0.056765418664202656
0.059261772553282015
0.06225540082399564
0.06583353628953287
0.07010915878897578
0.07522997471747059
0.081391563805649
0.08885712519235142
0.0979880875095491
0.10929345247387301
0.12351292945873318
0.1417605377774147
0.16574966317169257
0.19793221807168931
0.24027177118561832
0.2861616803404974
0.2893776015907641
0.0797162743811014
-0.7950363555060376
-3.2284248594857603
-8.45855914217492
-17.38368231293587
-29.365025624410485
-41.43746614343773
-49.16421009076478
-49.164210090762886
-41.437466143432474
-29.365025624403476
-17.38368231292832
-8.458559142167989
-3.228424859479934
-0.7950363555012545
0.07971627438500525
0.289377601594017
0.28616168034328904
0.2402717711880455
0.1979322180738516
0.16574966317358947
0.14176053777913117
0.12351292946025307
0.10929345247524477
0.09798808751079116
0.08885712519346586
0.08139156380666399
0.07522997471838577
0.07010915878979725
0.06583353629026023
0.062255400824619715
0.05926177255383039
0.05676541866468985
0.0546985920551667
0.053008593823920036
0.051654591476548925
0.0506053237052457
0.04983744779957648
0.04933436699703873
0.0490854295805942
0.05853396335804703
0.05883081921966758
0.05943073902227859
0.06034642485822972
0.06159766824191539
0.06321230518104735
0.0652276145529522
0.067692288806645
0.0706691709985244
0.07423904906152809
0.07850594751022412
0.0836045940230936
0.08971112748483862
0.0970587754571877
0.10596140128750657
0.11685000653788279
0.13033157319412264
0.14728820244428736
0.1690483676398769
0.19765534384622863
0.236033441880149
0.28652633230491686
0.3412647894488181
0.3451594707460978
0.09534120859127547
-0.9472216823599997
-3.8476511103075253
-10.08183168909731
-20.720553162763963
-35.00245106624949
-49.39304101030899
-58.60350949809088
-58.60350949808878
-49.39304101030312
-35.00245106624145
-20.720553162755404
-10.081831689089467
-3.847651110300918
-0.9472216823545762
0.09534120859569911
0.3451594707497836
0.3412647894519757
0.286526332307659
0.23603344188258857
0.19765534384836875
0.1690483676418123
0.14728820244600238
0.13033157319567423
0.11685000653928335
0.10596140128876663
0.09705877545832753
0.08971112748587126
0.08360459402402098
0.07850594751104178
0.07423904906223738
0.07066917099914563
0.0676922888071997
0.06522761455340678
0.06321230518143676
0.061597668242253364
0.060346424858477084
0.05943073902247413
0.05883081921975024
0.05853396335811005
0.07056087124146962
0.07091872179786697
0.07164190656003121
0.07274573751095616
0.07425407271495779
0.07620046762718977
0.07862986079414488
0.08160094947567728
0.08518948905944689
0.08949286693885747
0.09463648150604198
0.10078274289547935
0.10814398121380177
0.1170013452728837
0.1277331879502538
0.14085906885353855
0.1571106872829436
0.17755139455470254
0.20378266167866815
0.2382678498070797
0.2845336721533193
0.3454132868731046
0.41145471410164614
0.41637126681203784
0.11596675475978069
-1.138707491697324
-4.630099902558134
-12.135381986974977
-24.944118587904242
-42.139852176333264
-59.46689138860364
-70.55694073824245
-70.55694073823997
-59.466891388596835
-42.139852176324155
-24.944118587894366
-12.135381986965948
-4.6300999025505245
-1.1387074916910882
0.11596675476486372
0.41637126681627545
0.4114547141052695
0.34541328687624984
0.2845336721561091
0.23826784980953405
0.20378266168088244
0.17755139455666724
0.15711068728472588
0.14085906885514332
0.1277331879517028
0.11700134527418776
0.10814398121498531
0.10078274289654154
0.09463648150697895
0.08949286693967717
0.0851894890601636
0.08160094947631702
0.07862986079466629
0.0762004676276353
0.07425407271533882
0.0727457375112398
0.07164190656025156
0.07091872179796509
0.07056087124153418
0.08660511279218099
0.08704433172629451
0.0879319548746455
0.08928677585533507
0.09113807757238664
0.09352704530762229
0.09650883571205829
0.10015549259090692
0.10455999652952563
0.10984187876469384
0.11615505060872806
0.12369885074171857
0.13273388844584844
0.14360523941131098
0.15677728514233258
0.17288772059897123
0.192834616036883
0.21792311249774315
0.2501189187443248
0.2924462963112586
0.3492388018946513
0.4239994482116174
0.5052375277560199
0.5119872328541384
0.14567172670446585
-1.3875401396679643
-5.656862120980631
-14.837371411713622
-30.50800653193938
-51.54826288331271
-72.75068997469282
-86.32168491594436
-86.3216849159414
-72.7506899746847
-51.548262883301916
-30.508006531927848
-14.837371411703028
-5.656862120971712
-1.387540139660656
0.14567172671042364
0.5119872328591099
0.5052375277602638
0.4239994482153021
0.34923880189791245
0.29244629631413915
0.2501189187469172
0.21792311250004637
0.19283461603897656
0.17288772060085061
0.15677728514403488
0.14360523941283587
0.13273388844723155
0.12369885074295739
0.11615505060982517
0.1098418787656594
0.10455999653037126
0.10015549259165793
0.09650883571267366
0.09352704530814651
0.09113807757282948
0.08928677585567
0.08793195487490131
0.0870443317264184
0.0866051127922439
0.10877596051237695
0.10932761787437331
0.11044246923277995
0.11214411921053796
0.11446934687601146
0.11746988056329304
0.12121499648984091
0.12579518092885106
0.13132721645896078
0.13796123286455186
0.14589054070424212
0.15536550641286012
0.16671345092120332
0.18036778277639942
0.19691175501964678
0.21714629634297009
0.24219935820731434
0.27371018098671335
0.31414789533278553
0.36731296858527274
0.4386614370697074
0.5326617038910629
0.6351774189950441
0.6455676112575215
0.19187543554154668
-1.7158307340914
-7.035652106195654
-18.483141677546158
-38.031377762030374
-64.28461597497517
-90.74439744919843
-107.68193691014366
-107.68193691014014
-90.74439744918874
-64.28461597496216
-38.03137776201643
-18.48314167753345
-7.0356521061849335
-1.7158307340826242
0.19187543554870196
0.645567611263494
0.6351774190001388
0.5326617038954891
0.4386614370736157
0.36731296858873974
0.3141478953358966
0.273710180989486
0.24219935820983557
0.21714629634523097
0.19691175502169495
0.1803677827782319
0.16671345092286094
0.15536550641434366
0.1458905407055608
0.1379612328657185
0.1313272164599855
0.12579518092975359
0.12121499649058975
0.11746988056392693
0.11446934687654553
0.11214411921094287
0.11044246923308901
0.1093276178745314
0.10877596051244107
0.1391914031237878
0.13989730864307676
0.14132388193282724
0.14350132740647592
0.146476707441127
0.15031621340149762
0.15510849077294878
0.16096932518544566
0.16804815063375986
0.17653707157867052
0.1866834456075298
0.19880763739741586
0.2133284799418214
0.2308005514571735
0.25197016335754596
0.2778621510032404
0.30991978686773214
0.35024059856874395
0.4019844922507051
0.47001879414592734
0.5613532350937183
0.6818538009962348
0.8140709939860167
0.8314946196475654
0.26474960591372865
-2.1375786310004634
-8.85356667407201
-23.32309591255256
-48.04953486391586
-81.27193865388529
-114.76503200788284
-136.20805858079478
-136.20805858079046
-114.76503200787097
-81.27193865386928
-48.04953486389881
-23.32309591253695
-8.853566674058868
-2.1375786309897036
0.2647496059225013
0.8314946196548849
0.8140709939922597
0.6818538010016655
0.5613532350985052
0.47001879415018716
0.4019844922545176
0.35024059857215656
0.3099197868708301
0.2778621510060217
0.2519701633600602
0.23080055145942668
0.21332847994385418
0.1988076373992348
0.1866834456091513
0.17653707158011
0.16804815063502831
0.16096932518655346
0.15510849077387828
0.15031621340228019
0.14647670744178187
0.14350132740697424
0.14132388193320528
0.1398973086432755
0.13919140312385442
0.1776463310641686
0.17854725204720423
0.18036793427042624
0.18314692596467746
0.18694429020733977
0.19184450324155472
0.19796069805641864
0.20544064473485743
0.21447505627007446
0.22530910254637992
0.23825846819126373
0.2537320098043887
0.27226424870457483
0.29456294183444154
0.32158052962272843
0.3546248903111349
0.39553788716663235
0.4469963751748921
0.5130338045164345
0.5998692323567587
0.7164968964938072
0.8706570416952356
1.041175251706771
1.0704800137650363
0.3707873681698775
-2.628886317210069
-11.044280199498278
-29.206088744681182
-60.273024141700006
-102.04058453860516
-144.1648476589296
-171.13954588733156
-171.13954588732634
-144.1648476589149
-102.04058453858552
-60.27302414167902
-29.20608874466199
-11.044280199482138
-2.628886317196853
0.3707873681806487
1.0704800137740256
1.0411752517144321
0.8706570417019098
0.7164968964996805
0.5998692323619998
0.5130338045211147
0.44699637517910107
0.3955378871704419
0.3546248903145638
0.3215805296258166
0.2945629418372157
0.27226424870707266
0.25373200980662225
0.23825846819325935
0.22530910254815228
0.21447505627164526
0.20544064473621781
0.19796069805757738
0.19184450324252328
0.18694429020815195
0.1831469259652893
0.18036793427089629
0.17854725204744587
0.17764633106424832
0.21753694772397125
0.21864015957807675
0.2208696535087732
0.22427263246935525
0.2289226446348554
0.23492313234620815
0.24241262828811105
0.2515720782734992
0.26263501145214013
0.275901638723214
0.2917585147801761
0.31070628049126503
0.3333994477729106
0.36070464559230253
0.3937880992543258
0.4342512328229492
0.4843492770174522
0.5473599082546888
0.6282229339136789
0.7345631775416377
0.8774587443091236
1.0667291104656231
1.2779201839141647
1.3233116555122215
0.4982788827130423
-3.085792835115247
-13.181296189784913
-35.01166305900167
-72.39650411433047
-122.69409027228087
-173.4438732798519
-205.95003589319356
-205.95003589318722
-173.44387327983446
-122.69409027225754
-72.39650411430551
-35.01166305897884
-13.181296189765735
-3.0857928350995403
0.49827888272583015
1.3233116555228905
1.2779201839232495
1.0667291104735583
0.8774587443160968
0.7345631775478633
0.6282229339192282
0.5473599082597029
0.48434927702197644
0.43425123282703426
0.39378809925799035
0.36070464559560267
0.33339944777587927
0.31070628049391963
0.29175851478255266
0.2759016387253217
0.26263501145401014
0.25157207827512107
0.24241262828949997
0.2349231323473694
0.2289226446358271
0.22427263247008827
0.2208696535093294
0.21864015957837024
0.21753694772406346
0.24270384883932683
0.24393467831250817
0.2464220757651427
0.250218703577975
0.2554066163277223
0.26210122008797115
0.2704570694107431
0.28067603676785474
0.2930186585734246
0.3078198634601706
0.32551090719879194
0.3466503217038208
0.37196829791380004
0.40243166234299854
0.4393414629353578
0.48448423439680655
0.5403758590591393
0.6106728885323842
0.7008872203052742
0.819535401847936
0.9790444257967359
1.1907281509827405
1.428853738738964
1.4894833076872085
0.6023801058473437
-3.302698740741043
-14.346231257264366
-38.27247496186692
-79.2924039204624
-134.51941021865133
-190.2673355178764
-225.98355115822332
-225.98355115821653
-190.26733551785748
-134.51941021862564
-79.29240392043499
-38.27247496184192
-14.346231257243367
-3.3026987407238737
0.6023801058613483
1.489483307698863
1.4288537387489062
1.1907281509914143
0.9790444258043636
0.819535401854743
0.7008872203113395
0.6106728885378746
0.5403758590640887
0.48448423440127997
0.43934146293935705
0.40243166234661754
0.3719682979170433
0.3466503217067358
0.3255109072013921
0.3078198634624891
0.2930186585754754
0.28067603676962827
0.2704570694122748
0.2621012200892384
0.25540661632879347
0.25021870357876874
0.24642207576577235
0.24393467831281124
0.24270384883943968
0.23050735200827704
0.23167631785761478
0.2340386940267599
0.23764449520421932
0.24257165046544354
0.2489297634198383
0.2568656175871327
0.2665709348621702
0.27829315070694516
0.29235035103174956
0.3091521032691217
0.3292288476470411
0.3532740457030964
0.3822058848380373
0.41725994837455593
0.46013285813883126
0.5132138479622046
0.5799754393065492
0.6656529959406068
0.7783428257990708
0.9299019954144832
1.1313670312719433
1.3595585834199426
1.4252576862403576
0.6098585821120355
-3.0229049851763716
-13.332849024106979
-35.707857934348475
-74.10637694515313
-125.83624031945087
-178.0742934457222
-211.54900869891566
-211.54900869890918
-178.0742934457041
-125.83624031942664
-74.10637694512712
-35.70785793432479
-13.332849024087135
-3.022904985160111
0.6098585821252618
1.4252576862513973
1.3595585834293347
1.1313670312801607
0.9299019954216867
0.7783428258055163
0.6656529959463446
0.5799754393117325
0.5132138479668811
0.46013285814306304
0.41725994837833347
0.3822058848414419
0.35327404570616844
0.3292288476497973
0.3091521032716035
0.29235035103393264
0.27829315070888616
0.2665709348638534
0.25686561758859067
0.248929763421052
0.2425716504664392
0.237644495204981
0.23403869402735814
0.23167631785788445
0.23050735200838335
0.16406389396708607
0.16489589974549954
0.16657730929942632
0.16914371984176724
0.17265059619496098
0.17717594696098488
0.182824242795254
0.1897319382247401
0.19807514048482572
0.20808024022531013
0.2200387370676139
0.2343281573212998
0.2514420507051516
0.27203390436659647
0.29698309341717544
0.3274971052761094
0.36527634184479485
0.41279219988982474
0.4737712574868117
0.5539810731801935
0.6618960938746961
0.8055591567932867
0.9692840791275362
1.0212737142377921
0.4583867140923653
-2.0782208883870954
-9.301227193806685
-25.001802825319416
-51.970969615034136
-88.32438547087426
-125.04813505182236
-148.58579235309494
-148.58579235309008
-125.048135051809
-88.3243854708564
-51.97096961501509
-25.001802825302086
-9.30122719379214
-2.0782208883751916
0.4583867141020418
1.0212737142458752
0.9692840791344214
0.8055591567992995
0.6618960938799759
0.5539810731849112
0.4737712574910017
0.41279219989362353
0.3652763418481985
0.3274971052792184
0.29698309341991946
0.27203390436909547
0.251442050707395
0.23432815732332551
0.2200387370694394
0.2080802402269064
0.1980751404862338
0.189731938225992
0.1828242427963246
0.17717594696188854
0.17265059619568218
0.16914371984232168
0.1665773092998648
0.16489589974568997
0.1640638939671622
0.04745673228412392
0.047697391552707816
0.04818374233619559
0.048926080863676086
0.049940449894553825
0.0512494127420073
0.05288318653991258
0.05488123928501233
0.05729450782617624
0.06018847245147334
0.06364744463529055
0.06778061660604648
0.07273073643178792
0.07868680762876562
0.0859031608499021
0.09472901413383791
0.10565613030597519
0.11939927360729533
0.13703667977905207
0.1602406836485839
0.19149027520893488
0.23325884669422253
0.28164432936050443
0.30077844045274493
0.15165330163651744
-0.5436309034549451
-2.5425459694869623
-6.907271789721056
-14.424182344505503
-24.573119984265574
-34.83574619745498
-41.417099250293916
-41.4170992502922
-34.83574619745012
-24.573119984258927
-14.42418234449848
-6.907271789714624
-2.5425459694815555
-0.5436309034505475
0.1516533016401077
0.3007784404557419
0.28164432936307415
0.2332588466964528
0.19149027521090906
0.160240683650336
0.1370366797805804
0.11939927360870595
0.10565613030723019
0.0947290141349981
0.08590316085087688
0.0786868076296882
0.07273073643261077
0.06778061660680235
0.06364744463596816
0.06018847245207047
0.05729450782669235
0.05488123928547681
0.05288318654031228
0.05124941274234389
0.049940449894846375
0.04892608086383991
0.04818374233639576
0.04769739155275185
0.047456732284169044
-0.08973639884970408
-0.09019147957179305
-0.0911111573931129
-0.09251490333406356
-0.0944330556719746
-0.0969082838124738
-0.09999773160534162
-0.10377603782474054
-0.10833953111724132
-0.1138120451826943
-0.12035302870389214
-0.1281689879920328
-0.1375298964211833
-0.14879321773211032
-0.16243998550720898
-0.17913072850439726
-0.19979562834568007
-0.22578658022607373
-0.25914134626952806
-0.30300801737031136
-0.36197739444520266
-0.44021382330694825
-0.5281232218470868
-0.5500158382107414
-0.22025551118416958
1.2286436542858499
5.323969184975281
14.194601548461888
29.400842739844684
49.87226377544653
70.5359368054658
83.77432010383997
83.77432010383818
70.53593680546078
49.87226377544
29.400842739837646
14.19460154845555
5.323969184969915
1.2286436542815289
-0.22025551118773667
-0.5500158382136717
-0.5281232218496085
-0.4402138233090924
-0.3619773944471274
-0.30300801737201166
-0.2591413462710991
-0.22578658022748627
-0.19979562834692632
-0.17913072850554185
-0.16243998550827804
-0.14879321773307636
-0.13752989642200597
-0.12816898799278906
-0.12035302870453587
-0.11381204518327359
-0.10833953111775715
-0.10377603782519551
-0.09999773160573514
-0.09690828381278944
-0.09443305567224314
-0.09251490333428308
-0.09111115739320577
-0.09019147957192905
-0.08973639884973078
-0.2063435605326561
-0.20738998776458256
-0.2095047243563497
-0.2127325423121607
-0.2171432019723654
-0.2228348180314758
-0.22993878786069663
-0.23862673676449475
-0.24912016377589358
-0.261703812956543
-0.2767443211362137
-0.29471652870728127
-0.31624121069452654
-0.34214031446993065
-0.37351991807447854
-0.4118988196466523
-0.45941583988448387
-0.5191795065085817
-0.5958759239772704
-0.6967484069019161
-0.83238321311094
-1.0125141334059846
-1.215762971614065
-1.2705111119957524
-0.5269889236399761
2.7632336392179884
12.082650409294846
32.2891325840597
66.947630010372
113.62352926205298
160.7483256598298
190.9430132066371
190.94301320663232
160.74832565981646
113.62352926203522
66.94763001035301
32.28913258404244
12.08265040928033
2.7632336392061685
-0.5269889236496366
-1.2705111120037702
-1.2157629716209017
-1.0125141334119088
-0.8323832131161817
-0.6967484069065777
-0.595875923981487
-0.519179506512387
-0.4594158398878838
-0.41189881964974995
-0.37351991807730045
-0.3421403144724575
-0.3162412106967778
-0.2947165287093009
-0.27674432113801434
-0.2617038129581023
-0.24912016377730964
-0.23862673676571416
-0.22993878786176822
-0.22283481803235294
-0.217143201973094
-0.21273254231273941
-0.20950472435667783
-0.20738998776487494
-0.2063435605327278
-0.27278701857384463
-0.2741704058767088
-0.2769661090836638
-0.281233317674609
-0.2870642562428483
-0.29458863449030015
-0.3039801626525602
-0.3154657334019033
-0.3293381739979934
-0.345973923762967
-0.3658576873376941
-0.3896172190330022
-0.418073205692454
-0.45231229494135505
-0.49379677303183683
-0.5445345725093584
-0.6073533460018745
-0.6863627459252909
-0.787757662431043
-0.921110159520758
-1.1003891146506817
-1.3383220078845854
-1.6060374759064104
-1.6744950839982193
-0.6784607916595684
3.707917736007287
16.11427223959488
42.99518769308789
89.083037340489
151.13538411062606
213.7744840537246
253.90622955245178
253.90622955244518
213.77448405370643
151.13538411060193
89.08303734046311
42.99518769306429
16.11427223957508
3.707917735991089
-0.6784607916727653
-1.6744950840092105
-1.6060374759157536
-1.3383220078927267
-1.1003891146578453
-0.921110159527152
-0.7877576624368107
-0.6863627459304726
-0.607353346006525
-0.5445345725135827
-0.4937967730356805
-0.4523122949447916
-0.4180732056955414
-0.3896172190357633
-0.36585768734016105
-0.3459739237651215
-0.3293381739999341
-0.3154657334035712
-0.3039801626540128
-0.29458863449150485
-0.28706425624383713
-0.2812333176753996
-0.27696610908415986
-0.27417040587704766
-0.2727870185739555
-0.2849835154048992
-0.2864287663316132
-0.28934949082202516
-0.2938075260483647
-0.29989922210512393
-0.3077600911583971
-0.31757161447615173
-0.3295708353075679
-0.344063681864449
-0.36144343619136443
-0.3822164912673349
-0.40703869308976026
-0.4367674579031361
-0.47253807244629853
-0.5158782875926151
-0.5688859487673148
-0.634515357098777
-0.7170601951511092
-0.8229918867956774
-0.962302735569588
-1.1495315450328873
-1.3976831275953294
-1.6753326312253547
-1.738720705444973
-0.6709823153948105
3.987711491571969
17.127654472751974
45.55980472060541
94.26906431579624
159.81855400982283
225.96752612587363
268.340772011753
268.34077201174614
225.96752612585448
159.81855400979734
94.2690643157689
45.55980472058049
17.12765447273106
3.98771149155484
-0.670982315408765
-1.7387207054566116
-1.6753326312352557
-1.3976831276039383
-1.1495315450404784
-0.9623027355763486
-0.8229918868017847
-0.7170601951565825
-0.6345153571036989
-0.5688859487717798
-0.5158782875966735
-0.4725380724499417
-0.4367674579064024
-0.40703869309268687
-0.38221649126993984
-0.3614434361936647
-0.344063681866497
-0.3295708353093347
-0.31757161447767346
-0.30776009115967684
-0.2998992221061813
-0.29380752604918076
-0.2893494908225661
-0.2864287663319518
-0.28498351540502154
-0.2598166142895487
-0.26113424759718645
-0.2637970685656392
-0.26786145493973507
-0.27341525041225245
-0.28058200341662864
-0.2895271733535001
-0.30046687681320905
-0.31368003474315226
-0.3295252114543921
-0.3484640988487016
-0.3710946518771897
-0.3981986077622321
-0.4308110556955871
-0.4703249239115722
-0.5186529471934427
-0.5784887750570625
-0.6537472148733943
-0.7503276004040652
-0.8773305112632629
-1.0479458635452348
-1.2736840870781654
-1.5243990764004889
-1.5725490532699218
-0.5668810922604388
3.77080558594616
15.962719405272283
42.29899281773939
87.37316450966259
147.99323406344934
209.14406388784445
248.30725674671788
248.30725674671166
209.14406388782714
147.99323406342606
87.3731645096376
42.29899281771661
15.962719405253175
3.7708055859304954
-0.5668810922731967
-1.5725490532805735
-1.5243990764095487
-1.2736840870860446
-1.0479458635521837
-0.8773305112694431
-0.750327600409649
-0.653747214878392
-0.578488775061566
-0.5186529471975185
-0.4703249239152891
-0.4308110556989138
-0.39819860776522364
-0.37109465187986074
-0.3484640988510928
-0.3295252114564905
-0.3136800347450237
-0.30046687681482387
-0.28952717335488964
-0.28058200341779926
-0.2734152504132056
-0.26786145494049574
-0.26379706856611895
-0.2611342475974978
-0.25981661428963954
-0.21992599762974596
-0.22104134006631201
-0.2232953493272825
-0.2267357484350513
-0.23143689598472728
-0.2375033743119704
-0.2450752431217953
-0.25433544327456425
-0.26552007956108314
-0.27893267527755705
-0.2949640522597795
-0.3141203811903085
-0.3370634086938836
-0.36466935193772054
-0.39811735427996614
-0.4390266046816162
-0.4896773852062275
-0.5533836817935827
-0.6351384710068184
-0.7426365660783661
-0.8869840157298964
-1.077612018307746
-1.2876541441930698
-1.3197174115226948
-0.4393895777172396
3.3138990680409774
13.825703414985483
36.493418503418376
75.24968453703093
127.33972832977155
179.8650382669192
213.4967667408523
213.4967667408472
179.8650382669045
127.33972832975206
75.24968453700997
36.493418503399226
13.825703414969407
3.3138990680277756
-0.4393895777279865
-1.319717411531673
-1.2876541442007046
-1.0776120183143871
-0.8869840157357556
-0.7426365660835703
-0.6351384710115215
-0.5533836817977842
-0.48967738521002147
-0.43902660468504423
-0.3981173542831057
-0.36466935194051736
-0.3370634086964107
-0.3141203811925528
-0.2949640522618008
-0.2789326752793162
-0.2655200795626596
-0.2543354432759212
-0.24507524312296783
-0.23750337431295276
-0.23143689598552825
-0.22673574843569194
-0.22329534932768558
-0.22104134006656614
-0.21992599762982223
-0.18147106968936305
-0.18239139666217996
-0.18425129698967335
-0.18709014987684675
-0.1909693132185057
-0.19597508447190165
-0.2022230358383137
-0.20986412372514485
-0.2190931739247594
-0.23016064430984073
-0.2433890296760337
-0.2591960087833304
-0.2781276399311195
-0.30090696156043883
-0.32850698801477907
-0.36226386537370514
-0.4040592849073144
-0.4566279051874178
-0.5240891587410873
-0.6127861278675164
-0.7318403543297982
-0.8888087776087247
-1.0605498864722953
-1.0807320174051982
-0.33335181546107345
2.822591381831366
11.634989889559119
30.610425671289427
63.02619525924611
106.5710824450505
150.4652226158709
178.56527943431365
178.5652794343094
150.46522261585898
106.57108244503468
63.02619525922907
30.61042567127386
11.634989889546016
2.8225913818206037
-0.3333518154698306
-1.0807320174125188
-1.06054988647852
-0.8888087776141409
-0.731840354334575
-0.6127861278717595
-0.5240891587449137
-0.4566279051908365
-0.4040592849104025
-0.36226386537649924
-0.3285069880173381
-0.30090696156271385
-0.27812763993317785
-0.2591960087851518
-0.24338902967768555
-0.23016064431127087
-0.21909317392604313
-0.2098641237262468
-0.20222303583926832
-0.19597508447270223
-0.1909693132191555
-0.1870901498773695
-0.18425129698999804
-0.18239139666238902
-0.18147106968942422
-0.15105562707794645
-0.1518217058934675
-0.1533698842896164
-0.15573294168090804
-0.15896195265338314
-0.16312875163368812
-0.1683295415551943
-0.1746899794685382
-0.18237223974995045
-0.19158480559571026
-0.20259612477273686
-0.21575387779876953
-0.23151261091049846
-0.25047419287965844
-0.27344857967688435
-0.30154801071342907
-0.3363388562468907
-0.38009748760537865
-0.4362525618231685
-0.5100803023068448
-0.609148556305781
-0.7396166805035368
-0.8816563114813085
-0.8948050090151392
-0.26047764508887433
2.4008434849223006
9.817075321682712
25.770471436282875
53.008038157360254
89.58375976613978
126.44458805718554
150.03915776366148
150.03915776365804
126.44458805717586
89.58375976612682
53.00803815734636
25.770471436270174
9.817075321672021
2.400843484913507
-0.26047764509602866
-0.894805009021119
-0.8816563114863945
-0.7396166805079663
-0.6091485563096843
-0.5100803023103151
-0.43625256182628624
-0.38009748760816614
-0.33633885624940923
-0.30154801071571036
-0.2734485796789741
-0.2504741928815136
-0.231512610912177
-0.21575387780025224
-0.20259612477408956
-0.19158480559687763
-0.18237223975099776
-0.17468997946943182
-0.16832954155597624
-0.16312875163433896
-0.15896195265391305
-0.15573294168132581
-0.15336988428988302
-0.1518217058936349
-0.15105562707799833
-0.1288847793577382
-0.1295384197453689
-0.13085936993146818
-0.13287559832570262
-0.13563068334975345
-0.1391859163780136
-0.1436233807774104
-0.1490502911305911
-0.155605019820518
-0.1634654514958505
-0.1728606346772267
-0.1840872221276323
-0.19753304843514927
-0.2137116495145705
-0.23331410979957967
-0.25728943496943224
-0.28697411407646034
-0.3243104191164059
-0.3722235852347123
-0.4352136300328199
-0.5197259211307242
-0.6309544248240848
-0.7517164202422799
-0.7612246306117518
-0.21427393625178642
2.0725528904988617
8.438285336467661
22.12470117045026
45.48466692726912
76.8474066744771
108.45088058267955
128.6789057694617
128.67890576945882
108.45088058267147
76.84740667446633
45.484666927257614
22.124701170439685
8.438285336458758
2.0725528904915302
-0.2142739362577526
-0.7612246306167365
-0.7517164202465245
-0.6309544248277861
-0.5197259211339817
-0.4352136300357233
-0.37222358523730426
-0.3243104191187311
-0.286974114078556
-0.2572894349713346
-0.2333141098013203
-0.21371164951611626
-0.197533048436547
-0.18408722212886325
-0.17286063467835622
-0.16346545149682606
-0.15560501982139222
-0.14905029113133136
-0.14362338077806547
-0.13918591637855737
-0.1356306833501959
-0.13287559832604331
-0.13085936993169395
-0.12953841974550934
-0.12888477935778017
-0.1128405378070115
-0.11341280981692176
-0.11456932161684025
-0.11633455998132379
-0.11874667849232601
-0.1218593386975868
-0.12574440585950547
-0.13049574801536593
-0.13623451235044812
-0.14311643967001791
-0.15134206557455132
-0.16117111428139963
-0.17294314120311063
-0.18710775537614538
-0.20427001260751015
-0.22526078322400186
-0.2512501853225211
-0.28393870117336234
-0.3258873281690552
-0.38103518352863264
-0.4550207913893907
-0.552368263485573
-0.6579336065879078
-0.665608664569654
-0.1845689643071011
1.8237202425282173
7.411523118045158
19.422711745711588
39.92077898323386
67.43899596749756
95.16708199659027
112.91416159175957
112.91416159175718
95.16708199658335
67.43899596748842
39.920778983224025
19.422711745702557
7.411523118037553
1.8237202425219592
-0.18456896431219916
-0.665608664573911
-0.6579336065915393
-0.5523682634887427
-0.45502079139217777
-0.38103518353112253
-0.32588732817126537
-0.28393870117535225
-0.2512501853243073
-0.22526078322562776
-0.204270012608994
-0.18710775537746702
-0.1729431412043043
-0.16117111428244701
-0.15134206557551644
-0.1431164396708548
-0.13623451235119838
-0.13049574801599415
-0.12574440586007063
-0.12185933869805399
-0.11874667849271076
-0.11633455998161002
-0.11456932161704425
-0.11341280981704221
-0.11284053780704817
-0.10081362992357393
-0.10132490723870621
-0.1023581540790737
-0.10393524732859248
-0.1060902740192817
-0.10887117625144621
-0.11234215961831891
-0.11658708734633245
-0.12171419428953031
-0.1278626217926883
-0.13521153157874508
-0.14399296540901826
-0.15451028747415757
-0.16716518556045512
-0.18249822594477585
-0.20125172090835025
-0.22447107123370455
-0.25367550906294406
-0.29115303413026333
-0.3404226775677751
-0.4065205611162158
-0.493481308917383
-0.587743681935077
-0.5943968685037135
-0.1639434181385968
1.6322344331908898
6.629074325794537
17.369161447833903
35.697213558093594
60.30159485741366
85.09323161829562
100.96073035160794
100.9607303516058
85.09323161828958
60.30159485740563
35.69721355808503
17.369161447826066
6.629074325787922
1.6322344331854417
-0.16394341814303887
-0.594396868507422
-0.5877436819382473
-0.49348130892015163
-0.4065205611186473
-0.3404226775699528
-0.2911530341321886
-0.2536755090646863
-0.22447107123525686
-0.2012517209097713
-0.18249822594606568
-0.16716518556161275
-0.15451028747520057
-0.143992965409931
-0.1352115315795867
-0.12786262179342406
-0.12171419429018918
-0.11658708734687881
-0.1123421596188152
-0.10887117625185609
-0.10609027401962223
-0.10393524732884087
-0.1023581540792596
-0.10132490723881118
-0.10081362992360429
-0.09136509614605032
-0.09182845501599501
-0.09276486285618679
-0.09419414617538632
-0.09614719725361157
-0.09866746489397799
-0.10181313712013743
-0.1056602172038897
-0.11030679584429001
-0.11587897355515317
-0.12253912035806136
-0.13049753017489818
-0.14002913470679315
-0.15149797390891834
-0.16539394984962733
-0.1823898018800151
-0.20343295051345478
-0.2299002360773844
-0.2638652042677981
-0.30851699689323786
-0.36841933730775356
-0.4472267477980878
-0.5326405728267577
-0.5386149993483821
-0.14831848392842614
1.4800491063369274
6.009848074972762
15.745888900911499
32.36034270826548
54.664169415574726
77.13765675142409
91.52143094428169
91.52143094427989
77.1376567514188
54.66416941556765
32.360342708257875
15.745888900904573
6.0098480749669285
1.4800491063321184
-0.1483184839323485
-0.5386149993516568
-0.5326405728295631
-0.4472267478005382
-0.3684193373099025
-0.30851699689516665
-0.2638652042695029
-0.22990023607893295
-0.2034329505148224
-0.1823898018812756
-0.1653939498507654
-0.15149797390994962
-0.14002913470772052
-0.13049753017570598
-0.12253912035880757
-0.1158789735558094
-0.11030679584487918
-0.10566021720437341
-0.10181313712058015
-0.09866746489434167
-0.09614719725391799
-0.09419414617560648
-0.09276486285635502
-0.09182845501608268
-0.09136509614607714
-0.08363509952859222
-0.08405925557415281
-0.0849164379247079
-0.08622479564678973
-0.08801260734671773
-0.0903196457951686
-0.09319917595420206
-0.09672077075263366
-0.10097422181028456
-0.10607496075130822
-0.11217162007010804
-0.1194567014798057
-0.12818187567555578
-0.1386803824229873
-0.15140067475198274
-0.16695857355119542
-0.18622134061136397
-0.21044932466871938
-0.2415406301292698
-0.28241455383558267
-0.33724859228499104
-0.40938757014611027
-0.4875712249760846
-0.49302583693438046
-0.1357015571191566
1.355039988739712
5.501942717563361
14.414971289065349
29.624930541837777
50.04329295505234
70.61696302765809
83.78478831841653
83.78478831841493
70.61696302765338
50.04329295504601
29.62493054183105
14.41497128905919
5.501942717558165
1.3550399887354296
-0.13570155712264656
-0.49302583693729873
-0.48757122497858896
-0.4093875701482974
-0.3372485922869046
-0.2824145538373027
-0.2415406301307939
-0.21044932467010946
-0.1862213406125776
-0.1669585735523236
-0.15140067475299285
-0.13868038242391356
-0.1281818756763853
-0.1194567014805267
-0.11217162007077419
-0.10607496075189954
-0.10097422181081497
-0.09672077075306902
-0.09319917595460014
-0.09031964579549628
-0.08801260734699601
-0.08622479564699292
-0.08491643792485734
-0.08405925557422589
-0.08363509952861736
-0.07711642370851263
-0.07750752018707083
-0.07829789203615634
-0.07950427374422592
-0.08115273982063514
-0.08327996305792434
-0.08593505682756365
-0.08918217138644889
-0.09310409978891067
-0.09780727664802881
-0.10342874968628299
-0.11014601656148973
-0.11819113211934215
-0.12787136254561168
-0.13960020721326527
-0.15394548814673334
-0.17170687004329122
-0.19404646566717823
-0.22271443327468543
-0.26040252291176547
-0.31096259114999675
-0.3774786070601897
-0.4495673116031611
-0.45459231347223505
-0.12510295174729014
1.249494459990257
5.073298958947587
13.291878525325702
27.31676854142347
46.14425631309022
65.114954281511
77.25682624458912
77.25682624458766
65.11495428150681
46.144256313084526
27.31676854141742
13.291878525320197
5.073298958942932
1.2494944599864257
-0.12510295175040803
-0.45459231347484913
-0.4495673116054062
-0.3774786070621493
-0.31096259115170893
-0.26040252291330634
-0.2227144332760561
-0.19404646566843392
-0.17170687004437568
-0.15394548814774778
-0.13960020721416377
-0.12787136254644252
-0.11819113212008336
-0.11014601656213187
-0.10342874968687875
-0.09780727664856143
-0.09310409978938905
-0.08918217138684317
-0.0859350568279232
-0.08327996305822086
-0.08115273982088905
-0.07950427374441563
-0.07829789203628658
-0.07750752018712803
-0.07711642370854034
-0.07149409562672397
-0.07185667839346273
-0.0725894265183589
-0.07370785442427959
-0.07523613559948189
-0.07720826912314908
-0.07966978764397378
-0.08268016439626827
-0.08631615621361055
-0.09067643784218174
-0.09588806521156118
-0.10211559507921879
-0.1095741637527502
-0.11854863538810194
-0.12942236208885594
-0.14272176724089006
-0.1591882136379928
-0.17989908650735176
-0.20647694250007573
-0.24141727766704787
-0.28829110257716783
-0.3499574760219215
-0.4167898745569242
-0.4214465189436219
-0.11597211185470088
1.1584296743736204
4.703509752924235
12.323020836673903
25.325611920611898
42.780735910363916
60.3686355552627
71.62547279151974
71.62547279151839
60.36863555525885
42.78073591035884
25.325611920606505
12.323020836668942
4.70350975292006
1.1584296743701825
-0.1159721118574921
-0.4214465189459692
-0.4167898745589402
-0.3499574760236802
-0.2882911025787019
-0.24141727766843052
-0.2064769425013095
-0.1798990865084912
-0.15918821363896632
-0.1427217672418049
-0.12942236208965485
-0.11854863538884652
-0.1095741637534115
-0.10211559507979193
-0.09588806521209337
-0.09067643784266169
-0.08631615621403979
-0.08268016439662612
-0.07966978764429643
-0.07720826912341884
-0.07523613559971186
-0.07370785442445839
-0.07258942651847172
-0.07185667839350465
-0.0714940956267558
-0.0665589466173954
-0.06689650071847852
-0.06757866809373649
-0.0686198922217512
-0.07004267792010757
-0.07187867734674083
-0.07417028007820053
-0.07697285397141534
-0.08035785741172377
-0.08441715372301475
-0.08926902828338935
-0.09506667864628135
-0.10201039044560402
-0.11036536389531446
-0.120488488587708
-0.13286984924533232
-0.14819963277725326
-0.167480852868744
-0.1922240611373172
-0.2247524882685352
-0.2683906310036753
-0.3258001527743862
-0.3880188825929663
-0.3923529363395118
-0.10796089666118408
1.0784836860221232
4.378886224296885
11.472507778476789
23.57767883336292
39.82807987422734
56.20209623634469
66.68200950911023
66.68200950910898
56.20209623634124
39.828079874222766
23.577678833358014
11.472507778472337
4.37888622429312
1.078483686019035
-0.10796089666368805
-0.3923529363416228
-0.3880188825947781
-0.32580015277596414
-0.2683906310050522
-0.22475248826977623
-0.19222406113842672
-0.167480852869778
-0.1481996327781328
-0.13286984924615874
-0.1204884885884216
-0.11036536389598232
-0.10201039044619625
-0.09506667864679554
-0.08926902828386568
-0.08441715372344555
-0.08035785741210758
-0.07697285397173834
-0.0741702800784896
-0.07187867734698666
-0.07004267792031676
-0.06861989222191968
-0.06757866809384025
-0.06689650071850604
-0.06655894661743234
-0.062164051819595084
-0.06247931716591164
-0.06311644091257637
-0.0640889128315138
-0.06541775174114288
-0.06713251979870317
-0.06927280758493656
-0.07189032700075926
-0.07505181801206329
-0.07884307817716976
-0.08337458244900514
-0.08878941268838961
-0.09527462958600798
-0.10307792206474164
-0.11253261411488384
-0.12409642987898678
-0.13841398275196776
-0.15642205658795458
-0.1795314596727671
-0.20991201642232366
-0.2506686992463295
-0.304287398748311
-0.3623976256291922
-0.36644479920573825
-0.10082861891996263
1.0072832553530344
4.089782440930869
10.715061139390347
22.02101435448891
37.198521515581334
52.49148560713368
62.279490797291146
62.27949079729005
52.49148560713057
37.19852151557723
22.021014354484503
10.71506113938632
4.089782440927479
1.0072832553502549
-0.10082861892221334
-0.3664447992076393
-0.3623976256308197
-0.3042873987497278
-0.2506686992475668
-0.20991201642343857
-0.17953145967376385
-0.15642205658889607
-0.13841398275277148
-0.1240964298797391
-0.1125326141155278
-0.10307792206534482
-0.09527462958654084
-0.0887894126888551
-0.08337458244943063
-0.07884307817755576
-0.075051818012405
-0.07189032700105012
-0.06927280758519352
-0.06713251979892695
-0.06541775174133047
-0.06408891283167109
-0.06311644091267711
-0.06247931716592644
-0.06216405181963347
-0.05820186288579065
-0.05849703395328439
-0.05909354891589003
-0.06000403773788214
-0.06124817954541022
-0.06285365227011258
-0.06485752307756833
-0.06730820786716762
-0.07026819274700573
-0.0738178067275364
-0.07806048332883507
-0.08313018468233851
-0.08920204862826933
-0.09650797691576933
-0.1053600481462685
-0.11618681203486925
-0.12959179554525627
-0.14645207359630788
-0.16808853181267397
-0.19653269291523837
-0.23469162089674028
-0.2848927485632862
-0.3392990511358714
-0.3430878553087603
-0.09439986391237606
0.9430888174210494
3.8291313679248438
10.032163254283457
20.617560558397884
34.82777165704807
49.14608396217352
58.310280650799086
58.310280650798035
49.146083962170714
34.82777165704434
20.61756055839394
10.032163254279833
3.829131367921786
0.9430888174185477
-0.0943998639144039
-0.34308785531047437
-0.33929905113733616
-0.28489274856456104
-0.23469162089785697
-0.1965326929162433
-0.16808853181357347
-0.14645207359716725
-0.129591795545997
-0.11618681203555525
-0.1053600481468548
-0.09650797691631435
-0.08920204862875149
-0.08313018468276537
-0.07806048332921806
-0.07381780672788393
-0.07026819274731227
-0.06730820786742901
-0.06485752307779612
-0.06285365227031255
-0.0612481795455742
-0.06000403773802164
-0.05909354891598903
-0.05849703395328622
-0.05820186288582652
-0.05459118894021292
-0.05486804844306961
-0.055427557331523235
-0.05628156204234974
-0.05744852086388198
-0.05895439466639084
-0.06083395107203472
-0.06313260239263514
-0.06590895827148457
-0.06923836432904146
-0.07321783735375584
-0.07797302883160183
-0.08366821152440214
-0.09052090061637542
-0.09882381417426733
-0.10897891579530661
-0.12155229114547753
-0.13736660352750082
-0.15766079381557355
-0.18434035332265208
-0.22013199721067253
-0.267218764998538
-0.31824979615970655
-0.32180334465309984
-0.0885423922815265
0.8845865476947532
3.591596338486134
9.409831003185289
19.338579360254897
32.66728483546088
46.09738796735148
54.693102113365605
54.693102113364716
46.09738796734894
32.66728483545755
19.338579360251277
9.409831003182017
3.591596338483372
0.8845865476924963
-0.08854239228335854
-0.32180334465464666
-0.31824979616102733
-0.26721876499968816
-0.22013199721168247
-0.18434035332355814
-0.15766079381638687
-0.13736660352828547
-0.12155229114616325
-0.10897891579593433
-0.09882381417480521
-0.09052090061686958
-0.08366821152483916
-0.07797302883199592
-0.07321783735410069
-0.06923836432935548
-0.06590895827176085
-0.06313260239287136
-0.06083395107223648
-0.05895439466656796
-0.05744852086402234
-0.05628156204246898
-0.05542755733161908
-0.05486804844306245
-0.05459118894024277
-0.05126920996620606
-0.05152922202540246
-0.05205468370050084
-0.05285672054868489
-0.05395266763411056
-0.05536690605550803
-0.05713208775457707
-0.05929086161135586
-0.061898270752273846
-0.06502507586158142
-0.0687623900549544
-0.07322821866272722
-0.0785768381022423
-0.08501252729365133
-0.09281019177352205
-0.10234733476303483
-0.11415559432514369
-0.12900757275318578
-0.1480668182967326
-0.173122868212054
-0.20673651003882781
-0.2509579400009698
-0.298883610457589
-0.3022208563228519
-0.08315396111293602
0.8307596576570728
3.3730475362573125
8.837243629358127
18.161832064491794
30.67949464766383
43.29238703255402
51.365059853065496
51.36505985306469
43.292387032551815
30.679494647660903
18.161832064488575
8.837243629355182
3.3730475362548304
0.8307596576550416
-0.08315396111459213
-0.3022208563242461
-0.2988836104587796
-0.2509579400020062
-0.2067365100397398
-0.1731228682128686
-0.14806681829747015
-0.1290075727538999
-0.11415559432577814
-0.10234733476361035
-0.09281019177402133
-0.08501252729410193
-0.07857683810263982
-0.0732282186630919
-0.06876239005526386
-0.06502507586186337
-0.06189827075252176
-0.05929086161156866
-0.05713208775475607
-0.05536690605566409
-0.05395266763423316
-0.052856720548786325
-0.05205468370059409
-0.05152922202539367
-0.05126920996623152
-0.04818629852282141
-0.048430675572723014
-0.04892454025856169
-0.04967834913645661
-0.050708394879938876
-0.05203759250544868
-0.05369663053055074
-0.055725593275705636
-0.05817621401733
-0.06111499846167903
-0.0646275809138974
-0.06882487081030961
-0.07385186761911341
-0.07990056655609548
-0.0872293425239213
-0.0961929986854046
-0.10729120456512771
-0.12125010416193412
-0.13916327887581986
-0.1627126568774994
-0.19430504007237784
-0.2358673452261379
-0.28091116203833444
-0.28404778024756594
-0.07815384273367293
0.7808047506499821
3.1702220431820267
8.305851885423786
17.069748415204792
28.83472081020587
40.689198805490996
48.27646182244986
48.276461822449086
40.68919880548899
28.83472081020323
17.0697484152019
8.305851885421125
3.1702220431797894
0.780804750648155
-0.07815384273516457
-0.28404778024881516
-0.28091116203940336
-0.2358673452270679
-0.19430504007319896
-0.1627126568782285
-0.13916327887648877
-0.12125010416257997
-0.1072912045657067
-0.09619299868592726
-0.08722934252438226
-0.07990056655650574
-0.07385186761947243
-0.06882487081064573
-0.06462758091417292
-0.0611149984619319
-0.05817621401755058
-0.055725593275898544
-0.05369663053071143
-0.0520375925055894
-0.05070839488005155
-0.04967834913654634
-0.04892454025864937
-0.04843067557271842
-0.04818629852284442
-0.045302523214171136
-0.045532275176316125
-0.04599658383621816
-0.046705279962188206
-0.04767368116903632
-0.048923331090623565
-0.050483081645291424
-0.05239061824844963
-0.05469457812220621
-0.05745748683999261
-0.0607598537937389
-0.06470595087691362
-0.06943209984286886
-0.07511880565599971
-0.08200898036509893
-0.09043619336455612
-0.1008702106237239
-0.113993718793928
-0.13083485191945537
-0.15297488016005872
-0.18267656698791673
-0.2217515156374641
-0.264099649944472
-0.26704868366225176
-0.0734771104359234
0.7340753033587457
2.9804941857505787
7.808776251067344
16.04818978953005
27.109079890416297
38.25412097061981
45.38732131868208
45.38732131868149
38.254120970618025
27.109079890413916
16.04818978952744
7.8087762510649545
2.980494185748584
0.7340753033571106
-0.07347711043726013
-0.26704868366336554
-0.2640996499454258
-0.22175151563829099
-0.18267656698864954
-0.1529748801607047
-0.13083485192005684
-0.11399371879450497
-0.10087021062424086
-0.09043619336502273
-0.08200898036551785
-0.07511880565637079
-0.06943209984318874
-0.06470595087722004
-0.06075985379398156
-0.05745748684021829
-0.054694578122401166
-0.05239061824862548
-0.05048308164543804
-0.04892333109075328
-0.047673681169145415
-0.04670527996227121
-0.045996583836298066
-0.045532275176317936
-0.04530252321419424
-0.042585211545189655
-0.04280118264199716
-0.04323764137581715
-0.04390382885035
-0.04481414390633683
-0.04598883795724546
-0.04745503233875069
-0.04924815203654045
-0.05141391693631527
-0.0540111022295583
-0.057115388227772346
-0.06082479243025036
-0.06526745979233171
-0.07061306829664638
-0.07708995972529394
-0.085011695416764
-0.09481986396151254
-0.10715620323658533
-0.12298717789554064
-0.1437992106651137
-0.17171934165462527
-0.20845051919535812
-0.2482585943542851
-0.25103093735710247
-0.06907065984826195
0.6900422574439536
2.801715423212185
7.340387387395955
15.085586935987454
25.483028736756467
35.95957585914616
42.664918332278205
42.66491833227765
35.95957585914458
25.483028736754324
15.08558693598511
7.340387387393852
2.801715423210408
0.6900422574424983
-0.06907065984945188
-0.25103093735808957
-0.24825859435512965
-0.20845051919608792
-0.171719341655272
-0.14379921066567888
-0.12298717789607402
-0.10715620323709182
-0.0948198639619611
-0.08501169541717082
-0.07708995972566501
-0.07061306829697736
-0.06526745979261138
-0.06082479243052484
-0.05711538822798236
-0.05401110222975901
-0.051413916936486705
-0.04924815203670134
-0.047455032338886656
-0.04598883795736841
-0.04481414390644594
-0.043903828850431065
-0.04323764137588916
-0.04280118264200594
-0.042585211545214066
-0.04000720556558938
-0.04021010228750911
-0.04062013885080376
-0.04124599692438631
-0.042101203676913515
-0.04320478454859948
-0.04458221901274702
-0.04626678750885353
-0.048301442146855667
-0.05074140000403826
-0.053657759880064965
-0.05714260551920827
-0.06131632427255143
-0.0663383222000965
-0.07242311778135774
-0.07986529003976334
-0.0890796947418715
-0.10066922029553316
-0.1155418235599548
-0.13509394241392547
-0.16132385204354058
-0.195831417951701
-0.23322966621377064
-0.23583442849959146
-0.06489036360040924
0.6482658059973467
2.6320997285731416
6.89600580251939
14.172322721640858
23.94032178924489
33.78263909154859
40.0820538301434
40.08205383014294
33.78263909154721
23.940321789243043
14.172322721638796
6.896005802517525
2.6320997285715784
0.6482658059960615
-0.06489036360145659
-0.23583442850045677
-0.23322966621450925
-0.19583141795233688
-0.16132385204410565
-0.13509394241441502
-0.11554182356041895
-0.10066922029597136
-0.08907969474225311
-0.07986529004011145
-0.07242311778167912
-0.06633832220038613
-0.06131632427279084
-0.05714260551944837
-0.053657759880242906
-0.05074140000421455
-0.04830144214700642
-0.04626678750900142
-0.04458221901287675
-0.04320478454871916
-0.042101203677026064
-0.041245996924470014
-0.04062013885087225
-0.04021010228752501
-0.04000720556561549
-0.037545584002747684
-0.037735996594663014
-0.038120803820841084
-0.03870815317122885
-0.039510739494235794
-0.040546417603687226
-0.041839099232800735
-0.043420017090981686
-0.045329480464381275
-0.04761930894815951
-0.050356226663855336
-0.05362665148197843
-0.05754356336904021
-0.0622565601921785
-0.06796696118696915
-0.0749512200271262
-0.08359866652287987
-0.0944750934972973
-0.10843259139963082
-0.1267816757468067
-0.15139767026481277
-0.18378201272343447
-0.21887923682194343
-0.22132402493508999
-0.06089898833364275
0.6083747204936725
2.470139609101763
6.47168180459557
13.300279889314714
22.467247132394778
31.70396155832659
37.615770721076814
37.61577072107644
31.70396155832539
22.467247132393158
13.300279889312929
6.471681804593951
2.4701396091004035
0.6083747204925519
-0.06089898833455215
-0.22132402493583853
-0.2188792368225803
-0.18378201272398137
-0.15139767026529874
-0.12678167574722543
-0.10843259140002712
-0.09447509349767017
-0.08359866652319924
-0.07495122002741994
-0.06796696118724188
-0.06225656019242758
-0.0575435633692449
-0.05362665148218678
-0.05035622666400624
-0.04761930894831355
-0.045329480464514474
-0.04342001709111584
-0.04183909923292472
-0.04054641760380223
-0.03951073949434843
-0.03870815317131262
-0.038120803820906594
-0.0377359965946831
-0.0375455840027734
-0.03518070597061401
-0.035359125068389896
-0.03571969448972574
-0.03627004853928087
-0.03702208245607716
-0.03799252643414383
-0.03920378608009797
-0.0406851268507695
-0.04247431907373523
-0.044619918385996785
-0.04718444615962833
-0.05024887706524529
-0.05391907480171792
-0.058335214514441985
-0.06368593493805663
-0.0702302767410368
-0.07833304697457319
-0.08852440077648625
-0.10160275781048672
-0.11879608812937412
-0.1418615963626329
-0.1722061619484476
-0.2050928023922049
-0.20738393611063843
-0.05706463681308398
0.5700508771893903
2.3145432521638263
6.064030810566015
12.462502583617098
21.052054731542313
29.706962594103196
35.246396583153384
35.24639658315308
29.70696259410219
21.05205473154094
12.462502583615548
6.064030810564638
2.314543252162665
0.5700508771884302
-0.05706463681386019
-0.20738393611127293
-0.20509280239274616
-0.17220616194891036
-0.14186159636304554
-0.11879608812972982
-0.10160275781081786
-0.08852440077679613
-0.07833304697483716
-0.07023027674128074
-0.06368593493828356
-0.0583352145146494
-0.05391907480189185
-0.05024887706542423
-0.047184446159756935
-0.04461991838612968
-0.04247431907385382
-0.04068512685088915
-0.03920378608021444
-0.03799252643425003
-0.037022082456183214
-0.03627004853935718
-0.035719694489785764
-0.03535912506840977
-0.03518070597063595
-0.0328954805616065
-0.03306231012435633
-0.0333994581069751
-0.03391406291372101
-0.034617247106316563
-0.03552465413796381
-0.03665723421738941
-0.03804235180902824
-0.03971532379803608
-0.04172155179858007
-0.04411949598862574
-0.04698487117468535
-0.05041666447553267
-0.05454594568770125
-0.05954910014550831
-0.06566834201211773
-0.07324478154954181
-0.082774136553355
-0.09500296364045979
-0.11107946772204602
-0.13264671298139558
-0.16102020627862496
-0.19177072562240474
-0.19391340616240454
-0.0533595586333987
0.5330174365505823
2.1641865122729396
5.670107543458245
11.652937801708122
19.684519681577164
27.777213670154648
32.95681243493372
32.956812434933454
27.777213670153817
19.684519681576035
11.652937801706821
5.670107543457108
2.164186512271974
0.5330174365497798
-0.05335955863404731
-0.19391340616293307
-0.19177072562285585
-0.1610202062790111
-0.13264671298173888
-0.11107946772234381
-0.09500296364073041
-0.08277413655360474
-0.07324478154975814
-0.0656683420123164
-0.05954910014569265
-0.054545945687866505
-0.050416664475677386
-0.04698487117483501
-0.044119495988733035
-0.041721551798690526
-0.03971532379814026
-0.03804235180913228
-0.036657234217496185
-0.03552465413805947
-0.0346172471064135
-0.03391406291378679
-0.03339945810702996
-0.03306231012437542
-0.03289548056162176
-0.03067479738552621
-0.030830364739842922
-0.031144752782232613
-0.03162461802242761
-0.032280332167825304
-0.033126482623984856
-0.0341826053070277
-0.03547421737936838
-0.03703425157715952
-0.03890504457191028
-0.04114111004924626
-0.04381305150786617
-0.047013173704344095
-0.050863698252361034
-0.05552910316386714
-0.06123525133527295
-0.06830022551943532
-0.07718627880258498
-0.08858956955752217
-0.10358079043541449
-0.12369208904733632
-0.15015018103265906
-0.1788249156525858
-0.1808233561587289
-0.049759223405222076
0.49702962603605017
2.0180754742101144
5.287307941912293
10.866233798725673
18.355601665927658
25.90195785097619
30.731882586259466
30.73188258625926
25.9019578509755
18.355601665926727
10.866233798724613
5.287307941911385
2.018075474209327
0.49702962603540296
-0.04975922340574508
-0.18082335615915446
-0.17882491565295053
-0.15015018103297267
-0.12369208904761467
-0.1035807904356597
-0.08858956955773648
-0.0771862788027797
-0.06830022551960924
-0.06123525133542974
-0.055529103164012744
-0.05086369825248718
-0.047013173704460454
-0.043813051507986506
-0.04114111004933269
-0.03890504457199669
-0.037034251577245984
-0.03547421737945307
-0.034182605307119404
-0.033126482624065964
-0.03228033216790911
-0.031624618022480226
-0.031144752782280287
-0.03083036473986083
-0.03067479738553196
-0.02850507285022591
-0.028649636433365655
-0.028941786814673322
-0.02938770966754313
-0.029997043075149207
-0.03078334262888234
-0.031764762406501744
-0.03296501465906413
-0.03441470268360182
-0.036153168541270826
-0.038231069986912634
-0.04071401650244305
-0.043687783824898865
-0.0472659484277691
-0.05160135424276299
-0.056903888119000795
-0.06346913372295071
-0.07172664736313353
-0.08232334568688982
-0.09625418782198267
-0.11494295017552628
-0.1395295952198725
-0.16617618283802504
-0.16803370888356783
-0.046241582608353066
0.4618673953229498
1.875316622522234
4.913291000311581
10.097579454824444
17.057173609618985
24.069726891865578
28.55800033693292
28.55800033693276
24.069726891865002
17.05717360961828
10.09757945482363
4.913291000310874
1.8753166225216282
0.46186739532245447
-0.04624158260875256
-0.16803370888389285
-0.16617618283830238
-0.13952959522011613
-0.11494295017574244
-0.0962541878221791
-0.08232334568705348
-0.07172664736327979
-0.06346913372308588
-0.056903888119117674
-0.051601354242871565
-0.04726594842786097
-0.04368778382498828
-0.0407140165025348
-0.03823106998697842
-0.03615316854133285
-0.03441470268366803
-0.032965014659125866
-0.031764762406571626
-0.030783342628943704
-0.02999704307521561
-0.029387709667580485
-0.028941786814710886
-0.02864963643338156
-0.02850507285022033
-0.026373879896352596
-0.026507635121610314
-0.02677794275505396
-0.027190525995212968
-0.027754302329317
-0.028481813858343846
-0.029389857361461273
-0.03050037223140089
-0.03184167369409396
-0.03345016238101248
-0.035372708592913
-0.03767001648269892
-0.040421448715509574
-0.043732090152152
-0.0477433572518168
-0.05264944453260086
-0.058723836133079826
-0.06636397224333723
-0.07616840226825458
-0.0890576967747828
-0.1063491856021713
-0.12909761908089917
-0.15375208008425162
-0.15547120574101655
-0.04278646742608848
0.42732942180626265
1.7350924959810587
4.545914980746842
9.34257317930221
15.781800227586354
22.270028744609153
26.422717212323313
26.422717212323164
22.2700287446088
15.781800227585878
9.34257317930161
4.545914980746355
1.7350924959806306
0.42732942180591704
-0.04278646742636915
-0.1554712057412464
-0.1537520800844449
-0.12909761908107645
-0.10634918560232737
-0.08905769677493283
-0.07616840226837032
-0.06636397224344001
-0.05872383613317601
-0.05264944453267703
-0.04774335725188777
-0.04373209015221367
-0.04042144871557149
-0.037670016482761755
-0.03537270859295787
-0.033450162381050384
-0.03184167369413622
-0.030500372231436246
-0.02938985736150425
-0.028481813858382606
-0.02775430232936328
-0.02719052599523661
-0.026777942755077725
-0.026507635121623258
-0.0263738798963357
-0.024269637471659326
-0.024392721018911
-0.024641462122583613
-0.02502112735469597
-0.025539922719032448
-0.02620938964252144
-0.02704498476983865
-0.028066897054558903
-0.029301182585958013
-0.03078133776250909
-0.032550493326217816
-0.03466451013274508
-0.03719641887373445
-0.0402429201805832
-0.043934147549637606
-0.048448801610439476
-0.054038546440795227
-0.061069112248539864
-0.07009129284421044
-0.08195221095388355
-0.09786409601415949
-0.11879756405938881
-0.14148509247909352
-0.14306757592980934
-0.03937508388831622
0.39322808277698246
1.5966412686660945
4.183183913545516
8.597112959808623
14.522552292108703
20.493085467067843
24.31443200156675
24.31443200156663
20.4930854670676
14.522552292108426
8.597112959808305
4.183183913545233
1.5966412686658376
0.3932280827767818
-0.03937508388848057
-0.14306757592994554
-0.14148509247920332
-0.1187975640594992
-0.09786409601425584
-0.08195221095398686
-0.07009129284428
-0.06106911224860333
-0.05403854644085238
-0.048448801610475406
-0.043934147549669914
-0.0402429201806158
-0.03719641887376809
-0.03466451013277562
-0.032550493326239965
-0.03078133776252291
-0.02930118258597553
-0.028066897054566733
-0.02704498476985303
-0.026209389642536426
-0.02553992271905742
-0.025021127354706702
-0.024641462122591384
-0.02439272101891793
-0.024269637471634964
-0.022181341744672955
-0.022293834487755453
-0.022521172500610767
-0.02286816918923886
-0.023342324465867627
-0.023954186666849384
-0.024717882458413415
-0.025651863620453137
-0.02677994422617707
-0.02813273845042967
-0.029749665816259426
-0.031681780586437905
-0.033995829465243224
-0.03678019239361605
-0.04015380541179431
-0.04427999267967487
-0.049388763575683337
-0.055814378637185205
-0.06406023799403876
-0.07490057315759766
-0.08944330969037306
-0.1085755670912621
-0.12931107027421246
-0.13075795173965366
-0.035989575985604455
0.3593851030629662
1.4592390746869768
3.823201286661758
7.85730118609357
13.272845857972873
18.729606351069258
22.222121581145824
22.222121581145828
18.729606351069158
13.272845857972836
7.857301186093409
3.8232012866616585
1.4592390746868884
0.3593851030629064
-0.03598957598565432
-0.1307579517396981
-0.12931107027423774
-0.1085755670913037
-0.0894433096904061
-0.07490057315765052
-0.06406023799405997
-0.055814378637208076
-0.04938876357569653
-0.0442799926796699
-0.04015380541178608
-0.03678019239361843
-0.033995829465247575
-0.03168178058643545
-0.02974966581625992
-0.028132738450423373
-0.02677994422617331
-0.025651863620437657
-0.024717882458401733
-0.023954186666842
-0.023342324465870343
-0.022868169189238043
-0.02252117250060114
-0.022293834487752764
-0.022181341744646768
