-0.01720961204848847
-0.017296890643801348
-0.01747327306494871
-0.01774249383990155
-0.018110371848129886
-0.018585091118783405
-0.019177611962671523
-0.01990225037183172
-0.020777482725102478
-0.021827061325456296
-0.023081570189562476
-0.02458062025773042
-0.026375997599942143
-0.028536272636942053
-0.031153723025359015
-0.03435506535630965
-0.03831875455832475
-0.04330412976167847
-0.049701758572673
-0.058112335750639316
-0.06939545717850452
-0.0842394124695157
-0.1003273126805092
-0.10145013218726526
-0.027923910038177985
0.2788295828721156
1.1321585097615912
2.9662562057019946
6.096145224449416
10.29784182018275
14.531517776893129
17.24121729250417
17.241217292504167
14.531517776893201
10.297841820182853
6.096145224449532
2.966256205702077
1.1321585097616813
0.27882958287218507
-0.027923910038123445
-0.1014501321872044
-0.10032731268045401
-0.08423941246945624
-0.06939545717846039
-0.05811233575058848
-0.04970175857265005
-0.04330412976163501
-0.038318754558326215
-0.034355065356302325
-0.031153723025348495
-0.028536272636886083
-0.026375997599925177
-0.024580620257685433
-0.02308157018952876
-0.021827061325406724
-0.020777482725059124
-0.019902250371784176
-0.019177611962660802
-0.018585091118752235
-0.01811037184813139
-0.017742493839875938
-0.01747327306500593
-0.017296890643752977
-0.017209612048523913
-0.014682984064830214
-0.014757448853001433
-0.0149079356884108
-0.015137630813900313
-0.015451498809373639
-0.015856522164648935
-0.016362052050880486
-0.01698030265540649
-0.01772703774415738
-0.01862252242085628
-0.01969285050264724
-0.020971817438996752
-0.022503606311891848
-0.024346720350675703
-0.026579889427684994
-0.02931122617091749
-0.03269298553174675
-0.03694643154982191
-0.04240479023466412
-0.04958056460527138
-0.05920714803156816
-0.07187177888502233
-0.08559772437579787
-0.08655567644898374
-0.023824060257630463
0.23789418763922043
0.9659443703871162
2.5307761442704058
5.2011644931192285
8.786009720548538
12.398140828513224
14.71003061852336
14.71003061852327
12.398140828513442
8.786009720548787
5.20116449311948
2.5307761442706487
0.9659443703873435
0.23789418763940287
-0.023824060257485895
-0.08655567644884768
-0.08559772437567922
-0.07187177888490236
-0.05920714803147582
-0.04958056460517134
-0.04240479023459676
-0.03694643154973084
-0.03269298553170922
-0.02931122617086787
-0.026579889427635086
-0.024346720350593945
-0.02250360631184816
-0.02097181743893367
-0.01969285050259925
-0.01862252242080201
-0.017727037744098728
-0.01698030265535391
-0.0163620520508594
-0.01585652216461457
-0.015451498809370062
-0.015137630813872378
-0.014907935688472125
-0.014757448852946161
-0.014682984064862462
-0.012137062187019342
-0.012198615318886651
-0.012323008823951404
-0.012512876473083665
-0.012772322022987536
-0.01310711724890702
-0.013524991894566204
-0.014036042292713104
-0.014653298882205129
-0.015393512938412256
-0.016278253790681256
-0.01733545698910114
-0.018601644569328418
-0.020125175693650736
-0.02197112899568183
-0.024228871075441562
-0.027024256836795872
-0.03054018447614562
-0.03505210052718349
-0.04098364280182624
-0.04894103839742374
-0.059409702598215965
-0.07075565545894934
-0.07154747542703618
-0.019692875215196526
0.19664628903952153
0.798461225109042
2.091971225159947
4.299350604679571
7.262634792077963
10.248475549828942
12.159518335132423
12.159518335132649
10.248475549829365
7.262634792078417
4.299350604680015
2.091971225160371
0.7984612251094076
0.19664628903982018
-0.019692875214957713
-0.07154747542682101
-0.07075565545876455
-0.05940970259803502
-0.048941038397286286
-0.040983642801680154
-0.03505210052707194
-0.03054018447600567
-0.02702425683671332
-0.02422887107534649
-0.021971128995588212
-0.020125175693542715
-0.01860164456925454
-0.017335456989019254
-0.0162782537906168
-0.01539351293835322
-0.014653298882131016
-0.01403604229265441
-0.013524991894531872
-0.013107117248869418
-0.012772322022976916
-0.012512876473053216
-0.012323008824016522
-0.012198615318826905
-0.012137062187044675
-0.009558532890269927
-0.009607008997007538
-0.00970497497577525
-0.009854505049542881
-0.010058831126631949
-0.01032249876120039
-0.010651595502732113
-0.011054072704457149
-0.011540192470421158
-0.012123147243434818
-0.012819923916553864
-0.013652523088361714
-0.01464970762736999
-0.015849562706002567
-0.017303340877187653
-0.01908142261788226
-0.021282924657862565
-0.024051887967107298
-0.027605239570944004
-0.032276613889097035
-0.0385434429540326
-0.04678801450743286
-0.055723489926934086
-0.05634704024193718
-0.015508731379458338
0.15487025098220128
0.6288334200628115
1.6475471898377454
3.385988459752383
5.719752108730081
8.071282464653978
9.576345145005199
9.576345145005376
8.071282464654473
5.719752108730705
3.385988459753035
1.6475471898383112
0.6288334200633249
0.1548702509826242
-0.015508731379120098
-0.05634704024163478
-0.05572348992667943
-0.04678801450718953
-0.03854344295384836
-0.03227661388890581
-0.027605239570789072
-0.024051887966918775
-0.021282924657731253
-0.01908142261774254
-0.017303340877052174
-0.01584956270587087
-0.01464970762726624
-0.013652523088261325
-0.012819923916470372
-0.012123147243368406
-0.011540192470331289
-0.01105407270439064
-0.010651595502682465
-0.010322498761158094
-0.010058831126610778
-0.009854505049507089
-0.009704974975838592
-0.009607008996946496
-0.00955853289028457
-0.006933384271402634
-0.006968546922689453
-0.007039607570119382
-0.007148070772205511
-0.0072962808260141655
-0.007487534894718907
-0.007726248642936709
-0.008018189663460053
-0.008370801674416908
-0.00879365394286281
-0.009299068075706865
-0.009903002416851003
-0.01062632038282155
-0.011496647403539645
-0.012551159976994176
-0.013840909189416564
-0.015437790171670879
-0.017446284129097447
-0.02002374054243085
-0.023412163157461204
-0.02795786022879187
-0.03393812694063679
-0.04041954020374486
-0.04087176433329835
-0.011248869361162903
0.11233913087961836
0.45613938147751076
1.1950894633604046
2.4561156853394355
4.1489790390636525
5.854732663360352
6.946476405853247
6.946476405853399
5.854732663360936
4.148979039064436
2.4561156853402526
1.195089463361155
0.45613938147816535
0.11233913088016828
-0.011248869360718918
-0.040871764332903626
-0.040419540203413776
-0.03393812694032884
-0.027957860228557715
-0.023412163157224698
-0.020023740542232903
-0.01744628412886414
-0.015437790171492584
-0.013840909189238235
-0.01255115997682357
-0.011496647403387465
-0.010626320382691321
-0.009903002416732976
-0.009299068075604464
-0.008793653942785092
-0.008370801674311982
-0.008018189663381563
-0.007726248642868274
-0.0074875348946679635
-0.007296280825977832
-0.007148070772161116
-0.007039607570173589
-0.006968546922631297
-0.00693338427140636
-0.004246580844769589
-0.004268117357673077
-0.004311640768846225
-0.0043780725930394684
-0.004468848669406217
-0.004585988450083626
-0.004732196448483623
-0.004911005208563482
-0.005126973869125986
-0.005385963426542371
-0.005695520631284812
-0.006065419662366841
-0.006508438955324582
-0.007041498536656567
-0.007687368254342523
-0.008477315826714859
-0.009455375448364799
-0.010685539441429678
-0.012264180471163198
-0.014339519500813351
-0.017123661239502916
-0.02078644177384105
-0.024756151176550417
-0.025033005996380198
-0.006888864850962136
0.06880941516505312
0.27939023405091923
0.7320071312554699
1.5044074961988292
2.541320748935396
3.5861333433508182
4.254852492494518
4.254852492494923
3.586133343351518
2.5413207489363216
1.5044074961998364
0.7320071312564091
0.2793902340517437
0.06880941516573658
-0.00688886485040947
-0.02503300599589181
-0.0247561511761428
-0.02078644177346957
-0.017123661239217366
-0.014339519500532825
-0.012264180470926409
-0.010685539441158659
-0.00945537544814433
-0.008477315826504933
-0.007687368254143047
-0.007041498536485374
-0.006508438955171576
-0.006065419662230152
-0.005695520631162975
-0.0053859634264478845
-0.0051269738690072515
-0.004911005208470685
-0.004732196448396682
-0.004585988450024735
-0.004468848669353856
-0.004378072592986466
-0.004311640768884899
-0.004268117357623962
-0.0042465808447650875
-0.0014816878378849443
-0.0014892021803540115
-0.0015043880090498882
-0.001527566849261218
-0.001559239678653377
-0.0016001111026862844
-0.0016511247503445715
-0.0017135131568515594
-0.0017888670436810722
-0.0018792313585695025
-0.001987239218070324
-0.0021163008983159093
-0.0022708748699862245
-0.002456864611509353
-0.0026822146018778137
-0.002957834201493908
-0.0032990869084939256
-0.0037282993757324703
-0.004279095189507011
-0.0050031867499352525
-0.005974574495319712
-0.007252511345431617
-0.008637509799157284
-0.00873387311593772
-0.0024020172460388033
0.024014937790424684
0.0975051003675047
0.2554682198549729
0.5250436828561034
0.8869455115944955
1.2516107440344726
1.485012608789292
1.4850126087896385
1.2516107440353856
0.8869455115956217
0.5250436828573468
0.25546821985612134
0.09750510036848214
0.02401493779124053
-0.002402017245373981
-0.00873387311536078
-0.008637509798672338
-0.007252511345000184
-0.0059745744949770835
-0.005003186749610991
-0.004279095189230343
-0.0037282993754272423
-0.0032990869082351257
-0.002957834201258072
-0.0026822146016529207
-0.0024568646113193628
-0.002270874869815337
-0.0021163008981616785
-0.0019872392179316432
-0.0018792313584579425
-0.0017888670435510026
-0.001713513156744336
-0.0016511247502409357
-0.0016001111026223494
-0.0015592396785869198
-0.0015275668492026016
-0.0015043880090698965
-0.0014892021803201913
-0.0014816878378768137
0.0013795767916987105
0.0013865733692966405
0.00140071284344212
0.001422294591266672
0.001451785081688018
0.0014898403856250866
0.0015373391351130895
0.0015954289717459089
0.0016655910572421426
0.0017497295030583122
0.0018502960941427504
0.001970466274889029
0.0021143915369713218
0.0022875689388401482
0.00249739611859897
0.002754031678658578
0.0030717821561346906
0.003471438859348447
0.003984314462375266
0.004658569063976756
0.005563120463188145
0.006753154442105017
0.008042966714825281
0.008133418339634158
0.0022413795614192114
-0.02234037054271326
-0.09071834968705117
-0.23767746971023396
-0.48844998046025623
-0.8250831934120075
-1.1642678945264393
-1.3813537469892516
-1.3813537469888129
-1.1642678945254392
-0.8250831934106237
-0.48844998045878274
-0.2376774697088737
-0.0907183496859052
-0.02234037054176824
0.002241379562195941
0.008133418340297585
0.008042966715386055
0.006753154442595111
0.005563120463590407
0.004658569064346585
0.003984314462693227
0.003471438859686267
0.0030717821564283793
0.002754031678916899
0.0024973961188462686
0.0022875689390495467
0.0021143915371560178
0.0019704662750607282
0.001850296094296669
0.0017497295031862585
0.0016655910573809725
0.0015954289718664375
0.0015373391352284833
0.0014898403856886643
0.0014517850817636624
0.001422294591327089
0.0014007128434420889
0.0013865733693126832
0.0013795767917068602
0.004357891310246878
0.004379992427616625
0.004424656858236203
0.0044928302818643615
0.004585986190832614
0.004706196995734758
0.004856238135687571
0.005039734798712656
0.00526136569606761
0.005527145548826325
0.005844819059610408
0.0062244168060501676
0.0066790524639755156
0.0072260900094350405
0.007888896823635465
0.008699561335675912
0.009703273883686706
0.010965707645976229
0.012585768040844866
0.01471557340294416
0.017572806684990616
0.02133177528538817
0.02540583139815558
0.02569078128086713
0.007074931064814667
-0.07059136640478492
-0.28663998462135587
-0.7509929134889748
-1.5433960601094423
-2.607134942093257
-3.678957549467624
-4.364956376107191
-4.364956376106772
-3.678957549466414
-2.6071349420917063
-1.5433960601077432
-0.7509929134874236
-0.28663998462003604
-0.07059136640370278
0.00707493106570601
0.025690781281611674
0.025405831398790588
0.021331775285937146
0.01757280668545745
0.014715573403357753
0.012585768041206709
0.010965707646346336
0.009703273884014763
0.008699561335957812
0.007888896823910661
0.007226090009668517
0.006679052464176938
0.0062244168062404355
0.005844819059778763
0.005527145548965631
0.005261365696212675
0.005039734798841237
0.004856238135809522
0.004706196995795137
0.004585986190915214
0.004492830281926593
0.004424656858257447
0.004379992427618044
0.004357891310253412
0.007477019197303888
0.0075149389909395965
0.0075915715855847474
0.007708539520584496
0.007868370923427178
0.008074621508455348
0.008332053202306896
0.008646885877056008
0.009027146972685567
0.009483156168353643
0.010028201332079822
0.010679492283757648
0.011459528613470216
0.012398102280522974
0.013535305456369318
0.014926193237067446
0.016648299947611807
0.01881430265632774
0.021593895334034566
0.025248069787174282
0.030150308119050048
0.036599673137961614
0.04358962450597502
0.0440783203197357
0.01213726449299726
-0.12112284251326871
-0.49182249840660597
-1.2885725272484487
-2.6482093402738176
-4.473424335363529
-6.3125167545981125
-7.489594121026133
-7.48959412102567
-6.312516754596722
-4.473424335361649
-2.648209340271883
-1.2885725272466577
-0.4918224984051085
-0.12112284251204372
0.012137264494005953
0.04407832032056705
0.04358962450668663
0.0365996731385731
0.030150308119583302
0.02524806978763699
0.021593895334445543
0.018814302656736843
0.01664829994797635
0.014926193237379166
0.013535305456676798
0.01239810228078644
0.011459528613693658
0.010679492283969343
0.0100282013322642
0.009483156168503013
0.009027146972837012
0.008646885877191028
0.00833205320243266
0.008074621508515574
0.007868370923515364
0.00770853952064968
0.00759157158562437
0.007514938990930878
0.00747701919730635
0.010764692864249293
0.01081928611595345
0.010929614314074198
0.011098013432533062
0.011328123222606064
0.011625062854681536
0.011995688085459078
0.012448953678339886
0.012996416755184426
0.013652934577645773
0.0144376377118931
0.015375303160769318
0.016498323610271558
0.0178495905678039
0.01948682474519505
0.021489288946719764
0.023968609247376066
0.027087006548959944
0.031088788586841477
0.036349703921289604
0.04340745316630333
0.05269259809986336
0.06275602586180237
0.06345954305060274
0.017473469014805537
-0.17438382555342288
-0.7080894913280484
-1.8551943531976547
-3.8127096005798586
-6.440539358692259
-9.08835318097687
-10.783039474086
-10.783039474085381
-9.08835318097523
-6.440539358690186
-3.812709600577638
-1.8551943531956505
-0.708089491326356
-0.17438382555204518
0.01747346901593926
0.06345954305152486
0.06275602586259864
0.05269259810054415
0.0434074531669103
0.03634970392180763
0.03108878858730968
0.027087006549415323
0.023968609247781367
0.021489288947066025
0.019486824745539682
0.017849590568101023
0.016498323610525428
0.015375303161005712
0.014437637712099237
0.01365293457780847
0.012996416755347934
0.012448953678482737
0.011995688085589297
0.011625062854748493
0.011328123222698626
0.011098013432600822
0.010929614314126255
0.010819286115939585
0.01076469286424549
0.014253770667667823
0.014326058800890969
0.014472146810176896
0.01469512780939662
0.014999821272324278
0.015393005603581575
0.015883758659175694
0.016483937634879632
0.01720884556488488
0.018078155268489517
0.019117197937510686
0.020358781328543442
0.021845797281706877
0.02363503934092034
0.02580293669747107
0.028454442850238078
0.031737364120116934
0.03586650035804517
0.04116534401939765
0.04813143068425615
0.05747674029120424
0.06977139213846917
0.08309660067243062
0.0840281832205135
0.023136982295467887
-0.23090629260256446
-0.9376015041328802
-2.4565192912044296
-5.048531081961428
-8.528133072928439
-12.034199697923452
-14.278196644097832
-14.278196644097271
-12.034199697921657
-8.528133072926117
-5.04853108195897
-2.4565192912022034
-0.9376015041309878
-0.23090629260102016
0.023136982296733867
0.0840281832215415
0.08309660067331921
0.06977139213922988
0.05747674029188933
0.048131430684843185
0.041165344019929447
0.035866500358556555
0.031737364120567
0.028454442850627818
0.025802936697855345
0.023635039341258057
0.021845797281996926
0.020358781328809195
0.01911719793774261
0.01807815526867015
0.017208845565062365
0.016483937635031802
0.015883758659309674
0.01539300560366217
0.014999821272419158
0.014695127809467594
0.014472146810236416
0.01432605880087956
0.014253770667656481
0.017983782996009064
0.018074987913221412
0.018259305091969297
0.018540637069705036
0.01892506450744109
0.019421139621041066
0.020040315811042226
0.020797553130683665
0.0217121591974848
0.022808954923014924
0.024119900304362705
0.025686388409952837
0.027562535246263543
0.02981999639060973
0.03255520141812193
0.035900568582525064
0.0400425828677003
0.04525225391073322
0.05193772701695051
0.060726734947820625
0.07251757257457618
0.08802955741145987
0.10484181390382094
0.10601731877117004
0.0291921129277364
-0.29133017666494143
-1.1829576073214494
-3.0993572952075703
-6.3696695833121915
-10.759847798856548
-15.183418511267037
-18.014648876314816
-18.01464887631411
-15.183418511265192
-10.759847798853974
-6.369669583309416
-3.0993572952050785
-1.182957607319337
-0.29133017666322003
0.02919211292914644
0.10601731877231464
0.10484181390481348
0.08802955741230767
0.07251757257534812
0.06072673494848392
0.05193772701755302
0.04525225391130813
0.040042582868200935
0.035900568582965454
0.032555201418550075
0.029819996390994814
0.027562535246595268
0.025686388410251736
0.024119900304624586
0.02280895492321791
0.021712159197678063
0.02079755313084501
0.02004031581118115
0.019421139621140726
0.01892506450753872
0.018540637069779323
0.018259305092033457
0.01807498791321818
0.017983782995990932
0.022003042758570734
0.022114631382044895
0.022340142252201572
0.022684350097816112
0.023154694567476278
0.023761639240697918
0.024519197277162934
0.025445672202657418
0.026564686758710664
0.027906609164898708
0.029510542263478733
0.03142713019499681
0.033722583527017166
0.03648457236986191
0.03983107764545792
0.043924112165767464
0.04899183899047922
0.055365836456655285
0.06354546735735514
0.07429875828271038
0.08872476823372616
0.10770358748922775
0.12827333556653847
0.12971181910570218
0.03571748602463814
-0.3564374929922905
-1.4473340548104476
-3.7920306954344314
-7.793229177563027
-13.164576510306505
-18.576781144033614
-22.040770344295844
-22.040770344295222
-18.576781144031425
-13.164576510303649
-7.793229177559942
-3.7920306954316585
-1.447334054808096
-0.3564374929903743
0.03571748602620494
0.1297118191069795
0.1282733355676446
0.10770358749017406
0.08872476823458955
0.0742987582834635
0.0635454673580328
0.05536583645730417
0.04899183899103659
0.04392411216626898
0.039831077645931204
0.036484572370300526
0.033722583527388245
0.031427130195331464
0.029510542263768234
0.027906609165126425
0.026564686758918193
0.025445672202829558
0.024519197277309744
0.02376163924082022
0.02315469456757866
0.022684350097894563
0.022340142252268977
0.022114631382053846
0.02200304275854885
0.026371594074455038
0.02650533784144395
0.026775622323172134
0.02718817023733125
0.02775189832260267
0.028479347628829667
0.02938731353023132
0.030497733589107224
0.03183892067631013
0.033447272407746774
0.03536965521954569
0.03766676828899723
0.04041796782373856
0.04372833021308068
0.04773926065210571
0.052644938439743064
0.05871882677314499
0.06635833647468642
0.07616197523221466
0.08905025613083656
0.1063404512262025
0.12908740183136208
0.15374123348098875
0.15546573700738647
0.04281086116369647
-0.4272000063788928
-1.7346779698761998
-4.54488173349956
-9.340465324955282
-15.778224918349279
-22.26495495266768
-26.41667632306101
-26.416676323060287
-22.264954952665324
-15.778224918346162
-9.34046532495185
-4.544881733496484
-1.7346779698735926
-0.427200006376765
0.042810861165436885
0.1554657370088103
0.15374123348222224
0.12908740183241735
0.10634045122716806
0.08905025613168352
0.0761619752329751
0.0663583364754107
0.05871882677376524
0.05264493844030871
0.04773926065262568
0.04372833021357303
0.04041796782414821
0.037666768289368505
0.03536965521986493
0.033447272408003464
0.03183892067653799
0.030497733589296562
0.029387313530394706
0.02847934762897547
0.027751898322713492
0.027188170237412976
0.026775622323241315
0.026505337841464534
0.026371594074433104
0.031165442705103723
0.0313234985178428
0.03164291552243556
0.032130456716694546
0.032796659731110095
0.033656345337472714
0.03472936198642101
0.03604163506772427
0.037626624188423594
0.039527343352055724
0.04179917841305677
0.044513862493969464
0.04776517723806735
0.05167729990629732
0.05641734044638169
0.06221477623180717
0.06939278083196146
0.07842100676309419
0.09000675906838365
0.10523788324213301
0.12567111059159344
0.15255305489619142
0.18168864005495186
0.18372726263883307
0.05059605207890109
-0.504847594477591
-2.0499851555151096
-5.371000553887212
-11.038281088677767
-18.64623896285481
-26.312069724654858
-31.218454842594188
-31.21845484259334
-26.312069724652147
-18.6462389628514
-11.038281088673983
-5.371000553883787
-2.049985155512217
-0.50484759447523
0.050596052080829325
0.1837272626404196
0.18168864005632454
0.15255305489736884
0.12567111059266706
0.10523788324308053
0.09000675906923047
0.07842100676389861
0.0693927808326501
0.062214776232442516
0.05641734044695092
0.05167729990684487
0.0477651772385145
0.0445138624943805
0.041799178413407675
0.03952734335234745
0.03762662418867817
0.036041635067939115
0.03472936198660924
0.03365634533764353
0.0327966597312348
0.03213045671678422
0.03164291552250879
0.03132349851787619
0.03116544270508504
0.03648282122415819
0.03666784417401638
0.03704175940959162
0.037612483817003065
0.03839235293488774
0.0393987162237324
0.04065480863489268
0.04219097889359036
0.044046395414948245
0.046271411162187685
0.04893086180972054
0.05210871943839083
0.05591476652529254
0.060494367207279076
0.06604314340311351
0.07282972547596604
0.08123242627283517
0.0918010296122602
0.10536351990281893
0.12319335018449847
0.14711286515503935
0.17858140638715161
0.21268828493869343
0.215075686134178
0.05923319685508771
-0.5909694216782373
-2.3997113320189847
-6.287302892827359
-12.921442109549218
-21.82734649444288
-30.800997656041087
-36.54443121432694
-36.54443121432588
-30.8009976560382
-21.82734649443905
-12.921442109545037
-6.28730289282356
-2.3997113320157757
-0.5909694216756203
0.059233196857226694
0.21507568613594213
0.21268828494022024
0.17858140638846245
0.14711286515623334
0.12319335018555107
0.10536351990376613
0.09180102961314911
0.08123242627360396
0.0728297254766734
0.06604314340374019
0.06049436720787868
0.05591476652578174
0.05210871943884095
0.048930861810106606
0.046271411162514084
0.04404639541523479
0.04219097889383443
0.040654808635111374
0.03939871622392713
0.03839235293503181
0.037612483817104955
0.037041759409674496
0.03666784417406263
0.0364828212241446
0.042453851954104845
0.04266915705196682
0.043104269866503266
0.043768403017606504
0.04467591096579175
0.045846982707653465
0.0473086559922021
0.049096246633681714
0.05125533363037757
0.053844511072962176
0.056939226109627976
0.06063719429998673
0.06506616592085858
0.07039529646998924
0.07685222479740678
0.08474954732410363
0.09452749446068737
0.10682583195172762
0.12260805897630483
0.14335605387277203
0.1711904306120028
0.2078094269671788
0.2474988488858035
0.2502784395182793
0.06893471648251323
-0.6876696169214094
-2.7924054327030223
-7.316190042404704
-15.03598862175454
-25.399321310636207
-35.84148728372405
-42.52481876538832
-42.52481876538717
-35.841487283720824
-25.399321310631905
-15.035988621749896
-7.3161900424004935
-2.7924054326994696
-0.6876696169185026
0.06893471648488403
0.2502784395202452
0.24749884888750143
0.20780942696864085
0.17119043061332584
0.14335605387393954
0.12260805897735967
0.1068258319527089
0.09452749446154532
0.08474954732488993
0.07685222479810047
0.07039529647064371
0.06506616592139781
0.060637194300481596
0.05693922611005728
0.05384451107332936
0.051255333630703
0.04909624663396066
0.04730865599245357
0.045846982707870826
0.044675910965955204
0.04376840301772209
0.04310426986659654
0.042669157052023336
0.042453851954093125
0.04925629858393231
0.049506102376192906
0.0500109340424396
0.05078148235769582
0.05183440182435278
0.05319311635976286
0.05488899602259107
0.056963015347644363
0.05946805654474957
0.06247210235178626
0.06606268896630985
0.07035318911523639
0.07549182277646194
0.08167484961046696
0.08916638357252679
0.09832910918420296
0.10967379615836041
0.12394272183855398
0.14225377042361764
0.16632626955093066
0.1986206425848557
0.24110732304925606
0.287156878144776
0.2903842909997749
0.07999207168259329
-0.7978187862121833
-3.2397360643831803
-8.488241703072065
-17.444772631399793
-29.468339113115004
-41.5833675144648
-49.33738583746627
-49.33738583746508
-41.58336751446129
-29.468339113110265
-17.44477263139467
-8.48824170306737
-3.239736064379243
-0.7978187862089536
0.07999207168522757
0.29038429100196794
0.28715687814666535
0.2411073230508864
0.19862064258632606
0.16632626955222496
0.14225377042479645
0.12394272183963714
0.10967379615932181
0.09832910918507237
0.08916638357330033
0.08167484961117846
0.07549182277706201
0.07035318911578022
0.0660626889667922
0.06247210235219732
0.0594680565451209
0.05696301534796036
0.05488899602287878
0.05319311636000413
0.05183440182454074
0.05078148235782884
0.050010934042552094
0.04950610237625793
0.04925629858392108
0.057143233151410046
0.05743303565141712
0.05801870121716276
0.05891263011869043
0.060134143590558964
0.06171041620694617
0.06367784102685689
0.06608395346379244
0.06899010327611418
0.07247515866456712
0.07664067221475612
0.08161817002335478
0.08757960523470629
0.09475266287460032
0.10344374722989451
0.11407361650445715
0.12723482591782487
0.1437885082014625
0.16503154737210146
0.19295858171493196
0.23042404223786506
0.2797140604442781
0.3331385056866141
0.33688818706176143
0.09282683519906602
-0.9254834494585268
-3.7582625555603135
-9.846875477122818
-20.237051083998264
-34.1851974556023
-48.23944694956175
-57.234630884307954
-57.234630884306455
-48.23944694955779
-34.185197455597034
-20.237051083992533
-9.846875477117587
-3.7582625555559357
-0.9254834494549233
0.09282683520199861
0.3368881870642139
0.3331385056887163
0.27971406044610303
0.23042404223950191
0.19295858171637587
0.16503154737342032
0.14378850820266562
0.12723482591890106
0.11407361650542233
0.10344374723075699
0.0947526628753778
0.08757960523537658
0.0816181700239564
0.07664067221529824
0.07247515866502782
0.06899010327653447
0.06608395346414894
0.0636778410271821
0.06171041620721434
0.06013414359077482
0.058912630118844275
0.05801870121729897
0.05743303565148847
0.05714323315139737
0.06649574024690598
0.0668329741580629
0.06751449446956671
0.06855473098474829
0.06997616721553576
0.07181042535867266
0.07409985487307152
0.07689977122795154
0.08028156521631624
0.08433701330058091
0.08918428906371137
0.09497644534682118
0.10191357871932134
0.11026063926536464
0.12037418033503439
0.1327438255929741
0.14805911401695104
0.16732212110815875
0.19204199697895846
0.2245398673660713
0.2681374778427999
0.3254957679609496
0.3876687149719368
0.3920502557838931
0.10810566012539405
-1.0766907137107988
-4.372671163228242
-11.456920346338084
-23.546191752283082
-39.77530139914131
-56.1278851094668
-66.59408520212573
-66.59408520212403
-56.12788510946233
-39.7753013991354
-23.546191752276645
-11.456920346332215
-4.372671163223324
-1.076690713706758
0.1081056601286828
0.39205025578664854
0.3876687149742878
0.32549576796299784
0.26813747784463293
0.22453986736768594
0.19204199698043845
0.16732212110949876
0.1480591140181598
0.13274382559405087
0.12037418033600236
0.11026063926622298
0.10191357872007846
0.09497644534749336
0.0891842890643256
0.08433701330109998
0.08028156521679339
0.07689977122835262
0.07409985487343947
0.07181042535896917
0.06997616721578308
0.06855473098492161
0.06751449446973012
0.06683297415813541
0.06649574024689296
0.07792750234400489
0.07832271267896462
0.07912139828831695
0.08034046971942468
0.08200627580694275
0.0841558751770149
0.08683889793124394
0.09012016927848013
0.09408335339930407
0.09883600482405024
0.10451661337109465
0.11130454453383834
0.1194342952715905
0.12921636567034206
0.14106860755209583
0.1555648206454868
0.17351308991982012
0.19608777024609803
0.22505747930086997
0.2631424784103766
0.3142360907785332
0.38145926906509176
0.4543389508137433
0.4595453006623854
0.12702684577289525
-1.2607694678006318
-5.121743777042422
-13.420634763356215
-27.582942477371013
-46.5951764018745
-65.75217880143916
-78.01334176492097
-78.01334176491912
-65.7521788014341
-46.5951764018678
-27.582942477363726
-13.420634763349554
-5.1217437770368655
-1.2607694677960564
0.12702684577661694
0.4595453006655076
0.4543389508163935
0.3814592690674107
0.31423609078060266
0.26314247841220045
0.225057479302539
0.19608777024760454
0.17351308992118109
0.15556482064670363
0.14106860755318673
0.1292163656713071
0.11943429527245257
0.11130454453460109
0.10451661337179101
0.09883600482464025
0.09408335339984406
0.09012016927893449
0.08683889793165997
0.08415587517734685
0.08200627580722471
0.08034046971962085
0.07912139828850803
0.07832271267903879
0.07792750234399337
0.09247885299699721
0.09294786077783865
0.09389568459003876
0.09534239268554187
0.09731925401433705
0.09987024715717252
0.10305426964264862
0.10694825149118978
0.11165147950071891
0.11729159187231764
0.12403293865630452
0.13208837831851378
0.14173619553374242
0.15334487024513577
0.16741028006266057
0.18461337094821414
0.2059131231181518
0.23270318563932335
0.267082476006547
0.31227952154922684
0.3729165221609299
0.4527068251801153
0.5392631044844157
0.5457103726928839
0.1520028307643022
-1.492384458890062
-6.0682653287248485
-15.90486828999351
-32.6923673236355
-55.229652598023776
-77.93907473645083
-92.47409683651043
-92.47409683650821
-77.93907473644498
-55.22965259801609
-32.692367323627174
-15.904868289985897
-6.068265328718455
-1.4923844588848099
0.15200283076858184
0.5457103726964656
0.5392631044874513
0.45270682518277283
0.37291652216329985
0.3122795215513137
0.26708247600845536
0.23270318564103776
0.20591312311970142
0.1846133709496071
0.1674102800639039
0.15334487024623725
0.1417361955347354
0.13208837831938977
0.12403293865710152
0.11729159187299598
0.11165147950133728
0.10694825149170999
0.10305426964312667
0.09987024715755102
0.09731925401466426
0.09534239268576858
0.09389568459026337
0.09294786077791815
0.09247885299699349
0.11189085816693836
0.11245831392750719
0.11360509250968887
0.11535547461114236
0.1177472927192536
0.12083375677546007
0.12468612723749148
0.12939748216865152
0.13508794920723516
0.14191195848406848
0.15006835795038803
0.1598146860704796
0.17148764068664812
0.18553304712027663
0.20255086933778976
0.22336498568206592
0.24913566914047186
0.2815491109704584
0.32314492173874637
0.377830270224362
0.45120360093211004
0.5477889425622666
0.652733260839619
0.6614046165567957
0.18797154124842907
-1.793362505878933
-7.310330292423224
-19.17353849352516
-39.42324621817053
-66.61150349788659
-94.0092526992392
-111.5456532796538
-111.54565327965136
-94.0092526992324
-66.61150349787751
-39.423246218160756
-19.17353849351622
-7.31033029241574
-1.793362505872773
0.18797154125344884
0.6614046165609875
0.6527332608431683
0.5477889425653757
0.45120360093487677
0.3778302702268017
0.323144921740968
0.28154911097245083
0.24913566914226498
0.2233649856836925
0.20255086933922992
0.18553304712156127
0.1714876406878083
0.15981468607150628
0.15006835795131382
0.14191195848486626
0.13508794920795647
0.12939748216926295
0.12468612723805103
0.12083375677590616
0.11774729271963863
0.11535547461141515
0.11360509250995268
0.11245831392760156
0.111890858166947
0.13871571507621105
0.13941921183685174
0.1408409173585316
0.14301093324702258
0.14597616171305372
0.1498025688972575
0.1545784987350233
0.16041934311077327
0.16747402805356354
0.17593400533686004
0.18604579264936172
0.1981286676947675
0.2126000437240756
0.23001262127480038
0.25111018870487306
0.27691412317373226
0.30886283415253063
0.34904674433490956
0.40061456227340897
0.4684126077002898
0.5593974884331439
0.6792615884070851
0.8099522330476702
0.8230370143278662
0.24391468076593317
-2.1904445563761943
-8.978238116280545
-23.583932431066337
-48.52462116650999
-82.01939067205083
-115.77735548243948
-137.38652541902087
-137.38652541901786
-115.7773554824312
-82.01939067203998
-48.5246211664982
-23.583932431055608
-8.978238116271543
-2.1904445563687993
0.24391468077196926
0.8230370143328904
0.8099522330519335
0.6792615884108112
0.559397488436456
0.46841260770321425
0.40061456227606285
0.3490467443372838
0.3088628341546628
0.2769141231756749
0.2511101887065873
0.23001262127633576
0.212600043725465
0.1981286676959991
0.1860457926504673
0.17593400533782105
0.16747402805442785
0.1604193431115098
0.15457849873569512
0.14980256889779764
0.14597616171351688
0.1430109332473585
0.14084091735884421
0.13941921183696743
0.13871571507623762
0.17551633999523245
0.17640646654211617
0.178205334412142
0.18095103050666544
0.1847028991371609
0.18954440572238943
0.1955873296868524
0.2029776734047289
0.21190386888150708
0.2226081543702323
0.23540244075285266
0.25069069879184475
0.2690010650279939
0.29103284692897874
0.31772712218641275
0.350376179453757
0.3907999445901401
0.4416433357626013
0.5068908526033461
0.5926796516406023
0.7078462871332964
0.8597745731572498
1.0264051094114455
1.0480124015430532
0.3321455846242734
-2.7005563301609903
-11.177345387295514
-29.438976417224367
-60.64410026184818
-102.5700120199665
-144.83675630052082
-171.89659919753336
-171.89659919752972
-144.8367563005108
-102.57001201995314
-60.64410026183371
-29.438976417211208
-11.177345387284463
-2.700556330151919
0.3321455846316801
1.0480124015492085
1.0264051094166755
0.8597745731618167
0.7078462871373423
0.5926796516441855
0.5068908526065847
0.4416433357654972
0.3907999445927349
0.35037617945612554
0.31772712218850563
0.29103284693085785
0.2690010650296915
0.2506906987933552
0.23540244075420336
0.22260815437141665
0.21190386888256363
0.20297767340564016
0.19558732968767306
0.1895444057230588
0.18470289913772298
0.18095103050708752
0.1782053344125129
0.17640646654226078
0.17551633999527824
0.22204500080138523
0.22317108686691273
0.225446807967418
0.22892034662621147
0.23366677738311653
0.23979168948847635
0.24743649107839624
0.25678588418773673
0.2680782464358794
0.28162002269565073
0.29780579628617376
0.31714660893457924
0.3403105744647215
0.3681823391689334
0.40195238678809836
0.44325547395277054
0.49439380162423907
0.5587132452159678
0.6412552504327971
0.7497925166484538
0.8955628645764389
1.0882184701914714
1.3011955676252787
1.337195152887157
0.46052356552994406
-3.294783436254931
-13.827413575218213
-36.55583255732161
-75.43155124049306
-127.69528399033683
-180.4039556578324
-214.1559928034315
-214.15599280342704
-180.40395565781992
-127.69528399032032
-75.43155124047532
-36.55583255730543
-13.827413575204615
-3.294783436243783
0.4605235655390517
1.3371951528947212
1.3011955676317166
1.088218470197081
0.8955628645814004
0.7497925166528563
0.641255250436771
0.558713245219513
0.4943938016274181
0.4432554739556623
0.4019523867906727
0.3681823391712396
0.34031057446680407
0.31714660893643803
0.29780579628783677
0.28162002269711306
0.26807824643718264
0.2567858841888639
0.24743649107940474
0.23979168948930435
0.23366677738380226
0.22892034662673366
0.22544680796785035
0.22317108686709441
0.2220450008014538
0.2703118399748994
0.2716826938302933
0.27445306867908914
0.27868161907558703
0.284459736241958
0.2919159580039847
0.30122242558848644
0.31260398295451275
0.3263508143517879
0.34283596309328224
0.3625397637386507
0.38608431497067436
0.41428291658423166
0.4482124464678397
0.4893220632084737
0.5396017070869277
0.6018537438829498
0.6801510284383203
0.7806316780253966
0.9127693519759605
1.0903234214677393
1.3254625416504637
1.5876574740021918
1.6431399282897696
0.6148703529858747
-3.8473767494104765
-16.41251161798951
-43.579052606596974
-90.09810488697195
-152.68145973644604
-215.8253398471063
-256.2693982344474
-256.2693982344421
-215.82533984709153
-152.68145973642623
-90.09810488695075
-43.57905260657769
-16.412511617973344
-3.84737674939722
0.6148703529966986
1.6431399282987618
1.5876574740098421
1.3254625416571397
1.09032342147363
0.9127693519811947
0.7806316780301115
0.6801510284425308
0.6018537438867215
0.5396017070903545
0.48932206321154037
0.4482124464705842
0.4142829165867108
0.38608431497288803
0.3625397637406306
0.34283596309503855
0.32635081435333807
0.31260398295585756
0.301222425589675
0.2919159580049744
0.28445973624276244
0.2786816190762122
0.2744530686795822
0.2716826938305105
0.2703118399749884
0.30076471596064347
0.3022899917627214
0.30537243922286306
0.3100773189958409
0.3165063153508059
0.32480244265239144
0.3351572291511804
0.34782084079817344
0.36311614157760164
0.3814581844685059
0.40338139388090005
0.42957791865260586
0.46095263277206017
0.49870365653296256
0.5444432883881267
0.6003854585169348
0.6696479294117655
0.7567620065992458
0.8685580546067019
1.0155887565442088
1.2132457596526809
1.4755064160398554
1.7702961165580555
1.8442296528888136
0.7408941355740304
-4.109668182323671
-17.82168725099738
-47.52380649935048
-98.44064513289142
-166.98775990393867
-236.1785872766276
-280.5063091671421
-280.50630916713635
-236.17858727661127
-166.98775990391698
-98.44064513286821
-47.5238064993293
-17.821687250979654
-4.109668182309148
0.7408941355858751
1.8442296528986684
1.770296116566433
1.475506416047173
1.2132457596591286
1.0155887565499297
0.8685580546118461
0.7567620066038638
0.6696479294159077
0.600385458520669
0.5444432883914975
0.49870365653597226
0.4609526327747828
0.42957791865503114
0.40338139388308825
0.38145818447042446
0.36311614157931293
0.3478208407996402
0.33515722915247503
0.32480244265346286
0.31650631535168744
0.3100773189965095
0.30537243922340185
0.30228999176295784
0.30076471596074716
0.28600992268695724
0.28746035853808
0.2903915606268951
0.2948655865424939
0.30097912969784035
0.30886818488259
0.31871487928169795
0.3307570991075377
0.34530185936569496
0.36274383741895305
0.38359122003674767
0.40850217190981164
0.4383371333274549
0.4742353829985253
0.5177300229693769
0.5709262104797315
0.6367884937538241
0.719625545868446
0.8259331912036287
0.9657557209405578
1.153795296505535
1.4036937157223024
1.6864652884969962
1.7665304898531626
0.749935475052964
-3.77120320220859
-16.595787481789024
-44.42134986745107
-92.16702198582706
-156.4835822248372
-221.4284580695944
-263.04459995355404
-263.0445999535484
-221.42845806957894
-156.48358222481662
-92.16702198580498
-44.421349867431026
-16.595787481772213
-3.7712032021948523
0.7499354750641755
1.7665304898624963
1.6864652885049525
1.4036937157292226
1.1537952965116411
0.965755720945962
0.8259331912084945
0.7196255458728152
0.6367884937577544
0.5709262104832576
0.5177300229725603
0.47423538300137696
0.43833713333001767
0.4085021719121216
0.38359122003880747
0.36274383742078986
0.34530185936730257
0.33075709910894385
0.318714879282901
0.30886818488360585
0.3009791296986581
0.29486558654313394
0.29039156062738203
0.28746035853831875
0.2860099226870453
0.20561803354638508
0.20666077159679824
0.20876805235339818
0.21198448928691538
0.21637959566517362
0.22205113857134012
0.22913004964267397
0.23778734552119013
0.24824373915362494
0.2607829631942362
0.2757703508139037
0.293679051825892
0.3151276275789878
0.3409350885334526
0.3722035505219669
0.4104463536072789
0.45779460953771123
0.5173457035490756
0.593769937005266
0.6942939574913336
0.8295270178739034
1.0094877793298453
1.2142524642670516
1.277702723038542
0.5665379229598095
-2.6285849109236805
-11.718788136054272
-31.469912507460364
-65.3887171722904
-111.10322206973872
-157.2791927489657
-186.87364678747136
-186.87364678746738
-157.27919274895424
-111.10322206972361
-65.38871717227418
-31.46991250744562
-11.718788136041939
-2.6285849109136112
0.5665379229680153
1.277702723045389
1.2142524642728865
1.0094877793349268
0.8295270178783603
0.6942939574953039
0.5937699370088285
0.5173457035522543
0.4577946095405835
0.41044635360985804
0.37220355052430476
0.34093508853551635
0.3151276275808602
0.2936790518275916
0.275770350815411
0.2607829631956081
0.24824373915478248
0.23778734552224004
0.2291300496435335
0.2220511385720857
0.2163795956657553
0.21198448928739166
0.20876805235371754
0.2066607715970044
0.20561803354645342
0.06452909074280039
0.0648563287082569
0.06551764735265295
0.06652704721710331
0.06790634283888396
0.06968621526807625
0.0719077530895133
0.074624624093248
0.07790609132683832
0.08184119397994562
0.08654457798392082
0.09216472244418511
0.09889573646075023
0.10699462890007437
0.11680724372908388
0.12880845920956813
0.14366699651517134
0.16235480716103068
0.18633783249006547
0.2178876651335137
0.2603590264911801
0.31702999931363507
0.3822270103685782
0.4058726393774311
0.19516890723633223
-0.7725178396086843
-3.542931720483416
-9.580370668945843
-19.966298144882053
-33.979015951967945
-48.14256511215775
-57.22338615201239
-57.22338615201093
-48.1425651121535
-33.97901595196231
-19.96629814487601
-9.580370668940379
-3.542931720478843
-0.7725178396049313
0.1951689072393698
0.40587263937997603
0.3822270103707296
0.31702999931552
0.26035902649283804
0.2178876651349672
0.18633783249138952
0.16235480716218556
0.14366699651624942
0.12880845921050557
0.11680724372996647
0.10699462890081088
0.0988957364614393
0.09216472244481426
0.08654457798449092
0.08184119398044862
0.07790609132725188
0.07462462409364948
0.07190775308981182
0.06968621526836635
0.06790634283908352
0.0665270472172805
0.06551764735276515
0.06485632870836797
0.0645290907428175
-0.10146855600436298
-0.10198313257676977
-0.10302304619023436
-0.1046103133408746
-0.10677923846505968
-0.10957806917326325
-0.11307141974384459
-0.11734368644284462
-0.12250379083127917
-0.12869175508925196
-0.13608787203034978
-0.14492564343112008
-0.15551033430053832
-0.16824613608999062
-0.18367696161770736
-0.20254967926334908
-0.22591605380584312
-0.25530469386429444
-0.2930198726408136
-0.3426225410892223
-0.4093124958572162
-0.4978451946616359
-0.5975739898109627
-0.6236297066449675
-0.25510620434113196
1.3710089529172826
5.973042802064158
15.947262518856244
33.051307354952925
56.08271068604288
79.33358571194593
94.23061008252708
94.23061008252559
79.33358571194175
56.08271068603734
33.051307354946985
15.947262518850836
5.973042802059656
1.3710089529135843
-0.2551062043441229
-0.6236297066474787
-0.5975739898130836
-0.497845194663513
-0.4093124958588421
-0.3426225410906947
-0.2930198726421197
-0.25530469386546717
-0.2259160538069051
-0.20254967926430806
-0.18367696161858482
-0.16824613609078606
-0.15551033430125427
-0.14492564343174671
-0.13608787203090839
-0.12869175508975175
-0.12250379083173059
-0.11734368644320688
-0.11307141974418666
-0.10957806917352127
-0.10677923846530152
-0.10461031334103696
-0.10302304619035428
-0.10198313257680698
-0.1014685560044264
-0.24255749880795144
-0.2437875754653247
-0.24627345119097915
-0.25006775541067916
-0.2552524912913616
-0.261942992476511
-0.2702937162970276
-0.2805064078707937
-0.29284143865807916
-0.3076335243035477
-0.3253136448603543
-0.3464399728128251
-0.37174222541878005
-0.4021865957233755
-0.4390732684105957
-0.48418757366109033
-0.5400436668283992
-0.6102955902523887
-0.7004519771560483
-0.8190288334471377
-0.9784804872399826
-1.190302974677938
-1.4295994437095327
-1.4954597903061888
-0.6264752200647054
3.227076024232292
14.148899217635291
37.83680435737173
78.47372638236348
133.20691680381765
188.47021334875944
223.88087071799288
223.88087071798873
188.47021334874808
133.20691680380259
78.4737263823474
37.83680435735708
14.148899217623036
3.227076024222253
-0.6264752200728633
-1.495459790312984
-1.4295994437153068
-1.1903029746829912
-0.9784804872444461
-0.8190288334510653
-0.7004519771596018
-0.6102955902555729
-0.5400436668312925
-0.48418757366367793
-0.43907326841295125
-0.4021865957255172
-0.37174222542068036
-0.34643997281453176
-0.32531364486185166
-0.3076335243049071
-0.2928414386592655
-0.2805064078718049
-0.2702937162978978
-0.2619429924772456
-0.25525249129195826
-0.25006775541114035
-0.24627345119132218
-0.243787575465451
-0.24255749880805275
-0.32294938794854255
-0.3245871624066362
-0.3278969594645371
-0.33294885266629587
-0.3398520253240588
-0.3487600387878045
-0.35987854593607993
-0.3734761614571561
-0.3898995588701788
-0.40959439852827567
-0.4331345140832198
-0.46126309289677553
-0.4949517311672796
-0.5354868901884988
-0.5845997408580494
-0.6446674305335769
-0.7190375510445465
-0.8125754325718024
-0.932615231354453
-1.0904905968964098
-1.3027487658716908
-1.5845089110704846
-1.9018122679395775
-1.984287557120954
-0.8098727721579847
4.369694315517199
19.02589856337055
50.78824171736407
105.25203119590377
178.58727695892247
252.61947866939772
300.0518238840866
300.0518238840813
252.61947866938218
178.58727695890207
105.25203119588178
50.788241717344064
19.02589856335382
4.369694315503516
-0.809872772169149
-1.9842875571302245
-1.9018122679474918
-1.5845089110773856
-1.3027487658777843
-1.0904905969017855
-0.9326152313593016
-0.8125754325761652
-0.7190375510484937
-0.6446674305371027
-0.584599740861246
-0.5354868901914105
-0.49495173116988034
-0.4612630928990881
-0.4331345140852807
-0.40959439853011914
-0.3898995588717965
-0.3734761614585357
-0.3598785459372801
-0.3487600387887838
-0.33985202532487174
-0.33294885266690377
-0.3278969594650063
-0.3245871624068093
-0.32294938794867467
-0.3377041812222549
-0.339416795631299
-0.3428778380605773
-0.34816058511968206
-0.35537921097705494
-0.36469429655763147
-0.3763208958055989
-0.3905399031478092
-0.40771384108212055
-0.42830874557784043
-0.45292468792739937
-0.48233883963958873
-0.5175672306119226
-0.5599551637229772
-0.6113130062768357
-0.674126678570816
-0.7518969867025176
-0.8497118933026504
-0.9752400947575628
-1.1403236325001238
-1.3621992290189084
-1.6563216113881307
-1.9856430960007172
-2.0619867201567565
-0.800831432679177
4.708159295632306
20.25179833257944
53.89069834926524
111.52565434297216
189.09145463803085
267.3696078764406
317.5135330976865
317.5135330976808
267.3696078764243
189.09145463800928
111.525654342949
53.89069834924413
20.251798332561815
4.708159295617864
-0.8008314326909767
-2.0619867201665376
-1.9856430960090923
-1.656321611395425
-1.3621992290253393
-1.1403236325058124
-0.9752400947626914
-0.8497118933072406
-0.7518969867066919
-0.6741266785745293
-0.6113130062802195
-0.5599551637260386
-0.5175672306146764
-0.4823388396420276
-0.4529246879295892
-0.4283087455797859
-0.4077138410838178
-0.39053990314926834
-0.3763208958068652
-0.3646942965586646
-0.3553792109779161
-0.34816058512030035
-0.3428778380610535
-0.3394167956315118
-0.33770418122240486
-0.30725130523653443
-0.30880949769888466
-0.31195846751684253
-0.3167648851994621
-0.32333263186823114
-0.3318078119092337
-0.34238609224292005
-0.35532304530415754
-0.3709485138563082
-0.38968652420262184
-0.41208305778515897
-0.43884523595766634
-0.47089751442412303
-0.5094639536578737
-0.5561917810972197
-0.6133429271408419
-0.6841028011737522
-0.7731009151417616
-0.8873137181763158
-1.0375042279319304
-1.2392768908340321
-1.506277736998813
-1.8030044534449368
-1.8608969955578223
-0.6748076500911163
4.445867862719142
18.84262269957205
49.945944456513175
103.18311409705572
174.78515447054372
247.01636044692728
293.2766221650014
293.2766221649962
247.0163604469126
174.78515447052416
103.18311409703465
49.94594445649395
18.84262269955596
4.445867862705975
-0.6748076501018915
-1.8608969955667432
-1.80300445345259
-1.506277737005474
-1.2392768908398943
-1.0375042279371314
-0.8873137181809923
-0.7731009151459616
-0.6841028011775439
-0.6133429271442482
-0.5561917811003053
-0.5094639536606879
-0.47089751442663286
-0.4388452359599108
-0.4120830577871568
-0.38968652420441396
-0.37094851385785776
-0.35532304530549014
-0.34238609224406574
-0.3318078119101773
-0.3233326318690058
-0.316764885200022
-0.3119584675172528
-0.30880949769909793
-0.3072513052366654
-0.2589844660630394
-0.26029789073551457
-0.2629522068051994
-0.2670036127501032
-0.27253967300941273
-0.2796835433937363
-0.2886001577328403
-0.29950494653738746
-0.3126759459404074
-0.3284705838049916
-0.34734909033269373
-0.36990752992158643
-0.39692517230463653
-0.42943384635899756
-0.46882210467688024
-0.5169966940067174
-0.5766428589150899
-0.6516631319194416
-0.7479372905837537
-0.8745273926044566
-1.0445163339427763
-1.269033665539868
-1.516542547068092
-1.5549522201552797
-0.5204608626352498
3.8932745495636203
16.25752465680106
42.922724407238746
88.51656045057905
149.79897872443826
211.59497625765857
251.16321673399167
251.16321673398735
211.5949762576462
149.79897872442183
88.51656045056134
42.92272440722264
16.257524656787552
3.8932745495525625
-0.5204608626443047
-1.5549522201627761
-1.5165425470745326
-1.2690336655454806
-1.0445163339477053
-0.8745273926088365
-0.7479372905876779
-0.6516631319229841
-0.5766428589182715
-0.5169966940095858
-0.46882210467947794
-0.4294338463613775
-0.39692517230675894
-0.36990752992348247
-0.34734909033439076
-0.3284705838065028
-0.31267594594171844
-0.299504946538511
-0.2886001577338076
-0.27968354339451995
-0.27253967301005666
-0.26700361275056883
-0.2629522068055375
-0.26029789073571086
-0.2589844660631472
-0.21245580525690783
-0.21353327041072695
-0.21571073324994572
-0.2190342966305658
-0.22357579476347442
-0.22943625962765316
-0.23675099634130403
-0.24569673575438156
-0.2565015683860415
-0.26945871547957384
-0.2849457347993718
-0.3034516197788566
-0.32561566286791954
-0.35228435411905756
-0.38459684007520817
-0.4241173995077239
-0.4730490018810193
-0.5345932224660918
-0.6135728927543143
-0.717414527596621
-0.8567997564996533
-1.040589768505669
-1.2417520888542803
-1.2657694688112047
-0.3920828817295958
3.2990474434697106
13.607456468878562
35.80586826714208
73.72910947193526
124.67370675407004
176.02777690035015
208.90382312809717
208.90382312809373
176.0277769003401
124.67370675405672
73.7291094719209
35.80586826712898
13.6074564688676
3.2990474434607266
-0.39208288173696254
-1.2657694688172954
-1.2417520888595277
-1.040589768510243
-0.856799756503667
-0.7174145276001869
-0.6135728927575106
-0.5345932224689836
-0.4730490018836099
-0.424117399510063
-0.38459684007733297
-0.35228435412100634
-0.3256156628696584
-0.3034516197804116
-0.284945734800767
-0.26945871548081246
-0.25650156838711347
-0.2456967357553062
-0.2367509963420914
-0.229436259628287
-0.22357579476399014
-0.2190342966309472
-0.2157107332502171
-0.21353327041090614
-0.21245580525698576
-0.17565518033790684
-0.1765460157054684
-0.1783463161963431
-0.18109419937092197
-0.18484905733938006
-0.18969442280252163
-0.19574216538947858
-0.2031384054604245
-0.21207172755810183
-0.22278456644620337
-0.2355890866958777
-0.25088958868178207
-0.2692146415640036
-0.29126412846488725
-0.3179799065936793
-0.35065534322771236
-0.39111189144343683
-0.441996631038408
-0.5072966024243883
-0.593147483656314
-0.7083509577995097
-0.8600767837555086
-1.0252992124905167
-1.0407940815960253
-0.3038519778712594
2.7889356696849426
11.4083491978637
29.950824280984325
61.609630376597735
104.12308540615533
146.96837608227008
174.3937493495863
174.39374934958352
146.96837608226187
104.12308540614453
61.60963037658602
29.95082428097367
11.408349197854776
2.7889356696776226
-0.3038519778772606
-1.0407940816009922
-1.0252992124947997
-0.86007678375925
-0.7083509578027837
-0.5931474836592298
-0.5072966024270003
-0.44199663104078035
-0.3911118914455548
-0.35065534322963143
-0.31797990659542874
-0.29126412846649186
-0.26921464156543884
-0.2508895886830631
-0.23558908669703235
-0.22278456644721945
-0.21207172755898535
-0.2031384054611928
-0.1957421653901285
-0.18969442280303628
-0.18484905733979368
-0.181094199371241
-0.17834631619656227
-0.1765460157056318
-0.1756551803379547
-0.14883032342864522
-0.1495851177961247
-0.1511104913474932
-0.15343874073503583
-0.15662018834558228
-0.16072561068072258
-0.16584979389194748
-0.17211654451830385
-0.179685648711773
-0.1887625195934164
-0.19961165199690303
-0.21257560705749978
-0.22810223852657371
-0.24678455431037247
-0.26942058722660234
-0.29710620573605373
-0.33138472643139116
-0.374498997673958
-0.42982696188972913
-0.5025651461803857
-0.6001570702984741
-0.7286041379106903
-0.8680802402824699
-0.8791616838249539
-0.24790883835375171
2.3918536191876987
9.740441374006435
25.540430343443298
52.508255428258515
88.71519823199145
125.20027329907056
148.55287721022012
148.55287721021773
125.20027329906368
88.71519823198254
52.50825542824884
25.540430343434437
9.740441373999019
2.3918536191816075
-0.2479088383587435
-0.8791616838290933
-0.8680802402860403
-0.728604137913816
-0.6001570703012051
-0.502565146182822
-0.42982696189191494
-0.3744989976759441
-0.3313847264331668
-0.29710620573766267
-0.2694205872280797
-0.24678455431172314
-0.22810223852778988
-0.21257560705858147
-0.199611651997881
-0.1887625195942682
-0.1796856487125201
-0.17211654451895414
-0.16584979389249488
-0.16072561068114855
-0.15662018834592362
-0.15343874073530964
-0.1511104913476785
-0.14958511779627087
-0.1488303234286707
-0.12941831825871417
-0.13007466464645434
-0.13140108342783016
-0.13342565880942436
-0.13619214964066348
-0.13976210106242987
-0.1442179362971048
-0.14966731384084153
-0.15624917900525523
-0.1641421529816715
-0.17357623270282357
-0.18484929930554084
-0.19835079337366546
-0.21459637743523624
-0.23427999795147392
-0.2583545910021998
-0.2881621804090712
-0.32565307234281526
-0.37376451615752726
-0.437014397505243
-0.5218699915272875
-0.633522020528533
-0.7546100839272717
-0.7634674399610326
-0.21194012786961966
2.0908755721988523
8.498376410308083
22.271760139911713
45.77737653372364
77.333347332129
109.13009533628237
129.48132076707685
129.4813207670749
109.13009533627647
77.3333473321214
45.77737653371535
22.27176013990416
8.498376410301766
2.0908755721936507
-0.21194012787387143
-0.7634674399645736
-0.7546100839303209
-0.6335220205312103
-0.5218699915296254
-0.4370143975073322
-0.3737645161594054
-0.32565307234451946
-0.28816218041060215
-0.2583545910035857
-0.23427999795275248
-0.21459637743640037
-0.1983507933747224
-0.18484929930647834
-0.17357623270367084
-0.16414215298240398
-0.15624917900590451
-0.14966731384140308
-0.1442179362975739
-0.1397621010627922
-0.13619214964095222
-0.13342565880967022
-0.131401083427993
-0.1300746646465848
-0.1294183182587224
-0.11486696760572723
-0.1154495165475799
-0.11662679712609192
-0.11842373584329913
-0.12087917143326529
-0.12404772908227002
-0.12800256458570156
-0.13283923162813382
-0.13868105290383595
-0.14568656593340829
-0.15405990741761216
-0.16406546552086554
-0.17604889311150274
-0.1904678728604417
-0.2079383254409036
-0.22930604069946886
-0.2557621472107303
-0.28903765694958594
-0.3317395194518473
-0.38787735436639037
-0.4631895601448841
-0.5622744644135048
-0.6696859302566038
-0.6773023679305243
-0.1869641428782056
1.8592605811094365
7.551854858625677
19.787526613274444
40.66795168745915
68.69887113597976
96.94319940127089
115.02056569548759
115.02056569548587
96.94319940126576
68.69887113597312
40.66795168745199
19.787526613267875
7.5518548586201835
1.8592605811049059
-0.18696414288190505
-0.6773023679336146
-0.669685930259263
-0.5622744644158435
-0.4631895601469309
-0.3878773543682171
-0.3317395194534971
-0.28903765695107464
-0.25576214721208135
-0.2293060407006849
-0.20793832544203053
-0.19046787286146094
-0.17604889311243838
-0.16406546552169224
-0.1540599074183573
-0.14568656593404908
-0.13868105290441313
-0.13283923162862368
-0.12800256458610998
-0.12404772908258484
-0.12087917143351531
-0.1184237358435237
-0.11662679712623963
-0.11544951654769092
-0.11486696760572643
-0.10343520550864731
-0.1039597780266916
-0.10501989330733838
-0.10663799710862594
-0.10884906284186346
-0.11170227926392956
-0.11526352152753463
-0.11961883357760536
-0.1248792647208437
-0.1311875744099363
-0.1387275831102237
-0.14773736633384
-0.15852817655922308
-0.17151214645545793
-0.18724389822383522
-0.20648504564694808
-0.23030817130784892
-0.26027200781164134
-0.29872403712993434
-0.34927474332208136
-0.4170909472091473
-0.5063109633093574
-0.6030156944148044
-0.6098073230520228
-0.16804295723070367
1.6751818270196184
6.8027822448114925
17.82381219625633
36.6312009623713
61.87899613324663
87.31890570929855
103.60130913269244
103.60130913269086
87.31890570929406
61.87899613324081
36.63120096236497
17.823812196250543
6.802782244806654
1.6751818270156074
-0.1680429572339708
-0.6098073230547629
-0.6030156944171587
-0.5063109633114315
-0.41709094721096673
-0.349274743323704
-0.29872403713140083
-0.26027200781295834
-0.230308171309056
-0.2064850456480311
-0.18724389822483645
-0.17151214645636104
-0.15852817656005522
-0.14773736633457618
-0.13872758311088051
-0.1311875744105029
-0.12487926472135957
-0.11961883357803457
-0.1152635215278918
-0.11170227926420809
-0.10884906284208015
-0.10663799710883175
-0.1050198933074718
-0.10395977802678
-0.10343520550864255
-0.09408269841315373
-0.0945598395200466
-0.09552410005491699
-0.09699589624256186
-0.09900703921688105
-0.10160227011219905
-0.10484150768131958
-0.10880301581344567
-0.11358780278063914
-0.1193257197739227
-0.12618396626126727
-0.1343790910103723
-0.14419420307460926
-0.15600417006469708
-0.17031346511869416
-0.18781483655842873
-0.20948388320871036
-0.23673839490494236
-0.2717135875230706
-0.3176934576709405
-0.3793775116042062
-0.4605292557926799
-0.5484854851294836
-0.5546452543298873
-0.15276413230437252
1.5239745627673522
6.188373637143582
16.21376732704109
33.32206029408651
56.28889218970762
79.43046754939357
94.24185481487483
94.24185481487332
79.4304675493896
56.2888921897025
33.32206029408087
16.21376732703594
6.188373637139266
1.5239745627637742
-0.15276413230729002
-0.5546452543323354
-0.5484854851315932
-0.46052925579453585
-0.37937751160584265
-0.31769345767239304
-0.2717135875243866
-0.23673839490611498
-0.20948388320979636
-0.18781483655939912
-0.17031346511958795
-0.15600417006549944
-0.14419420307534989
-0.13437909101102863
-0.12618396626184675
-0.11932571977442558
-0.11358780278110248
-0.10880301581382204
-0.10484150768163719
-0.10160227011245043
-0.09900703921707427
-0.0969958962427524
-0.09552410005504192
-0.09455983952011215
-0.09408269841315084
-0.08619576384566985
-0.08663290624481286
-0.08751633288017094
-0.08886474848155193
-0.0907072974506627
-0.09308497026500337
-0.09605266267704515
-0.09968207769728897
-0.10406575604927179
-0.10932266346113596
-0.11560598301282099
-0.12311411010225212
-0.1321064206163747
-0.14292635680056748
-0.1560361014613289
-0.17207032923816937
-0.191922853449237
-0.21689260854202888
-0.2489358105745802
-0.2910611455069384
-0.3475741119511972
-0.421922518397655
-0.5025038575876474
-0.5081413582678996
-0.13992936878790008
1.3963098995210146
5.669847145966447
14.855133552990344
30.529781841488028
51.572033847220375
72.77438811429658
86.34460976803308
86.34460976803183
72.77438811429312
51.572033847215735
30.529781841483
14.85513355298572
5.669847145962576
1.3963098995178003
-0.1399293687905192
-0.5081413582700994
-0.502503857589544
-0.42192251839932454
-0.34757411195267385
-0.2910611455082462
-0.2489358105757624
-0.2168926085430776
-0.19192285345021226
-0.1720703292390456
-0.15603610146212588
-0.1429263568012829
-0.13210642061702993
-0.12311411010284029
-0.11560598301333302
-0.10932266346158646
-0.10406575604968824
-0.09968207769762424
-0.09605266267733319
-0.09308497026523535
-0.09070729745083797
-0.08886474848173054
-0.08751633288028784
-0.08663290624485913
-0.0861957638456692
-0.07939331721584014
-0.07979596092058272
-0.08060966870421786
-0.08185166914145098
-0.08354880659209021
-0.08573883661288577
-0.08847232264664512
-0.09181530898331973
-0.09585303313489826
-0.10069507218230606
-0.10648252015613682
-0.11339811528700294
-0.12168076376078402
-0.13164680366009787
-0.14372194268621552
-0.15849076737807474
-0.17677655175156312
-0.1997757186552086
-0.22929009912726678
-0.26809092982878885
-0.32014389997834797
-0.3886246223155778
-0.4628458283286706
-0.46803550678640427
-0.12887201358781505
1.2861607302302405
5.22251651428629
13.683081892322967
28.1209978318428
47.50301604474156
67.03250788355581
79.53204269595524
79.53204269595412
67.03250788355264
47.503016044737386
28.12099783183824
13.683081892318835
5.222516514282803
1.2861607302273472
-0.1288720135901758
-0.46803550678838257
-0.46284582833038096
-0.38862462231708145
-0.3201438999796836
-0.26809092982996724
-0.22929009912833226
-0.19977571865614718
-0.17677655175243936
-0.1584907673788669
-0.1437219426869287
-0.13164680366073478
-0.12168076376136482
-0.11339811528753066
-0.10648252015659355
-0.10069507218270865
-0.0958530331352733
-0.09181530898361992
-0.0884723226469129
-0.0857388366131019
-0.08354880659225603
-0.08185166914162073
-0.08060966870432901
-0.07979596092061432
-0.07939331721584142
-0.07342228648589255
-0.07379464804262659
-0.07454715824729527
-0.07569574994083413
-0.07726524856117534
-0.07929057012895772
-0.08181847528932379
-0.08491004124322096
-0.08864409491946888
-0.09312197227152164
-0.09847415585622327
-0.10486964042540146
-0.11252936436522541
-0.1217458743973862
-0.13291286129192442
-0.14657094552993433
-0.16348148356370834
-0.18475091631574111
-0.21204556005378056
-0.24792822614051999
-0.29606633452139136
-0.3593966017355501
-0.4280352643815549
-0.43283275340230043
-0.11917049396038756
1.1894605349870697
4.829822413602256
12.65419474274563
26.0064513196375
43.93104122854824
61.99201825587293
73.5516551448939
73.551655144893
61.99201825587012
43.93104122854451
26.006451319633417
12.65419474274191
4.829822413599109
1.1894605349844616
-0.11917049396251367
-0.43283275340408617
-0.4280352643830958
-0.3593966017369097
-0.2960663345225991
-0.24792822614158833
-0.2120455600547423
-0.18475091631658563
-0.16348148356449343
-0.14657094553065425
-0.13291286129256194
-0.12174587439795471
-0.11252936436573951
-0.10486964042587794
-0.09847415585663415
-0.0931219722718822
-0.08864409491980511
-0.08491004124349345
-0.08181847528957525
-0.07929057012916038
-0.07726524856133618
-0.07569574994100096
-0.07454715824740082
-0.07379464804265384
-0.07342228648589197
-0.0681049079668331
-0.0684503023864437
-0.06914831436012916
-0.07021372284051254
-0.07166955535738508
-0.07354819924269325
-0.0758930286408406
-0.07876069741735242
-0.08222432369294844
-0.0863779044613888
-0.0913424724595582
-0.09727478348098381
-0.1043797750780093
-0.11292880709640668
-0.12328705833519604
-0.13595599628577684
-0.15164183812283194
-0.17137089346657583
-0.1966887992193444
-0.22997275919815607
-0.274624579957947
-0.33336825024458827
-0.3970356194978037
-0.4014843299069505
-0.11053334918419375
1.1033387077864236
4.480096237098379
11.737892403805493
24.12329029876604
40.749933696960206
57.50309032448662
68.22567877316114
68.22567877316024
57.50309032448402
40.74993369695685
24.12329029876234
11.737892403802121
4.480096237095538
1.1033387077840726
-0.11053334918611035
-0.4014843299085603
-0.39703561949919175
-0.3333682502458166
-0.27462457995903944
-0.2299727591991227
-0.19668879922021407
-0.17137089346733342
-0.1516418381235346
-0.13595599628642752
-0.12328705833576714
-0.11292880709691328
-0.10437977507847049
-0.09727478348141574
-0.09134247245993682
-0.08637790446171371
-0.08222432369325464
-0.07876069741760307
-0.0758930286410795
-0.073548199242881
-0.07166955535754327
-0.0702137228406754
-0.06914831436022899
-0.06845030238647277
-0.06810490796682789
-0.06331105933616896
-0.06363214171002196
-0.06428102116085524
-0.06527143636113425
-0.06662479394886917
-0.0683712015340469
-0.07055098018464756
-0.07321679593873842
-0.07643662018084758
-0.08029783351708654
-0.08491294926605425
-0.09042768927602159
-0.09703256566369253
-0.1049798374031928
-0.11460897854092716
-0.1263861584937141
-0.14096788406401478
-0.1593082231781638
-0.18284401538317813
-0.21378513208685482
-0.2552939205925598
-0.3099025971797582
-0.3690882129238384
-0.37322280427550225
-0.10274815826899356
1.025691119687723
4.16478905145947
10.91177358341785
22.425474535043563
37.8819196524547
53.45597555249954
63.423900253627934
63.42390025362719
53.4559755524972
37.88191965245163
22.42547453504018
10.91177358341481
4.164789051456911
1.0256911196856022
-0.10274815827071505
-0.373222804276955
-0.36908821292508626
-0.3099025971808709
-0.2552939205935467
-0.2137851320877337
-0.18284401538396633
-0.1593082231788485
-0.14096788406464297
-0.12638615849430251
-0.11460897854143655
-0.10497983740364661
-0.0970325656641083
-0.09042768927641436
-0.08491294926640416
-0.08029783351737994
-0.07643662018112268
-0.07321679593896946
-0.07055098018486994
-0.06837120153422116
-0.06662479394902326
-0.06527143636129652
-0.06428102116094916
-0.06363214171006268
-0.06331105933615452
-0.05894250802028645
-0.05924143525061463
-0.05984554108989276
-0.060767616221621606
-0.06202759019374726
-0.06365349314591684
-0.06568286393158144
-0.0681647345522922
-0.07116238626325727
-0.07475717027424506
-0.07905383630998905
-0.08418805118202671
-0.0903371813669698
-0.09773607955997005
-0.1067007955342775
-0.1176653322197363
-0.13124089628134367
-0.14831572316012598
-0.17022750750831755
-0.1990336342387195
-0.23767823760008064
-0.288518782837623
-0.3436203150093873
-0.347468886373819
-0.09565478312993576
0.9549286063011195
3.877445136393723
10.158922545352729
20.87823838765134
35.268271244411935
49.767801743865384
59.04799427486288
59.047994274862106
49.767801743863366
35.268271244409156
20.878238387648317
10.158922545349979
3.8774451363914073
0.9549286062992095
-0.09565478313148379
-0.3474688863751251
-0.343620315010509
-0.2885187828386277
-0.2376782376009736
-0.19903363423951553
-0.17022750750903373
-0.1483157231607452
-0.131240896281908
-0.11766533222026634
-0.10670079553473533
-0.09773607956037839
-0.09033718136735074
-0.0841880511823814
-0.079053836310313
-0.0747571702745081
-0.07116238626350241
-0.06816473455250117
-0.06568286393178202
-0.06365349314607345
-0.062027590193890286
-0.06076761622177575
-0.059845541089978006
-0.05924143525066852
-0.05894250802026077
-0.054923248257716044
-0.05520179178177072
-0.055764703929662936
-0.05662390319350975
-0.05779796013371756
-0.05931299352625612
-0.06120398246546614
-0.06351661548031867
-0.06630985870203741
-0.06965951603236303
-0.0736631943508706
-0.07844730939697953
-0.08417713308620477
-0.091071503580706
-0.09942491930693545
-0.10964178863648863
-0.12229164015856234
-0.13820214061419758
-0.1586197671679171
-0.18546161090382102
-0.22147104194093156
-0.26884475275985825
-0.32018879334667366
-0.3237743860392886
-0.08912941003303491
0.8898212899737712
3.613068688904729
9.466249145125861
19.454678793400475
32.86354253296196
46.37443911109888
55.02187280688176
55.021872806881106
46.37443911109701
32.863542532959436
19.454678793397786
9.466249145123403
3.613068688902645
0.8898212899720502
-0.08912941003442501
-0.3237743860404627
-0.3201887933476768
-0.268844752760761
-0.22147104194173367
-0.18546161090453858
-0.15861976716856319
-0.1382021406147593
-0.12229164015906893
-0.10964178863696683
-0.09942491930734634
-0.09107150358107788
-0.08417713308655561
-0.07844730939729999
-0.0736631943511663
-0.06965951603260126
-0.06630985870225191
-0.06351661548050834
-0.06120398246563956
-0.05931299352639663
-0.05779796013384042
-0.05662390319365078
-0.055764703929734864
-0.05520179178183647
-0.05492324825767729
-0.05119323592936833
-0.051452862669427696
-0.05197754564787646
-0.05277839393321193
-0.053872716898616585
-0.05528485950880366
-0.05704742531361602
-0.059202999984524135
-0.061806545069447744
-0.06492871637784765
-0.06866049198402152
-0.07311970231557399
-0.07846039512163626
-0.08488654653100813
-0.09267265458627486
-0.10219566290419421
-0.11398642141096839
-0.12881638706150045
-0.14784738417035953
-0.1728663066402477
-0.2064302096575537
-0.2505865874868729
-0.29844358011529026
-0.30178525048864274
-0.08307427940076624
0.8293974059113928
3.367712585716168
8.823411141122715
18.133540292049744
30.631827807033872
43.2252202977553
51.285420574664826
51.28542057466423
43.225220297753545
30.631827807031666
18.13354029204728
8.823411141120506
3.367712585714295
0.8293974059098479
-0.08307427940201427
-0.3017852504896917
-0.298443580116185
-0.2505865874876796
-0.20643020965827277
-0.1728663066408902
-0.1478473841709415
-0.1288163870620079
-0.11398642141142536
-0.10219566290462304
-0.09267265458664203
-0.08488654653134332
-0.07846039512195761
-0.0731197023158558
-0.06866049198428455
-0.06492871637805978
-0.06180654506963128
-0.05920299998469304
-0.057047425313760565
-0.05528485950892802
-0.053872716898717754
-0.05277839393333575
-0.05197754564793805
-0.05145286266949943
-0.05119323592932205
-0.04770415812594985
-0.04794608998448979
-0.04843501315178148
-0.04918127955636595
-0.050201018848918984
-0.05151691675991587
-0.05315935473991934
-0.05516801602799361
-0.05759411625975493
-0.0605034956870107
-0.0639809317584055
-0.06813622414780175
-0.0731129214501888
-0.07910109775788418
-0.08635654263399027
-0.09523050900067047
-0.10621766653821874
-0.12003689325241185
-0.13777082873780233
-0.16108457987727537
-0.19236092253264792
-0.23350779344827394
-0.278103005304671
-0.28121661031874434
-0.07741076612010736
0.7728749388622476
3.1382005729113356
8.222086203115943
16.897718810668174
28.54423409279765
40.2793737808087
47.790263404652954
47.790263404652414
40.279373780807205
28.544234092795616
16.897718810665992
8.222086203113948
3.138200572909656
0.772874938860868
-0.07741076612121933
-0.281216610319677
-0.27810300530546284
-0.2335077934489891
-0.1923609225332865
-0.16108457987784797
-0.13777082873831895
-0.12003689325286668
-0.10621766653862795
-0.09523050900105418
-0.08635654263431514
-0.0791010977581862
-0.07311292145048179
-0.0681362241480471
-0.06398093175863233
-0.06050349568719946
-0.057594116259906486
-0.05516801602814316
-0.05315935474003208
-0.05151691676002461
-0.05020101884899564
-0.04918127955647124
-0.04843501315183402
-0.04794608998455925
-0.0477041581259024
-0.04441648445900136
-0.04464174285948226
-0.045096970423289556
-0.045791805644431166
-0.04674126654975077
-0.047966475413699305
-0.04949571985677849
-0.05136594822671476
-0.05362484647725686
-0.056333717277723204
-0.05957149537859157
-0.06344041327079515
-0.0680741264533794
-0.07364960947060317
-0.08040502334515984
-0.08866741329102257
-0.09889735723844845
-0.11176418935978695
-0.12827593548499655
-0.1499829457431645
-0.17910377748538994
-0.21741486848638353
-0.258936603948851
-0.2618353875878943
-0.07207456159829806
0.7196139558220866
2.9219335799898993
7.655464377166739
15.733218550362151
26.5771190694689
37.503537354429994
44.49681805159308
44.49681805159256
37.503537354428644
26.577119069467116
15.733218550360204
7.65546437716496
2.921933579988407
0.7196139558208672
-0.07207456159928337
-0.26183538758871466
-0.2589366039495459
-0.21741486848701033
-0.17910377748595208
-0.14998294574366838
-0.1282759354854507
-0.111764189360185
-0.09889735723881343
-0.08866741329136216
-0.08040502334544661
-0.07364960947087026
-0.06807412645364606
-0.06344041327100433
-0.05957149537878438
-0.05633371727788869
-0.053624846477380535
-0.05136594822684421
-0.04949571985686233
-0.047966475413790816
-0.04674126654980586
-0.045791805644517104
-0.04509697042333767
-0.04464174285953948
-0.044416484458963026
-0.04129735657195217
-0.04150679629617965
-0.041930055695939064
-0.04257609640572579
-0.043458881817164965
-0.044598050900992246
-0.04601990479017215
-0.0477587971483799
-0.04985906520064501
-0.05237770665820132
-0.05538811310612397
-0.05898533779309153
-0.06329365030387916
-0.06847759719951342
-0.07475861471242039
-0.08244078138963501
-0.09195233117451504
-0.10391559434944513
-0.11926780819180793
-0.13945044935893935
-0.16652627605132653
-0.20214697063381637
-0.24075281084103448
-0.24344784854903245
-0.06701222817011104
0.6690824797136022
2.7167510662046546
7.1178847634072895
14.628405270197785
24.710829676198745
34.8699781492995
41.37218030667414
41.37218030667378
34.86997814929824
24.710829676197164
14.628405270196051
7.117884763405717
2.7167510662033427
0.6690824797125347
-0.0670122281709721
-0.24344784854974885
-0.24075281084163713
-0.2021469706343622
-0.16652627605181558
-0.13945044935938278
-0.11926780819220414
-0.10391559434978917
-0.09195233117483839
-0.08244078138993377
-0.07475861471266847
-0.06847759719974433
-0.06329365030411696
-0.05898533779326534
-0.05538811310627978
-0.05237770665834139
-0.04985906520074064
-0.047758797148488144
-0.0460199047902298
-0.04459805090106909
-0.04345888181720363
-0.042576096405797056
-0.041930055695984965
-0.04150679629621991
-0.041297356571928796
-0.03831904205341166
-0.03851337723788392
-0.03890611168113875
-0.03950556071514004
-0.04032468070802375
-0.04138169429089691
-0.04270100578960771
-0.0443144913214229
-0.04626329056182625
-0.04860029061244015
-0.0513935901406621
-0.054731387261939816
-0.05872898937687991
-0.06353907612892892
-0.06936711400738753
-0.07649525173263298
-0.08532083944696012
-0.09642132556283252
-0.11066635461333986
-0.12939344501998057
-0.15451658982951982
-0.18756834979053877
-0.22338994615770713
-0.225890485607809
-0.062178676666717586
0.620831483851524
2.5208294312703456
6.60456931962853
13.573459190548583
22.928777927517373
32.35528849435842
38.38857767755618
38.388577677555865
32.35528849435727
22.928777927516066
13.573459190547068
6.60456931962719
2.5208294312692185
0.6208314838506057
-0.06217867666746009
-0.225890485608428
-0.22338994615822672
-0.1875683497910116
-0.15451658982994412
-0.12939344502036804
-0.11066635461368429
-0.0964213255631226
-0.08532083944724364
-0.07649525173289054
-0.06936711400759897
-0.06353907612911913
-0.05872898937708838
-0.05473138726207988
-0.05139359014078574
-0.04860029061255555
-0.046263290561902655
-0.04431449132151061
-0.04270100578964919
-0.04138169429096184
-0.04032468070805428
-0.03950556071519934
-0.03890611168118404
-0.038513377237904135
-0.038319042053406735
-0.03545777742383839
-0.03563760168825851
-0.03600101082864035
-0.03655569927461966
-0.037313655947680276
-0.03829174280259226
-0.039512541904151474
-0.0410055491928267
-0.042808832460903584
-0.044971329750809155
-0.047556054828450725
-0.05064462008873634
-0.0543437229699265
-0.05879464257858712
-0.06418750328691464
-0.07078338585249239
-0.07894997038233083
-0.08922158732776395
-0.10240294496145891
-0.11973168920607717
-0.14297889487101356
-0.17356268400300337
-0.20670946964372441
-0.20902319415223555
-0.057535279859263794
0.5744761755183803
2.3326059812157887
6.111423630063333
12.559965527232249
21.21674922251095
29.93940985579742
35.52221132177755
35.522211321777284
29.93940985579647
21.216749222509762
12.559965527230961
6.1114236300621725
2.332605981214832
0.5744761755176022
-0.05753527985989243
-0.20902319415276605
-0.20670946964416662
-0.17356268400340835
-0.14297889487137447
-0.11973168920641308
-0.10240294496175512
-0.08922158732800613
-0.07894997038257436
-0.07078338585271267
-0.06418750328709183
-0.05879464257873907
-0.054343722970104265
-0.050644620088847556
-0.047556054828544914
-0.044971329750901415
-0.0428088324609654
-0.041005549192894175
-0.039512541904181395
-0.03829174280264639
-0.03731365594770503
-0.03655569927466927
-0.03600101082868501
-0.035637601688262466
-0.03545777742384999
-0.03269288441695548
-0.032858686510955346
-0.03319375806883189
-0.033705193530842316
-0.03440404695691932
-0.03530586545519804
-0.03643147020601161
-0.03780805714112108
-0.039470725635463
-0.04146459768283766
-0.04384777341524141
-0.046695501324687666
-0.05010615888459559
-0.05421000865345259
-0.05918234963445925
-0.06526390422728469
-0.07279368184246637
-0.08226434726207685
-0.0944178596798043
-0.11039535645520909
-0.13182980812683276
-0.16002875357459118
-0.190590828266327
-0.19272406127178282
-0.05304843225434009
0.5296816981437579
2.1507208475323676
5.634884718662837
11.5806017138895
19.562373985169984
27.604887256481156
32.7523714380724
32.752371438072075
27.604887256480346
19.562373985169017
11.580601713888441
5.634884718661886
2.150720847531584
0.5296816981431134
-0.05304843225486125
-0.19272406127222852
-0.1905908282666965
-0.1600287535749312
-0.1318298081271344
-0.11039535645549187
-0.09441785968005326
-0.08226434726227386
-0.0727936818426696
-0.06526390422746803
-0.059182349634606404
-0.05421000865356797
-0.05010615888474415
-0.046695501324772445
-0.04384777341531054
-0.0414645976829046
-0.03947072563551318
-0.03780805714116506
-0.0364314702060346
-0.035305865455239845
-0.034404046956942796
-0.03370519353088294
-0.0331937580688797
-0.03285868651094784
-0.032692884416980955
-0.030006080990324202
-0.03015825694595352
-0.03046579126755445
-0.030935195351681342
-0.031576614800309
-0.03240431901056739
-0.033437418011560194
-0.03470087268623597
-0.03622689783018356
-0.038056907166526086
-0.0402442259708346
-0.0428579185702137
-0.04598827745711684
-0.049754859786588376
-0.0543185579118244
-0.05990031086459113
-0.06681126711917199
-0.07550360257441227
-0.08665829960853871
-0.10132271279857012
-0.12099560913755246
-0.14687706840779285
-0.17492743923913331
-0.17688530293485288
-0.04868842774414343
0.48615198242920243
1.9739717001057788
5.171802386557918
10.628893524748882
17.954715695041724
25.336287936471567
30.06074752471371
30.060747524713452
25.336287936470878
17.954715695040967
10.628893524748062
5.171802386557154
1.9739717001051575
0.4861519824286884
-0.048688427744558005
-0.17688530293521243
-0.17492743923942927
-0.14687706840806936
-0.12099560913779295
-0.10132271279879951
-0.08665829960873997
-0.07550360257456906
-0.06681126711933422
-0.059900310864741145
-0.054318557911943004
-0.049754859786670665
-0.04598827745723515
-0.04285791857027582
-0.04024422597088215
-0.03805690716656919
-0.03622689783022147
-0.03470087268625716
-0.033437418011576556
-0.03240431901059523
-0.03157661480032989
-0.03093519535171152
-0.030465791267604788
-0.03015825694593898
-0.0300060809903571
-0.02738093237144936
-0.027519794871641134
-0.027800423861895428
-0.028228761074347193
-0.028814064499685522
-0.029569355144083775
-0.030512071151757872
-0.031664989645244626
-0.033057507034184454
-0.03472741386595843
-0.03672337012999369
-0.03910839789870524
-0.041964890212578584
-0.04540194448413551
-0.04956637701164258
-0.05465979743612416
-0.0609661326329926
-0.06889799873639915
-0.0790768005800276
-0.09245826206694441
-0.1104100264123225
-0.1340271808409983
-0.15962348951594585
-0.161410027026202
-0.04442856572585076
0.4436208623266302
1.8012776615204762
4.7193446600805675
9.699020750335881
16.383942625375276
23.11973813517796
27.430878785561735
27.430878785561656
23.119738135177474
16.383942625374782
9.69902075033528
4.719344660079999
1.8012776615200075
0.4436208623262401
-0.04442856572616531
-0.161410027026474
-0.1596234895161685
-0.13402718084120485
-0.11041002641250332
-0.09245826206711666
-0.07907680058018264
-0.06889799873651839
-0.060966132633118675
-0.054659797436243836
-0.04956637701173793
-0.04540194448418747
-0.04196489021266853
-0.039108397898745415
-0.03672337013002337
-0.03472741386597715
-0.033057507034209135
-0.03166498964524448
-0.030512071151769505
-0.029569355144094853
-0.028814064499702113
-0.02822876107436152
-0.027800423861946262
-0.02751979487161888
-0.027380932371485076
-0.02480240307469152
-0.024928188549765903
-0.025182390013724663
-0.025570389650814276
-0.02610057360333013
-0.02678473665637614
-0.027638674759917367
-0.02868302005699254
-0.029944400622403104
-0.031457048170981786
-0.033265040255867684
-0.03542546399796391
-0.03801295327062576
-0.04112633149649054
-0.04489858889315401
-0.04951234897855296
-0.055224800454067906
-0.06240970222735058
-0.07162993962378784
-0.08375123315422203
-0.10001243096894093
-0.1214054927502164
-0.14459132398393276
-0.14620959184109222
-0.040244421890111404
0.401844824269325
1.6316498564742483
4.274920624758369
8.785658605408738
14.841059942027364
20.942545050002934
24.847705595434462
24.847705595434398
20.9425450500026
14.841059942027012
8.785658605408297
4.2749206247579625
1.6316498564739277
0.40184482426905443
-0.0402444218903298
-0.1462095918412762
-0.14459132398408264
-0.1214054927503548
-0.10001243096906183
-0.0837512331543375
-0.0716299396238971
-0.062409702227432515
-0.055224800454160186
-0.04951234897864361
-0.04489858889322562
-0.04112633149651344
-0.03801295327068689
-0.03542546399798228
-0.033265040255879876
-0.031457048170978316
-0.02994440062241166
-0.028683020056974977
-0.0276386747599235
-0.02678473665637072
-0.026100573603340158
-0.025570389650811678
-0.025182390013773474
-0.024928188549736816
-0.024802403074726434
-0.02225648119688091
-0.02236935501565987
-0.02259746314927892
-0.02294563531001119
-0.023421396816950192
-0.02403533174063894
-0.024801614603604322
-0.02573875969431014
-0.026870661760461573
-0.028228038688546484
-0.029850443543907267
-0.03178910354806952
-0.03411099152806605
-0.036904786839463966
-0.04028982846115137
-0.04442999388306283
-0.04955607175912204
-0.056003455153663964
-0.06427724991630718
-0.07515431135078376
-0.08974632133480656
-0.10894341646341643
-0.12974925506709353
-0.1312013908191454
-0.036113236847683236
0.36059692566962975
1.4641667111961714
3.836115705647897
7.883844716969089
13.317685013556826
18.792879771318766
22.297193312043692
22.297193312043667
18.792879771318464
13.317685013556627
7.88384471696883
3.836115705647676
1.4641667111959924
0.36059692566947704
-0.036113236847808775
-0.13120139081924348
-0.12974925506717408
-0.10894341646348833
-0.08974632133487201
-0.07515431135084365
-0.06427724991637421
-0.05600345515370796
-0.04955607175918565
-0.04442999388312416
-0.04028982846119962
-0.03690478683945876
-0.03411099152809946
-0.03178910354806444
-0.02985044354390218
-0.028228038688520925
-0.02687066176045126
-0.025738759694277132
-0.02480161460360465
-0.024035331740619288
-0.02342139681695605
-0.02294563530999571
-0.022597463149329155
-0.02236935501562471
-0.022256481196915742
-0.019729853213222584
-0.01982991322486405
-0.020032125772749945
-0.02034077228401864
-0.02076252377820046
-0.021306762786511713
-0.02198605469182135
-0.022816811977900316
-0.023820216779533634
-0.025023499783962424
-0.026461723857005306
-0.0281803007293451
-0.030238600240025153
-0.03271523455320187
-0.035715994863482356
-0.039386154697666216
-0.04393030273255161
-0.04964575694180621
-0.05698028157830284
-0.06662254020542338
-0.07955801218787828
-0.09657578287892951
-0.11501966676238998
-0.11630693508086876
-0.032013387067141894
0.31966153043673207
1.2979525718216864
3.400635644216314
6.988863985638893
11.805852913922656
16.6595028229388
19.766006638062855
19.76600663806268
16.6595028229387
11.8058529139226
6.988863985638782
3.4006356442162473
1.2979525718216531
0.3196615304366932
-0.03201338706717714
-0.11630693508088447
-0.11501966676240108
-0.09657578287893522
-0.07955801218788808
-0.06662254020542668
-0.05698028157832511
-0.04964575694180808
-0.04393030273258603
-0.03938615469769606
-0.035715994863504325
-0.03271523455317116
-0.03023860024003287
-0.028180300729318923
-0.026461723856984844
-0.025023499783921568
-0.02382021677950548
-0.022816811977857926
-0.021986054691816154
-0.021306762786484176
-0.020762523778204225
-0.02034077228399701
-0.020032125772803527
-0.019829913224823723
-0.019729853213258028
