-0.006555782197413418
-0.006722981800833161
-0.006891458169763329
-0.007062092320933322
-0.007235811485497656
-0.007413610629024884
-0.007596577313209475
-0.0077859213404674315
-0.007983011080049108
-0.008189419060576152
-0.008406980448244662
-0.008637869609292175
-0.00888470241804173
-0.009150675911662074
-0.009439763408679028
-0.009756994438986826
-0.010108869307540621
-0.010503998474948931
-0.010954144802220683
-0.011476054265862153
-0.012094943937904855
-0.01285142596186047
-0.013814362289189088
-0.01509903995206927
-0.016874546853013248
-0.01931085971685222
-0.022392030063640142
-0.02558940438384905
-0.027608201704050483
-0.02663360780642283
-0.02131162181770169
-0.011968851622497527
-0.0009759358140690681
0.008366834381127073
0.013688820369867644
0.01466341426748136
0.012644616947290466
0.00944724262708918
0.006366072280298099
0.003929759416456551
0.0021542525155264676
0.0008695748526329622
-9.336147469378095e-05
-0.000849843498654735
-0.001468733170696476
-0.001990642634332498
-0.0024407889616040023
-0.0028359181290161213
-0.003187792997569526
-0.0035050240278742947
-0.0037941115248912296
-0.004060085018515075
-0.0043069178272613735
-0.004537806988308669
-0.004755368375970176
-0.004961776356505135
-0.005158866096082068
-0.00534821012334418
-0.00553117680752109
-0.005708975951054183
-0.005882695115615505
-0.006053329266793141
-0.006221805635716882
-0.006389005239139776
-0.006589029865473182
-0.006757077420826592
-0.006926408216809427
-0.007097907738222836
-0.007272507918673693
-0.007451208769696513
-0.007635103368556148
-0.00782540765318029
-0.008023496932512291
-0.008230951710257808
-0.00844961645965192
-0.008681676574253352
-0.008929761194803147
-0.009197083572275909
-0.009487637175926393
-0.009806477042972965
-0.010160136444774176
-0.010557269510092976
-0.011009698755647475
-0.011534255085806258
-0.012156283462072683
-0.012916601993322115
-0.013884421860871302
-0.015175614753174988
-0.016960126033148837
-0.01940879431926297
-0.022505590064565442
-0.025719178636026404
-0.027748212904849124
-0.02676867560592587
-0.021419699882251376
-0.012029550155286829
-0.0009808868089044975
0.008409262918076562
0.013758238641748646
0.014737775940670802
0.012708741671854514
0.009495153100404765
0.006398357355085026
0.003949689068981298
0.0021651777890091765
0.0008739848966947171
-9.383497084606163e-05
-0.0008541535020987808
-0.001476181878368078
-0.002000738208525263
-0.0024531674540730613
-0.002850300519397786
-0.003203959921202943
-0.0035227997882440725
-0.003813353391896337
-0.0040806757693669215
-0.004328760389916505
-0.004560820504520372
-0.0047794852539111655
-0.004986940031656707
-0.00518502931098483
-0.005375333595616314
-0.00555922819446826
-0.005737929045494814
-0.005912529225947146
-0.006084028747361358
-0.006253359543341214
-0.00642140709870332
-0.006656220499936347
-0.006825981692086404
-0.006997039210506003
-0.0071702875695872845
-0.007346668206181023
-0.007527191329286772
-0.007712961162648942
-0.007905206043532625
-0.008105315305389474
-0.008314885568860078
-0.008535780115931028
-0.008770206625385572
-0.009020821048252053
-0.00929086940218098
-0.009584385879283182
-0.009906477064866987
-0.010263742852538227
-0.010664925620567096
-0.011121968444646878
-0.011651873860997098
-0.012280245284595407
-0.0130483170623527
-0.01402600613851699
-0.015330365740112003
-0.017133074080353687
-0.019606711584688075
-0.022735084870798315
-0.025981440987200254
-0.028031163189362298
-0.02704163568325416
-0.02163811608590524
-0.01215221653987806
-0.0009908923881504147
0.00849500715788195
0.013898526755233918
0.014888054261342962
0.012838332059181588
0.009591975942781265
0.006463602656674219
0.003989965152342775
0.002187256812099891
0.0008828972105021518
-9.479186565519195e-05
-0.0008628636434266247
-0.0014912350670244117
-0.002021140483369482
-0.0024781833074475675
-0.002879366075481937
-0.003236631863151186
-0.0035587230487338266
-0.0038522395258339644
-0.004122287879761323
-0.004372902302627142
-0.004607328812084359
-0.004828223359151455
-0.005037793622628116
-0.005237902884478244
-0.0054301477653678635
-0.0056159175987220466
-0.005796440721830214
-0.005972821358426807
-0.006146069717508988
-0.006317127235926128
-0.006486888428082588
-0.006758776721589365
-0.006931153517964011
-0.007104846613834464
-0.007280764305885543
-0.007459862536218341
-0.007643167078686244
-0.007831799170436558
-0.008027006074434571
-0.00823019853037962
-0.008442997758968302
-0.008667295750854032
-0.008905334199806967
-0.009159809978655818
-0.009434019118373018
-0.00973205796828544
-0.010059111793972918
-0.010421882177701017
-0.01082924619713884
-0.011293330942839665
-0.011831400920819222
-0.01246945403581531
-0.013249359958502255
-0.014242112871881402
-0.015566569438888385
-0.01739705279761407
-0.019908801962949422
-0.023085373467102197
-0.02638174411990239
-0.02846304316732756
-0.027458267074704137
-0.02197149466372667
-0.012339447873277056
-0.0010061645055302595
0.00862588228493024
0.014112654695901377
0.015117430788531654
0.013036131741105936
0.009739761088304048
0.006563189584150217
0.00405144041881797
0.0022209570600917813
0.0008965004930883329
-9.625242029125559e-05
-0.0008761583429803847
-0.001514211457983165
-0.0020522814359576567
-0.002516366181652743
-0.002923730201094217
-0.003286500584825492
-0.003613554410508613
-0.003911593260422187
-0.004185802400139151
-0.004440278178987347
-0.0046783166279415166
-0.004902614619823638
-0.005115413848420976
-0.005318606304360202
-0.005513813208361555
-0.005702445300106707
-0.005885749842574202
-0.006064848072908888
-0.006240765764956045
-0.006414458860829359
-0.006586835657207635
-0.006898915158477515
-0.007074866059463635
-0.0072521605524562705
-0.007431725767015026
-0.007614537466006219
-0.007801642691961506
-0.007994185930070112
-0.008193440304403783
-0.008400845805338245
-0.008618057268430578
-0.008847005913422797
-0.0090899799140352
-0.009349732060884082
-0.009629626725881635
-0.009933845193391647
-0.010267680242028464
-0.010637972407031552
-0.011053782826725849
-0.011527490039701757
-0.012076716521952302
-0.012727999230804837
-0.013524075978207926
-0.014537412944581139
-0.01588933110267587
-0.017757767749049594
-0.020321594716558887
-0.02356402677591416
-0.026928739820590644
-0.029053186964619226
-0.028027574242872284
-0.022427040752202632
-0.01259529076115962
-0.001027033421401105
0.008804716569643286
0.014405250060315693
0.015430862782060652
0.013306415638039706
0.009941702593366832
0.006699270534004799
0.004135443566498163
0.0022670069201270356
0.0009150887620350979
-9.824820433906954e-05
-0.0008943249517443311
-0.001545607660603598
-0.0020948341428476845
-0.002568541355821897
-0.002984351775518591
-0.0033546439405219277
-0.0036884789891559466
-0.003992697456667908
-0.004272592121667183
-0.004532344268512637
-0.004775318269128816
-0.005004266914116122
-0.005221478377215618
-0.005428883878146806
-0.00562813825248015
-0.005820681490586292
-0.0060077867165394235
-0.006190598415533659
-0.006370163630088852
-0.006547458123083733
-0.0067234090240716506
-0.007079753412207403
-0.00726031642959238
-0.007442258257942255
-0.007626530329242313
-0.007814133983586893
-0.008006143709155608
-0.00820373399101321
-0.00840821132506555
-0.008621053447512957
-0.008843958571400667
-0.009078908538694586
-0.009328251502048423
-0.009594812409832988
-0.009882043822881924
-0.010194236627922307
-0.010536822341184835
-0.010916820806432508
-0.011343530678660185
-0.011829654971585732
-0.012393278095063288
-0.013061632614081492
-0.013878576612697674
-0.014918475773686962
-0.0163058310722942
-0.01822324358833789
-0.020854272995066522
-0.02418169299214768
-0.02763459646302143
-0.029814722622694287
-0.02876222156187294
-0.02301488805146102
-0.012925436579890683
-0.001053963652194981
0.0090354878193801
0.014782821329794341
0.01583532239060547
0.013655196230945495
0.010202292760067073
0.006874872762985103
0.004243843356261277
0.0023264308402166584
0.0009390755416123159
-0.00010082361937773128
-0.0009177676179931487
-0.0015861221370173598
-0.0021497452604904797
-0.002635869553411956
-0.003062579425641836
-0.003442577890890925
-0.003785163604151813
-0.004097356409193936
-0.00438458782224585
-0.004651148730026663
-0.004900491693386862
-0.005135441660675777
-0.005358346784570538
-0.005571188907014386
-0.005775666241063767
-0.005973256522918767
-0.006165266248484355
-0.006352869902830379
-0.00653714197412712
-0.006719083802482397
-0.006899646819867328
-0.007305466673558892
-0.007491786303288657
-0.007679528702522365
-0.007869675636316567
-0.008063260368982696
-0.008261391644976912
-0.008465281393711322
-0.008676277764143413
-0.008895905604927486
-0.009125917270713069
-0.009368357787597467
-0.009625650170941266
-0.00990070943281577
-0.010197098207060372
-0.010519244180611172
-0.01087275203506808
-0.011264865418168239
-0.011705179441407618
-0.012206802112273521
-0.012788394403636896
-0.01347805710363795
-0.01432104656427231
-0.015394099330392264
-0.01682568548702972
-0.01880422718294876
-0.021519135153082708
-0.024952632489515465
-0.02851561026664254
-0.030765231549410306
-0.029679169466038834
-0.023748607852460062
-0.013337507368923217
-0.0010875773250299927
0.009323523158508666
0.015254084772091092
0.01634014685545518
0.014090525572699113
0.010527547795568394
0.007094050459127716
0.004379142489006633
0.0024006007930807475
0.0009690146364534106
-0.00010403812967608485
-0.0009470275903066278
-0.0016366902903123207
-0.0022182825816721985
-0.0027199052525346597
-0.003160219275775614
-0.0035523326588772627
-0.0039058405133327043
-0.004227986486881587
-0.004524375261132783
-0.004799434523002653
-0.005056726906352611
-0.005299167423233746
-0.005529179089027262
-0.005748806929806343
-0.005959803300232977
-0.006163693048968168
-0.006361824324959207
-0.006555409057623321
-0.006745555991416596
-0.006933298390654645
-0.007119618020383871
-0.007581508437320976
-0.0077748682613510076
-0.007969704615094546
-0.008167036360202379
-0.008367935803509287
-0.008573553584066715
-0.008785147424792002
-0.009004116415297693
-0.00923204302160918
-0.009470745812228117
-0.009722347085889316
-0.009989361413199897
-0.010274813951933748
-0.01058240195252456
-0.010916720405203863
-0.011283585768606944
-0.011690515397285087
-0.012147466961857836
-0.012668043767451698
-0.013271611909743516
-0.013987333993115629
-0.014862176417375621
-0.015975775230714195
-0.017461454626096988
-0.0195147557277061
-0.02233224487404954
-0.025895471648702838
-0.029593066722682915
-0.0319276778580399
-0.03080057094792797
-0.02464592638728924
-0.013841458728464838
-0.0011286870948491283
0.009675780563980205
0.015830425124615043
0.01695753203471914
0.014622920899377381
0.010925325825393465
0.007362099050735003
0.004544609904400361
0.0024913088027849056
0.0010056294074091013
-0.00010796940593772557
-0.0009828118301916074
-0.001698533913567453
-0.0023021020558568117
-0.002822678861446118
-0.0032796304260237262
-0.0036865600547017867
-0.004053425418103846
-0.0043877438707854224
-0.004695331871375384
-0.00498078441010914
-0.0052477987374251155
-0.0054994000110817325
-0.0057381028017073074
-0.005966029408016395
-0.006184998398513436
-0.006396592239239909
-0.006602210019796186
-0.006803109463100358
-0.007000441208207294
-0.007195277561955273
-0.007388637385984705
-0.00791491704467328
-0.008116780150831171
-0.008320184719325954
-0.008526194417788121
-0.008735928709371583
-0.008950588834225729
-0.009171487825554065
-0.009400086300078866
-0.009638036315209226
-0.009887236413817231
-0.010149902226035443
-0.010428658904687593
-0.010726664643670662
-0.011047779285966133
-0.011396799894031369
-0.011779798714965439
-0.01220462369181955
-0.012681670401364468
-0.013225140379154883
-0.013855251382539888
-0.014602448499237624
-0.0155157635588112
-0.016678334682022306
-0.018229348924562336
-0.020372945775251984
-0.023314334100099664
-0.027034249814642503
-0.03089443698448006
-0.033331699072820416
-0.03215501664879144
-0.025729721111814697
-0.014450139381634317
-0.0011783418687725143
0.010101239861407523
0.0165265353983857
0.017703217822409828
0.015265955734081807
0.011405768564235546
0.007685852849697146
0.004744464524857419
0.002600867674160184
0.0010498534316325213
-0.0001127176915946583
-0.0010260327511614799
-0.0017732298678635053
-0.002403340871245202
-0.0029468108490338435
-0.003423857558579279
-0.0038486825354400256
-0.004231681356369266
-0.0045807019644339714
-0.00490181660673367
-0.0051998223457146745
-0.005478579024368122
-0.005741244836585627
-0.005990444935197712
-0.006228394950324518
-0.006456993424842359
-0.006677892416172374
-0.006892552541028802
-0.007102286832607487
-0.007308296531070962
-0.007511701099566948
-0.007713564205726233
-0.00831474063293385
-0.008526800872658061
-0.008740480441911206
-0.008956896739648203
-0.009177225778867735
-0.00940272948056084
-0.009634787206012067
-0.009874933355248718
-0.010124903439655624
-0.010386691907373539
-0.010662626311548294
-0.010955464415186444
-0.011268523949127472
-0.011605859737363968
-0.011972511167382089
-0.012374857227888546
-0.012821142303806701
-0.013322287109176944
-0.013893210577964811
-0.014555151781074326
-0.015340093761719546
-0.016299545213866874
-0.017520843937825402
-0.019150207700091532
-0.021402087042368387
-0.02449205473051617
-0.028399870649534323
-0.03245503636478886
-0.03501539536155132
-0.03377926085079754
-0.027029401789196113
-0.015180066865184742
-0.001237890204398284
0.010611444719617547
0.017361303781216503
0.018597438291963118
0.016037079295216576
0.011981913579962674
0.00807409766094031
0.004984129972800425
0.0027322506305163478
0.0011028868682559272
-0.00011841185571635424
-0.001077863307855845
-0.0018628052885026137
-0.002524746491610063
-0.00309566996039623
-0.0035968147657691133
-0.004043099841689789
-0.004445445902193224
-0.004812097332215945
-0.0051494331204480735
-0.005462492654389211
-0.0057553307580311824
-0.006031265162203255
-0.006293053629923727
-0.006543023714329185
-0.006783169863556091
-0.0070152275890093254
-0.0072407312907042205
-0.00746106032992301
-0.007677476627660053
-0.007891156196914365
-0.008103216436642864
-0.008792629793778643
-0.009016878154902187
-0.009242838916307745
-0.009471693699308833
-0.00970468610810903
-0.009943150592458573
-0.010188545792284518
-0.010442494297104626
-0.010706831366677312
-0.010983666079909391
-0.011275459765941052
-0.011585128690118716
-0.011916181269836562
-0.012272905380176034
-0.012660630047713797
-0.013086100894187772
-0.013558036151879945
-0.014087984205568704
-0.014691721460391747
-0.015391707713670783
-0.016221764252206117
-0.017236360243889595
-0.018527853147830765
-0.020250864138519294
-0.022632167890301
-0.02589972430247144
-0.030032126252347108
-0.03432033733323834
-0.03702782484476095
-0.03572062857733299
-0.028582836572031523
-0.01605250932954945
-0.0013090687493426375
0.011221258493136143
0.018359050498442313
0.01966624676586832
0.016958759254359655
0.012670548173460815
0.008538146223580739
0.005270589811429907
0.0028892860596350005
0.0011662750689500736
-0.0001252178349993912
-0.001139813826678976
-0.001969870365214554
-0.002669856618493758
-0.0032735938733157504
-0.0038035419270055536
-0.0042754771847040495
-0.004700948031169939
-0.00508867269871184
-0.00544539680905012
-0.005776449388764032
-0.0060861183129448096
-0.0063779119989757285
-0.006654746712206912
-0.00691908378177855
-0.007173032286592689
-0.007418427486421061
-0.0076568919707719705
-0.007889884379572602
-0.008118739162576136
-0.008344699923982159
-0.008568948285110992
-0.009363673810614703
-0.009602486117382406
-0.009843122037438989
-0.010086839933294432
-0.010334964175883962
-0.010588915881738804
-0.010850248423183361
-0.011120689769986869
-0.011402194374204512
-0.01169700829046446
-0.012007752700844119
-0.012337533269878381
-0.012690086272042503
-0.013069978062188611
-0.01348288376536571
-0.013935987104237643
-0.014438572525741208
-0.015002938437691156
-0.01564588586413858
-0.016391333286777898
-0.017275298567747892
-0.01835578843593884
-0.019731158478321707
-0.021566071280259565
-0.024102027765708946
-0.027581789125169384
-0.03198255315022998
-0.03654923308350522
-0.03943252437096126
-0.038040411888849344
-0.030439069601215004
-0.017095011916288008
-0.0013941270652497156
0.011949930619677447
0.01955127290730866
0.02094338538942557
0.018060094101977252
0.013493414168697784
0.009092650143645095
0.005612888784193735
0.0030769322987387066
0.0012420194968017
-0.00013335054559145392
-0.0012138404137813676
-0.002097805694749883
-0.0028432531173889827
-0.0034862005438392966
-0.004050566455784462
-0.00455315187729537
-0.005006255216160392
-0.005419160919345109
-0.005799052709485013
-0.006151605711646469
-0.006481386280684361
-0.006792130691061005
-0.007086944607320872
-0.007368449211536503
-0.007638890558334506
-0.007900223099782906
-0.00815417480563835
-0.008402299048230834
-0.00864601694408704
-0.008886652864144093
-0.009125465170919732
-0.01004759992763992
-0.010303855126578821
-0.010562067136002759
-0.01082358622956275
-0.011089833510606693
-0.011362333894428606
-0.011642754212134409
-0.011932948644948935
-0.012235014398758915
-0.012551361580826753
-0.012884802825366581
-0.013238670635939302
-0.013616974186182271
-0.014024613359760144
-0.014467677795955133
-0.01495387592095781
-0.015493170324247964
-0.016098757699557917
-0.016788666234661694
-0.01758856144641023
-0.018537091988804856
-0.019696501448616847
-0.021172329212819335
-0.02314126412464914
-0.02586244406437929
-0.02959635670178635
-0.03431852809431215
-0.039218717790952894
-0.04231255858403911
-0.04081874039953792
-0.03266221821793565
-0.01834358570935573
-0.001496006706058547
0.012822625802523047
0.020979147984122527
0.022472966168633184
0.01937912537555108
0.014478935678907682
0.009756764286378563
0.006022851648986563
0.003301671709249012
0.0013327367974160422
-0.0001430909667900224
-0.0013025004266026714
-0.0022510309689950424
-0.003050926180744316
-0.0037408347158489723
-0.004346422091156248
-0.004885716494452351
-0.005371914619446535
-0.0058149790556506955
-0.006222618229223386
-0.006600921779463233
-0.006954789590036834
-0.0072882308345762654
-0.007604578016641004
-0.007906643770449816
-0.00819683820326076
-0.008477258520970171
-0.008749758904792843
-0.009016006185842178
-0.00927752527940193
-0.009535737288829635
-0.009791992487773628
-0.010870529174088815
-0.0111477723998811
-0.011427132704707079
-0.011710070953609115
-0.011998124642516398
-0.012292943581814614
-0.012596331121064737
-0.01291029330451517
-0.013237099105577802
-0.013579356026674429
-0.013940107065464152
-0.014322957667983539
-0.014732245371917849
-0.015173271377238895
-0.015652624084753458
-0.01617864326681453
-0.016762107483776788
-0.017417294286725612
-0.018163708441721528
-0.019029117577541554
-0.020055335836895657
-0.021309704780874107
-0.02290640762586023
-0.025036603566082546
-0.027980651531873825
-0.03202036743469042
-0.037129264527897755
-0.04243073868085
-0.04577791184858808
-0.04416171173208057
-0.035337178481679846
-0.0198459124110291
-0.0016186035238116032
0.013872662546845101
0.022697195797239545
0.024313395913757724
0.020966222746026345
0.015664748593074457
0.010555851499868697
0.006516135597063021
0.00357208763126415
0.0014418916910427368
-0.00015481115394888178
-0.0014091800979309926
-0.0024353983572808447
-0.0033008074931010316
-0.004047221648099489
-0.004702408451042518
-0.005285872668012027
-0.0058118918500674405
-0.006291244557591311
-0.006732270562905163
-0.007141558266837581
-0.007524408869357961
-0.007885159908146956
-0.008227416829240565
-0.008554222630298999
-0.008868184813749291
-0.009171572353002623
-0.009466391292301032
-0.009754444981210031
-0.010037383230113509
-0.010316743534942833
-0.01059398676074224
-0.011867613549485637
-0.01217028644859211
-0.012475270612582684
-0.01278416090213513
-0.013098635837676276
-0.013420496555998349
-0.013751711816263012
-0.014094471664211315
-0.01445125319165326
-0.014824903070563944
-0.015218743413497597
-0.015636710371365346
-0.016083539337142322
-0.016565017757178325
-0.01708833834620762
-0.017662605834047017
-0.018299587435469677
-0.01901487030074684
-0.0198297482634512
-0.020774535937193667
-0.021894882871194496
-0.02326430748438903
-0.025007466060344055
-0.027333050238309748
-0.03054713022208347
-0.03495736227028557
-0.040534818880126215
-0.04632248721511546
-0.04997659007314187
-0.04821210050870847
-0.03857819406778762
-0.02166615741927998
-0.0017671618739901881
0.01514487477452469
0.02477878121543898
0.026543270779888616
0.022889167921866974
0.01710149958687778
0.011524042977040167
0.007113810928840876
0.0038997309450583707
0.0015741467670939502
-0.00016901180886858685
-0.00153843642206613
-0.002658783356059872
-0.0036035710298019993
-0.004418448992505127
-0.005133731857782915
-0.005770713459209972
-0.0063449809470410914
-0.0068683015360782
-0.007349779956110919
-0.007796608921884999
-0.008214575879755229
-0.008608416222686422
-0.00898206610159593
-0.00933884762903393
-0.00968160747698741
-0.010012822737247871
-0.010334683455572181
-0.010649158391117524
-0.010958048680672712
-0.011263032844666015
-0.011565705743777192
-0.013087124128248081
-0.013420899443631536
-0.01375722352797924
-0.014097855128839718
-0.01444464525036072
-0.014799580113053407
-0.01516483078464423
-0.015542812358785876
-0.01593625647197848
-0.016348302318896907
-0.016782613391012422
-0.01724353031671918
-0.0177362750966559
-0.01826722989404428
-0.018844326546377174
-0.019477605385953504
-0.020180042829240248
-0.020968827769531635
-0.02186744221242124
-0.022909315939374453
-0.024144789512642435
-0.025654936134050763
-0.02757722138667858
-0.03014178005503665
-0.03368612802348478
-0.03854952383950842
-0.04470005165497115
-0.051082351692844405
-0.055111829593365885
-0.053165958076336936
-0.04254213863306724
-0.023892430576517385
-0.0019488860785096575
0.016700821978046315
0.027324641421300817
0.02927051293835981
0.025241035037835903
0.018858734999958274
0.012708207184500189
0.007844811368478468
0.0043004634000302095
0.0017359047316663021
-0.00018638052096302087
-0.0016965271423781212
-0.002932000715635345
-0.003973874442591729
-0.004872488885481592
-0.005661273825768113
-0.006363711269058265
-0.006996990108633002
-0.0075740867609681625
-0.008105041558354778
-0.008597786338291682
-0.009058703263999436
-0.009493014336112418
-0.009905060183027668
-0.010298504296216964
-0.010676485870363735
-0.011041736541950242
-0.011396671404649136
-0.01174346152616845
-0.01208409312703246
-0.01242041721138489
-0.012754192526769147
-0.014597041048849521
-0.014969325272667432
-0.015344452327084415
-0.015724383873380092
-0.016111184473484218
-0.01650706950621249
-0.01691446052422088
-0.017336051260459943
-0.017774888511728607
-0.01823447365485377
-0.01871889285404514
-0.019232987534987166
-0.01978258218386416
-0.02037479530331194
-0.021018473864377663
-0.021724816601704774
-0.02250829708758202
-0.023388087391825053
-0.024390378778226498
-0.02555245803921915
-0.026930473866690542
-0.028614853317654124
-0.030758921508846432
-0.03361936212565786
-0.037572623172966516
-0.04299708722207226
-0.049857133511328894
-0.05697563405757243
-0.06146983941831062
-0.05929937281298261
-0.04744992815241598
-0.026648813309487866
-0.0021739256209438885
0.018627189221988697
0.030476633882545037
0.03264710048791196
0.028152895127158784
0.02103439458091239
0.014174348291655784
0.008749884242566987
0.004796623195245909
0.0019361825784261176
-0.00020788561276227288
-0.0018922650637295067
-0.0032702808911966447
-0.004432360152190113
-0.005434651538592825
-0.0063144418428357375
-0.007097922328711634
-0.007804265066038084
-0.008447943627104973
-0.009040156746549252
-0.009589751395423375
-0.010103846076369072
-0.01058826527556027
-0.011047850418678588
-0.011486687669948757
-0.011908278406194668
-0.0123156694241944
-0.01271155445692785
-0.013098355057034888
-0.013478286603333972
-0.013853413657752287
-0.014225697881569374
-0.016496156268615912
-0.016916875462077735
-0.0173408073453771
-0.017770168796782
-0.01820729298289195
-0.01865468350891377
-0.019115076977764066
-0.019591517584157635
-0.02008744852140167
-0.02060682670520303
-0.02115426992150422
-0.02173524947992639
-0.022356347650467182
-0.023025609076254214
-0.023753031749934636
-0.024551271403057053
-0.025436684678010073
-0.026430938016801606
-0.027563630300831705
-0.028876899555679073
-0.03043419977790358
-0.03233772303489356
-0.0347607419656257
-0.03799333192186996
-0.042460906148580155
-0.04859105109732812
-0.056343479375091175
-0.06438790461614993
-0.06946657938575798
-0.06701359830368431
-0.0536226306870775
-0.03011563517405471
-0.002457021660033056
0.021049973852996062
0.03444094146959575
0.03689392255169799
0.03181524778208411
0.023770822541019053
0.016018394263261654
0.009888249314512812
0.00542067508780299
0.0021880851315543206
-0.00023493379917920686
-0.0021384570561733037
-0.0036957572783895207
-0.005009026533239053
-0.006141718817269243
-0.0071359721560586235
-0.008021385431013727
-0.008819625084135325
-0.009547047757811991
-0.010216309183598653
-0.010837407354139796
-0.011418386912562925
-0.011965830128861966
-0.01248520831266116
-0.01298113924990482
-0.013457579856305867
-0.013917973325147803
-0.014365363851177551
-0.014802488037285292
-0.015231849488693454
-0.015655781371996212
-0.01607650056545578
-0.018933251629611906
-0.01941612643997547
-0.01990268857354902
-0.020395482423746943
-0.020897185852501235
-0.021410672340616815
-0.021939082789193737
-0.022485911134159958
-0.0230551092573763
-0.023651218659577023
-0.024279539347707848
-0.024946350950894428
-0.025659208190763637
-0.02642734421204336
-0.027262234096248852
-0.028178403318764103
-0.029194625041981302
-0.030335766708722553
-0.03163580016974489
-0.033143089029434455
-0.03493046225223265
-0.0371152102766089
-0.03989620542702084
-0.04360637704332865
-0.04873397999038542
-0.055769749926529597
-0.06466741432214979
-0.07390013364948947
-0.07972890766316486
-0.07691339374055448
-0.06154415591928853
-0.03456462066849214
-0.0028202283876212486
0.02415930686318466
0.03952854468445062
0.04234405860709081
0.0365152845934022
0.027282565266066056
0.018384900870447668
0.011349130934301857
0.006221527987236649
0.0025113563709311375
-0.0002696387794860842
-0.002454386803861633
-0.0042417600266575605
-0.005749048886344445
-0.007049082347362628
-0.008190224014107572
-0.009206445737326242
-0.010122614959839824
-0.010957504844042757
-0.011725640865321891
-0.012438498105187906
-0.013105309708377857
-0.013733630396508266
-0.014329739798706173
-0.014898937921924215
-0.01544576626690023
-0.015974176715467327
-0.016487663203586946
-0.016989366632345106
-0.017482160482542662
-0.01796872261611792
-0.018451597426480455
-0.022137154659315865
-0.022701742543117284
-0.023270641729526764
-0.023846827181600836
-0.024433429917029854
-0.025033809675822867
-0.02565163887232167
-0.026291002697861575
-0.026956521785452617
-0.027653506165211866
-0.028388152731840255
-0.029167803779325922
-0.030001292472931682
-0.030899414434664638
-0.03187558661989584
-0.03294679258989524
-0.03413498242565309
-0.03546923183093294
-0.03698926170428836
-0.03875162042167089
-0.04084146279719375
-0.04339593210497433
-0.046647567660113645
-0.05098567101283346
-0.056981187189774005
-0.06520799368817944
-0.07561206766650311
-0.08640813985314325
-0.09322417935817605
-0.08993252906025204
-0.07196172208895883
-0.04041483263949737
-0.003296315957233788
0.02825057349223287
0.04622138046353422
0.04951303076148304
0.04269699125644277
0.03190091906980665
0.021496845091483183
0.013270038593076992
0.007274522416131782
0.0029364190634084044
-0.000315216491727428
-0.0028696857995093358
-0.004959528175032278
-0.006721886892412585
-0.00824191676576512
-0.009576166171048867
-0.010764356006807377
-0.0118355619768066
-0.012811734162031017
-0.01370985612376446
-0.014543344817365588
-0.015322995864853788
-0.016057642431483304
-0.016754626811239647
-0.017420145898832534
-0.01805950972438102
-0.01867733892087322
-0.01927771867967124
-0.019864321415102325
-0.02044050686717628
-0.021009406053585002
-0.021573993937388403
-0.026435320394210746
-0.027109535760969073
-0.02778889957406324
-0.028476964457874725
-0.02917746939361237
-0.02989442649743012
-0.03063222127403445
-0.03139573215715756
-0.03219047699313192
-0.0330227968913747
-0.03390009203627469
-0.03483113042458211
-0.035826460422229055
-0.03689897392431413
-0.038064693176482846
-0.039343899608535585
-0.04076280560092525
-0.04235613289079108
-0.04417131576364883
-0.0462758846945941
-0.048771536491389184
-0.05182207165041321
-0.055705276650595686
-0.060886311533877184
-0.06804758043451119
-0.07787537754439115
-0.09030615853200945
-0.10320779642690459
-0.111356550590765
-0.10742960353125243
-0.08596279137469147
-0.048273010708123544
-0.003925118993436807
0.033764661673135604
0.05523147382970322
0.05915842088923996
0.051009666725378114
0.03810802883048037
0.02567724784286588
0.015849450732993885
0.008688181832356126
0.0035071469490696554
-0.0003760580511134523
-0.003426593210134204
-0.005922245006930133
-0.008026813937875688
-0.009841996810731415
-0.011435324100599005
-0.012854230092990946
-0.014133436525043765
-0.015299155777204962
-0.016371669279290815
-0.017366999276931964
-0.018298037665245046
-0.01917533281014297
-0.02000765270838597
-0.020802397544362417
-0.021565908427494382
-0.022303703204091183
-0.02302066030791143
-0.023721165243654464
-0.024409230127466965
-0.025088593940559498
-0.025762809307318533
-0.03208995888410114
-0.0329084330919954
-0.03373315735833851
-0.03456844446268903
-0.035418833417463755
-0.0362891948146495
-0.03718485253162455
-0.03811172885098395
-0.03907652228901831
-0.04008693078734882
-0.04115193798538848
-0.042282188024170796
-0.04349048638701273
-0.044792483573142056
-0.04620763029837054
-0.04776054790452232
-0.049483057909594785
-0.051417312321857506
-0.0536208970738501
-0.056175800073567386
-0.059205513393857906
-0.06290903310393509
-0.06762410820763036
-0.07391695415558693
-0.08261947314015634
-0.09457065878961804
-0.10969927544888353
-0.12541606761075796
-0.1353633435785522
-0.13061972346710596
-0.1045215963404753
-0.05866514321239176
-0.004698369292198721
0.04115808383589127
0.06725621096253605
0.07199983107400995
0.06205255510621253
0.04633576294433564
0.031207146285079874
0.01925596063561754
0.010553441651050224
0.004260595703087764
-0.00045447940060644454
-0.004157999110683579
-0.007187712430974189
-0.009742615430689699
-0.01194620018267831
-0.013880454594946787
-0.01560296460002042
-0.01715588220617161
-0.018571028931395298
-0.019873026117525113
-0.021081324480362436
-0.02221157451915011
-0.02327658171718759
-0.024286990215521928
-0.02525178365355404
-0.026178659972922215
-0.027074317689889545
-0.027944679087077814
-0.028795068041857427
-0.029630355146208025
-0.030455079412548183
-0.031273553620445246
-0.03821854498966182
-0.03919352924594742
-0.04017595879320622
-0.04117097117025993
-0.042183973417467
-0.04322076757220078
-0.044287695652763914
-0.045391812535274384
-0.046541097796306954
-0.04774472159689334
-0.04901338571546747
-0.05035977005003552
-0.05179912927185466
-0.0533501072958006
-0.055035875236247075
-0.05688576403412189
-0.058937682414901583
-0.06124184665858824
-0.06386686383861465
-0.066910435479501
-0.0705198298292057
-0.07493278093791467
-0.08055408633653069
-0.08806543685084658
-0.09847433686003007
-0.1128080818144192
-0.13101008584131682
-0.14999190610448893
-0.16210309497435388
-0.15656526852568772
-0.12529597306674284
-0.07018441416269944
-0.0052801561597594256
0.04983140274429365
0.081100698203257
0.0866385246519527
0.07452733578208351
0.055545515518915095
0.03734351149202944
0.023009766537639368
0.012600866528461954
0.00508951601413464
-0.000531789384474967
-0.004944740493184052
-0.008554134842888077
-0.011597706483773913
-0.014222723663799279
-0.016526887907485858
-0.018578806288273554
-0.020428695086144238
-0.02211446302659142
-0.023665441050536622
-0.02510480027235177
-0.02645118460692339
-0.027719848725496512
-0.02892347252608672
-0.030072757787114667
-0.031176874669635164
-0.032243802750189454
-0.033280596904923784
-0.034293599152138456
-0.03528861152919115
-0.03627104107644828
-0.0372460253327333
-0.03864668770516663
-0.03963341420201799
-0.04062767601280494
-0.04163467280840065
-0.04265987704038384
-0.04370916096529737
-0.044788943396685474
-0.0459063646930612
-0.047069501191350296
-0.048287634348230545
-0.04957159595908774
-0.05093422015273781
-0.05239094740301288
-0.05396064907192707
-0.05566677948655813
-0.05753902891672183
-0.059615771957944305
-0.061947845842092536
-0.06460472320475381
-0.06768543069037716
-0.07133968226922877
-0.0758109241665904
-0.08151907139336866
-0.08918398430136444
-0.0998940673137873
-0.11480501934588522
-0.13397737659407394
-0.15426875385213035
-0.16761598324402402
-0.16248188154377968
-0.1300842088842762
-0.07228390815590481
-0.004025235155896617
0.05377506557249079
0.08617273823201735
0.09130683993227626
0.07795961054039895
0.05766823328234263
0.03849587603416302
0.02358492400206401
0.012874840989645905
0.0052099280816466295
-0.00049821914512993
-0.004969461042491661
-0.008623712621342677
-0.011704420106964625
-0.014361297469624685
-0.016693371353778363
-0.018770114395001185
-0.020642363825161828
-0.02234849423979516
-0.023918195908707682
-0.02537492315897755
-0.026737547352631716
-0.02802150896348689
-0.029239642120375088
-0.030402778618658748
-0.03152019991504398
-0.03259998234642309
-0.03364926627133759
-0.034674470503327566
-0.03568146729892051
-0.03667572910970464
-0.037662455606557656
-0.010639223878922521
-0.010914393710630188
-0.011191666538272822
-0.01147249357177952
-0.011758402243600741
-0.012051031711064602
-0.01235217388133631
-0.012663822342538135
-0.012988232342732362
-0.013327996096677616
-0.013686139416312504
-0.014066248283768918
-0.014472638078051174
-0.01491058472135396
-0.015386647864323552
-0.015909135008857305
-0.01648879025537224
-0.017139864239523826
-0.017881907031237834
-0.018743186739192563
-0.019768374551952322
-0.021037678978779728
-0.02271238868349945
-0.025122350693233535
-0.028867196433909066
-0.03476856836316353
-0.04334994853966606
-0.05366215952133091
-0.06207613941405324
-0.06266730868871956
-0.050394342891488225
-0.02555738937412782
0.004553415303428481
0.02939036882079964
0.041663334618060974
0.041072165343409295
0.0326581854506975
0.02234597446903505
0.01376459429254501
0.00786322236329583
0.004118376622621458
0.0017084146128819849
3.3704908164554695e-05
-0.0012355995186639993
-0.002260787331423852
-0.0031220670393781267
-0.003864109831096349
-0.004515183815247858
-0.005094839061763147
-0.005617326206291774
-0.006093389349266657
-0.006531335992567573
-0.006937725786849258
-0.007317834654306536
-0.00767597797393997
-0.008015741727889315
-0.00834015172808095
-0.008651800189288388
-0.008952942359554985
-0.009245571827015719
-0.009531480498844589
-0.009812307532347766
-0.01008958035998863
-0.010364750191696914
0.10621058559302908
0.10890786397577477
0.11162573368563716
0.1143784033210847
0.1171808264912153
0.12004904870513906
0.12300060809762933
0.12605501320190876
0.1292343283436107
0.13256390827500025
0.13607334030679646
0.13979767760246675
0.1437790868943748
0.1480690972207528
0.15273174096561187
0.15784805871553556
0.16352276629848334
0.16989451365710284
0.17715245922210734
0.18556456785610664
0.1955279876681601
0.20765735521126497
0.2229185433334426
0.24274821012426084
0.26890425586145494
0.30249420800322546
0.34160383439654973
0.3779460955905434
0.39515512720291535
0.3728166982470084
0.2975714657314411
0.17540197038528577
0.034328738743377316
-0.08784075660277087
-0.1630859891183294
-0.18542441807424442
-0.168215386461868
-0.13187312526788184
-0.09276349887455893
-0.05917354673279141
-0.03301750099559284
-0.01318783420477522
0.0020733539174023485
0.014202721460503068
0.024166141272559505
0.03257824990655629
0.03983619547155828
0.046207942830173224
0.05188265041312462
0.05699896816305275
0.06166161190790595
0.06595162223428787
0.06993303152619719
0.07365736882186615
0.07716680085366323
0.08049638078504909
0.08367569592675136
0.08673010103102591
0.08968166042352133
0.09254988263744898
0.09535230580757315
0.098104975443026
0.10082284515288759
0.10352012353563439
0.43126576083241075
0.44223521777846186
0.45328842411876547
0.4644831695676236
0.4758802743824867
0.4875450004726354
0.49954868154790655
0.5119706667518147
0.5249007021903099
0.5384419197217346
0.5527146700968231
0.5678615409624754
0.5840540614320779
0.6015018528048086
0.6204654112801796
0.6412744427027417
0.6643550032753923
0.6902712958800197
0.7197934151842805
0.7540142355654292
0.7945629966941137
0.8439992108949688
0.9064664256333486
0.9884380586120716
1.098511714646185
1.2436367645112416
1.418512569307677
1.5890874230934506
1.6820507177253932
1.6011247641014523
1.279278774078798
0.7397640390052783
0.1118257491622725
-0.4276889859112755
-0.7495349759339777
-0.830460929557975
-0.7374976349260853
-0.5669227811403443
-0.392046976343924
-0.24692192647888442
-0.13684827044476489
-0.05487663746605448
0.007590577272327592
0.05702679147317652
0.0975755526018624
0.1317963729830094
0.16131849228726358
0.18723478489189382
0.21031534546454356
0.231124376887114
0.2500879353624768
0.2675357267352132
0.283728247204811
0.2988751180704664
0.31314786844555165
0.32668908597697777
0.339619121415469
0.3520411066193766
0.3640447876946527
0.3757095137848082
0.3871066185996624
0.3983013640485263
0.4093545703888261
0.42032402733487867
1.1299228516431268
1.1586756932703475
1.1876480608152864
1.216991434212911
1.2468652373757894
1.277440537161457
1.3089043165365009
1.3414645695204026
1.375356544053011
1.4108505767824107
1.4482621413168495
1.4879650026323137
1.5304087929207086
1.576143000265708
1.625850479125364
1.680395516695633
1.7408949884863953
1.8088279595509618
1.88621348476208
1.9759182656442467
2.082222761054674
2.2118789340052354
2.3759040160035414
2.5917256626299805
2.882938890632084
3.2695522125297334
3.739500363268692
4.203285900978942
4.463810798007665
4.258995395806357
3.403814192138408
1.9584072564537696
0.27275827455860535
-1.1726486611261444
-2.0278298647942754
-2.232645266995794
-1.972120369967235
-1.5083348322570957
-1.0383866815182001
-0.65177335962058
-0.36056013161848366
-0.144738484992047
0.019286597006256012
0.1489427699568081
0.2552472653672362
0.344952046249396
0.42233757146051043
0.49027054252507474
0.5507700143158435
0.6053150518861119
0.6550225307457647
0.7007567380907715
0.7432005283791593
0.7829033896946267
0.8203149542290645
0.8558089869584609
0.8897009614910668
0.9222612144749718
0.9537249938500122
0.9843002936356883
1.0141740967985617
1.0435174701961911
1.0724898377411232
1.1012426793683479
2.322183182616997
2.3812870474096544
2.4408421687652435
2.501159928302206
2.5625680373985142
2.6254181408572452
2.6900946009149775
2.7570249705376098
2.8266928264434865
2.8996538745622904
2.9765566056183763
3.058169335924136
3.145416337192878
3.239427149043234
3.3416054653060163
3.4537279427844876
3.5780904761718544
3.717733524595703
3.876807784094532
4.061207729477461
4.279740994555777
4.546325866864612
4.883752687940018
5.328270303474486
5.929363308771123
6.729830927685737
7.706583631755795
8.675443646537454
9.226676023087068
8.812502256075394
7.043883592835094
4.043675079336541
0.5417367999161538
-2.4584717135826644
-4.227090376823382
-4.641264143835513
-4.090031767286272
-3.121171752504857
-2.1444190484349437
-1.3439514295203943
-0.7428584242237828
-0.29834080868932733
0.039086012386073676
0.30567088469489834
0.5242041497732093
0.708604095156139
0.8676783546549636
1.007321403078812
1.1316839364661826
1.243806413944652
1.3459847302074306
1.4399955420577923
1.5272425433265293
1.6088552736322925
1.6857580046883691
1.7587190528071814
1.8283869087130498
1.8953172783356869
1.9599937383934183
2.0228438418521595
2.0842519509484534
2.144569710485423
2.204124831841007
2.2632286966336688
3.9227255520530195
4.022577047592939
4.123190908242243
4.225093190620436
4.3288375393595775
4.4350180329829865
4.544284023898974
4.6573578323403435
4.77505642691734
4.898318633750417
5.028240032761991
5.166118641396144
5.313515953690397
5.472340250707084
5.644962979693326
5.834385685387737
6.0444871336940285
6.280404003763158
6.549148815183996
6.8606812221984015
7.229888637000814
7.680319534909213
8.250604984580903
9.002367524682523
10.020097233520945
11.377616653073396
13.03747940649301
14.688356981977043
15.633885259992995
14.94041489227559
11.942776322438785
6.8478110818659
0.8980408913223292
-4.19692434925104
-7.194562919088608
-7.888033286806866
-6.942505008791552
-5.291627433307937
-3.6317646798885654
-2.2742452603362504
-1.2565155514978565
-0.5047530113962551
0.06553243827542143
0.5159633361838027
0.885170750986223
1.196703158000627
1.4654479694214553
1.701364839490577
1.911466287796876
2.100888993491293
2.2735117224775307
2.4323360194942194
2.5797333317884714
2.7176119404226142
2.8475333394341926
2.9707955462672717
3.0884941408442677
3.2015679492856273
3.3108339402016087
3.417014433825036
3.520758782564169
3.622661064942361
3.7232749255916557
3.8231264211315814
5.535450483036341
5.676361717766565
5.818348808693754
5.962154131452968
6.108558994136714
6.258401765517917
6.412598817386805
6.572169494403118
6.73826670989393
6.912215343633602
7.095561487809808
7.290136916296733
7.498145223515377
7.722279392772697
7.965886031325875
8.233200944751536
8.529697879662303
8.862625769414976
9.241880862644173
9.68151926459242
10.202555834216696
10.838248580979789
11.643212287104376
12.704703504381712
14.142641449197582
16.062377912178558
18.41228048014874
20.75287431400116
22.09824530341237
21.12446369027874
16.886703950723533
9.676301860487236
1.2540440099787422
-5.956358080258255
-10.194117819814597
-11.167899432949422
-9.822528443539165
-7.48193460968732
-5.132032041717506
-3.2122955787367147
-1.7743576339208826
-0.7128664166435872
0.09209728948098528
0.7277900362440697
1.248826605868338
1.6884650078165628
2.0677201010457704
2.400647990798442
2.697144925709223
2.9644598391348826
3.2080664776880536
3.4322006469453727
3.6402089541640095
3.8347843826509367
4.018130526827138
4.192079160566804
4.358176376057605
4.517747053073924
4.671944104942822
4.82178687632403
4.968191739007777
5.111997061766991
5.253984152694154
5.394895387424386
6.5676506539984505
6.73484224943303
6.9033103514227125
7.073935790848739
7.24764559206423
7.4254344820814975
7.608389738712447
7.79772081736523
7.994795653037741
8.20118621937861
8.418726959139796
8.649591277104538
8.896393743999262
9.162329591486266
9.451369577179543
9.768539493594325
10.120333951392436
10.515353826526125
10.965341095240872
11.486973844976003
12.105189194556216
12.85946170823932
13.8146441915401
15.07442359141804
16.781450672135982
19.06135275952593
21.853517517458094
24.63644267339781
26.23863029195565
25.08583511808994
20.053736492628495
11.487702232998245
1.480830039686266
-7.085204219944835
-12.117302845407632
-13.270098019274773
-11.667910400718085
-8.884985244779093
-6.092820486847361
-3.8129183994575895
-2.105891318739724
-0.8461119188618351
0.10907056443892404
0.8633430781220257
1.4815584277022404
2.0031911774373725
2.4531784461521005
2.8481983212857847
3.199992779083905
3.517162695498679
3.8062026811919605
4.072138528678962
4.318940995573687
4.549805313538419
4.767346053299601
4.973736619640473
5.170811455312988
5.36014253396576
5.543097790596712
5.720886680613984
5.894596481829459
6.065221921255508
6.233690023245194
6.40088161867976
6.567650653998443
6.7348422494330045
6.903310351422659
7.073935790848681
7.247645592064164
7.425434482081406
7.60838973871234
7.7977208173651
7.994795653037606
8.20118621937846
8.418726959139624
8.649591277104333
8.896393743999035
9.162329591486012
9.451369577179248
9.768539493593998
10.120333951392087
10.515353826525729
10.965341095240426
11.486973844975502
12.10518919455567
12.859461708238712
13.814644191539392
15.074423591417204
16.781450672134962
19.061352759524702
21.853517517456574
24.63644267339599
26.23863029195367
25.085835118088035
20.05373649262708
11.487702232997728
1.4808300396867962
-7.085204219943413
-12.117302845405732
-13.270098019272744
-11.667910400716242
-8.884985244777571
-6.0928204868461115
-3.8129183994565974
-2.1058913187388963
-0.8461119188611144
0.10907056443955288
0.863343078122579
1.4815584277027307
2.003191177437814
2.453178446152509
2.848198321286162
3.1999927790842424
3.51716269549899
3.8062026811922234
4.072138528679202
4.318940995573913
4.549805313538606
4.767346053299777
4.973736619640624
5.170811455313123
5.360142533965888
5.5430977905968115
5.720886680614064
5.894596481829536
6.065221921255564
6.233690023245208
6.400881618679772
5.535450483036318
5.676361717766495
5.818348808693641
5.9621541314528095
6.10855899413651
6.258401765517677
6.412598817386513
6.572169494402777
6.73826670989353
6.912215343633141
7.095561487809293
7.290136916296152
7.498145223514724
7.722279392771978
7.965886031325068
8.233200944750655
8.529697879661322
8.862625769413892
9.241880862642976
9.681519264591069
10.202555834215175
10.838248580978064
11.643212287102386
12.704703504379365
14.142641449194802
16.062377912175123
18.412280480144496
20.75287431399612
22.098245303406838
21.124463690273497
16.886703950719685
9.676301860485806
1.2540440099801713
-5.956358080254407
-10.194117819809346
-11.16789943294387
-9.822528443534122
-7.4819346096831
-5.13203204171406
-3.2122955787339014
-1.7743576339185516
-0.7128664166416083
0.09209728948270701
0.7277900362455867
1.2488266058696924
1.6884650078177827
2.06772010104687
2.400647990799432
2.6971449257101083
2.9644598391356847
3.2080664776887766
3.4322006469460278
3.6402089541645903
3.834784382651458
4.0181305268275995
4.192079160567206
4.358176376057957
4.5177470530742205
4.671944104943071
4.821786876324227
4.9681917390079295
5.111997061767104
5.253984152694228
5.3948953874244125
3.922725552053008
4.0225770475928675
4.123190908242103
4.225093190620233
4.328837539359308
4.435018032982656
4.54428402389857
4.6573578323398594
4.775056426916792
4.898318633749797
5.028240032761293
5.166118641395364
5.31351595368953
5.4723402507061145
5.644962979692254
5.834385685386552
6.044487133692707
6.280404003761687
6.54914881518236
6.860681222196579
7.229888636998772
7.680319534906886
8.250604984578219
9.002367524679384
10.020097233517177
11.377616653068735
13.037479406487284
14.68835698197022
15.633885259985526
14.94041489226847
11.94277632243356
6.847811081863984
0.8980408913242743
-4.19692434924581
-7.194562919081474
-7.888033286799329
-6.9425050087846945
-5.291627433302205
-3.63176467988389
-2.2742452603324375
-1.2565155514946884
-0.5047530113935585
0.06553243827776933
0.5159633361858864
0.8851707509880709
1.1967031580022884
1.465447969422958
1.701364839491938
1.911466287798096
2.1008889934923998
2.2735117224785277
2.4323360194951196
2.5797333317892797
2.7176119404233408
2.847533339434842
2.9707955462678424
3.0884941408447686
3.201567949286064
3.3108339402019737
3.4170144338253214
3.520758782564401
3.6226610649425317
3.7232749255917668
3.823126421131622
2.3221831826169654
2.3812870474095633
2.4408421687650925
2.5011599283019894
2.562568037398222
2.625418140856894
2.6900946009145557
2.7570249705371186
2.826692826442916
2.8996538745616407
2.976556605617637
3.0581693359233126
3.1454163371919566
3.2394271490422066
3.3416054653048706
3.4537279427832166
3.5780904761704524
3.7177335245941467
3.8768077840927977
4.0612077294755276
4.279740994553593
4.546325866862137
4.883752687937166
5.328270303471144
5.929363308767114
6.729830927680821
7.7065836317497185
8.675443646530235
9.226676023079138
8.812502256067871
7.043883592829573
4.0436750793345
0.5417367999182012
-2.4584717135771372
-4.227090376815852
-4.641264143827577
-4.090031767279049
-3.121171752498773
-2.144419048429996
-1.3439514295163721
-0.7428584242204264
-0.2983408086864754
0.0390860123885588
0.305670884697093
0.524204149775167
0.7086040951578905
0.8676783546565374
1.0073214030802333
1.1316839364674696
1.2438064139458143
1.3459847302084804
1.439995542058732
1.5272425433273726
1.6088552736330406
1.6857580046890384
1.7587190528077674
1.828386908713556
1.8953172783361187
1.959993738393782
2.0228438418524455
2.084251950948685
2.1445697104855777
2.2041248318411073
2.2632286966337047
1.1299228516431001
1.1586756932702609
1.1876480608151359
1.2169914342127046
1.2468652373755171
1.2774405371611266
1.308904316536101
1.3414645695199388
1.3753565440524795
1.4108505767818047
1.4482621413161647
1.4879650026315554
1.530408792919859
1.5761430002647652
1.6258504791243138
1.6803955166944748
1.7408949884851102
1.8088279595495336
1.8862134847604883
1.9759182656424676
2.0822227610526722
2.2118789340029625
2.37590401600093
2.59172566262692
2.8829388906284175
3.2695522125252308
3.7395003632631516
4.20328590097235
4.463810798000446
4.258995395799499
3.403814192133381
1.9584072564519155
0.27275827456046353
-1.1726486611211129
-2.02782986478741
-2.232645266988553
-1.9721203699606313
-1.5083348322515402
-1.038386681513683
-0.6517733596169024
-0.36056013161542144
-0.14473848498943886
0.01928659700852886
0.14894276995881672
0.25524726536902276
0.34495204625100706
0.4223375714619576
0.49027054252638536
0.5507700143170202
0.6053150518871792
0.6550225307467246
0.7007567380916301
0.743200528379933
0.7829033896953177
0.8203149542296788
0.8558089869590061
0.8897009614915439
0.9222612144753813
0.9537249938503565
0.9843002936359604
1.0141740967987802
1.0435174701963403
1.0724898377412224
1.1012426793683843
0.43126576083238716
0.44223521777839025
0.45328842411864223
0.4644831695674551
0.4758802743822583
0.48754500047235805
0.4995486815475764
0.5119706667514312
0.5249007021898678
0.5384419197212289
0.5527146700962505
0.5678615409618426
0.5840540614313684
0.6015018528040199
0.6204654112792958
0.6412744427017709
0.6643550032743122
0.6902712958788222
0.7197934151829453
0.7540142355639362
0.7945629966924332
0.8439992108930596
0.9064664256311568
0.9884380586094929
1.0985117146430983
1.2436367645074564
1.418512569303022
1.589087423087912
1.6820507177193313
1.6011247640957118
1.2792787740745928
0.7397640390037314
0.11182574916383253
-0.4276889859070634
-0.7495349759282246
-0.8304609295518969
-0.7374976349205375
-0.5669227811356843
-0.39204697634012875
-0.24692192647579136
-0.13684827044218761
-0.05487663746385632
0.007590577274242172
0.05702679147486833
0.09757555260336709
0.13179637298436303
0.161318492288481
0.18723478489299222
0.21031534546553138
0.23112437688800563
0.25008793536328366
0.26753572673593257
0.28372824720545664
0.298875118071043
0.31314786844606446
0.32668908597743207
0.3396191214158621
0.3520411066197166
0.3640447876949361
0.3757095137850308
0.38710661859984496
0.398301364048647
0.4093545703889047
0.4203240273349067
0.10621058559300678
0.10890786397571334
0.11162573368552994
0.11437840332094051
0.11718082649102292
0.12004904870490675
0.123000608097352
0.126055013201584
0.12923432834323895
0.13256390827457326
0.136073340306318
0.13979767760193978
0.14377908689378988
0.14806909722010014
0.15273174096488817
0.15784805871473837
0.16352276629759854
0.16989451365611943
0.1771524592210124
0.18556456785488695
0.19552798766678553
0.2076573552097009
0.22291854333164782
0.2427482101221552
0.2689042558589339
0.30249420800013177
0.3416038343927513
0.37794609558603365
0.3951551271979792
0.37281669824232755
0.2975714657280154
0.17540197038402378
0.03432873874464039
-0.0878407565993487
-0.16308598911365202
-0.1854244180693025
-0.16821538645735268
-0.13187312526408343
-0.09276349887146704
-0.059173546730269214
-0.03301750099348942
-0.013187834202984097
0.002073353918961185
0.014202721461882131
0.024166141273785205
0.03257824990765712
0.03983619547254802
0.04620794283107363
0.05188265041393163
0.056998968163777766
0.0616616119085638
0.06595162223487701
0.0699330315267229
0.07365736882234074
0.07716680085408312
0.08049638078542165
0.08367569592707144
0.0867301010313082
0.08968166042375539
0.09254988263763299
0.09535230580772291
0.09810497544312481
0.10082284515295117
0.10352012353565443
-0.010639223878940254
-0.0109143937106803
-0.011191666538361601
-0.01147249357189808
-0.011758402243761082
-0.012051031711255832
-0.012352173881565034
-0.012663822342803378
-0.012988232343034332
-0.0133279960970265
-0.013686139416701468
-0.014066248284196652
-0.014472638078529028
-0.014910584721888456
-0.015386647864919292
-0.015909135009511233
-0.016488790256098434
-0.01713986424032956
-0.017881907032135318
-0.018743186740191528
-0.019768374553074723
-0.021037678980058476
-0.022712388684961785
-0.025122350694951324
-0.028867196435967468
-0.034768568365683206
-0.043349948542758115
-0.0536621595250102
-0.062076139418073474
-0.06266730869253097
-0.05039434289427508
-0.025557389375152055
0.004553415304460918
0.02939036882358862
0.04166333462187331
0.04107216534743342
0.032658185454378416
0.022345974472143173
0.01376459429507162
0.007863222365347271
0.004118376624337646
0.001708414614344277
3.37049094341936e-05
-0.001235599517538372
-0.0022607873304207864
-0.003122067038479684
-0.0038641098302870467
-0.004515183814513128
-0.005094839061103583
-0.005617326205696974
-0.006093389348728602
-0.006531335992087003
-0.006937725786420893
-0.007317834653921323
-0.007675977973598791
-0.008015741727586264
-0.008340151727822157
-0.008651800189060753
-0.008952942359366445
-0.009245571826865506
-0.009531480498720823
-0.009812307532265833
-0.01008958035993607
-0.01036475019168008
-0.03864668770518277
-0.03963341420206171
-0.04062767601287981
-0.04163467280850089
-0.04265987704051727
-0.04370916096545727
-0.044788943396876175
-0.04590636469328214
-0.04706950119160305
-0.04828763434852325
-0.049571595959413794
-0.05093422015309752
-0.052390947403410756
-0.05396064907237292
-0.05566677948704894
-0.05753902891726772
-0.059615771958550084
-0.06194784584276701
-0.06460472320549793
-0.06768543069120868
-0.07133968227016184
-0.07581092416765309
-0.08151907139458509
-0.08918398430279721
-0.09989406731550177
-0.11480501934798058
-0.13397737659665082
-0.1542687538551982
-0.16761598324737165
-0.16248188154694806
-0.13008420888659852
-0.0722839081567591
-0.004025235155038134
0.05377506557481113
0.08617273823518062
0.09130683993563041
0.07795961054346245
0.05766823328492919
0.03849587603626018
0.023584924003775393
0.012874840991077309
0.005209928082871851
-0.0004982191440710305
-0.004969461041553127
-0.008623712620509011
-0.01170442010621808
-0.014361297468957989
-0.016693371353166404
-0.01877011439445562
-0.02064236382467054
-0.022348494239350335
-0.023918195908310454
-0.025374923158628354
-0.026737547352312215
-0.02802150896320701
-0.029239642120123463
-0.030402778618446095
-0.03152019991485318
-0.03259998234626682
-0.03364926627121216
-0.03467447050322301
-0.03568146729885043
-0.036675729109660174
-0.03766245560654175
-0.0382185449896727
-0.03919352924598068
-0.04017595879326709
-0.04117097117034501
-0.04218397341758092
-0.04322076757233706
-0.044287695652925445
-0.04539181253546368
-0.046541097796523934
-0.04774472159714166
-0.04901338571574454
-0.05035977005034141
-0.051799129272194544
-0.05335010729618068
-0.055035875236667406
-0.05688576403458477
-0.05893768241542026
-0.06124184665915901
-0.06386686383924946
-0.06691043548020752
-0.07051982983000013
-0.07493278093882014
-0.08055408633756336
-0.08806543685206641
-0.0984743368614835
-0.11280808181620045
-0.13101008584350138
-0.14999190610709856
-0.1621030949772067
-0.1565652685283801
-0.12529597306871676
-0.07018441416342279
-0.005280156159027001
0.04983140274626657
0.08110069820595331
0.08663852465479496
0.07452733578469788
0.0555455155211155
0.03734351149380945
0.023009766539094714
0.012600866529682151
0.005089516015178257
-0.0005317893835763976
-0.004944740492384383
-0.008554134842177579
-0.011597706483141047
-0.014222723663232385
-0.016526887906966235
-0.01857880628780705
-0.02042869508572275
-0.022114463026211915
-0.02366544105019735
-0.02510480027205176
-0.026451184606649566
-0.02771984872525595
-0.028923472525872497
-0.03007275778693061
-0.031176874669472988
-0.03224380275005488
-0.033280596904816495
-0.034293599152048396
-0.03528861152912963
-0.036271041076408606
-0.03724602533272017
-0.032089958884110405
-0.032908433092026415
-0.033733157358388575
-0.03456844446276135
-0.035418833417558526
-0.03628919481476446
-0.037184852531761875
-0.038111728851147254
-0.039076522289211754
-0.040086930787569454
-0.04115193798563199
-0.04228218802444331
-0.04349048638731359
-0.04479248357347687
-0.04620763029873709
-0.04776054790493119
-0.04948305791005058
-0.05141731232236292
-0.0536208970744088
-0.05617580007418613
-0.05920551339455528
-0.06290903310472708
-0.0676241082085379
-0.07391695415665503
-0.08261947314143236
-0.09457065879118487
-0.10969927545079361
-0.12541606761303534
-0.13536334358104976
-0.13061972346944992
-0.10452159634219356
-0.058665143213024185
-0.0046983692915643985
0.041158083837607155
0.0672562109648889
0.0719998310764946
0.062052555108493404
0.04633576294625362
0.031207146286639238
0.019255960636895046
0.010553441652118484
0.004260595704002924
-0.0004544793998164133
-0.004157999109982297
-0.007187712430349144
-0.00974261543013238
-0.011946200182181645
-0.013880454594487272
-0.015602964599611194
-0.0171558822058021
-0.01857102893106363
-0.019873026117227122
-0.021081324480101006
-0.022211574518908
-0.023276581716975678
-0.024286990215335397
-0.025251783653395175
-0.026178659972784797
-0.027074317689776115
-0.027944679086987882
-0.028795068041783504
-0.02963035514615561
-0.03045507941251612
-0.03127355362043322
-0.02643532039421849
-0.0271095357609966
-0.027788899574109287
-0.028476964457941845
-0.029177469393698866
-0.02989442649753479
-0.030632221274155394
-0.031395732157301265
-0.03219047699330337
-0.03302279689156718
-0.0339000920364889
-0.03483113042482295
-0.03582646042249609
-0.036898973924607815
-0.038064693176805726
-0.03934389960889223
-0.04076280560132545
-0.04235613289122865
-0.04417131576413537
-0.04627588469513656
-0.04877153649200052
-0.051822071651107124
-0.05570527665139441
-0.060886311534813935
-0.06804758043563083
-0.07787537754576085
-0.09030615853369285
-0.10320779642890454
-0.11135655059296432
-0.10742960353331643
-0.08596279137620713
-0.04827301070868098
-0.003925118992878385
0.033764661674649296
0.05523147383177514
0.05915842089141853
0.05100966672738452
0.0381080288321747
0.02567724784423429
0.015849450734110537
0.008688181833293588
0.0035071469498737344
-0.0003760580504201458
-0.0034265932095197404
-0.005922245006382609
-0.008026813937390066
-0.009841996810296134
-0.011435324100198475
-0.012854230092633912
-0.014133436524716617
-0.015299155776912498
-0.01637166927902578
-0.017366999276699723
-0.01829803766503068
-0.019175332809954575
-0.020007652708223293
-0.02080239754421755
-0.02156590842737083
-0.022303703203987703
-0.023020660307827397
-0.02372116524358483
-0.024409230127415596
-0.025088593940527017
-0.025762809307307448
-0.022137154659322388
-0.02270174254314209
-0.023270641729564407
-0.023846827181658883
-0.024433429917101603
-0.025033809675916438
-0.025651638872428575
-0.026291002697990937
-0.026956521785608808
-0.02765350616538424
-0.02838815273203336
-0.029167803779541097
-0.03000129247317046
-0.03089941443492693
-0.03187558662018156
-0.03294679259021403
-0.03413498242600968
-0.03546923183132353
-0.03698926170472017
-0.03875162042214904
-0.04084146279773538
-0.04339593210558888
-0.04664756766082424
-0.05098567101366773
-0.05698118719077637
-0.06520799368941106
-0.07561206766801304
-0.08640813985493732
-0.09322417936013894
-0.08993252906209505
-0.07196172209031226
-0.04041483263999553
-0.0032963159567365556
0.02825057349357614
0.046221380465377035
0.0495130307634221
0.042696991258236776
0.031900919071308986
0.02149684509270735
0.013270038594076562
0.00727452241697096
0.00293641906412705
-0.00031521649111397945
-0.002869685798967356
-0.004959528174546632
-0.006721886891984288
-0.008241916765378977
-0.009576166170693637
-0.010764356006489501
-0.011835561976517334
-0.012811734161771029
-0.013709856123526846
-0.014543344817158894
-0.015322995864662159
-0.016057642431315012
-0.0167546268110913
-0.017420145898703894
-0.018059509724271675
-0.018677338920782965
-0.019277718679599293
-0.019864321415046834
-0.020440506867136648
-0.021009406053562503
-0.02157399393738241
-0.018933251629618075
-0.019416126439997884
-0.019902688573588276
-0.020395482423803128
-0.020897185852572133
-0.021410672340708366
-0.02193908278929028
-0.02248591113428075
-0.02305510925751891
-0.02365121865973112
-0.0242795393478814
-0.024946350951085813
-0.025659208190981553
-0.02642734421227773
-0.027262234096509984
-0.02817840331904828
-0.029194625042303805
-0.030335766709071635
-0.031635800170133885
-0.03314308902986379
-0.03493046225271796
-0.037115210277159694
-0.039896205427662486
-0.04360637704407579
-0.04873397999128121
-0.05576974992762754
-0.06466741432349742
-0.0739001336510834
-0.07972890766493065
-0.07691339374220246
-0.06154415592049822
-0.034564620668941795
-0.0028202283871802004
0.02415930686437818
0.039528544686096484
0.04234405860881827
0.03651528459500042
0.027282565267410276
0.018384900871533855
0.011349130935192183
0.006221527987985592
0.0025113563715672797
-0.00026963877893704073
-0.0024543868033745676
-0.0042417600262220165
-0.005749048885960638
-0.007049082347017855
-0.008190224013790265
-0.00920644573704302
-0.010122614959580611
-0.010957504843809397
-0.011725640865108052
-0.012438498105002114
-0.013105309708206333
-0.013733630396356463
-0.014329739798574275
-0.014898937921805723
-0.015445766266797266
-0.0159741767153817
-0.016487663203516065
-0.016989366632290937
-0.01748216048250071
-0.017968722616091955
-0.01845159742647485
-0.01649615626862068
-0.0169168754620959
-0.017340807345412775
-0.01777016879683
-0.01820729298294752
-0.018654683508992607
-0.019115076977848318
-0.019591517584259286
-0.020087448521524807
-0.02060682670534075
-0.021154269921655953
-0.021735249480097498
-0.022356347650661176
-0.023025609076463865
-0.02375303175016584
-0.02455127140330942
-0.02543668467829854
-0.02643093801711094
-0.02756363030117956
-0.028876899556067457
-0.030434199778337247
-0.03233772303538714
-0.034760741966203726
-0.03799333192254856
-0.042460906149394934
-0.04859105109832644
-0.056343479376306196
-0.0643879046175991
-0.0694665793873466
-0.0670135983051683
-0.05362263068817369
-0.030115635174464417
-0.0024570216596363735
0.02104997385406944
0.03444094147108398
0.036893922553257776
0.03181524778352428
0.02377082254223093
0.01601839426425202
0.00988824931532227
0.005420675088482813
0.0021880851321316053
-0.00023493379868451923
-0.0021384570557356833
-0.0036957572779990067
-0.005009026532896322
-0.006141718816958835
-0.007135972155774649
-0.008021385430761948
-0.008819625083904572
-0.009547047757603552
-0.010216309183407877
-0.010837407353972935
-0.01141838691241138
-0.011965830128726774
-0.012485208312545015
-0.012981139249806851
-0.013457579856221057
-0.013917973325078156
-0.014365363851121688
-0.014802488037244894
-0.01523184948865916
-0.015655781371974303
-0.0160765005654519
-0.014597041048854072
-0.014969325272687012
-0.01534445232711804
-0.015724383873426433
-0.016111184473541287
-0.01650706950629011
-0.016914460524298416
-0.017336051260557084
-0.017774888511843844
-0.018234473654975818
-0.01871889285418349
-0.01923298753514042
-0.019782582184042004
-0.020374795303501662
-0.021018473864590936
-0.021724816601934652
-0.02250829708784157
-0.02338808739210552
-0.024390378778538488
-0.02555245803956881
-0.026930473867085723
-0.028614853318104976
-0.030758921509364358
-0.033619362126267295
-0.03757262317371111
-0.04299708722296959
-0.04985713351242242
-0.056975634058867866
-0.06146983941974677
-0.05929937281431684
-0.047449928153403834
-0.0266488133098556
-0.0021739256205911984
0.018627189222957363
0.030476633883893926
0.03264710048932024
0.02815289512845035
0.021034394582004567
0.01417434829254393
0.00874988424329304
0.004796623195851403
0.0019361825789425881
-0.00020788561231819755
-0.001892265063335008
-0.0032702808908447005
-0.00443236015188201
-0.005434651538310149
-0.006314441842577637
-0.007097922328481157
-0.007804265065826297
-0.008447943626911607
-0.009040156746374366
-0.00958975139527143
-0.010103846076229618
-0.010588265275436527
-0.011047850418576205
-0.011486687669855299
-0.011908278406113934
-0.012315669424128463
-0.012711554456873313
-0.013098355056995248
-0.01347828660330047
-0.01385341365772767
-0.014225697881562025
-0.013087124128249687
-0.013420899443645096
-0.01375722352800824
-0.014097855128877585
-0.014444645250406094
-0.014799580113119281
-0.015164830784715387
-0.015542812358869333
-0.015936256472078754
-0.01634830231900848
-0.01678261339113614
-0.01724353031685933
-0.017736275096814635
-0.018267229894213866
-0.018844326546567366
-0.019477605386162455
-0.02018004282947677
-0.020968827769783486
-0.021867442212703984
-0.0229093159396897
-0.024144789512994216
-0.02565493613445781
-0.027577221387147716
-0.030141780055589373
-0.033686128024149886
-0.038549523840324375
-0.04470005165595773
-0.05108235169401659
-0.05511182959465831
-0.05316595807754735
-0.04254213863395874
-0.023892430576854327
-0.0019488860781868862
0.016700821978916418
0.02732464142252163
0.02927051293962537
0.025241035039006772
0.018858735000940423
0.01270820718529895
0.007844811369133738
0.004300463400578187
0.0017359047321286944
-0.00018638052055811732
-0.0016965271420198713
-0.0029320007153170336
-0.003973874442310822
-0.004872488885228447
-0.005661273825535926
-0.006363711268850335
-0.0069969901084425065
-0.0075740867607958715
-0.008105041558198049
-0.008597786338154261
-0.009058703263873766
-0.00949301433600349
-0.009905060182934487
-0.010298504296139648
-0.010676485870297861
-0.011041736541897182
-0.011396671404606287
-0.011743461526137616
-0.012084093127006512
-0.012420417211365442
-0.012754192526760199
-0.011867613549485612
-0.0121702864486056
-0.012475270612613219
-0.01278416090217218
-0.013098635837726105
-0.013420496556064355
-0.01375171181633236
-0.014094471664293805
-0.014451253191751612
-0.014824903070666771
-0.015218743413611617
-0.01563671037149124
-0.016083539337289496
-0.016565017757334176
-0.017088338346385075
-0.017662605834236247
-0.01829958743568408
-0.019014870300978808
-0.019829748263708223
-0.02077453593748088
-0.021894882871512755
-0.023264307484755806
-0.025007466060768264
-0.027333050238804446
-0.030547130222689258
-0.03495736227102406
-0.04053481888101851
-0.04632248721617291
-0.049976590074310476
-0.048212100509795894
-0.038578194068589214
-0.021666157419582208
-0.001767161873700308
0.015144874775308596
0.024778781216539616
0.0265432707810461
0.022889167922911447
0.01710149958776084
0.011524042977763153
0.007113810929433029
0.0038997309455506488
0.0015741467675117141
-0.0001690118085009365
-0.0015384364217387748
-0.0026587833557691135
-0.0036035710295434092
-0.004418448992275481
-0.005133731857570607
-0.005770713459016951
-0.006344980946869857
-0.00686830153592
-0.007349779955967547
-0.00779660892176107
-0.008214575879643244
-0.008608416222588998
-0.008982066101511428
-0.009338847628959576
-0.009681607476924065
-0.010012822737192707
-0.010334683455527608
-0.01064915839108474
-0.010958048680644403
-0.01126303284464433
-0.011565705743765562
-0.0108705291740862
-0.011147772399886732
-0.011427132704729726
-0.01171007095363567
-0.011998124642552144
-0.012292943581861771
-0.012596331121128283
-0.012910293304580062
-0.013237099105658248
-0.013579356026759283
-0.013940107065562032
-0.014322957668093515
-0.01473224537204331
-0.015173271377371726
-0.015652624084905163
-0.016178643266978304
-0.01676210748396438
-0.017417294286926913
-0.01816370844194865
-0.019029117577796843
-0.020055335837180308
-0.021309704781203705
-0.022906407626246628
-0.025036603566532478
-0.027980651532419576
-0.03202036743535108
-0.037129264528707656
-0.04243073868180291
-0.045777911849636185
-0.04416171173306494
-0.03533717848239635
-0.019845912411298627
-0.0016186035235458132
0.013872662547554412
0.022697195798238392
0.02431339591479612
0.020966222746975682
0.01566474859388515
0.010555851500526816
0.006516135597591902
0.0035720876317144254
0.0014418916914238104
-0.00015481115361405326
-0.0014091800976352683
-0.00243539835701791
-0.0033008074928690054
-0.004047221647892568
-0.004702408450853843
-0.005285872667842377
-0.0058118918499145515
-0.006291244557450699
-0.006732270562778824
-0.007141558266731338
-0.007524408869263044
-0.007885159908065622
-0.008227416829170348
-0.00855422263024124
-0.008868184813701484
-0.0091715723529609
-0.009466391292269609
-0.009754444981187068
-0.010037383230094326
-0.010316743534928594
-0.01059398676073009
-0.010047599927639518
-0.010303855126584336
-0.01056206713602534
-0.010823586229591006
-0.011089833510648964
-0.011362333894479515
-0.011642754212200911
-0.011932948645016444
-0.012235014398841188
-0.012551361580909876
-0.012884802825459927
-0.013238670636042683
-0.013616974186296833
-0.014024613359883132
-0.014467677796093918
-0.01495387592110684
-0.015493170324414766
-0.016098757699742103
-0.01678866623486312
-0.01758856144664022
-0.018537091989061276
-0.019696501448911264
-0.02117232921316524
-0.023141264125057237
-0.025862444064870878
-0.029596356702381886
-0.03431852809504511
-0.039218717791818736
-0.0423125585849848
-0.0408187404004271
-0.032662218218582256
-0.0183435857096024
-0.0014960067058244434
0.012822625803164801
0.020979147985010826
0.022472966169567763
0.01937912537640594
0.014478935679632647
0.009756764286969685
0.006022851649465334
0.0033016717096493522
0.0013327367977604464
-0.00014309096648882757
-0.0013025004263365189
-0.00225103096875829
-0.003050926180532515
-0.003740834715662348
-0.004346422090987931
-0.004885716494295756
-0.005371914619308281
-0.00581497905552451
-0.006222618229108949
-0.006600921779361793
-0.006954789589946876
-0.007288230834497712
-0.007604578016572255
-0.007906643770387814
-0.008196838203210894
-0.008477258520925107
-0.008749758904756877
-0.009016006185814187
-0.009277525279379032
-0.009535737288814253
-0.009791992487758978
-0.009363673810614077
-0.00960248611738566
-0.009843122037452405
-0.01008683993331598
-0.010334964175914799
-0.010588915881775414
-0.010850248423235617
-0.011120689770040517
-0.01140219437426944
-0.011697008290534765
-0.012007752700921637
-0.012337533269967092
-0.01269008627213821
-0.013069978062294499
-0.013482883765485176
-0.013935987104369097
-0.014438572525887872
-0.015002938437853941
-0.015645885864318507
-0.016391333286980572
-0.017275298567976088
-0.01835578843620262
-0.019731158478632462
-0.021566071280623975
-0.02410202776615045
-0.02758178912570232
-0.03198255315088476
-0.036549233084272055
-0.03943252437180013
-0.03804041188964963
-0.03043906960179415
-0.017095011916509393
-0.001394127065034288
0.011949930620253096
0.019551272908111365
0.020943385390262845
0.018060094102738598
0.013493414169350126
0.009092650144171814
0.005612888784617152
0.003076932299096582
0.0012420194971072742
-0.0001333505453201345
-0.0012138404135434875
-0.0020978056945387645
-0.002843253117198773
-0.0034862005436706
-0.004050566455633949
-0.0045531518771551585
-0.005006255216038365
-0.0054191609192355
-0.005799052709388706
-0.006151605711564756
-0.006481386280609795
-0.0067921306910003415
-0.0070869446072654154
-0.00736844921148848
-0.007638890558300257
-0.007900223099751908
-0.008154174805615097
-0.008402299048213095
-0.008646016944073576
-0.008886652864136604
-0.009125465170905983
-0.00879262979377919
-0.009016878154904236
-0.009242838916324495
-0.009471693699334219
-0.009704686108141817
-0.009943150592497861
-0.010188545792337612
-0.010442494297159051
-0.010706831366741661
-0.010983666079976466
-0.011275459766013735
-0.011585128690200631
-0.011916181269922926
-0.012272905380274195
-0.012660630047822608
-0.013086100894307139
-0.013558036152009508
-0.014087984205718171
-0.014691721460551772
-0.015391707713852641
-0.01622176425240936
-0.01723636024411914
-0.0185278531481102
-0.020250864138843885
-0.022632167890697604
-0.025899724302947243
-0.03003212625293302
-0.03432033733393451
-0.03702782484551479
-0.03572062857805565
-0.028582836572549668
-0.016052509329750546
-0.0013090687491537582
0.011221258493654202
0.01835905049915608
0.019666246766624706
0.016958759255038043
0.012670548174045499
0.00853814622406104
0.005270589811813596
0.0028892860599566694
0.0011662750692285132
-0.00012521783475631394
-0.0011398138264655262
-0.0019698703650272353
-0.002669856618321067
-0.003273593873164285
-0.003803541926869757
-0.004275477184573572
-0.004700948031060162
-0.0050886726986128965
-0.005445396808962084
-0.00577644938868636
-0.006086118312876227
-0.006377911998916834
-0.006654746712153108
-0.00691908378172791
-0.0071730322865582365
-0.0074184274863867885
-0.007656891970746447
-0.007889884379548906
-0.008118739162558668
-0.00834469992397499
-0.008568948285098485
-0.008314740632937013
-0.008526800872660282
-0.008740480441924485
-0.008956896739667417
-0.009177225778894356
-0.009402729480591033
-0.009634787206052462
-0.009874933355288705
-0.010124903439703105
-0.010386691907423199
-0.010662626311604993
-0.010955464415250957
-0.011268523949199607
-0.011605859737446322
-0.011972511167476479
-0.012374857227996
-0.012821142303922381
-0.013322287109309775
-0.013893210578109168
-0.014555151781234392
-0.015340093761898769
-0.016299545214067145
-0.017520843938071285
-0.019150207700372797
-0.02140208704271537
-0.024492054730935346
-0.02839987065005419
-0.032455036365402194
-0.03501539536221675
-0.03377926085142362
-0.027029401789660314
-0.015180066865362413
-0.0012378902042301902
0.010611444720073823
0.017361303781842093
0.018597438292633262
0.016037079295818116
0.0119819135804748
0.008074097661362164
0.0049841299731414445
0.002732250630801879
0.0011028868685016959
-0.00011841185549777995
-0.0010778633076672702
-0.0018628052883352848
-0.002524746491455434
-0.0030956699602615713
-0.0035968147656461205
-0.004043099841577976
-0.004445445902095897
-0.0048120973321311225
-0.005149433120374469
-0.005462492654324837
-0.005755330757976
-0.006031265162162831
-0.006293053629883277
-0.006543023714290246
-0.006783169863534524
-0.007015227588986663
-0.0072407312906874344
-0.007461060329907097
-0.0076774766276498305
-0.007891156196910347
-0.00810321643663336
-0.007914917044676756
-0.008116780150832868
-0.008320184719341973
-0.008526194417809418
-0.008735928709397267
-0.008950588834257492
-0.009171487825595046
-0.009400086300122302
-0.00963803631525699
-0.00988723641386793
-0.010149902226092217
-0.01042865890474896
-0.010726664643736564
-0.011047779286045313
-0.011396799894117772
-0.011779798715062826
-0.012204623691926474
-0.012681670401485497
-0.013225140379283596
-0.01385525138268381
-0.01460244849939817
-0.015515763558990035
-0.016678334682245048
-0.01822934892481563
-0.020372945775557576
-0.02331433410047035
-0.027034249815104855
-0.030894436985022353
-0.03333169907341258
-0.0321550166493588
-0.025729721112221146
-0.014450139381791419
-0.0011783418686241746
0.010101239861807377
0.016526535398940907
0.017703217823007503
0.01526595573462008
0.011405768564693317
0.007685852850067689
0.004744464525160362
0.002600867674415007
0.001049853431851008
-0.00011271769139747055
-0.0010260327509932473
-0.0017732298677120726
-0.002403340871104551
-0.0029468108489123183
-0.0034238575584696427
-0.0038486825353382112
-0.004231681356281586
-0.004580701964359772
-0.004901816606666711
-0.005199822345652847
-0.005478579024313464
-0.005741244836542408
-0.005990444935152792
-0.006228394950281959
-0.006456993424817984
-0.0066778924161454934
-0.006892552541009685
-0.007102286832588225
-0.007308296531056868
-0.007511701099562296
-0.007713564205719659
-0.0075815084373248055
-0.007774868261353557
-0.007969704615108897
-0.008167036360221099
-0.008367935803533112
-0.008573553584093369
-0.008785147424822616
-0.009004116415329822
-0.009232043021644758
-0.0094707458122692
-0.009722347085933818
-0.009989361413252322
-0.010274813951994597
-0.010582401952594175
-0.01091672040528217
-0.011283585768695878
-0.011690515397375506
-0.012147466961962275
-0.01266804376755846
-0.01327161190986125
-0.013987333993248162
-0.014862176417525522
-0.015975775230899086
-0.017461454626309485
-0.019514755727966886
-0.022332244874369148
-0.025895471649095173
-0.029593066723154884
-0.03192767785855061
-0.03080057094840663
-0.02464592638764588
-0.01384145872860059
-0.0011286870947194083
0.009675780564323158
0.01583042512508801
0.016957532035239045
0.014622920899839412
0.010925325825786751
0.007362099051058315
0.004544609904661021
0.0024913088030012343
0.001005629407597573
-0.00010796940577298582
-0.0009828118300504365
-0.0016985339134407244
-0.0023021020557358026
-0.002822678861342632
-0.0032796304259262036
-0.003686560054615067
-0.004053425418026237
-0.004387743870717599
-0.0046953318713140665
-0.004980784410057142
-0.005247798737379092
-0.005499400011049655
-0.005738102801673689
-0.005966029407983446
-0.0061849983984970484
-0.006396592239220747
-0.006602210019785608
-0.006803109463086616
-0.007000441208197926
-0.007195277561949168
-0.007388637385981453
-0.007305466673560656
-0.007491786303291222
-0.00767952870253861
-0.007869675636338617
-0.008063260369008618
-0.008261391645006132
-0.008465281393745541
-0.00867627776418068
-0.008895905604965726
-0.009125917270756267
-0.00936835778764163
-0.009625650170991401
-0.009900709432870575
-0.010197098207123523
-0.010519244180678362
-0.010872752035144977
-0.011264865418246606
-0.0117051794414961
-0.012206802112365703
-0.012788394403738565
-0.013478057103748324
-0.014321046564397352
-0.01539409933055147
-0.016825685487211382
-0.01880422718317103
-0.021519135153352287
-0.024952632489860557
-0.028515610267047305
-0.0307652315498487
-0.02967916946645767
-0.023748607852765776
-0.013337507369036734
-0.0010875773249201925
0.009323523158806931
0.015254084772498226
0.016340146855900423
0.014090525573098828
0.01052754779590723
0.007094050459406061
0.004379142489232216
0.0024006007932686614
0.0009690146366166177
-0.00010403812953495295
-0.0009470275901849335
-0.001636690290201667
-0.002218282581568612
-0.002719905252446037
-0.003160219275694801
-0.0035523326588036827
-0.0039058405132662627
-0.004227986486824743
-0.004524375261077624
-0.004799434522954392
-0.005056726906305096
-0.005299167423196135
-0.005529179088987661
-0.005748806929768595
-0.005959803300210201
-0.006163693048941328
-0.006361824324943642
-0.006555409057602836
-0.006745555991402481
-0.006933298390646687
-0.007119618020379904
-0.007079753412207122
-0.007260316429593957
-0.0074422582579508996
-0.00762653032925609
-0.007814133983607446
-0.008006143709176482
-0.008203733991036752
-0.008408211325093087
-0.008621053447540404
-0.008843958571434975
-0.009078908538726671
-0.00932825150208999
-0.0095948124098814
-0.009882043822935978
-0.010194236627983837
-0.010536822341255192
-0.010916820806504201
-0.011343530678739238
-0.01182965497166905
-0.012393278095148756
-0.013061632614176855
-0.01387857661280564
-0.014918475773817046
-0.0163058310724427
-0.018223243588521537
-0.020854272995290312
-0.02418169299243137
-0.027634596463360667
-0.02981472262306056
-0.02876222156221296
-0.023014888051716396
-0.012925436579982907
-0.0010539636521018341
0.00903548781963012
0.014782821330132236
0.015835322390973607
0.013655196231270879
0.010202292760350163
0.006874872763219032
0.004243843356448035
0.002326430840373746
0.0009390755417484744
-0.00010082361926258207
-0.0009177676178863409
-0.0015861221369235946
-0.0021497452604014467
-0.0026358695533348162
-0.0030625794255676663
-0.003442577890825713
-0.0037851636040922617
-0.00409735640914185
-0.004384587822197235
-0.004651148729986575
-0.004900491693349777
-0.005135441660647687
-0.005358346784543763
-0.0055711889069871455
-0.005775666241047328
-0.005973256522902605
-0.006165266248476433
-0.006352869902819308
-0.006537141974122141
-0.006719083802476496
-0.006899646819865278
-0.006898915158473914
-0.0070748660594639745
-0.007252160552463165
-0.0074317257670284765
-0.007614537466024753
-0.007801642691979003
-0.0079941859300907
-0.008193440304432125
-0.008400845805362479
-0.008618057268460821
-0.008847005913448497
-0.009089979914068961
-0.00934973206092284
-0.00962962672592423
-0.009933845193440888
-0.010267680242085821
-0.010637972407090844
-0.011053782826793226
-0.01152749003977524
-0.012076716522022139
-0.012727999230884485
-0.013524075978296236
-0.014537412944686405
-0.015889331102796875
-0.01775776774919961
-0.020321594716737463
-0.023564026776154295
-0.02692873982086901
-0.029053186964913758
-0.02802757424315202
-0.022427040752408738
-0.012595290761233295
-0.001027033421327611
0.008804716569847423
0.014405250060594609
0.015430862782367041
0.013306415638308169
0.009941702593599302
0.00669927053419485
0.004135443566651524
0.00226700692025245
0.0009150887621456822
-9.824820424816395e-05
-0.000894324951651859
-0.0015456076605221145
-0.002094834142773474
-0.002568541355756549
-0.0029843517754565225
-0.0033546439404674566
-0.003688478989107823
-0.0039926974566226155
-0.004272592121627819
-0.004532344268480952
-0.00477531826909949
-0.005004266914089607
-0.005221478377191918
-0.005428883878120603
-0.005628138252462916
-0.0058206814905703555
-0.006007786716530139
-0.006190598415519627
-0.006370163630080778
-0.006547458123079062
-0.00672340902407054
-0.006758776721582793
-0.006931153517962954
-0.007104846613837665
-0.007280764305895461
-0.007459862536232411
-0.00764316707869888
-0.00783179917045131
-0.008027006074454383
-0.008230198530399552
-0.008442997758993442
-0.008667295750875405
-0.008905334199836051
-0.009159809978689724
-0.009434019118407112
-0.009732057968325063
-0.01005911179401895
-0.010421882177746752
-0.010829246197191514
-0.011293330942895035
-0.011831400920873019
-0.012469454035876529
-0.013249359958572881
-0.014242112871962292
-0.01556656943898035
-0.017397052797728657
-0.01990880196309079
-0.023085373467276744
-0.02638174412011328
-0.028463043167558863
-0.027458267074910035
-0.021971494663889424
-0.012339447873332965
-0.001006164505473097
0.008625882285079843
0.01411265469611851
0.01511743078876104
0.013036131741310384
0.009739761088485229
0.006563189584293999
0.0040514404189364705
0.0022209570601907334
0.0008965004931738435
-9.625242021845618e-05
-0.000876158342904945
-0.0015142114579184147
-0.002052281435895458
-0.0025163661816042498
-0.002923730201046678
-0.003286500584779588
-0.003613554410466997
-0.0039115932603848306
-0.004185802400105622
-0.004440278178954378
-0.004678316627914442
-0.004902614619797511
-0.005115413848397633
-0.0053186063043391876
-0.005513813208342519
-0.005702445300091664
-0.005885749842565775
-0.006064848072898265
-0.006240765764951931
-0.006414458860826851
-0.006586835657206421
-0.0066562204999309526
-0.006825981692085588
-0.006997039210504629
-0.007170287569592486
-0.007346668206192813
-0.007527191329295243
-0.0077129611626576035
-0.00790520604355023
-0.008105315305404768
-0.008314885568875812
-0.008535780115945928
-0.008770206625407218
-0.009020821048274591
-0.009290869402202882
-0.009584385879307558
-0.009906477064896927
-0.01026374285256786
-0.01066492562060152
-0.011121968444689292
-0.011651873861034796
-0.012280245284635153
-0.013048317062404396
-0.01402600613857221
-0.015330365740177503
-0.017133074080437675
-0.01960671158479199
-0.022735084870929893
-0.02598144098735142
-0.028031163189517816
-0.027041635683413768
-0.021638116086025224
-0.012152216539919068
-0.0009908923881097815
0.008495007157997291
0.013898526755386519
0.01488805426151063
0.012838332059325174
0.00959197594291197
0.0064636026567811665
0.003989965152421926
0.0021872568121733653
0.0008828972105689612
-9.479186560895549e-05
-0.0008628636433712427
-0.0014912350669771968
-0.002021140483329577
-0.0024781833074109874
-0.002879366075445325
-0.0032366318631232823
-0.00355872304870519
-0.003852239525809339
-0.004122287879742339
-0.004372902302608758
-0.00460732881206388
-0.004828223359132403
-0.005037793622613306
-0.005237902884462103
-0.0054301477653538105
-0.005615917598713581
-0.00579644072182465
-0.0059728213584204
-0.006146069717504837
-0.006317127235926251
-0.006486888428081723
-0.006589029865468153
-0.00675707742082665
-0.006926408216809879
-0.007097907738227946
-0.00727250791867832
-0.007451208769700555
-0.007635103368563203
-0.007825407653190185
-0.008023496932525439
-0.008230951710268195
-0.008449616459661038
-0.008681676574267487
-0.008929761194821102
-0.009197083572297038
-0.009487637175945151
-0.009806477042993755
-0.01016013644479772
-0.01055726951012122
-0.011009698755678744
-0.011534255085832515
-0.01215628346210403
-0.012916601993351762
-0.01388442186090504
-0.015175614753215412
-0.0169601260331999
-0.019408794319314665
-0.02250559006464799
-0.025719178636116252
-0.027748212904946678
-0.02676867560602043
-0.021419699882318382
-0.012029550155308506
-0.0009808868088751598
0.008409262918137459
0.013758238641844226
0.014737775940768978
0.012708741671938133
0.009495153100474026
0.006398357355149058
0.003949689069035823
0.0021651777890541683
0.0008739848967342393
-9.383497081128823e-05
-0.0008541535020648357
-0.0014761818783391627
-0.0020007382084923043
-0.0024531674540476615
-0.0028503005193769
-0.003203959921181998
-0.003522799788223648
-0.0038133533918708554
-0.0040806757693456
-0.004328760389898137
-0.004560820504503677
-0.004779485253894515
-0.004986940031645289
-0.005185029310973299
-0.0053753335956032286
-0.005559228194459008
-0.005737929045490571
-0.005912529225938256
-0.006084028747357704
-0.0062533595433401975
-0.006421407098701402
-0.006555782197414335
-0.00672298180083156
-0.00689145816976159
-0.007062092320934186
-0.007235811485499315
-0.007413610629023922
-0.007596577313207952
-0.007785921340465064
-0.007983011080046006
-0.008189419060577728
-0.00840698044824149
-0.008637869609293159
-0.008884702418041322
-0.009150675911661556
-0.00943976340868227
-0.009756994438996051
-0.01010886930754494
-0.010503998474951374
-0.010954144802228706
-0.011476054265866776
-0.012094943937909705
-0.012851425961868359
-0.013814362289200698
-0.015099039952085579
-0.01687454685302795
-0.019310859716879396
-0.022392030063665365
-0.025589404383881326
-0.027608201704084998
-0.026633607806450167
-0.021311621817722115
-0.011968851622509564
-0.0009759358140644138
0.008366834381160749
0.01368882036989268
0.014663414267521735
0.012644616947321075
0.009447242627122142
0.006366072280317639
0.003929759416476696
0.002154252515539407
0.0008695748526432812
-9.336147468521922e-05
-0.0008498434986408902
-0.0014687331706886297
-0.0019906426343267985
-0.002440788961599027
-0.0028359181290105407
-0.0031877929975649595
-0.003505024027869756
-0.003794111524892293
-0.004060085018512291
-0.004306917827258187
-0.004537806988309672
-0.0047553683759721495
-0.004961776356506681
-0.005158866096083273
-0.005348210123346511
-0.00553117680752442
-0.0057089759510552665
-0.005882695115617852
-0.006053329266791558
-0.00622180563571739
-0.0063890052391411736
