0.000552060153499716
0.0005328494393940127
0.0005134920276805873
0.0004938866913906123
0.00047392689354148744
0.0004534983144985884
0.00043247599536231816
0.00041072093178766173
0.0003880759000882099
0.0003643602185884889
0.0003393630283682426
0.0003128344960315351
0.0002844740581686131
0.00025391437440763645
0.00022069890720159777
0.00018424975582880215
0.0001438200190715458
9.84203224412922e-05
4.669904917289523e-05
-1.3268026075586442e-05
-8.437845224114403e-05
-0.00017129817554768388
-0.0002819364597765264
-0.00042952830751470856
-0.0006334710779726631
-0.0009132365215463981
-0.0012669234238399949
-0.0016337794914868973
-0.0018651802251650326
-0.0017529236108425785
-0.0011417610624776249
-6.926508067202103e-05
0.0011925475407661386
0.0022650435225721743
0.0028762060709377336
0.0029884626852591514
0.0027570619515806037
0.0023902058839341497
0.0020365189816409996
0.0017567535380661355
0.0015528107676085166
0.0014052189198705749
0.001294580635641451
0.0012076609123357076
0.0011365504861700407
0.0010765834109222562
0.0010248621376534523
0.000979462441023583
0.0009390327042654131
0.0009025835528927433
0.0008693680856864816
0.0008388084019256858
0.0008104479640625114
0.0007839194317255612
0.0007589222415053824
0.0007352065600051178
0.0007125615283059579
0.0006908064647315344
0.0006697841455952748
0.000649355566552389
0.0006293957687035164
0.0006097904324135674
0.0005904330207000701
0.0005712223065940606
0.0005548599281382452
0.0005355517867256317
0.0005160962037271492
0.0004963914387990003
0.00047633041465528273
0.0004557982318881245
0.0004346692978671363
0.0004128039032844941
0.0003900440270915768
0.00036620807128244764
0.0003410841075624073
0.000314421035501318
0.0002859167673754576
0.0002552020998390415
0.00022181818000323425
0.00018518417630823832
0.00014454939960359723
9.891945775354768e-05
4.693587921145848e-05
-1.3335320171471048e-05
-8.480638440857581e-05
-0.00017216692322547867
-0.0002833663119431391
-0.00043170667222102436
-0.0006366837296689037
-0.0009178679702392235
-0.0012733485174214543
-0.0016420649656716153
-0.0018746391003319027
-0.0017618130935914986
-0.0011475511047741864
-6.961619957330899e-05
0.0011985953899730692
0.0022765302951745312
0.002890792283990504
0.0030036182907304887
0.0027710441560712257
0.0024023277078202947
0.0020468471606390056
0.0017656629200675442
0.0015606858626201776
0.0014123455023426733
0.0013011461136247498
0.0012137855748084567
0.0011423145105713217
0.0010820433111890842
0.001030059732646639
0.000984429790796842
0.0009437950140916355
0.0009071610103966472
0.0008737770905606662
0.0008430624230240755
0.0008145581548982476
0.0007878950828366701
0.0007627711191170274
0.0007389351633079302
0.0007161752871147318
0.0006943098925325039
0.000673180958511084
0.0006526487757438834
0.0006325877516007584
0.0006128829866729152
0.0005934274036739308
0.0005741192622614045
0.000560518028248524
0.0005410129947512145
0.0005213590161518877
0.0005014533146229657
0.000481187720971891
0.00046044616411930754
0.00043910177071916883
0.00041701340679705886
0.00039402143990438726
0.00036994242021103486
0.0003445622583108303
0.0003176272932055987
0.00028883235666854863
0.000257804480443897
0.0002240801325407668
0.000187072558428842
0.00014602341387750113
9.992816652270556e-05
4.741449189943353e-05
-1.3471315838787341e-05
-8.56711981776112e-05
-0.0001739225867181969
-0.00028625591869088337
-0.0004361089574643134
-0.0006431762183082845
-0.0009272277226013417
-0.0012863330668750324
-0.0016588091775507196
-0.0018937546482181867
-0.0017797779463671385
-0.0011592522613932256
-7.032577493041643e-05
0.001210817559929937
0.0022997440463921495
0.0029202697313666353
0.003034246433216206
0.0027993009625495837
0.002426824851873361
0.0020677195076006932
0.0017836680033064072
0.0015766007424627769
0.0014267477036896384
0.0013144143717169188
0.0012261629831771762
0.001153963100837822
0.0010930772931004142
0.0010405636184771339
0.000994468371122141
0.0009534192265703333
0.0009164116524587682
0.0008826873045555267
0.000851659428330553
0.0008228644917936093
0.0007959295266880342
0.0007705493647878938
0.0007464703450947945
0.0007234783782016595
0.0007013900142799552
0.0006800456208800564
0.0006593040640274371
0.0006390384703765269
0.0006191327688477744
0.0005994787902482992
0.0005799737567505416
0.0005691542522358304
0.0005493486930907339
0.0005293918939560064
0.0005091794934442733
0.0004886016557338849
0.00046754052136800136
0.0004458672621854077
0.0004234385696742151
0.00040009235183044765
0.00037564233229928177
0.00034987112306589084
0.0003225211548188358
0.0002932825574125877
0.0002617766160324291
0.00022753265675316467
0.00018995488453582668
0.00014827327083928777
0.000101467805788802
4.814502055759136e-05
-1.3678892865669461e-05
-8.699120462467882e-05
-0.00017660233910730543
-0.00029066646211757096
-0.0004428283731407398
-0.000653086008809014
-0.0009415139494639123
-0.0013061519849987373
-0.0016843666337854784
-0.0019229315732336525
-0.0018071985042826132
-0.0011771122518336192
-7.140881945164198e-05
0.001229472818401237
0.002335176250782889
0.002965262503232372
0.0030809955721819377
0.0028424306327344932
0.0024642159839472245
0.0020995779484132247
0.0018111500077570455
0.001600892372089829
0.001448730461066626
0.001334666338056313
0.0012450552035737751
0.001171742891814865
0.0011099189783923646
0.001056596193160959
0.001009790728110292
0.0009681091144132388
0.0009305313421964564
0.0008962873829171691
0.0008647814415367293
0.0008355428441305492
0.0008081928758833599
0.0007824216666501295
0.0007579716471193603
0.0007346254292749338
0.0007121967367641359
0.0006905234775817061
0.0006694623432155912
0.0006488845055056219
0.0006286721049937876
0.0006087153058590495
0.0005889097467136526
0.0005809552615815805
0.0005607390477161674
0.0005403684580009935
0.0005197369671850965
0.0004987324620739194
0.00047723463947378045
0.00045511200005594996
0.0004322182639016093
0.00040838797813530736
0.0003834310040835416
0.0003571254463318356
0.0003292083950343697
0.00029936355508591037
0.0002672043592578924
0.00023225037449286568
0.00019389345230390163
0.0001513475980642719
0.00010357165257628435
4.91432541903564e-05
-1.3962538366573069e-05
-8.879493482358313e-05
-0.00018026410093402532
-0.0002966932719448656
-0.0004520101524432645
-0.0006666272893815863
-0.0009610354265377333
-0.0013332336209953795
-0.0017192897003972488
-0.001962800455151263
-0.0018446673760983212
-0.0012015170529219548
-7.288872396061716e-05
0.0012549643582642298
0.0023835926872254306
0.0030267430104014286
0.0031448760894538545
0.0029013653347004344
0.00251530925529842
0.00214311106084111
0.001848702923684093
0.001634085786746447
0.0014787689062481135
0.0013623397352371916
0.0012708705691271643
0.0011960381726697552
0.0011329323801134781
0.0010785039817272706
0.0010307280362392632
0.00098818218199917
0.0009498252598107203
0.0009148712750457672
0.0008827120792175237
0.0008528672392690339
0.0008249501879716703
0.0007986446302200705
0.0007736876561687771
0.0007498573704017452
0.000726963634247833
0.0007048409948304368
0.0006833431722297125
0.0006623386671190971
0.0006417071763028834
0.0006213365865880309
0.0006011203727222518
0.0005961835884397896
0.000575437455097364
0.0005545328993101007
0.000533360603521092
0.0005118055157552241
0.0004897441793561628
0.0004670416480529572
0.0004435478075453679
0.0004190928680018509
0.00039348170671316975
0.00036648661179877897
0.0003378377818490075
0.0003072106308225566
0.00027420845853166106
0.00023833823848067867
0.00019897588097040508
0.0001553147883197641
0.00010628650968986478
5.043139937121652e-05
-1.4328563356718672e-05
-9.112251670537739e-05
-0.00018498933529829844
-0.00030447042586244225
-0.0004638585603628356
-0.0006841013074741949
-0.0009862264345278436
-0.001368180430131957
-0.0017643552559677201
-0.0020142481754240773
-0.001893018037536736
-0.0012330095214084557
-7.479838487575653e-05
0.0012878592528363475
0.002446070389368356
0.0031060789054972032
0.0032273090433833328
0.002977416123928274
0.0025812412980918222
0.0021992873024881416
0.0018971621754335015
0.0016769194283231081
0.0015175312938222624
0.0013980502032583933
0.0013041833846653937
0.0012273894313165285
0.001162629468589438
0.0011067743582703418
0.0010577460796405101
0.0010140849869893654
0.0009747226294796065
0.0009388524094286147
0.0009058502371376508
0.0008752230861112673
0.000846574256161616
0.0008195791612473376
0.0007939679999590787
0.000769513060415186
0.0007460192199077171
0.0007233166886048059
0.0007012553522053968
0.0006797002644398763
0.0006585279686506486
0.0006376234128635239
0.0006168772795210344
0.000615190824183011
0.0005937832718071634
0.0005722122462281552
0.0005503649446720164
0.0005281226471246302
0.0005053579609349199
0.00048193163752971864
0.0004576887767254433
0.0004324541755181015
0.00040602649037304526
0.00037817074958671154
0.0003486085500416414
0.0003170049573631713
0.000282950623907956
0.000245936804675529
0.00020531951293733256
0.0001602664353007354
0.00010967505685160637
5.203919575732705e-05
-1.4785419855835118e-05
-9.402769100071238e-05
-0.0001908871403383793
-0.0003141774851757855
-0.000478647155263368
-0.0007059115032277142
-0.001017668575206885
-0.001411799237218873
-0.001820603715801294
-0.002078462465583338
-0.001953366695764078
-0.0012723166598376248
-7.718185479742626e-05
0.0013289169413355892
0.0025240517463755714
0.0032051017823013124
0.003330197552120139
0.003072338802338543
0.002663534323756286
0.002269403661744911
0.00195764658976482
0.0017303822418011025
0.0015659125717131521
0.001442622226876278
0.0013457627775383062
0.0012665205063932703
0.0011996958907806625
0.0011420600296861575
0.0010914686512370749
0.001046415573599951
0.00100579828186232
0.0009687844626300174
0.0009347301291746492
0.0009031265364961418
0.0008735643369513725
0.0008457085961649858
0.0008192809110202459
0.0007940463098126728
0.000769803449008375
0.0007463771256036897
0.0007236124394135637
0.0007013701418663988
0.000679522840310033
0.0006579518147315356
0.0006365442623554435
0.0006384362057232055
0.0006162197540665389
0.0005938336522526262
0.0005711608351722991
0.0005480780968885286
0.0005244532311250603
0.0005001417276985168
0.00047498283340592336
0.0004487947250657621
0.0004213684512249585
0.0003924601615928551
0.000361780933373176
0.00032898317643010087
0.0002936420755879558
0.0002552296624957706
0.0002130776168381296
0.00016632217552568058
0.00011381916409590291
5.400548814594433e-05
-1.5344147792781303e-05
-9.75806522877839e-05
-0.0001981000166942058
-0.0003260489872341393
-0.0004967332503114222
-0.0007325848367235131
-0.0010561215162342816
-0.0014651438859686697
-0.0018893940271536727
-0.0021569946872661153
-0.002027171286809761
-0.0013203880406752074
-8.009666822832162e-05
0.0013791293723829697
0.0026194207448295118
0.0033262039909639435
0.0034560273914200747
0.003188426731308526
0.0027641765901225863
0.0023551542203892103
0.0020316175408772123
0.001795765954466351
0.0016250816913882936
0.0014971327208487617
0.0013966133564418581
0.0013143768519467448
0.0012450272160085094
0.0011852135400582963
0.0011327105286287023
0.0010859550873157271
0.0010438030416586351
0.0010053906285668148
0.0009700495277245778
0.0009372517707813421
0.0009065725425619401
0.0008776642529298195
0.0008502379790891559
0.0008240498707489542
0.0007988909764562553
0.0007745794730302459
0.0007509546072663089
0.0007278718689826992
0.0007051990519020717
0.0006828129500886538
0.0006605964984317944
0.0006665124293389402
0.0006433189732894341
0.0006199484064360865
0.0005962785155370688
0.0005721806764699816
0.0005475168689669119
0.0005221362277679387
0.0004958709302776598
0.00046853115733379227
0.00043989876848893984
0.0004097191897192416
0.0003776907923513763
0.0003434507003701957
0.0003065554166069768
0.00026645375436424527
0.00022244800273293365
0.00017363641304764645
0.00011882449360122469
5.638040982610152e-05
-1.601899571431766e-05
-0.00010187199483698787
-0.0002068118777504191
-0.00034038762914197077
-0.0005185779984513881
-0.0007648014085728356
-0.0011025656912970708
-0.001529574472526338
-0.001972480048889467
-0.002251847023189421
-0.0021163134126571583
-0.0013784491702624618
-8.361707094863078e-05
0.0014397767570449495
0.0027346088563581063
0.0034724730987525476
0.0036080067092848517
0.00332863973498484
0.002885734158622429
0.002458725377393041
0.002120961094668419
0.0018747376845476668
0.0016965473152374853
0.0015629715638465754
0.0014580316809324186
0.0013721786818097072
0.001299779276269717
0.001237335192494616
0.0011825232730479879
0.001133711683362295
0.001089705931731594
0.0010496042694889485
0.001012708985726063
0.0009784688937444074
0.0009464404963769025
0.0009162609176072424
0.0008876285287622164
0.0008602887558185417
0.0008340234583281407
0.000808642817129631
0.0007839790096261746
0.0007598811705591185
0.0007362112796599428
0.0007128407128072716
0.0006896472567575532
0.0007001814355472949
0.0006758163556947656
0.0006512652182294023
0.0006263996362671295
0.0006010844881960897
0.0005751747816080837
0.0005485120302335025
0.0005209199338596443
0.0004921990845411679
0.0004621203223852253
0.0004304162134633123
0.00039676989220916185
0.0003608001517733364
0.0003220410915319381
0.00027991368133222275
0.0002336849650461919
0.00018240764167624327
0.00012482687902818192
5.922840925194834e-05
-1.6828281297436715e-05
-0.00010701818266490627
-0.00021725915404686188
-0.00035758254399546364
-0.0005447742356333594
-0.000803435521998277
-0.0011582614936638629
-0.001606839458101866
-0.0020721164321764658
-0.0023655933440678827
-0.0022232119242093238
-0.0014480754623490957
-8.783849553473208e-05
0.0015125048562061793
0.0028727418230200174
0.003647878284880227
0.003790259704738944
0.003496782792848218
0.0030315058187728888
0.0025829278543354423
0.0022281018826691298
0.0019694405963051925
0.0017822489046666556
0.00164192551471826
0.0015316845433356223
0.001441494641968228
0.0013654379514191415
0.0012998394816427004
0.0012422587189948133
0.0011909813956244163
0.001144752679338913
0.001102625269139672
0.0010638662088981858
0.001027896468461901
0.0009942501472079701
0.0009625460382861282
0.0009324672761300269
0.0009037464268118837
0.0008761543304378463
0.0008494915790636787
0.0008235818724752572
0.0007982667244041983
0.0007734011424418263
0.0007488500049770292
0.0007244849251244901
0.0007404243166472023
0.0007146588531397487
0.0006886966383422609
0.0006624019063224423
0.000635631769341699
0.0006082329015382709
0.000580037707627026
0.0005508597545193389
0.0005204881732724884
0.0004886806329953086
0.0004551543289512517
0.0004195741836679226
0.0003815370803547204
0.0003405503406414825
0.0002960016544636228
0.000247115938812916
0.0001928914462195968
0.00013200122245023594
6.263247115201656e-05
-1.7795591536613666e-05
-0.00011316917845654141
-0.00022974628020841113
-0.00037813479006736843
-0.000576085312651526
-0.0008496129502607491
-0.001224831830305969
-0.0016991901862016428
-0.002191206284197297
-0.002501547770895101
-0.0023509813238715388
-0.001531295400175138
-9.288380100014564e-05
0.0015994327676200353
0.003037844366794678
0.0038575302904905063
0.004008096737514265
0.003697755250816763
0.0032057391528212626
0.002731380796925853
0.002356161916880188
0.0020826342792716356
0.0018846837566868055
0.0017362952468283745
0.0016197181450757154
0.0015243445581559533
0.0014439164954675164
0.0013745477441689928
0.0013136575203997727
0.0012594330278061004
0.0012105473121559371
0.001165998625978203
0.0011250118862649598
0.0010869747829512087
0.0010513946376681628
0.0010178683336240658
0.0009860607933467112
0.000955689212100267
0.0009265112589925262
0.00089831606508168
0.0008709171972779483
0.000844147060297123
0.0008178523282774486
0.0007918901134804613
0.0007661246499729476
0.0007885117359806602
0.0007610729118901348
0.0007334245583111524
0.0007054220918632375
0.0006769133448277718
0.0006477350334466617
0.000617708677796204
0.000586635736706444
0.0005542916461407835
0.0005204183367812467
0.0004847146368444161
0.00044682370689565155
0.00040631624928534713
0.00036266758809293264
0.0003152256460635359
0.0002631650014789795
0.00020541884709011004
0.00014057404778334225
6.670007238739246e-05
-1.895147632310142e-05
-0.00012051920808622493
-0.0002446675471149556
-0.00040269331614055685
-0.0006134998868831342
-0.000904791740698551
-0.001304378604476913
-0.0018095424631022336
-0.0023335095149922503
-0.002664002506059495
-0.0025036552594223127
-0.001630736088031388
-9.89120731178289e-05
0.0017033050090462765
0.003235129023959196
0.004108048195350579
0.004268395441987706
0.00393790245092078
0.0034139353990306175
0.0029087715404052896
0.002509184676626771
0.002217892822811731
0.0020070862520688956
0.001849060483043236
0.001724912144014189
0.0016233444122510932
0.0015376928635407404
0.0014638188881443345
0.0013989740888377287
0.0013412279344487067
0.0012891672898645153
0.0012417253478352454
0.001198076686642816
0.001157569229032056
0.001119678299083579
0.0010839745991467085
0.0010501012897870827
0.0010177571992218098
0.0009866842581321743
0.0009566579024816926
0.0009274795911004319
0.0008989708440648726
0.0008709683776173154
0.0008433200240385467
0.0008158811999480254
0.0008461049179647022
0.000816661948337591
0.0007869941450644183
0.0007569463643085229
0.00072635532392927
0.0006950458138231969
0.0006628263177815546
0.0006294837930599171
0.0005947772733174664
0.0005584298396774945
0.000520118322558304
0.0004794598187112197
0.0004359936742575699
0.0003891568905235103
0.0003382497619712169
0.0002823865773176397
0.00022042260863467202
0.00015084150382565164
7.15717232174759e-05
-2.0335877471560704e-05
-0.00012932219856441466
-0.0002625384410013059
-0.00043210654074989064
-0.0006583105009429734
-0.0009708780978524769
-0.0013996497648710363
-0.001941708279636962
-0.002503941622505279
-0.002858568896205374
-0.0026865070219972364
-0.001749831973308792
-0.00010613123841756431
0.0018277096177465781
0.003471410352637444
0.004408085401326099
0.004580147275533256
0.004225520001833162
0.0036632866589657214
0.0031212281441992946
0.0026924564771815783
0.00237988888027202
0.0021536849200787015
0.001984116820330083
0.0018509005778930424
0.0017419142568001215
0.0016500066561110564
0.0015707368755024389
0.001501155770693463
0.0014391918020104603
0.0013833286173572398
0.0013324214888048083
0.0012855847050707173
0.0012421185606165716
0.0012014600567698966
0.0011631485396505518
0.0011268011060108526
0.0010920945862685054
0.001058752061547267
0.0010265325655053731
0.0009952230553994018
0.0009646320150200631
0.0009345842342644877
0.0009049164309914996
0.0008754734613643554
0.0009154035054451338
0.0008835490611107276
0.0008514513685014809
0.0008189425769793067
0.0007858460310470272
0.0007519721703016875
0.0007171137927073905
0.0006810404065922172
0.0006434913096443957
0.0006041669023733126
0.0005627175464809231
0.000518728977591834
0.0004717028126309371
0.0004210299412952304
0.00036595334958566773
0.0003055147831316252
0.00023847575635794506
0.00016319572183932116
7.743347204913341e-05
-2.2001685415787395e-05
-0.00013991438092053393
-0.0002840415270268258
-0.00046749786905782667
-0.0007122286288227097
-0.0010503960455275638
-0.001514283876031565
-0.0021007350611092343
-0.0027090111180031002
-0.0030926767439809094
-0.0029065187427355114
-0.001893130400139877
-0.00011481651946852322
0.001977397452708362
0.0037557113333796218
0.004769099675975466
0.004955257677220727
0.004571592051242608
0.003963315994348971
0.003376864809270694
0.0029129769787670564
0.0025748095620625813
0.0023300788022980238
0.002146622460266678
0.0020024953141603483
0.0018845826186553597
0.0017851474611903129
0.0016993852113996607
0.0016241051768810875
0.0015570661501075036
0.0014966275836536618
0.001441550991944121
0.001390878120608181
0.001343851955647033
0.0012998633867584034
0.0012584140308656063
0.0012190896235948592
0.0011815405266472363
0.0011454671405323037
0.0011106087629375472
0.0010767349021925858
0.0010436383562601303
0.0010111295647382878
0.0009790318721290346
0.0009471774277945441
0.000999367636155441
0.0009645913795463671
0.0009295495629611212
0.0008940589398312942
0.0008579266511096941
0.0008209457491522797
0.0007828900265154961
0.0007435078498950649
0.0007025146042978358
0.0006595832097322756
0.000614331957621561
0.0005663085855200657
0.0005149689965340819
0.00045964821013120476
0.000399519775655075
0.00033353754332952695
0.0002603494279400173
0.00017816440314157586
8.453568645908744e-05
-2.4020082043078525e-05
-0.00015274823993830292
-0.000310095366057075
-0.0005103791181462689
-0.0007775574727381607
-0.001146742253407137
-0.001653177449472331
-0.0022934151917127126
-0.0029574764868042307
-0.0033763241973612697
-0.003173086037783153
-0.002066750479323885
-0.00012533813002325292
0.0021587617511622734
0.004100174100463033
0.00520650965892193
0.005409747818498932
0.004990900107942134
0.004326838812850901
0.0036866010706107697
0.0031801658745457453
0.002810981093876312
0.00254380273928532
0.00234351898719583
0.0021861718610770753
0.0020574437031816977
0.0019488879346790072
0.0018552592179964297
0.0017730741931978656
0.0016998860778083677
0.0016339038454831162
0.0015737754110071289
0.0015184546246038771
0.001467115035617777
0.0014190916635164856
0.0013738404114056017
0.0013309090168405952
0.001289915771243059
0.0012505335946229948
0.0012124778719855894
0.0011754969700286371
0.0011393646813070962
0.0011038740581773418
0.0010688322415919665
0.0010340559849827012
0.0011020622005913654
0.001063712341777003
0.001025069634042683
0.0009859320004004407
0.0009460867636022889
0.0009053057100551903
0.0008633393872229448
0.0008199103039376812
0.0007747045981310063
0.0007273615790142586
0.0006774603135502386
0.0006245020646762399
0.0005678868239108534
0.0005068812770323978
0.00044057404687193754
0.00036781148060691397
0.00028710255161567546
0.0001964721857649651
9.322216576828648e-05
-2.6488824685828925e-05
-0.00016844514435443382
-0.0003419613506533374
-0.0005628263499628128
-0.0008574598332176469
-0.0012645810666679184
-0.0018230543684154554
-0.002529075846304945
-0.003261364541419158
-0.003723240121941417
-0.003499110222012287
-0.0022790943225787542
-0.00013820416936709495
0.0023805814881793083
0.004521471641390971
0.005741487540824926
0.005965617440753003
0.005503741860230179
0.00477145316511765
0.004065431687227191
0.0035069583854798942
0.0030998371520296964
0.0028052036687752145
0.0025843386694654586
0.0024108224631663455
0.002268866143497737
0.002149155153042894
0.002045905133046401
0.001955274767195599
0.0018745658382044107
0.001801803271939393
0.0017354960417790737
0.001674490494900601
0.0016178752541349535
0.001564917005261518
0.0015150157397971636
0.0014676727206806898
0.0014224670148738025
0.001379037931589039
0.0013370716087557294
0.00129629055520947
0.0012564453184111548
0.001217307684769102
0.0011786649770346037
0.001140315118220084
0.0012292117826931672
0.0011864373240593976
0.0011433362291100096
0.0010996831062570793
0.0010552407406434951
0.0010097545885588038
0.0009629464168998277
0.0009145067189668177
0.0008640854208531225
0.0008112802170477199
0.0007556216093113975
0.000696553318692125
0.0006334061105544044
0.0005653620642550582
0.0004914046519973111
0.0004102471174527671
0.00032022640542030253
0.00021913956514124037
0.00010397706797638157
-2.9545602761921067e-05
-0.0001878801902593446
-0.0003814159296889807
-0.0006277633225244485
-0.000956389932090184
-0.001410481326563784
-0.002033383862955148
-0.00282085230619011
-0.0036376121659043724
-0.004152758045355699
-0.0039027591630967475
-0.002541993709773249
-0.00015412982914189818
0.0026552197274049847
0.005043083608037263
0.0064038490613603834
0.006653847943617561
0.0061387020641666115
0.00532194220445349
0.0045344737612180745
0.0039115712248269825
0.00345747983035304
0.0031288532207873507
0.0028825058279517376
0.002688970088522193
0.002530635501024659
0.0023971128302856383
0.0022819503331208703
0.002180863492841918
0.0020908427808093784
0.0020096852462652254
0.00193572783400776
0.0018676837877079472
0.00180453657957009
0.0017454682889513553
0.0016898096812146541
0.0016370044774093179
0.0015865831792953589
0.0015381434813629235
0.0014913353097028225
0.0014458491576187977
0.001401406792005322
0.0013577536691522997
0.0013146525742029004
0.0012718781155689036
0.0013891356187273832
0.001340796064276206
0.0012920873769633186
0.0012427548409504148
0.0011925303788737117
0.001141126329962056
0.0010882282619623482
0.0010334864001991062
0.0009765051248215196
0.0009168297888153391
0.0008539298103617033
0.0007871765363576795
0.0007158136619410764
0.0006389168514478859
0.0005553373222238502
0.00046362090483183303
0.000361888172181481
0.00024764955753996576
0.0001175039742461084
-3.3390539434480703e-05
-0.000212325145581681
-0.00043104078027844986
-0.0007094390830537087
-0.001080821065587279
-0.0015939896257005006
-0.0022979279500922574
-0.0031878349749881124
-0.00411083532725847
-0.0046929776325778305
-0.00441043873681777
-0.00287264585921694
-0.00017415549372967634
0.003000644092333583
0.005699134457820809
0.007236927335422284
0.007519466231181368
0.006937323925861279
0.006014323573592171
0.005124416548695651
0.004420478224303842
0.003907309664190884
0.0035359276816574504
0.003257529378882045
0.003038813744185136
0.0028598791380380385
0.0027089846243566946
0.002578839041063115
0.002464600426421702
0.0023628676937711432
0.002271151276379317
0.00218757174715563
0.002110674936662267
0.0020393120622453345
0.0019725587882418938
0.001909658809787814
0.0018499834737816657
0.0017930021984037424
0.0017382603366409993
0.0016853622686401597
0.00163395821972931
0.0015837337576527209
0.001534401221639726
0.0014856925343267938
0.0014373529798754588
0.0015943625733564832
0.0015388814418333956
0.0014829766424195895
0.0014263558280093675
0.0013687113159516222
0.0013097129469554795
0.0012489998350532546
0.0011861705303953275
0.0011207709648226242
0.0010522793223743051
0.0009800866337088471
0.0009034713691709619
0.0008215654880707737
0.0007333080939908017
0.0006373806835618925
0.0005321142484098075
0.0004153516941153106
0.00028423564275337253
0.00013486252429562116
-3.832499112895794e-05
-0.0002436952997102147
-0.000494724013333035
-0.0008142531084616047
-0.001240503351789181
-0.0018294869070207783
-0.0026374214374206987
-0.0036587930728714515
-0.004718138683338988
-0.0053862638020696785
-0.005061968698549298
-0.003296992324026083
-0.00019986440713825617
0.0034439304394534957
0.006541058356341781
0.008306034730864125
0.008630329834383466
0.007962204715653148
0.006902859105186053
0.005881487469735463
0.0050735529393354205
0.004484569384103398
0.004058319140776293
0.003738790045647398
0.0034877613320248076
0.0032823910234434303
0.003109203508018255
0.0029598303895607856
0.0028287143381989944
0.0027119517839039016
0.002606685348752519
0.0025107579383240953
0.0024225005442436057
0.0023405946631431247
0.0022639793986057254
0.0021917867099398806
0.0021232950674914936
0.002057895501918567
0.0019950661972611026
0.0019343530853578757
0.0018753547163622248
0.0018177102043049032
0.001761089389894297
0.0017051845904805072
0.001649703458957355
0.0018641621126619366
0.0017992924026954656
0.0017339273309613988
0.001667725078815695
0.0016003258969387662
0.0015313437558018349
0.0014603566995280252
0.0013868953439975175
0.0013104287825167946
0.00123034689604458
0.001145937663701248
0.0010563574563315227
0.0009605913404313543
0.0008573988906818149
0.0007452384810106751
0.0006221586654786735
0.00048563731426244823
0.00033233350507623103
0.0001576830723014071
-4.4811796804937205e-05
-0.0002849357865262786
-0.0005784454031275454
-0.0009520495080902016
-0.00145044047532841
-0.0021391166889196227
-0.0030838206341903263
-0.004278114984787662
-0.005516838454588896
-0.0062981316938342715
-0.005918996445434666
-0.003855260824310073
-0.00023381957760417035
0.004026849534295874
0.007648290781002121
0.009712026402126529
0.010091161650526113
0.009309868411280418
0.008071144941478885
0.006876850590881417
0.005932146645610609
0.005243470432019576
0.004745079464781304
0.004371475359818826
0.004077965743217742
0.003837841753496359
0.003635346884389616
0.0034606964516149456
0.0033073926424288646
0.003170871291212191
0.003047791475680812
0.0029356310660098267
0.002832438616259765
0.002736672500359372
0.002647092292990173
0.0025626830606463183
0.0024826011741741604
0.0024061346126932628
0.0023326732571631553
0.002261686200888492
0.0021927040597520524
0.002125304877875432
0.0020591026257293314
0.0019937375539952383
0.0019288678440287307
0.0022261089828496065
0.0021486443535754227
0.0020705881836861444
0.001991532287409107
0.0019110470668509245
0.0018286715412996425
0.0017439018281690728
0.00165617740786076
0.0015648642928250713
0.0014692339030602068
0.001368435971107692
0.0012614630676228572
0.0011471031976064917
0.001023875091408911
0.0008899377953221644
0.0007429609615408578
0.0005799327480266816
0.0003968635304337053
0.00018830289938729077
-5.3508780076737435e-05
-0.00034025679403830466
-0.000690760075626367
-0.001136924041634334
-0.0017321490402992471
-0.002554719008609049
-0.0036832539749317413
-0.005110178008667911
-0.006590472572405231
-0.007524519365997875
-0.007072214887163728
-0.004607036040367446
-0.00028047310719381074
0.0048099598856830295
0.009136522818856341
0.011601701665652012
0.01205400614448674
0.011119959350893634
0.00963966478715577
0.008212740753420059
0.0070842057870974424
0.006261635818787487
0.005666410820122312
0.0052202468541144124
0.004869743572527339
0.00458299555856575
0.0043411838791010925
0.004132623248054983
0.003949554030462095
0.003786525816947361
0.00363954898316682
0.0035056116870797772
0.00338238358088209
0.0032680237108654673
0.0031610508073813383
0.0030602528754283915
0.002964622485663492
0.002873309370627412
0.0027855849503196665
0.002700815237188255
0.0026184397116371006
0.0025379544910792973
0.0024588985948020897
0.002380842424912549
0.0023033777956384697
0.0027022831327426253
0.002608250095396192
0.0025134989939760224
0.0024175343365612986
0.0023198346391583866
0.0022198403223041233
0.0021169397281072403
0.0020104524471712334
0.0018996088874942312
0.001783524631366175
0.0016611675445884079
0.0015313147137677274
0.0013924949023387478
0.0012429099993441174
0.0010803252697053263
0.0009019118959520014
0.0007040137809264692
0.0004817878624704319
0.00022861769836876123
-6.49169701688831e-05
-0.0004130048476464008
-0.0008385069543318702
-0.0013802131070865067
-0.002103120138725416
-0.003102654856920468
-0.0044749226784912815
-0.0062114019252256635
-0.00801456092065908
-0.009154672400878453
-0.008608318638415168
-0.0056115086090641544
-0.0003478511729582117
0.005846212776511955
0.011109870212618049
0.014106680241967998
0.014653034004432058
0.01351292252421163
0.011709763528777938
0.00997328428204369
0.008601016460473633
0.0076014817422776155
0.006878574710638977
0.006336868557884209
0.005911366451199501
0.005563278573722422
0.005269743905184122
0.005016573741082759
0.00479434782262681
0.004596449707600819
0.004418036333848108
0.004255451604208883
0.004105866701214211
0.003967046889785101
0.0038371940589648035
0.003714836972186892
0.0035987527160588157
0.0034879091563813514
0.0033814218754459036
0.003278521281248493
0.0031785269643942416
0.00308082726699166
0.002984862609576734
0.0028901115081562266
0.002796078470809979
0.003218364537952277
0.0031063810135908867
0.002993542339370138
0.002879258428507929
0.0027629082393847357
0.0026438253611437224
0.002521281360793615
0.0023944659264503844
0.00226246253485254
0.00212421791146028
0.0019785028586175573
0.0018238609689272007
0.0016585400912301688
0.0014803987764006178
0.0012867755643743936
0.0010743014470648775
0.0008386221155922309
0.0005739695064663889
0.0002724629800359077
-7.71202263331809e-05
-0.0004916961591721969
-0.000998568899426482
-0.0016442158994575177
-0.002506866811001242
-0.0037020555508998033
-0.005347418221816848
-0.0074360317167486015
-0.009613091360121513
-0.011000755770208606
-0.01036298078591098
-0.006773418001673947
-0.00044934351136092674
0.006997773033159226
0.013321847523472416
0.016911410307708326
0.017549185292006268
0.01616152088191823
0.013984461238544896
0.011895847743613373
0.010250485072697144
0.009055296332798191
0.008192645421254453
0.007546998421223264
0.007040125680969402
0.006625549748131095
0.006275966541761324
0.0059744600153311695
0.00570980740620527
0.005474128074732399
0.005261653957423374
0.00506803074539647
0.004889889430567212
0.004724568552870061
0.004569926663179862
0.004424211610337268
0.004285966986945012
0.004153963595346644
0.004027148161004086
0.003904604160653516
0.0037855212824122655
0.0036691710932894575
0.003554887182427117
0.0034420485082059895
0.003330064983844668
0.0032543995434449837
0.003141195204342088
0.003027126348738529
0.0029115964249235905
0.0027939775847410442
0.002673596109890469
0.0025497155747506595
0.0024215167695415384
0.002288073097661611
0.002148319695985883
0.0020010138261737603
0.0018446830145747053
0.001677555749573124
0.0014974668744808122
0.001301725397374096
0.00108692482300027
0.000848662208654173
0.0005811045970896492
0.00027628065334735176
-7.717227983776312e-05
-0.0004964327457566042
-0.0010094309229035456
-0.001664327246473733
-0.0025436375127945105
-0.003772023833295362
-0.005481664821424774
-0.007679000248792215
-0.010003394342182007
-0.011530753952431517
-0.010939678688243757
-0.007224924621176137
-0.0006003576099092873
0.007222074856968154
0.013846641868235098
0.017561395935300813
0.018152471199489817
0.01662511158923954
0.014300717495848658
0.012103382068481272
0.01039374108035275
0.009165354759851217
0.008286044493530998
0.007631148169960453
0.007118149992813864
0.006698889526896048
0.0063454365937101725
0.006040612649968195
0.00577305503840341
0.00553479242405713
0.005319991849683625
0.005124250372576337
0.004944161497484303
0.0047770342324825925
0.00462070342088375
0.004473397551071804
0.0043336441493962785
0.004200200477515627
0.0040720016723073005
0.003948121137167146
0.003827739662316197
0.0037101208221340535
0.0035945908983190224
0.003480522042714922
0.0033673177036121337
0.0008958377103711828
0.000864817181175252
0.0008335595559180594
0.000801901221470138
0.0007696699699942351
0.0007366809956585245
0.000702732268481595
0.0006675990164804697
0.000631026961716367
0.0005927238274302876
0.0005523484398230053
0.0005094964520145717
0.0004636812558434408
0.0004143079071934645
0.00036063666501147775
0.0003017306229761051
0.00023637798045133412
0.0001629712502193534
7.930469318446283e-05
-1.781247124818335e-05
-0.00013342717609979727
-0.000276614631681258
-0.0004656525867280109
-0.0007379642567114479
-0.0011616324607140428
-0.0018300101741495296
-0.002802719060233767
-0.00397238680343338
-0.004927646929744959
-0.0049966648888119785
-0.003607617391575133
-0.0007942953528835475
0.002616912818145546
0.005430234856837402
0.006819282354073078
0.006750264395006101
0.00579500426869395
0.004625336525493975
0.0036526276394097347
0.0029842499259751104
0.002560581721972172
0.0022882700519889377
0.002099232096942293
0.0019560446413605702
0.0018404299365100665
0.0017433127720770057
0.0016596462150420509
0.0015862394848097077
0.0015208868422848121
0.00146198080024989
0.0014083095580670986
0.0013589362094178076
0.0013131210132464775
0.0012702690254380686
0.0012298936378312493
0.001191590503545431
0.0011550184487807526
0.0011198851967799104
0.0010859364696027551
0.0010529474952665051
0.0010207162437913032
0.0009890579093433374
0.0009578002840856134
0.0009267797548897803
-0.008944222553588945
-0.008632521491277415
-0.008318440888928622
-0.008000338797355119
-0.00767648717498306
-0.0073450318019157405
-0.007003945972907423
-0.00665097528710667
-0.0062835700016336425
-0.005898800139776604
-0.005493246622051244
-0.005062858752596992
-0.004602763818379209
-0.004107007240172599
-0.003568189619194864
-0.0029769461999307354
-0.0023211765083477973
-0.0015848589921280912
-0.000746135964677189
0.00022595625112066878
0.0013773102280912903
0.0027789625834118634
0.004542593441643701
0.006834463021145104
0.009858351101797922
0.0137434437226708
0.018269930797293527
0.022480351525186956
0.02448047425672035
0.021904693838011528
0.01320256193252092
-0.0009354896059129798
-0.017263868866867038
-0.03140192040530025
-0.04010405231079167
-0.04267983272949877
-0.04067970999796493
-0.03646928927007175
-0.0319428021954488
-0.028057709574574777
-0.02503382149392238
-0.022741951914420397
-0.02097832105618867
-0.01957666870086816
-0.01842531472389675
-0.017453222508099428
-0.016614499480648415
-0.015878181964429028
-0.015222412272846299
-0.014631168853581783
-0.014092351232604583
-0.013596594654397621
-0.013136499720179908
-0.0127061118507256
-0.012300558332999877
-0.011915788471142531
-0.011548383185670138
-0.011195412499868749
-0.010854326670860647
-0.010522871297793817
-0.01019901967542133
-0.009880917583847808
-0.009566836981499623
-0.009255135919187972
-0.03631742891723468
-0.03505248263971118
-0.03377787880116659
-0.032486953381918954
-0.0311726928967776
-0.02982757167392124
-0.02844336387547262
-0.027010919369065144
-0.025519889104171484
-0.02395838046316838
-0.022312515247832537
-0.020565851035893902
-0.01869860805546167
-0.016686613988959934
-0.014499829966150436
-0.012100236348011762
-0.009438703096459753
-0.006450170232368775
-0.003045836235400251
0.0009003200024898378
0.005576167459727593
0.011276846991984786
0.018480173573374736
0.027932696543125073
0.0406261044568683
0.057362346173317126
0.07753098731854591
0.09720570960644229
0.10793147781325638
0.09860282179842013
0.06148654596001945
-0.0007368515970995054
-0.07315975558547261
-0.1353831531425894
-0.172499428980987
-0.18182808499582043
-0.17110231678900417
-0.15142759450110585
-0.13125895335587565
-0.1145227116394254
-0.10182930372568186
-0.09237678075593145
-0.085173454174541
-0.07947277464228447
-0.07479692718504602
-0.07085077094715621
-0.06744643695018743
-0.06445790408609699
-0.06179637083454484
-0.05939677721640596
-0.057209993193596945
-0.05519799912709467
-0.05333075614666255
-0.05158409193472408
-0.049938226719387704
-0.04837671807838442
-0.0468856878134912
-0.04545324330708328
-0.044069035508635016
-0.042723914285779006
-0.04140965380063732
-0.04011872838138957
-0.03884412454284549
-0.037579178265321984
-0.09515193364012764
-0.09183829045459771
-0.08849934785615239
-0.08511764843789635
-0.08167481928499595
-0.07815114568531223
-0.07452507866656038
-0.07077264782721715
-0.06686674187470402
-0.06277620570236793
-0.058464682375480526
-0.05388909714807669
-0.04899763193089007
-0.04372696071361554
-0.03799838764880055
-0.03171230764927453
-0.024740006086322083
-0.016911027877007045
-0.007992687220861591
0.0023453868675449296
0.014596486012305343
0.029538701340000847
0.04844158544293299
0.07331324156743516
0.10687213672078019
0.15142299238662144
0.2055743012516821
0.2590123456601703
0.2890259261422454
0.26541777397772826
0.16687017354796785
0.0003141822288720425
-0.1939233178659422
-0.36047930918503246
-0.4590269096147839
-0.4826350617792926
-0.45262148129720936
-0.39918343688871527
-0.3450321280236521
-0.30048127235780847
-0.2669223772044626
-0.24205072107996034
-0.22314783697702745
-0.20820562164933237
-0.19595452250457124
-0.18561644841616504
-0.17669810776001937
-0.16886912955070488
-0.16189682798775223
-0.15561074798822577
-0.14988217492341116
-0.1446115037061364
-0.13972003848894987
-0.13514445326154595
-0.13083292993465823
-0.1267423937623223
-0.12283648780980945
-0.1190840569704659
-0.11545798995171414
-0.11193431635203056
-0.1084914871991301
-0.10510978778087393
-0.101770845182429
-0.09845720199689928
-0.19555311133289002
-0.18874352827416743
-0.1818819542037876
-0.17493251364228912
-0.16785744969481164
-0.16061624800300656
-0.15316462470495334
-0.14545331976551187
-0.13742661843304754
-0.12902049566564866
-0.1201602363190962
-0.11075731966874086
-0.10070525674806832
-0.08987390885447466
-0.07810155087449752
-0.06518348711407579
-0.05085519834590732
-0.034766381002652585
-0.016438816845643967
0.0048066173319537
0.029984663595303662
0.0606988000105754
0.09957439299949239
0.15078660229990756
0.220033892619843
0.3122424334984572
0.4247468992919775
0.5363279103522005
0.5997915810175011
0.5520526816227617
0.3483141208246877
0.0027328897207900826
-0.40063148493580775
-0.7462127160396942
-0.9499512768377492
-0.9976901762324683
-0.9342265055671506
-0.8226454945069164
-0.71014102871339
-0.6179324878347711
-0.5486851975148338
-0.4974729882144189
-0.4585973952255004
-0.4278832588102297
-0.4027052125468788
-0.3814597783692813
-0.3631322142122724
-0.34704339686901786
-0.33271510810084926
-0.31979704434042694
-0.30802468636045005
-0.2971933384668565
-0.2871412755461838
-0.2777383588958283
-0.268878099549276
-0.26047197678187695
-0.2524452754494128
-0.2447339705099713
-0.23728234721191788
-0.23004114552011312
-0.2229660815726356
-0.21601664101113682
-0.20915506694075722
-0.20234548388203505
-0.33033597896534284
-0.31883343981779627
-0.30724307883609503
-0.29550429610737716
-0.28355331367051234
-0.2713216957127458
-0.2587346390503484
-0.24570893484327655
-0.23215047106379044
-0.21795109808873636
-0.20298460875294416
-0.18710147572064043
-0.1701218199609562
-0.15182581361873596
-0.13194027344483583
-0.11011943072471964
-0.08591646319296936
-0.058739640124613746
-0.027781138874542477
0.008106361284569374
0.050637813695319445
0.10252574179345308
0.16821953922892408
0.25481544128552897
0.3720404216315934
0.5283880107178234
0.7195331299665525
0.9096120109618362
1.018433882290526
0.9385028244713557
0.5932497970569581
0.0065082323015708266
-0.6786536578455986
-1.2653952226009646
-1.6106482500153287
-1.6905793078344662
-1.5817574365057472
-1.3916785555104423
-1.2005334362617033
-1.0441858471754673
-0.9269608668293997
-0.8403649647727942
-0.7746711673373212
-0.7227832392391884
-0.6802517868284377
-0.6443642866693259
-0.613405785419254
-0.5862289623508983
-0.5620259948191471
-0.5402051520990316
-0.5203196119251317
-0.5020236055829109
-0.48504394982322696
-0.4691608167909229
-0.4541943274551306
-0.43999495448007697
-0.426436490700591
-0.41341078649351864
-0.4008237298311215
-0.38859211187335496
-0.3766411294364903
-0.3649023467077719
-0.3533119857260714
-0.3418094465785251
-0.4661447115874787
-0.4499135902462831
-0.433558544277944
-0.41699406166914826
-0.4001301458858243
-0.3828702277331008
-0.36510875306435403
-0.3467283065704254
-0.32759608752932523
-0.30755948686324874
-0.28644041461656194
-0.2640278738922344
-0.24006803870977017
-0.21425071155532782
-0.18619040546020715
-0.15539920858572387
-0.12124661303074802
-0.08289763011011791
-0.039212331362288966
0.011428372825046496
0.07144509167960389
0.14466845646824117
0.23738821232303658
0.3596513642275922
0.5252616587150037
0.7463375052690097
1.0169132287943
1.2863668492141884
1.4411777614689418
1.3289373060893714
0.8409035709242911
0.010644721512779176
-0.9591242434398747
-1.7893830928513563
-2.2774168280163893
-2.3896572833959118
-2.234846371141117
-1.9653927507212012
-1.6948170271958949
-1.4737411806418812
-1.3081308861544652
-1.1858677342499075
-1.0931479783951112
-1.0199246136064741
-0.9599078947519162
-0.9092671905645796
-0.8655818918167509
-0.8272329088961208
-0.7930803133411439
-0.7622891164666608
-0.7342288103715402
-0.7084114832170975
-0.6844516480346332
-0.6620391073103056
-0.6409200350636192
-0.6208834343975431
-0.6017512153564426
-0.5833707688625136
-0.5656092941937663
-0.5483493760410435
-0.5314854602577197
-0.514920977648924
-0.4985659316805848
-0.48233481033938963
-0.5530670211992922
-0.5338094764355141
-0.5144049002749821
-0.4947518362830785
-0.47474350732756904
-0.4542653380871443
-0.43319209296835115
-0.41138446360089875
-0.3886848874609963
-0.36491230023324306
-0.33985540559918304
-0.3132638645223841
-0.28483652304190504
-0.25420534472545164
-0.220912965359654
-0.18438049794804373
-0.14385987129478256
-0.09836040578436883
-0.04652961666048494
0.013553536192081772
0.08476134552384429
0.17164028726749903
0.28165885402789964
0.4267552801426158
0.6233488179543939
0.8858886933409242
1.2073704943414318
1.5277256955510263
1.7120724902505433
1.5791983422122828
0.9997131075173383
0.013410011341880745
-1.1387529269149106
-2.125056023090334
-2.7045412577852224
-2.8374154058234247
-2.6530686111238575
-2.3327134099142306
-2.011231608913704
-1.748691733527163
-1.5520981957153803
-1.4070017696006616
-1.2969832028402601
-1.2101042610966053
-1.1388964517648419
-1.0788132989122754
-1.0269825097883905
-0.9814830442779764
-0.9409624176247157
-0.9044299502131038
-0.8711375708473068
-0.8405063925308538
-0.8120790510503741
-0.7854875099735752
-0.7604306153395151
-0.736658028111762
-0.7139584519718591
-0.6921508226044071
-0.6710775774856146
-0.6505994082451896
-0.6305910792896801
-0.610938015297776
-0.591533439137244
-0.5722758943734674
-0.5530670211992916
-0.5338094764355146
-0.5144049002749831
-0.4947518362830793
-0.47474350732757
-0.45426533808714453
-0.43319209296835154
-0.4113844636009001
-0.3886848874609977
-0.3649123002332443
-0.339855405599184
-0.3132638645223858
-0.2848365230419074
-0.2542053447254533
-0.22091296535965643
-0.184380497948045
-0.14385987129478517
-0.09836040578437072
-0.04652961666048766
0.013553536192079052
0.08476134552384196
0.1716402872674958
0.28165885402789576
0.42675528014261166
0.6233488179543899
0.88588869334092
1.2073704943414256
1.527725695551018
1.712072490250536
1.5791983422122757
0.9997131075173339
0.013410011341877914
-1.1387529269149095
-2.125056023090329
-2.7045412577852144
-2.8374154058234176
-2.653068611123849
-2.3327134099142244
-2.0112316089137
-1.7486917335271601
-1.5520981957153765
-1.407001769600658
-1.2969832028402575
-1.2101042610966033
-1.1388964517648406
-1.078813298912273
-1.0269825097883891
-0.9814830442779751
-0.9409624176247138
-0.9044299502131024
-0.8711375708473059
-0.8405063925308525
-0.812079051050373
-0.7854875099735741
-0.7604306153395138
-0.7366580281117612
-0.7139584519718595
-0.692150822604407
-0.671077577485614
-0.6505994082451894
-0.6305910792896801
-0.6109380152977762
-0.5915334391372448
-0.572275894373468
-0.4661447115874789
-0.44991359024628325
-0.4335585442779443
-0.41699406166914893
-0.4001301458858256
-0.38287022773310264
-0.36510875306435536
-0.34672830657042747
-0.3275960875293272
-0.307559486863251
-0.2864404146165639
-0.26402787389223775
-0.2400680387097734
-0.21425071155533143
-0.18619040546021082
-0.1553992085857281
-0.12124661303075218
-0.08289763011012352
-0.039212331362295405
0.011428372825040056
0.07144509167959673
0.144668456468232
0.23738821232302698
0.35965136422758054
0.5252616587149905
0.7463375052689918
1.0169132287942788
1.2863668492141644
1.4411777614689156
1.328937306089347
0.8409035709242734
0.010644721512772737
-0.9591242434398677
-1.7893830928513395
-2.2774168280163654
-2.3896572833958856
-2.2348463711410913
-1.9653927507211797
-1.6948170271958762
-1.4737411806418672
-1.3081308861544525
-1.1858677342498973
-1.0931479783951026
-1.0199246136064648
-0.9599078947519086
-0.9092671905645733
-0.8655818918167447
-0.8272329088961156
-0.7930803133411393
-0.7622891164666564
-0.7342288103715362
-0.7084114832170944
-0.6844516480346303
-0.6620391073103027
-0.6409200350636164
-0.6208834343975401
-0.6017512153564404
-0.5833707688625123
-0.5656092941937647
-0.5483493760410421
-0.5314854602577185
-0.5149209776489232
-0.4985659316805844
-0.482334810339389
-0.33033597896534334
-0.3188334398177973
-0.3072430788360968
-0.2955042961073786
-0.2835533136705144
-0.271321695712748
-0.258734639050351
-0.24570893484327946
-0.23215047106379325
-0.2179510980887398
-0.20298460875294855
-0.18710147572064487
-0.17012181996096165
-0.1518258136187411
-0.1319402734448415
-0.11011943072472635
-0.08591646319297691
-0.058739640124622405
-0.027781138874550915
0.008106361284559938
0.05063781369530851
0.10252574179344082
0.1682195392289112
0.2548154412855132
0.3720404216315748
0.5283880107178014
0.7195331299665249
0.9096120109618047
1.0184338822904935
0.9385028244713247
0.5932497970569359
0.006508232301562111
-0.6786536578455913
-1.2653952226009442
-1.6106482500153008
-1.6905793078344344
-1.581757436505717
-1.391678555510418
-1.2005334362616833
-1.0441858471754506
-0.9269608668293863
-0.8403649647727827
-0.7746711673373117
-0.7227832392391791
-0.6802517868284303
-0.644364286669319
-0.613405785419248
-0.5862289623508921
-0.5620259948191428
-0.5402051520990275
-0.5203196119251277
-0.5020236055829078
-0.48504394982322374
-0.46916081679092053
-0.4541943274551291
-0.4399949544800754
-0.42643649070058937
-0.4134107864935177
-0.400823729831121
-0.38859211187335496
-0.37664112943649014
-0.3649023467077722
-0.3533119857260718
-0.34180944657852586
-0.19555311133289033
-0.18874352827416851
-0.18188195420378875
-0.1749325136422903
-0.16785744969481314
-0.16061624800300892
-0.15316462470495576
-0.14545331976551426
-0.13742661843305115
-0.12902049566565266
-0.12016023631910003
-0.11075731966874569
-0.10070525674807301
-0.08987390885447985
-0.07810155087450352
-0.06518348711408223
-0.050855198345914454
-0.0347663810026608
-0.016438816845653043
0.00480661733194368
0.029984663595292838
0.060698800010561965
0.09957439299947801
0.15078660229988905
0.22003389261982279
0.31224243349843245
0.4247468992919471
0.5363279103521659
0.5997915810174634
0.552052681622727
0.34831412082466306
0.0027328897207806457
-0.4006314849357986
-0.7462127160396688
-0.9499512768377143
-0.9976901762324306
-0.9342265055671166
-0.8226454945068866
-0.7101410287133652
-0.6179324878347513
-0.5486851975148168
-0.4974729882144043
-0.4585973952254886
-0.42788325881021816
-0.4027052125468694
-0.3814597783692725
-0.3631322142122649
-0.34704339686901065
-0.33271510810084315
-0.3197970443404213
-0.30802468636044517
-0.29719333846685203
-0.2871412755461794
-0.277738358895825
-0.2688780995492724
-0.2604719767818737
-0.2524452754494101
-0.24473397050996923
-0.2372823472119162
-0.23004114552011193
-0.2229660815726346
-0.2160166410111368
-0.20915506694075708
-0.20234548388203516
-0.09515193364012767
-0.09183829045459879
-0.08849934785615358
-0.0851176484378974
-0.0816748192849972
-0.07815114568531421
-0.07452507866656291
-0.07077264782721968
-0.0668667418747069
-0.06277620570237134
-0.05846468237548395
-0.0538890971480811
-0.04899763193089464
-0.04372696071362052
-0.037998387648806004
-0.0317123076492804
-0.024740006086328648
-0.016911027877014748
-0.007992687220870084
0.002345386867535368
0.014596486012294713
0.02953870133998837
0.04844158544291943
0.07331324156741847
0.10687213672076126
0.15142299238659862
0.2055743012516536
0.25901234566013753
0.2890259261422101
0.26541777397769595
0.16687017354794337
0.0003141822288629942
-0.19392331786593353
-0.3604793091850087
-0.4590269096147514
-0.4826350617792575
-0.4526214812971768
-0.39918343688868735
-0.34503212802362926
-0.30048127235778976
-0.26692237720444695
-0.24205072107994668
-0.22314783697701615
-0.20820562164932155
-0.19595452250456258
-0.1856164484161565
-0.17669810776001227
-0.1688691295506981
-0.16189682798774618
-0.15561074798822028
-0.14988217492340616
-0.14461150370613238
-0.13972003848894576
-0.13514445326154273
-0.13083292993465534
-0.12674239376231958
-0.1228364878098068
-0.11908405697046409
-0.11545798995171208
-0.11193431635202929
-0.10849148719912892
-0.10510978778087354
-0.1017708451824281
-0.09845720199689932
-0.03631742891723479
-0.03505248263971209
-0.033777878801167616
-0.0324869533819199
-0.031172692896778684
-0.029827571673923046
-0.028443363875475046
-0.027010919369067573
-0.025519889104174392
-0.02395838046317158
-0.02231251524783541
-0.020565851035897708
-0.018698608055465447
-0.01668661398896392
-0.014499829966154856
-0.012100236348016637
-0.009438703096465426
-0.0064501702323752665
-0.003045836235407516
0.0009003200024818095
0.005576167459718645
0.011276846991974364
0.018480173573362926
0.027932696543110824
0.04062610445685215
0.0573623461732979
0.0775309873185221
0.09720570960641457
0.10793147781322654
0.09860282179839233
0.06148654595999878
-0.0007368515971068815
-0.07315975558546522
-0.13538315314256943
-0.17249942898095982
-0.18182808499579037
-0.17110231678897647
-0.1514275945010819
-0.1312589533558562
-0.11452271163940977
-0.10182930372566819
-0.09237678075592007
-0.08517345417453134
-0.07947277464227516
-0.07479692718503862
-0.07085077094714916
-0.06744643695018168
-0.06445790408609131
-0.06179637083454011
-0.059396777216401714
-0.05720999319359288
-0.05519799912709178
-0.053330756146659525
-0.051584091934721514
-0.04993822671938553
-0.04837671807838221
-0.046885687813489035
-0.04545324330708203
-0.04406903550863342
-0.04272391428577776
-0.04140965380063667
-0.040118728381389565
-0.03884412454284479
-0.03757917826532221
-0.008944222553588833
-0.008632521491278137
-0.008318440888929489
-0.00800033879735577
-0.007676487174983555
-0.007345031801917143
-0.007003945972909192
-0.0066509752871082945
-0.006283570001635939
-0.0058988001397791414
-0.005493246622053697
-0.00506285875260017
-0.004602763818382375
-0.004107007240175733
-0.0035681896191985954
-0.002976946199934552
-0.002321176508352547
-0.0015848589921333483
-0.0007461359646832554
0.00022595625111366657
0.0013773102280837113
0.0027789625834031793
0.004542593441633845
0.006834463021133558
0.00985835110178428
0.013743443722654403
0.018269930797273626
0.022480351525162756
0.024480474256694792
0.021904693837988577
0.013202561932503123
-0.0009354896059191277
-0.01726386886686031
-0.03140192040528289
-0.04010405231076765
-0.04267983272947318
-0.04067970999794121
-0.03646928927005118
-0.0319428021954319
-0.02805770957456114
-0.025033821493910598
-0.02274195191441071
-0.02097832105617988
-0.01957666870085993
-0.01842531472389021
-0.01745322250809291
-0.016614499480643335
-0.015878181964424358
-0.015222412272842115
-0.014631168853578142
-0.014092351232600983
-0.013596594654394771
-0.013136499720176956
-0.012706111850723019
-0.012300558332997771
-0.011915788471140568
-0.011548383185668157
-0.011195412499867647
-0.010854326670859275
-0.010522871297792776
-0.010199019675420713
-0.009880917583847772
-0.009566836981498562
-0.00925513591918787
0.0008958377103712824
0.0008648171811747276
0.000833559555917344
0.0008019012214696957
0.0007696699699940437
0.0007366809956575252
0.0007027322684802778
0.0006675990164791083
0.0006310269617145444
0.0005927238274283016
0.0005523484398213462
0.0005094964520124367
0.00046368125584115975
0.00041430790719133924
0.00036063666500834343
0.00030173062297308897
0.00023637798044751394
0.00016297125021493865
7.930469317897015e-05
-1.7812471254270387e-05
-0.00013342717610573273
-0.00027661463168843117
-0.00046565258673581
-0.0007379642567212243
-0.0011616324607254037
-0.0018300101741629891
-0.002802719060249772
-0.003972386803453772
-0.004927646929766083
-0.004996664888830297
-0.0036076173915892433
-0.0007942953528882592
0.002616912818151112
0.005430234856851579
0.006819282354092857
0.0067502643950273795
0.0057950042687142525
0.00462533652551068
0.0036526276394237434
0.0029842499259866307
0.0025605817219823334
0.0022882700519970146
0.002099232096949876
0.001956044641367589
0.0018404299365153214
0.0017433127720824946
0.0016596462150465445
0.0015862394848138314
0.0015208868422882343
0.0014619808002526386
0.0014083095580699999
0.0013589362094195052
0.0013131210132482315
0.0012702690254398107
0.0012298936378324502
0.001191590503546561
0.001155018448782154
0.0011198851967807533
0.001085936469603839
0.0010529474952675401
0.0010207162437916415
0.00098905790934333
0.000957800284086475
0.0009267797548897404
0.003254399543444989
0.0031411952043415405
0.003027126348737657
0.0029115964249229955
0.002793977584740515
0.0026735961098893627
0.0025497155747494244
0.0024215167695405865
0.0022880730976599824
0.0021483196959841237
0.002001013826171902
0.001844683014572491
0.0016775557495708206
0.0014974668744786113
0.0013017253973708369
0.0010869248229974189
0.0008486622086501874
0.0005811045970855119
0.00027628065334263634
-7.717227984334373e-05
-0.0004964327457619585
-0.001009430922909514
-0.0016643272464805393
-0.002543637512802594
-0.0037720238333049314
-0.00548166482143612
-0.007679000248805502
-0.010003394342198737
-0.011530753952449232
-0.010939678688259246
-0.007224924621188003
-0.0006003576099133622
0.007222074856972835
0.013846641868246988
0.017561395935318084
0.018152471199506755
0.01662511158925654
0.01430071749586282
0.01210338206849307
0.01039374108036227
0.009165354759859955
0.008286044493537852
0.007631148169967161
0.007118149992819705
0.0066988895269004915
0.006345436593714931
0.0060406126499718705
0.005773055038406779
0.005534792424060034
0.0053199918496859445
0.005124250372578845
0.004944161497486135
0.004777034232484392
0.004620703420885391
0.004473397551072915
0.004333644149397277
0.004200200477516929
0.004072001672307634
0.003948121137167745
0.003827739662316881
0.0037101208221342586
0.003594590898319254
0.0034805220427158415
0.003367317703612255
0.00321836453795213
0.0031063810135904
0.002993542339369419
0.0028792584285074916
0.002762908239384318
0.002643825361142818
0.002521281360792573
0.002394465926449574
0.0022624625348512664
0.002124217911459021
0.00197850285861639
0.0018238609689259317
0.0016585400912286514
0.0014803987763990969
0.0012867755643717867
0.0010743014470625334
0.0008386221155891917
0.0005739695064629594
0.00027246298003184974
-7.712022633800126e-05
-0.0004916961591765454
-0.0009985688994314083
-0.0016442158994631915
-0.0025068668110083516
-0.0037020555509079353
-0.005347418221826395
-0.007436031716759717
-0.009613091360135755
-0.011000755770224049
-0.010362980785923714
-0.006773418001684229
-0.00044934351136438535
0.006997773033163323
0.013321847523482547
0.016911410307722367
0.017549185292021235
0.01616152088193269
0.013984461238556676
0.011895847743623273
0.010250485072705165
0.009055296332805447
0.008192645421260405
0.007546998421228893
0.007040125680974119
0.006625549748134626
0.0062759665417652846
0.005974460015334309
0.005709807406207978
0.00547412807473465
0.005261653957424934
0.005068030745398317
0.004889889430568315
0.004724568552870912
0.004569926663180808
0.00442421161033782
0.0042859669869455275
0.004153963595347414
0.004027148161004386
0.0039046041606540494
0.0037855212824128787
0.0036691710932895997
0.003554887182427327
0.0034420485082066574
0.0033300649838447025
0.0027022831327423126
0.0026082500953958404
0.0025134989939754474
0.0024175343365608407
0.00231983463915793
0.0022198403223034286
0.0021169397281062476
0.002010452447170503
0.0018996088874929252
0.0017835246313647373
0.0016611675445869238
0.0015313147137663609
0.0013924949023371666
0.0012429099993424824
0.0010803252697026717
0.0009019118959496522
0.0007040137809234308
0.0004817878624672526
0.0002286176983653473
-6.49169701730074e-05
-0.0004130048476502584
-0.0008385069543359359
-0.001380213107091557
-0.002103120138731111
-0.0031026548569278462
-0.004474922678499769
-0.006211401925235472
-0.008014560920671304
-0.009154672400891965
-0.008608318638427637
-0.00561150860907304
-0.00034785117296156536
0.0058462127765155445
0.011109870212626726
0.014106680241980436
0.014653034004444974
0.013512922524224525
0.011709763528788558
0.00997328428205225
0.008601016460480363
0.007601481742284173
0.006878574710644576
0.006336868557889144
0.005911366451203236
0.005563278573725537
0.005269743905187546
0.005016573741085521
0.0047943478226292425
0.004596449707603275
0.004418036333849842
0.004255451604210766
0.004105866701215826
0.00396704688978639
0.003837194058966027
0.0037148369721880983
0.0035987527160598184
0.0034879091563823628
0.0033814218754463932
0.003278521281249101
0.003178526964394704
0.0030808272669916818
0.0029848626095770473
0.0028901115081567054
0.0027960784708100424
0.00222610898284929
0.002148644353575007
0.0020705881836855047
0.0019915322874087087
0.0019110470668504383
0.0018286715412990716
0.0017439018281681321
0.0016561774078601372
0.0015648642928241965
0.0014692339030592722
0.001368435971106691
0.001261463067622138
0.0011471031976054565
0.0010238750914077761
0.000889937795320326
0.0007429609615394544
0.0005799327480242146
0.00039686353043126305
0.00018830289938440116
-5.350878008022965e-05
-0.00034025679404137274
-0.000690760075629451
-0.0011369240416380694
-0.0017321490403038038
-0.0025547190086148298
-0.003683253974939009
-0.005110178008676221
-0.0065904725724154345
-0.00752451936600961
-0.007072214887173932
-0.004607036040374957
-0.00028047310719665503
0.004809959885685892
0.00913652281886401
0.011601701665662885
0.01205400614449807
0.011119959350904199
0.009639664787164593
0.008212740753427162
0.0070842057871031705
0.0062616358187924095
0.005666410820126667
0.005220246854118149
0.004869743572529956
0.004582995558568038
0.004341183879103538
0.00413262324805716
0.003949554030464009
0.003786525816949071
0.003639548983168029
0.0035056116870811516
0.003382383580883225
0.003268023710866332
0.0031610508073818605
0.003060252875429056
0.0029646224856639466
0.002873309370628149
0.00278558495031995
0.002700815237188992
0.002618439711637662
0.0025379544910795124
0.0024588985948025607
0.0023808424249129076
0.0023033777956385035
0.0018641621126615421
0.0017992924026950248
0.0017339273309610569
0.0016677250788152704
0.0016003258969384873
0.001531343755801669
0.001460356699527419
0.001386895343997277
0.0013104287825163026
0.0012303468960440512
0.001145937663700277
0.001056357456330677
0.0009605913404301615
0.0008573988906803182
0.0007452384810086208
0.0006221586654768566
0.0004856373142599292
0.00033233350507385294
0.0001576830722985383
-4.4811796808136685e-05
-0.0002849357865295839
-0.0005784454031308882
-0.0009520495080944588
-0.0014504404753329376
-0.00213911668892508
-0.003083820634197138
-0.004278114984795655
-0.0055168384545982874
-0.006298131693844966
-0.0059189964454440976
-0.0038552608243169048
-0.00023381957760676897
0.004026849534298386
0.0076482907810090615
0.009712026402135476
0.010091161650536404
0.00930986841128996
0.008071144941486943
0.006876850590888204
0.0059321466456165334
0.005243470432024175
0.004745079464785705
0.004371475359822211
0.004077965743220553
0.003837841753498747
0.0036353468843920485
0.003460696451616988
0.0033073926424309463
0.0031708712912144068
0.003047791475682373
0.002935631066011266
0.002832438616261178
0.002736672500360697
0.0026470922929911467
0.0025626830606472716
0.002482601174174817
0.0024061346126940187
0.0023326732571634584
0.002261686200889117
0.0021927040597521496
0.002125304877875399
0.0020591026257298583
0.0019937375539954014
0.0019288678440288567
0.0015943625733562618
0.001538881441833085
0.0014829766424192957
0.0014263558280091621
0.0013687113159516879
0.00130971294695558
0.0012489998350527938
0.0011861705303952562
0.0011207709648224516
0.0010522793223739755
0.000980086633708245
0.0009034713691705003
0.000821565488070139
0.0007333080939899391
0.0006373806835608157
0.000532114248409104
0.0004153516941135943
0.0002842356427517562
0.00013486252429351499
-3.832499113139891e-05
-0.00024369529971261144
-0.000494724013335889
-0.0008142531084655599
-0.001240503351792836
-0.001829486907025187
-0.00263742143742666
-0.0036587930728783223
-0.00471813868334711
-0.0053862638020789584
-0.005061968698557165
-0.0032969923240329085
-0.00019986440714063968
0.003443930439455631
0.006541058356348076
0.008306034730871959
0.008630329834393408
0.00796220471566188
0.006902859105193074
0.005881487469741051
0.005073552939340026
0.004484569384107307
0.004058319140779768
0.003738790045650266
0.0034877613320269153
0.0032823910234452683
0.003109203508019926
0.0029598303895623347
0.00282871433820047
0.002711951783905487
0.0026066853487535964
0.0025107579383248767
0.002422500544244639
0.0023405946631441174
0.0022639793986064267
0.0021917867099405545
0.0021232950674919164
0.0020578955019192003
0.001995066197261239
0.0019343530853585603
0.0018753547163623604
0.0018177102043049785
0.0017610893898948646
0.001705184590480585
0.0016497034589574022
0.0013891356187271744
0.0013407960642761378
0.0012920873769629926
0.0012427548409502962
0.0011925303788737442
0.0011411263299622857
0.0010882282619618265
0.001033486400198981
0.0009765051248212395
0.0009168297888149205
0.0008539298103609374
0.0007871765363571821
0.0007158136619399953
0.0006389168514466259
0.0005553373222226101
0.00046362090483049404
0.00036188817217952486
0.00024764955753801983
0.00011750397424398684
-3.339053943680046e-05
-0.00021232514558407667
-0.0004310407802810021
-0.0007094390830574154
-0.0010808210655908932
-0.001593989625704551
-0.002297927950097891
-0.003187834974994741
-0.004110835327264993
-0.00469297763258648
-0.004410438736825718
-0.0028726458592226826
-0.00017415549373171312
0.0030006440923353948
0.005699134457826766
0.007236927335429041
0.007519466231191138
0.006937323925869031
0.006014323573598399
0.005124416548700584
0.004420478224308287
0.003907309664194473
0.00353592768166054
0.003257529378884516
0.0030388137441869846
0.002859879138039848
0.0027089846243585087
0.002578839041065028
0.00246460042642348
0.0023628676937729747
0.0022711512763807003
0.0021875717471570087
0.0021106749366635452
0.0020393120622465375
0.0019725587882428535
0.0019096588097888161
0.001849983473782172
0.0017930021984047593
0.0017382603366415197
0.001685362268641068
0.0016339582197293305
0.0015837337576529043
0.0015344012216402946
0.0014856925343266737
0.0014373529798755312
0.001229211782693161
0.0011864373240593937
0.0011433362291100022
0.0010996831062570769
0.001055240740643789
0.0010097545885592151
0.0009629464168993909
0.0009145067189669659
0.000864085420852933
0.0008112802170476343
0.0007556216093107983
0.0006965533186916815
0.0006334061105537901
0.0005653620642539734
0.000491404651996595
0.00041024711745221384
0.00032022640541927894
0.0002191395651399532
0.00010397706797460652
-2.9545602763907542e-05
-0.00018788019026148937
-0.00038141592969117037
-0.0006277633225275412
-0.0009563899320932732
-0.001410481326567529
-0.0020333838629600547
-0.0028208523061958057
-0.0036376121659094825
-0.004152758045362176
-0.003902759163104263
-0.002541993709778345
-0.0001541298291437988
0.0026552197274067983
0.005043083608042169
0.006403849061367347
0.006653847943626216
0.006138702064173042
0.005321942204458552
0.004534473761222964
0.003911571224830423
0.003457479830356034
0.0031288532207901405
0.0028825058279540756
0.002688970088523993
0.00253063550102616
0.00239711283028729
0.00228195033312228
0.0021808634928430146
0.002090842780810632
0.0020096852462659267
0.0019357278340084798
0.0018676837877090826
0.0018045365795711199
0.0017454682889522486
0.0016898096812155126
0.0016370044774099675
0.0015865831792962483
0.0015381434813634847
0.001491335309703691
0.0014458491576191798
0.0014014067920056388
0.0013577536691531025
0.0013146525742028872
0.0012718781155690003
0.0011020622005912055
0.0010637123417771388
0.001025069634042764
0.0009859320004005274
0.000946086763602701
0.0009053057100557819
0.0008633393872227236
0.0008199103039377226
0.0007747045981309828
0.0007273615790140817
0.000677460313549816
0.000624502064675964
0.0005678868239103842
0.0005068812770316872
0.0004405740468714929
0.0003678114806063028
0.000287102551614745
0.0001964721857636119
9.322216576647824e-05
-2.6488824687616232e-05
-0.00016844514435664017
-0.00034196135065567583
-0.0005628263499658428
-0.0008574598332207927
-0.0012645810666712758
-0.0018230543684199286
-0.0025290758463105186
-0.003261364541423631
-0.0037232401219478516
-0.003499110222019722
-0.002279094322583674
-0.00013820416936841877
0.00238058148818077
0.004521471641395681
0.005741487540830722
0.005965617440760606
0.0055037418602356235
0.004771453165122772
0.0040654316872313296
0.003506958385483195
0.0030998371520328245
0.0028052036687776396
0.0025843386694672523
0.0024108224631680464
0.0022688661434992824
0.0021491551530443197
0.00204590513304758
0.0019552747671968155
0.001874565838205374
0.0018018032719399305
0.0017354960417799137
0.0016744904949013355
0.0016178752541359618
0.0015649170052624386
0.0015150157397979744
0.0014676727206812078
0.0014224670148748077
0.001379037931589541
0.0013370716087563925
0.0012962905552094618
0.001256445318411451
0.0012173076847697656
0.001178664977034538
0.0011403151182203491
0.0009993676361555726
0.0009645913795466223
0.0009295495629613431
0.000894058939831357
0.0008579266511101061
0.0008209457491528177
0.0007828900265155007
0.0007435078498953523
0.0007025146042977878
0.0006595832097324924
0.0006143319576213468
0.000566308585519799
0.0005149689965338781
0.0004596482101305061
0.0003995197756546181
0.000333537543329436
0.0002603494279394651
0.0001781644031405166
8.453568645764729e-05
-2.4020082044683578e-05
-0.00015274823993991664
-0.0003100953660589691
-0.0005103791181490117
-0.0007775574727400611
-0.0011467422534101063
-0.0016531774494760647
-0.002293415191717255
-0.0029574764868086746
-0.0033763241973673967
-0.0031730860377887794
-0.0020667504793280655
-0.00012533813002474012
0.002158761751163661
0.004100174100467268
0.00520650965892735
0.005409747818506977
0.004990900107948117
0.0043268388128556825
0.003686601070614794
0.0031801658745485867
0.002810981093878825
0.0025438027392873357
0.002343518987197951
0.0021861718610783707
0.002057443703182922
0.0019488879346802272
0.0018552592179977537
0.001773074193198799
0.001699886077809073
0.0016339038454834937
0.0015737754110074988
0.0015184546246047492
0.0014671150356188024
0.0014190916635175431
0.0013738404114064214
0.0013309090168410367
0.0012899157712437624
0.001250533594623444
0.0012124778719860537
0.0011754969700289947
0.001139364681307421
0.0011038740581781619
0.0010688322415921207
0.0010340559849828796
0.000915403505444968
0.0008835490611110029
0.0008514513685016229
0.0008189425769794688
0.0007858460310470741
0.0007519721703019953
0.000717113792707438
0.0006810404065922678
0.000643491309644605
0.000604166902373625
0.0005627175464808149
0.0005187289775918838
0.00047170281263070194
0.0004210299412947025
0.0003659533495849759
0.00030551478313122426
0.0002384757563570366
0.0001631957218384821
7.74334720474567e-05
-2.2001685417069898e-05
-0.00013991438092238737
-0.00028404152702881
-0.00046749786906057924
-0.0007122286288250705
-0.0010503960455301642
-0.0015142838760350246
-0.0021007350611141045
-0.002709011118007894
-0.0030926767439867324
-0.0029065187427401726
-0.001893130400143613
-0.0001148165194696201
0.001977397452709532
0.0037557113333833705
0.004769099675979738
0.004955257677227444
0.004571592051247903
0.003963315994353528
0.003376864809274188
0.00291297697877006
0.0025748095620649115
0.002330078802299739
0.0021466224602684743
0.002002495314161704
0.0018845826186564636
0.0017851474611915179
0.0016993852114008715
0.0016241051768820943
0.0015570661501080672
0.0014966275836540387
0.0014415509919444174
0.0013908781206086623
0.0013438519556478808
0.0012998633867590914
0.001258414030866069
0.0012190896235952054
0.00118154052664783
0.0011454671405326782
0.0011106087629380568
0.0010767349021928961
0.001043638356260535
0.0010111295647388437
0.0009790318721291508
0.0009471774277947332
0.0008461049179645702
0.0008166619483376595
0.0007869941450647046
0.0007569463643085665
0.0007263553239295388
0.0006950458138235879
0.0006628263177818729
0.000629483793060374
0.0005947772733179073
0.0005584298396777398
0.0005201183225583221
0.00047945981871116245
0.0004359936742573321
0.00038915689052307866
0.00033824976197072967
0.0002823865773175563
0.00022042260863412515
0.00015084150382502074
7.157172321605398e-05
-2.033587747265163e-05
-0.0001293221985658574
-0.0002625384410030393
-0.0004321065407521449
-0.000658310500945405
-0.0009708780978553066
-0.0013996497648741941
-0.001941708279640846
-0.0025039416225094576
-0.00285856889621042
-0.0026865070220017107
-0.0017498319733125955
-0.00010613123841864375
0.0018277096177476773
0.003471410352641093
0.004408085401330096
0.0045801472755392595
0.0042255200018382465
0.0036632866589695664
0.0031212281442029397
0.002692456477184315
0.002379888880274266
0.0021536849200805503
0.0019841168203319644
0.0018509005778943274
0.0017419142568011509
0.0016500066561119233
0.0015707368755034103
0.0015011557706941774
0.0014391918020108712
0.0013833286173573246
0.0013324214888050764
0.0012855847050711798
0.0012421185606174417
0.0012014600567704255
0.0011631485396509122
0.0011268011060111467
0.0010920945862688538
0.0010587520615472487
0.0010265325655055228
0.0009952230553995503
0.0009646320150203643
0.0009345842342649523
0.0009049164309916679
0.0008754734613642675
0.0007885117359805514
0.0007610729118903525
0.0007334245583113625
0.0007054220918632484
0.0006769133448276792
0.0006477350334467541
0.0006177086777963194
0.0005866357367065016
0.0005542916461410608
0.0005204183367813316
0.00048471463684444157
0.00044682370689575
0.00040631624928526506
0.00036266758809281143
0.0003152256460634161
0.00026316500147936664
0.00020541884708968005
0.00014057404778301515
6.670007238643695e-05
-1.895147632375888e-05
-0.00012051920808726316
-0.00024466754711621546
-0.00040269331614237137
-0.0006134998868853424
-0.000904791740700836
-0.0013043786044796993
-0.0018095424631057893
-0.00233350951499617
-0.002664002506064104
-0.002503655259426519
-0.0016307360880342097
-9.891207311899116e-05
0.0017033050090475485
0.003235129023962613
0.004108048195354579
0.004268395441992895
0.003937902450925127
0.0034139353990342543
0.002908771540408302
0.0025091846766291414
0.0022178928228139038
0.00200708625207091
0.0018490604830448862
0.0017249121440155472
0.0016233444122521275
0.0015376928635415844
0.0014638188881450024
0.001398974088838136
0.0013412279344487358
0.0012891672898642762
0.0012417253478350589
0.0011980766866428543
0.0011575692290325943
0.001119678299083798
0.001083974599146935
0.001050101289787708
0.0010177571992222286
0.000986684258132641
0.0009566579024821063
0.0009274795911009711
0.0008989708440655527
0.0008709683776178836
0.000843320024038804
0.0008158811999480047
0.0007404243166471116
0.000714658853139845
0.0006886966383426501
0.0006624019063224363
0.00063563176934174
0.0006082329015385272
0.0005800377076276157
0.0005508597545195986
0.0005204881732730184
0.0004886806329954262
0.00045515432895146366
0.0004195741836678877
0.0003815370803544317
0.00034055034064127193
0.00029600165446327573
0.000247115938812996
0.0001928914462191513
0.00013200122245001183
6.263247115126597e-05
-1.7795591537106328e-05
-0.00011316917845737885
-0.00022974628020949446
-0.0003781347900687161
-0.0005760853126538109
-0.000849612950262783
-0.0012248318303086608
-0.0016991901862049952
-0.0021912062842011893
-0.0025015477708986867
-0.0023509813238754345
-0.001531295400177411
-9.288380100111676e-05
0.001599432767621139
0.0030378443667974245
0.003857530290495071
0.004008096737519023
0.003697755250820736
0.0032057391528246748
0.002731380796928338
0.0023561619168827527
0.0020826342792734905
0.00188468375668861
0.0017362952468295797
0.0016197181450769795
0.0015243445581567285
0.0014439164954680138
0.0013745477441694104
0.0013136575204000626
0.0012594330278063708
0.0012105473121559226
0.0011659986259780373
0.0011250118862650264
0.0010869747829518905
0.0010513946376683962
0.001017868333624258
0.0009860607933471174
0.0009556892121004579
0.0009265112589927514
0.0008983160650816647
0.0008709171972779841
0.0008441470602974959
0.0008178523282777818
0.0007918901134805888
0.0007661246499728075
0.0007001814355472407
0.0006758163556949063
0.0006512652182298804
0.0006263996362670032
0.0006010844881959109
0.0005751747816081351
0.0005485120302336427
0.0005209199338593522
0.000492199084541176
0.00046212032238485227
0.00043041621346337803
0.0003967698922092578
0.0003608001517731482
0.00032204109153200606
0.00027991368133228184
0.0002336849650466543
0.00018240764167589318
0.00012482687902818062
5.9228409251523115e-05
-1.682828129783516e-05
-0.00010701818266567757
-0.00021725915404796734
-0.00035758254399716866
-0.0005447742356361792
-0.0008034355220001772
-0.001158261493666732
-0.0016068394581052066
-0.0020721164321800423
-0.002365593344071228
-0.002223211924212636
-0.0014480754623515408
-8.783849553591679e-05
0.0015125048562073817
0.0028727418230226065
0.0036478782848841647
0.0037902597047434015
0.003496782792851684
0.0030315058187762823
0.002582927854338131
0.0022281018826719504
0.0019694405963072365
0.0017822489046689723
0.001641925514719592
0.0015316845433369192
0.001441494641969272
0.001365437951419535
0.0012998394816428538
0.001242258718994904
0.0011909813956244527
0.0011447526793386391
0.001102625269139105
0.0010638662088979524
0.0010278964684623522
0.0009942501472079016
0.0009625460382864287
0.0009324672761305689
0.0009037464268120749
0.0008761543304382521
0.0008494915790637498
0.0008235818724753913
0.0007982667244046563
0.0007734011424421422
0.0007488500049770666
0.0007244849251243394
0.0006665124293388878
0.0006433189732894541
0.0006199484064367544
0.0005962785155372382
0.0005721806764701863
0.0005475168689672736
0.0005221362277685451
0.0004958709302775844
0.00046853115733389895
0.00043989876848843845
0.00040971918971917886
0.00037769079235105583
0.00034345070036969705
0.0003065554166067991
0.0002664537543639944
0.00022244800273320741
0.00017363641304734038
0.00011882449360108493
5.638040982583654e-05
-1.6018995714302373e-05
-0.00010187199483752433
-0.00020681187775105695
-0.0003403876291432008
-0.0005185779984535568
-0.0007648014085744085
-0.0011025656912992373
-0.001529574472529291
-0.001972480048892007
-0.0022518470231924948
-0.002116313412660245
-0.0013784491702646675
-8.361707094981267e-05
0.0014397767570457332
0.002734608856360744
0.0034724730987559824
0.003608006709288971
0.003328639734987664
0.002885734158625042
0.002458725377395282
0.00212096109467097
0.0018747376845494163
0.0016965473152394564
0.0015629715638473787
0.0014580316809331953
0.001372178681810393
0.0012997792762698408
0.0012373351924944273
0.0011825232730482552
0.001133711683362524
0.0010897059317316023
0.0010496042694889203
0.0010127089857260435
0.0009784688937450573
0.0009464404963770264
0.0009162609176075502
0.000887628528762687
0.0008602887558187004
0.0008340234583282047
0.0008086428171292666
0.0007839790096257381
0.0007598811705591311
0.0007362112796598143
0.0007128407128068915
0.0006896472567572583
0.0006384362057231996
0.0006162197540666493
0.0005938336522531876
0.0005711608351722122
0.0005480780968886972
0.0005244532311252052
0.0005001417276989266
0.0004749828334055698
0.0004487947250653621
0.0004213684512245471
0.00039246016159267465
0.0003617809333731797
0.00032898317642993195
0.0002936420755882662
0.00025522966249597853
0.0002130776168387964
0.00016632217552552304
0.00011381916409623413
5.400548814610902e-05
-1.5344147792480762e-05
-9.7580652288156e-05
-0.00019810001669451674
-0.00032604898723497574
-0.0004967332503132971
-0.0007325848367246096
-0.0010561215162362505
-0.0014651438859707843
-0.0018893940271560038
-0.002156994687268766
-0.0020271712868124283
-0.001320388040677416
-8.009666822932863e-05
0.0013791293723837941
0.00261942074483207
0.0033262039909670586
0.0034560273914235797
0.003188426731311093
0.0027641765901248636
0.0023551542203911883
0.0020316175408793785
0.0017957659544678567
0.0016250816913900915
0.0014971327208494055
0.0013966133564425284
0.0013143768519472778
0.0012450272160082444
0.0011852135400580019
0.0011327105286287342
0.001085955087315603
0.0010438030416582054
0.0010053906285661122
0.0009700495277244537
0.0009372517707816407
0.0009065725425617399
0.0008776642529300527
0.0008502379790894499
0.0008240498707492159
0.0007988909764563878
0.0007745794730297634
0.0007509546072660252
0.0007278718689826377
0.00070519905190188
0.0006828129500882657
0.0006605964984315205
0.0006151908241829348
0.0005937832718072521
0.000572212246228867
0.0005503649446723464
0.0005281226471251235
0.000505357960935333
0.00048193163753041404
0.0004576887767254023
0.0004324541755178591
0.00040602649037253195
0.00037817074958640417
0.0003486085500410836
0.00031700495736291514
0.00028295062390777003
0.0002459368046753106
0.0002053195129375957
0.00016026643530053482
0.00010967505685144244
5.203919575715911e-05
-1.4785419855581198e-05
-9.402769100128289e-05
-0.00019088714033864418
-0.00031417748517664095
-0.0004786471552651755
-0.0007059115032289469
-0.0010176685752088391
-0.0014117992372207763
-0.0018206037158034873
-0.0020784624655852983
-0.001953366695766795
-0.0012723166598393246
-7.718185479846623e-05
0.0013289169413359262
0.002524051746377068
0.00320510178230414
0.0033301975521233245
0.003072338802340582
0.0026635343237582623
0.0022694036617463787
0.0019576465897671084
0.001730382241802774
0.0015659125717147958
0.0014426222268766136
0.0013457627775386755
0.0012665205063936463
0.001199695890780286
0.0011420600296858131
0.0010914686512371575
0.0010464155736000682
0.0010057982818622627
0.0009687844626297675
0.0009347301291747412
0.0009031265364967773
0.000873564336951521
0.000845708596165279
0.0008192809110202503
0.0007940463098127751
0.0007698034490080023
0.0007463771256027892
0.0007236124394127639
0.0007013701418658073
0.0006795228403094012
0.0006579518147306504
0.0006365442623549643
0.0005961835884397001
0.0005754374550973343
0.0005545328993106159
0.0005333606035208911
0.0005118055157554951
0.0004897441793562656
0.00046704164805324417
0.0004435478075451827
0.0004190928680012762
0.0003934817067127947
0.00036648661179875186
0.0003378377818490173
0.0003072106308226694
0.00027420845853203684
0.00023833823848108275
0.00019897588097118077
0.00015531478831996663
0.00010628650969006297
5.043139937117955e-05
-1.432856335610046e-05
-9.112251670549438e-05
-0.00018498933529816216
-0.00030447042586245407
-0.00046385856036434216
-0.0006841013074750216
-0.0009862264345291715
-0.0013681804301333845
-0.001764355255970407
-0.0020142481754259643
-0.0018930180375390823
-0.001233009521409862
-7.479838487675693e-05
0.0012878592528365877
0.0024460703893697537
0.003106078905499371
0.0032273090433859878
0.002977416123930185
0.0025812412980929754
0.00219928730248891
0.001897162175435325
0.0016769194283242522
0.0015175312938234603
0.0013980502032585871
0.0013041833846655518
0.0012273894313166948
0.001162629468588563
0.0011067743582697444
0.0010577460796401498
0.0010140849869890605
0.0009747226294788981
0.000938852409427864
0.0009058502371372361
0.0008752230861112741
0.0008465742561612711
0.0008195791612472529
0.0007939679999588241
0.000769513060415297
0.0007460192199073277
0.0007233166886041182
0.0007012553522049456
0.0006797002644395681
0.0006585279686500671
0.000637623412862876
0.0006168772795206248
0.0005809552615815932
0.0005607390477161829
0.0005403684580014736
0.0005197369671850916
0.0004987324620742816
0.0004772346394736555
0.0004551120000561388
0.00043221826390149566
0.0004083879781345161
0.00038343100408313725
0.00035712544633162473
0.0003292083950341794
0.0002993635550858858
0.00026720435925801315
0.00023225037449299042
0.00019389345230433162
0.00015134759806433983
0.00010357165257614677
4.914325419000826e-05
-1.396253836610014e-05
-8.87949348239382e-05
-0.00018026410093414377
-0.0002966932719453265
-0.00045201015244454145
-0.0006666272893824211
-0.0009610354265388139
-0.001333233620996546
-0.0017192897003993762
-0.0019628004551529134
-0.0018446673761002797
-0.0012015170529232296
-7.288872396150415e-05
0.001254964358264582
0.0023835926872265685
0.0030267430104030917
0.0031448760894561
0.002901365334702125
0.0025153092552995734
0.002143111060842021
0.0018487029236857527
0.0016340857867475477
0.0014787689062493064
0.0013623397352373495
0.0012708705691272227
0.0011960381726700455
0.001132932380113064
0.001078503981726688
0.0010307280362391643
0.0009881821819990345
0.0009498252598100878
0.0009148712750450716
0.0008827120792170651
0.0008528672392691189
0.0008249501879716717
0.0007986446302201526
0.000773687656168571
0.0007498573704021619
0.0007269636342474519
0.0007048409948296614
0.0006833431722292479
0.0006623386671186254
0.0006417071763023507
0.0006213365865871401
0.0006011203727218238
0.0005691542522358029
0.0005493486930907653
0.0005293918939564285
0.0005091794934443277
0.0004886016557341187
0.00046754052136813607
0.000445867262185654
0.00042343856967420586
0.0004000923518297597
0.0003756423322990147
0.0003498711230658157
0.00032252115481856594
0.00029328255741262047
0.00026177661603255
0.0002275326567535141
0.00018995488453628356
0.00014827327083935998
0.00010146780578856602
4.814502055744993e-05
-1.367889286496679e-05
-8.699120462463605e-05
-0.00017660233910713234
-0.0002906664621174591
-0.0004428283731416691
-0.0006530860088093452
-0.0009415139494645686
-0.0013061519849988956
-0.0016843666337870533
-0.0019229315732350461
-0.0018071985042841783
-0.0011771122518347459
-7.140881945230768e-05
0.0012294728184011911
0.002335176250783805
0.002965262503233601
0.0030809955721838294
0.002842430632735768
0.002464215983947878
0.002099577948413437
0.0018111500077584225
0.0016008923720908447
0.0014487304610672916
0.0013346663380562813
0.0012450552035737047
0.0011717428918146973
0.0011099189783916276
0.0010565961931602254
0.0010097907281099432
0.0009681091144129943
0.0009305313421956816
0.0008962873829163186
0.0008647814415362642
0.0008355428441303758
0.0008081928758831273
0.0007824216666498944
0.0007579716471188446
0.0007346254292750858
0.0007121967367633961
0.0006905234775808986
0.0006694623432150304
0.0006488845055050457
0.0006286721049929905
0.0006087153058582497
0.0005889097467132891
0.0005605180282486878
0.00054101299475146
0.0005213590161523883
0.0005014533146232691
0.0004811877209723269
0.00046044616411932153
0.00043910177071919887
0.00041701340679693515
0.000394021439903544
0.00036994242021081737
0.0003445622583107348
0.00031762729320524276
0.00028883235666842666
0.00025780448044383547
0.0002240801325408073
0.00018707255842902827
0.00014602341387742285
9.992816652222726e-05
4.74144918991557e-05
-1.3471315838510056e-05
-8.567119817796612e-05
-0.00017392258671791142
-0.0002862559186906818
-0.0004361089574648737
-0.0006431762183088936
-0.0009272277226022029
-0.0012863330668756877
-0.0016588091775521566
-0.0018937546482188812
-0.0017797779463689484
-0.001159252261394007
-7.032577493087445e-05
0.0012108175599297609
0.002299744046392861
0.002920269731367481
0.003034246433217793
0.002799300962550998
0.0024268248518743846
0.002067719507601218
0.0017836680033075816
0.0015766007424637823
0.0014267477036903824
0.0013144143717170181
0.0012261629831770964
0.0011539631008383796
0.0010930772931001254
0.0010405636184768353
0.0009944683711220566
0.0009534192265702483
0.0009164116524582396
0.0008826873045552015
0.0008516594283301876
0.0008228644917936812
0.0007959295266882272
0.0007705493647880276
0.0007464703450948433
0.0007234783782020747
0.0007013900142795201
0.0006800456208794642
0.0006593040640266753
0.0006390384703759929
0.0006191327688472019
0.0005994787902475036
0.0005799737567502967
0.0005548599281380705
0.0005355517867254253
0.0005160962037271231
0.0004963914387987951
0.0004763304146551717
0.00045579823188803876
0.000434669297866744
0.0004128039032840888
0.0003900440270911262
0.00036620807128219307
0.00034108410756263666
0.00031442103550110857
0.0002859167673755436
0.00025520209983909446
0.00022181818000365736
0.00018518417630853078
0.00014454939960353565
9.891945775372083e-05
4.693587921109218e-05
-1.3335320171173597e-05
-8.480638440870462e-05
-0.00017216692322541015
-0.0002833663119430419
-0.00043170667222094136
-0.0006366837296690602
-0.0009178679702396139
-0.0012733485174212299
-0.001642064965671946
-0.0018746391003319081
-0.001761813093592103
-0.001147551104775134
-6.961619957352431e-05
0.0011985953899732499
0.0022765302951738738
0.0028907922839917664
0.0030036182907312295
0.0027710441560710886
0.0024023277078202565
0.002046847160639264
0.001765662920068058
0.0015606858626205859
0.00141234550234282
0.0013011461136247411
0.0012137855748085846
0.0011423145105711027
0.00108204331118861
0.0010300597326460823
0.0009844297907964934
0.0009437950140911626
0.000907161010395947
0.0008737770905601881
0.000843062423023546
0.0008145581548981741
0.0007878950828364617
0.0007627711191166996
0.0007389351633072957
0.0007161752871149251
0.0006943098925320863
0.0006731809585110126
0.0006526487757441858
0.0006325877516006697
0.0006128829866727325
0.0005934274036739177
0.0005741192622611231
0.0005520601534999037
0.0005328494393939444
0.0005134920276809943
0.0004938866913906492
0.00047392689354140173
0.00045349831449828184
0.000432475995362159
0.00041072093178754333
0.00038807590008800336
0.00036436021858839184
0.00033936302836799575
0.00031283449603126165
0.00028447405816822577
0.00025391437440748694
0.00022069890720139015
0.0001842497558287911
0.00014382001907138777
9.84203224409986e-05
4.669904917274783e-05
-1.3268026075447176e-05
-8.437845224115834e-05
-0.0001712981755473855
-0.00028193645977626106
-0.0004295283075146593
-0.0006334710779727034
-0.0009132365215469257
-0.0012669234238401844
-0.0016337794914876417
-0.0018651802251657774
-0.001752923610843139
-0.0011417610624777188
-6.92650806718139e-05
0.001192547540766184
0.0022650435225723283
0.002876206070936848
0.002988462685259456
0.0027570619515814485
0.0023902058839335126
0.0020365189816410056
0.001756753538066381
0.001552810767608554
0.0014052189198707978
0.0012945806356415475
0.001207660912335454
0.0011365504861700403
0.0010765834109221092
0.0010248621376534256
0.0009794624410235787
0.0009390327042657313
0.0009025835528930345
0.0008693680856867048
0.0008388084019257877
0.000810447964062699
0.0007839194317256269
0.0007589222415054445
0.0007352065600054788
0.0007125615283062164
0.0006908064647316767
0.0006697841455952173
0.0006493555665522408
0.0006293957687034384
0.0006097904324136208
0.0005904330206998869
0.0005712223065941827
