0.005796987862375301
0.006342235179217065
0.006891646115083031
0.007448093725925801
0.008014601776956898
0.008594414921295455
0.009191079776372537
0.009808541597985696
0.010451262743371985
0.01112437135371165
0.0118338520581634
0.012586795654024527
0.01339173274676251
0.01425908918506135
0.015201822373738537
0.01623633417675501
0.01738382289639332
0.018672368449818802
0.02014033141046776
0.02184232334977555
0.023860580813268993
0.026327539091118672
0.029467727352853124
0.033656968058993576
0.03944629822718951
0.047389316633805814
0.05743317916083356
0.06785377559039146
0.07443047441210061
0.07124888336631643
0.053897438301165834
0.023441787692886646
-0.012391681010552148
-0.04284733161879354
-0.060198776683961217
-0.06338036772974776
-0.056803668908038285
-0.04638307247847638
-0.03633920995143325
-0.028396191544815683
-0.02260686137661229
-0.01841762067048293
-0.015277432408731063
-0.012810474130890037
-0.010792216667384207
-0.009090224728074789
-0.00762226176742823
-0.0063337162139993144
-0.00518622749437205
-0.004151715691342584
-0.0032089825026643953
-0.00234162606436405
-0.001536688971633839
-0.000783745375779429
-7.426467132990843e-05
0.0005988439390176379
0.001241565084414224
0.0018590269060160276
0.0024556917610987043
0.003035504905435466
0.003602012956460926
0.004158460567305295
0.004707871503173482
0.005253118820006799
0.005826387302835693
0.006374399841916532
0.006926597115850467
0.007485866751279828
0.00805524784847286
0.008638001515816222
0.009237692357454553
0.009858285637530289
0.010504266344214919
0.011180788626056953
0.011893867463353226
0.012650629614426862
0.013459648947829396
0.014331404187078307
0.01527891845068737
0.016318676784989335
0.017471984999914505
0.018767065420741025
0.020242473167897655
0.021953096777826385
0.023981589862611175
0.026461059361506736
0.029617173133628893
0.033827659554985776
0.03964635001017082
0.04762965039697549
0.0577244480105116
0.06819788861701846
0.07480793679291847
0.07161020790396341
0.05417076717802504
0.02356066799423688
-0.012454520663306908
-0.043064619847090535
-0.06050406057301522
-0.0637017894619789
-0.057091741286059025
-0.046618300679537296
-0.036523503065980754
-0.028540202679202074
-0.02272151222401319
-0.018511025802667072
-0.015354912030535024
-0.012875442531630773
-0.010846949446848171
-0.009136325836920402
-0.007660918089758901
-0.006365837668929662
-0.005212529454009723
-0.004172771119693759
-0.003225256856088269
-0.0023535016168384267
-0.0015444822834415296
-0.0007877201323698733
-7.46412950788449e-05
0.0006018809867739238
0.0012478616934507242
0.0018684549735358
0.002468145815171628
0.0030508994825103044
0.003620280579700959
0.004179550215134171
0.004731747489055226
0.005279760028142115
0.005885801005286573
0.006439401817075442
0.00699723003693274
0.0075622027376435605
0.008137390010258993
0.008726086217857181
0.009331892314091952
0.00995881399833757
0.010611381993776507
0.011294803007695227
0.012015153357300152
0.01277963247506907
0.013596901660449263
0.014477546492401898
0.01543472289107586
0.016485084007093784
0.017650152914049186
0.01895843973153182
0.02044889274253014
0.022176960205635268
0.024226138588174836
0.026730892173718327
0.029919190013165196
0.0341726121690617
0.040050637190377145
0.04811534390705749
0.05831307680405623
0.06889331074881114
0.07557075491209422
0.07234041277151718
0.05472314057214212
0.02380091454523866
-0.012581513956095332
-0.04350373998296711
-0.061121012182348985
-0.06435135432293965
-0.05767391015960196
-0.04709367621485832
-0.036895943317875164
-0.02883123660119669
-0.022953211579878677
-0.018699789423971276
-0.015511491584514816
-0.013006737998974812
-0.010957559616417334
-0.009229492153317545
-0.007739039142317195
-0.006430752324836708
-0.005265683417889084
-0.004215322301857777
-0.0032581459031888913
-0.002377501071235108
-0.001560231885857034
-0.0007957527680847584
-7.540241848718373e-05
0.00060801859542816
0.0012605865908745899
0.001887508275128593
0.0024933143713584075
0.003082010578948244
0.0036571978515645724
0.004222170552283468
0.0047799987721213735
0.005333599583916665
0.005976486930300507
0.0065386173851327166
0.007105040382170895
0.00767871793924443
0.008262767450070284
0.008860534035909426
0.009475674132422857
0.010112255157144015
0.010774877640793629
0.011468828513462134
0.012200277713828242
0.012976535600345805
0.013806396922334133
0.014700610357238852
0.015672534526598975
0.01673907916657806
0.01792209897047459
0.019250543331974727
0.020763960636622128
0.022518653473433403
0.024599404799591357
0.027142750677304962
0.03038017257368291
0.034699129555424264
0.04066771968491503
0.048856680615707734
0.05921152826564353
0.06995476556330978
0.07673507901073096
0.07345495752653575
0.05556625298846367
0.024167613729867178
-0.012775349372525875
-0.0441739886310975
-0.06206269316918776
-0.06534281465336918
-0.05856250120593992
-0.04781926390826169
-0.03746441625832554
-0.029275455327531195
-0.02330686519803437
-0.018987908216298616
-0.015750486319917944
-0.013207140442205284
-0.011126389116037277
-0.00937169627922177
-0.007858278974576837
-0.00652983461308113
-0.005346814809190468
-0.004280270169206816
-0.003308345999843707
-0.0024141325649351935
-0.0015842712429463973
-0.0008080133564316175
-7.656415607100453e-05
0.0006173867166058226
0.0012800092002545225
0.001916590224985715
0.0025317303214973386
0.003129496907323283
0.0037135464181576603
0.004287223975227729
0.004853646972250083
0.005415777427096115
0.0061004051438836365
0.006674190969846753
0.007252358340867566
0.007837930690136212
0.008434090048344181
0.009044250895501984
0.009672145480932436
0.010321925557243601
0.010998287043989072
0.011706626492129816
0.012453241769821195
0.01324559481084857
0.014092662717788555
0.015005417034793115
0.015997493365705575
0.01708615205925905
0.018293700952178638
0.019649689686405625
0.021194486660712587
0.02298556186835279
0.025109456197340056
0.027705536702138114
0.031010084405911794
0.03541859175681504
0.04151093495545577
0.04986968346920406
0.060439220917399714
0.0714051942633401
0.07832607319319636
0.07497793008485656
0.0567183259147022
0.02466869076732811
-0.013040215891531388
-0.04508985103888743
-0.06334945520903112
-0.0666975983173691
-0.05977671938750047
-0.04881074604155532
-0.038241208593357584
-0.029882460079607265
-0.023790116880973152
-0.019381609530064285
-0.016077061826293287
-0.013480981321484486
-0.011357086992499507
-0.00956601178485721
-0.008021214810544547
-0.006665226076325973
-0.005457677183410396
-0.004369018489854159
-0.0033769421589396687
-0.0024641878419327705
-0.0016171199349934344
-0.0008247668939659271
-7.815161628073851e-05
0.0006301878318673224
0.0013065493186112474
0.0019563293949320147
0.002584223980355539
0.0031943848275075674
0.003790544185726264
0.004376116534990794
0.004954283905996723
0.0055280697319799645
0.006260312403078117
0.00684913862029017
0.007442461234129069
0.008043382929758792
0.008655169147097455
0.009281323868478183
0.009925677175114462
0.01059248964779338
0.011286580298282028
0.012013487135138338
0.012779673110036128
0.013592795753505726
0.014462067481463734
0.015398747431064218
0.016416828631314953
0.01753402387051695
0.01877322573347505
0.0201647584381923
0.02175004855000124
0.023588072511365153
0.025767639690618422
0.02843177032858108
0.031822938916181556
0.03634700436421059
0.04259904162327281
0.05117688810650342
0.06202346611624493
0.07327686267393704
0.08037912965810064
0.07694320899938771
0.05820498702599997
0.02531529211564295
-0.013382005093618126
-0.04627170000394799
-0.06500992197733943
-0.06844584263604322
-0.061343575651875676
-0.0500901790941773
-0.0392436010844317
-0.030665754601194646
-0.024413717342134787
-0.019889651894102543
-0.016498483306504573
-0.013834352668537202
-0.011654785489284995
-0.009816761527923861
-0.008231471416109847
-0.006839938711402285
-0.005600736848446338
-0.004483541609247542
-0.0034654604089907745
-0.002528780459390534
-0.0016595087314276629
-0.0008463860879580915
-8.020011306664708e-05
0.0006467067237979534
0.0013407973742834353
0.002007609846976027
0.002651963153604351
0.003278117874980364
0.003889904092329275
0.004490825787953491
0.005084148401779642
0.005672974619007392
0.006459900644191468
0.007067499524820806
0.007679738154067547
0.008299818135448212
0.008931109016095805
0.009577226490682664
0.01024212274929892
0.010930194206611954
0.01164641351195345
0.012396495234191795
0.01318710837399447
0.014026154595996976
0.014923140022501545
0.015889682749903718
0.016940221927495856
0.01809303505613828
0.01937174457415162
0.020807641486910347
0.022443473110923064
0.024340096164188068
0.026589151420419378
0.029338218846295547
0.032837503304365856
0.03750580257352083
0.043957161822916854
0.05280847494166406
0.06400084001890564
0.07561298205088278
0.08294164650794472
0.07939616520055498
0.060060557462843014
0.026122345364240577
-0.013808607069889081
-0.04774681916847308
-0.06708242690617111
-0.07062790821357606
-0.06329924375648799
-0.051687101724510326
-0.04049473664725019
-0.0316434235285068
-0.02519206427911845
-0.02052376500995981
-0.017024480551886254
-0.01427541312600859
-0.012026357869779557
-0.010129734816515674
-0.008493903192502572
-0.007058006279746343
-0.005779296761739957
-0.004626483633103055
-0.0035759444555017485
-0.00260940172809848
-0.001712416301589071
-0.0008733700795907776
-8.275693978809177e-05
0.0006673247824553856
0.0013835440877903128
0.002071615545115391
0.0027365118037247227
0.003382629278308462
0.004013920158973311
0.0046340001403445095
0.005246238769583115
0.005853837650230924
0.006703992151167784
0.007334549536407698
0.00796992198622453
0.008613432078849091
0.00926857668199043
0.009939108111756766
0.010629127894393577
0.011343198566096606
0.012086480671143231
0.012864904707355792
0.013685391668272902
0.01455614178857104
0.015487020386289475
0.01649008455622252
0.017580319041923996
0.018776691973989457
0.020103718383912953
0.02159387163476599
0.023291514290072188
0.025259802600130124
0.027593840080327146
0.030446783132011275
0.03407829066435843
0.03892298432487702
0.045618109239523065
0.05480386457858086
0.06641911705163477
0.07846999322934312
0.08607553314489504
0.08239606018292955
0.062329865931341044
0.02710934826554119
-0.014330327427359839
-0.049550845093136245
-0.06961703934472903
-0.07329651230667748
-0.06569097239111732
-0.053640096213392205
-0.042024843740346624
-0.032839088401279776
-0.02614396348663099
-0.02129926982611792
-0.01766776229377246
-0.014814819242080387
-0.012480781761895439
-0.010512493451835605
-0.008814850796525397
-0.007324697545679349
-0.005997671135756459
-0.004801298203694271
-0.0037110637179886795
-0.002707999548058701
-0.0017771209503312504
-0.0009063708300329253
-8.58838691197494e-05
0.0006925401670991411
0.001435822272139336
0.0021498929438474594
0.0028399127264820074
0.003510444156243769
0.004165588759400917
0.004809098852017723
0.005444471301828936
0.006075028687085196
0.006998810617418824
0.00765709772963066
0.00832041165645325
0.008992221091728606
0.009676176683441215
0.01037619576173323
0.011096560223983544
0.011842033251197185
0.012618002330853546
0.013430658763987309
0.014287227906062258
0.015196270610521125
0.016168086039075578
0.01721526151743598
0.018353440768681378
0.019602426079718127
0.02098781057386708
0.022543495689507025
0.024315794918228505
0.0263706419324592
0.02880732261807872
0.03178572870585204
0.035576937874878214
0.040634684076539085
0.04762423356767355
0.05721393361543904
0.06933995521510158
0.08192073895578314
0.08986068986374385
0.08601937668900556
0.06507076818172025
0.028301464568652054
-0.014960466429743649
-0.05172977004279873
-0.0726783785500897
-0.07651969172480205
-0.06857974081683257
-0.05599895707613421
-0.04387293547647357
-0.0342832354287058
-0.027293685937568028
-0.022235939735908157
-0.018444730566891047
-0.015466324479106763
-0.013029643793493369
-0.010974796779266226
-0.009202497550546637
-0.007646812434903231
-0.006261427940755238
-0.0050124426297177335
-0.0038742633784693333
-0.0028270879001053998
-0.001855272471548641
-0.0009462297670931718
-8.96606250154813e-05
0.0007229958081189491
0.0014989648877690729
0.002244437914985955
0.002964802377231456
0.0036648214555232497
0.004348777047246824
0.005020586482515467
0.005683900409332747
0.0063421875215575445
0.0073523569100978365
0.008043897508128003
0.008740718851409954
0.009446464855628656
0.010164970582081458
0.010900351245756989
0.011657105045090377
0.012440235774365687
0.013255403071369947
0.014109110992389665
0.015008949883755065
0.015963913052991358
0.016984819927262265
0.01808489368534226
0.019280568298805444
0.020592646375152828
0.022048013886030664
0.02368228481875271
0.02554411221962112
0.02770276044900364
0.030262530896907426
0.033391392305523335
0.03737411572576859
0.042687354477481405
0.05002997742308892
0.06010408633217681
0.07284261860633105
0.08605886152842541
0.0943998314042312
0.09036443581431547
0.06835763958393123
0.02973104310030998
-0.01571612180371118
-0.05434271828731736
-0.07634951451769427
-0.0803849101075955
-0.07204394023177575
-0.05882769730966361
-0.046089165035512046
-0.0360150561264217
-0.028672433180811363
-0.0233591944290987
-0.01937647100885701
-0.016247609600236662
-0.013687839152343555
-0.011529190922957157
-0.00966736352208749
-0.008033092589367378
-0.00657772507848786
-0.0052656470021398985
-0.004069972388674863
-0.0029698986305959118
-0.0019489917563218478
-0.0009940285870823204
-9.418969571726478e-05
0.0007595182253018534
0.0015746855223030091
0.0023578162515751236
0.003114570050909428
0.003849950714577593
0.004568456441045873
0.005274202445260539
0.005971023788534365
0.006662564386575732
0.007774933131492559
0.008506219957485442
0.009243091039359694
0.009989399726724087
0.01074920150091321
0.011526848098796236
0.012327096252700953
0.013155237349958326
0.014017256316079467
0.014920031028131029
0.015871588087892363
0.016881437693776764
0.0179610211204092
0.019124321550238167
0.02038871749976234
0.02177620721031133
0.023315221931487915
0.025043422576316594
0.027012258546748883
0.029294975213023065
0.032001868754748176
0.035310561969190024
0.03952219288633078
0.04514080904835642
0.052905442348351275
0.06355853861615074
0.07702916900105683
0.09100493588406072
0.09982521397804553
0.09555783607966835
0.07228624590012105
0.03143973629328295
-0.01661930831133548
-0.057465817918172395
-0.08073740809770022
-0.0850047859960793
-0.0761845079020681
-0.062208741019057476
-0.048738110634140366
-0.03808501436633217
-0.03032038106634612
-0.024701764904313427
-0.02049013398717512
-0.01718144077272927
-0.014474547231012604
-0.012191830564740895
-0.010222994594310988
-0.008494793949472588
-0.006955779228301123
-0.0055682895177499876
-0.004303893568222914
-0.0031405931383893266
-0.0020610097117554106
-0.0010511601058719473
-9.960304610706454e-05
0.0008031716659425252
0.001665190632060982
0.0024933317293137783
0.0032935798832145697
0.004071226481094317
0.004831028255298691
0.0055773369426628736
0.006314208024527149
0.007045494850527714
0.008279882066725084
0.009058662842939604
0.009843390548965745
0.010638168793281567
0.011447316443719676
0.012275467864221826
0.0131276887170161
0.014009614043004572
0.014927617463768583
0.015889023546074597
0.016902380186480104
0.017977815231911803
0.019127513021356873
0.020366364888695882
0.02171287801589297
0.023190479343684803
0.024829446621742933
0.026669886698010493
0.028766590427202404
0.031197560214262773
0.03408025560360411
0.037603835320821476
0.04208899475215637
0.04807251538913221
0.05634142042095118
0.06768636252599436
0.0820317910592395
0.09691512316811554
0.10630812678135963
0.10176353858488912
0.07698061562935737
0.0334814893044608
-0.017698537347053525
-0.061197663671947816
-0.08598058662745096
-0.09052517482393083
-0.08113217121065079
-0.06624883910176393
-0.05190341056851197
-0.040558468463468986
-0.032289563431647024
-0.026306042794662685
-0.021820883363337207
-0.0182973036461122
-0.015414608256788517
-0.01298363846972336
-0.01088693474053352
-0.009046494664259766
-0.007407527386201269
-0.005929926058404338
-0.0045834129312037125
-0.0033445610638652918
-0.0021948632744222055
-0.0011194282289867987
-0.0001060715885810911
0.000855334493725087
0.0017733379144874283
0.0026552632404715443
0.003507484093261519
0.004335635513763348
0.005144783164207604
0.005939561408524084
0.006724289114539194
0.007503069890759617
0.008884647644261584
0.009720310813247804
0.010562355278199246
0.011415184376836295
0.012283432428896911
0.013172072294235112
0.014086539633271822
0.015032881072861997
0.01601793576691028
0.017049563272166127
0.018136935827990617
0.019290921024826588
0.020524593152889445
0.02185393121845133
0.023298794180636646
0.024884320101422407
0.026642998242618596
0.028617864894754194
0.03086771289856556
0.03347624205930053
0.03656949133386321
0.040350435774969426
0.045163194106754546
0.05158375217924755
0.06045661019839704
0.07263015489630131
0.08802329742800523
0.10399358071276826
0.11407250350101236
0.10919589564457836
0.08260289529453073
0.0359268265808101
-0.01899108207374343
-0.06566715078746047
-0.09226015113748559
-0.0971367589939145
-0.08705783620563211
-0.07108755292087458
-0.05569441038915657
-0.04352086569123578
-0.03464800767209678
-0.02822744959958973
-0.023414691267824153
-0.01963374682670481
-0.01654049755215822
-0.013931968391418007
-0.011682120387612863
-0.009707253735472158
-0.007948575594274471
-0.006363049673479507
-0.004918186711293217
-0.003588848645728104
-0.0023551765176576768
-0.0012011913208274244
-0.00011381876500239554
0.0009178087402547204
0.0019028634343034902
0.0028492048738848214
0.0037636722129192014
0.004652312078255623
0.0055205601303199995
0.006373389228956917
0.007215433693898692
0.008051096862886293
0.009612327533565538
0.010516434030363519
0.011427444471168854
0.012350122840836992
0.01328948302440629
0.014250905174605796
0.015240270149635981
0.016264119814327228
0.017329853471215177
0.018445974400140036
0.01962240607679363
0.020870906183136667
0.022205619837480442
0.023643834780970166
0.025207036490248056
0.026922421923666336
0.02882514133227775
0.030961755842586005
0.033395873665366206
0.036218049978218377
0.03956464688107254
0.043655263845693855
0.048862203483159124
0.05580862351638881
0.06540818140972099
0.07857872875253459
0.09523250874475368
0.11251063061760469
0.1234148496804223
0.11813872459791816
0.08936777739815006
0.03886912735043491
-0.020546293381449546
-0.0710449434291612
-0.09981589062890565
-0.10509201571140102
-0.09418779664854621
-0.07690967477568818
-0.06025589478345225
-0.04708534744064208
-0.03748578954730533
-0.030539369514062692
-0.02533242987660824
-0.021241812911989053
-0.017895216009144503
-0.015073039696289765
-0.012638921873509507
-0.010502307363192442
-0.008599587954580257
-0.006884202521161922
-0.005321000811878529
-0.003882785868384033
-0.0025480722140373497
-0.001299572107701521
-0.0001231404310416415
0.0009929804978843562
0.0020587141547701417
0.003082563819455427
0.004071928794481733
0.005033350944679942
0.005972711128250169
0.0068953894979141735
0.007806399938713494
0.008710506435509678
0.010494005091241019
0.01148103945033937
0.012475611008690718
0.013482920721497238
0.014508442365929535
0.015558049582394696
0.01663816264345409
0.01775592345846048
0.0189194100221007
0.02013790556764724
0.021422243790444526
0.022785260833136083
0.024242399260519895
0.025812532515248572
0.027519116810500777
0.02939184372461754
0.031469087643130875
0.03380168049118036
0.03645906493157268
0.03954010232932087
0.04319366263613294
0.04765948797318463
0.053344029227473125
0.0609275981453814
0.07140764271147158
0.08578617516968134
0.10396735329814305
0.12283004716462734
0.13473417110335456
0.1289739538194441
0.09756416886452424
0.042434050462511724
-0.022430579615268842
-0.07756069801726484
-0.10897048297215389
-0.11473070025606824
-0.10282657631731654
-0.08396388245081943
-0.06578270432233728
-0.051404171864115646
-0.040924127298032215
-0.033340558380113
-0.027656017125837276
-0.023190191788774708
-0.0195366314819731
-0.016455594084225072
-0.013798209643832597
-0.011465616795782443
-0.009388372877265329
-0.007515645963142281
-0.005809061667895332
-0.0042389284131513025
-0.002781789985762338
-0.0014187729430834147
-0.00013443472028277278
0.0010840608252710871
0.0022475473889098175
0.0033653082039036414
0.004445421264962288
0.005495028481423607
0.006520550125861854
0.007527859838656153
0.00852243139700626
0.009509465756102063
0.011572364290967968
0.012660825760741587
0.013757598949585365
0.014868419260982825
0.015999322955554937
0.017156787247095524
0.01834789215343604
0.01958051348461984
0.020863559328181822
0.022207266860708806
0.023623583046546312
0.025126663069348843
0.026733536371731814
0.028465015832747364
0.03034696803026761
0.03241213565853722
0.03470283647367825
0.03727512592669741
0.04020558268327459
0.04360322725007722
0.04763222770196565
0.05255696221570272
0.058825647450606415
0.06718849772534671
0.07874543953681618
0.09460141232785851
0.11465067484777242
0.13545135546080092
0.14857836531234564
0.14222602569634737
0.10758877804417044
0.0467941433993047
-0.024735124875553363
-0.08552975952041489
-0.12016700717254751
-0.1265193467885358
-0.11339233693698128
-0.0925916563239454
-0.0725423938039876
-0.056686421012954666
-0.04512947920147829
-0.03676662892672751
-0.030497943691837944
-0.025573209178099944
-0.021544208726217647
-0.018146564159399897
-0.01521610740283498
-0.01264381794980641
-0.010353117134660413
-0.008287949506390542
-0.006405997308874414
-0.004674517847846621
-0.003067644545458592
-0.0015645645226773095
-0.00014824833682298283
0.0011954591956975756
0.0024785050392659106
0.0037111263704355637
0.004902231276778737
0.006059695568310864
0.007190599262894693
0.008301419574273272
0.009398192763119848
0.010486654232889409
0.012907516959447194
0.014121558706289094
0.015344871131359971
0.016583851356656156
0.017845232072615878
0.019136237797726694
0.020464765402890203
0.02183959936563675
0.023270675539881623
0.024769412212196713
0.026349134723763046
0.02802563140869078
0.029817896478483766
0.03174914409671345
0.033848225199472684
0.03615166017735198
0.038706649217673854
0.041575715213689315
0.04484427219031196
0.0486339190916462
0.05312776521746055
0.05862069157087796
0.0656126261602222
0.07494033023402968
0.08783060660169834
0.10551582017889224
0.127877957627633
0.15107802104726142
0.1657190100155156
0.15863347961356242
0.1200002610477491
0.05219239351498251
-0.027588332489025827
-0.09539620002177422
-0.1340294185875393
-0.14111494898948307
-0.12647396002122185
-0.10327389660158014
-0.08091175915281074
-0.06322654557561047
-0.050336269207943804
-0.041008565134129725
-0.03401663054478604
-0.02852370419136254
-0.02402985806555249
-0.020240211164224114
-0.016971654187596365
-0.014102588191580948
-0.011547599151255913
-0.009244164173371892
-0.0071450830706216405
-0.005213835452381896
-0.003421570382578027
-0.001745073697667623
-0.00016535118608978876
0.001333385486220728
0.002764461660474258
0.004139295623208774
0.00546782322837569
0.0067588289534724726
0.008020209669447515
0.009259189894717629
0.010482502319790702
0.011696544066631358
0.014586820453989352
0.015958812194674127
0.01734128075595822
0.018741455544226487
0.020166945192929435
0.021625914152125843
0.023127286699701072
0.024680990200989482
0.026298253196019118
0.02799197952755242
0.029777228208161154
0.03167184168864398
0.033697285395315295
0.03587979374092633
0.03825197128132369
0.04085508986160495
0.043742490624414376
0.04698483099835507
0.05067863784616358
0.0549613309050401
0.06003984323806806
0.066247421452736
0.07414903419382254
0.08469029655245039
0.09925758500779781
0.11924352020542076
0.1445146320852152
0.17073242264038713
0.18727748918045078
0.1792696919989939
0.1356105583534812
0.05898195004868406
-0.031176832760641406
-0.10780544106542268
-0.1514645747108876
-0.1594723718923331
-0.14292730535225173
-0.1167095147970671
-0.0914384029172463
-0.07145246771960469
-0.056885179264261995
-0.046343916905620244
-0.038442304164546234
-0.03223472594987567
-0.027156213616853043
-0.02287352055796179
-0.01917971371016755
-0.01593737333621595
-0.01304997257340582
-0.01044685399312359
-0.008074676452737123
-0.0058921681071141385
-0.0038667244004379105
-0.0019721109199769132
-0.00018686223934509874
0.0015068640921745875
0.003124127087219165
0.004677830588493948
0.006179203136072132
0.007638172095255172
0.009063661743977686
0.010463836532224487
0.011846305093512062
0.013218296834197063
0.01674183600220252
0.01831652180135291
0.01990323224096492
0.021510264782427752
0.023146352140591263
0.02482086496234249
0.026544045978186236
0.02832728920077591
0.030183482051246394
0.03212743476065473
0.03417643113245168
0.03635094963112469
0.038675626953004624
0.041180573349642056
0.04390321034150074
0.0468909072493483
0.0502048858262952
0.05392624246228715
0.05816576503868866
0.06308117608704061
0.06890998193245172
0.07603466484588811
0.08510366349374215
0.09720229322849397
0.11392172650596241
0.13686025999777163
0.16586460059205843
0.19595522584250327
0.21494396426978027
0.2057526847332296
0.15564368017775415
0.06769513174195896
-0.03578216504429557
-0.12373071348005998
-0.1738397180355066
-0.18303099757202634
-0.16404225914473392
-0.1339516338942551
-0.10494729329995918
-0.0820087598081239
-0.06528932653066995
-0.05319069679590434
-0.04412169814805175
-0.03699701523460709
-0.03116820938920505
-0.026252798340854415
-0.022013275764453326
-0.018291919128461114
-0.014977940551512994
-0.011990243643657875
-0.009267606651818791
-0.006762660255169781
-0.004437982933291604
-0.0022634644346272628
-0.00021446806281430128
0.0017294846465846
0.0035856774970715564
0.005368920719646189
0.0070921017355020845
0.008766614557233744
0.010402701915414658
0.012009734456861078
0.013596444896475829
0.015171130695627687
0.01957490589039706
0.021416062625558202
0.023271278840202192
0.02515025611272386
0.02706320493024241
0.029021081665165357
0.031035862350974282
0.03312086912793025
0.035291170265761146
0.0375640822306163
0.03995981365074818
0.04250230843226214
0.045220372392027974
0.04814921117011017
0.05133257893713496
0.05482586110554566
0.05870063974919942
0.06305173497691853
0.06800868321960538
0.07375589895706389
0.08057108485065342
0.08890146274723065
0.09950524489504728
0.11365151420079965
0.13320092281600068
0.16002255861757472
0.19393745394507686
0.22912326710469275
0.25132830835968756
0.24058269956159045
0.18199168921181877
0.07915434566875398
-0.04184103654210363
-0.1446783800851303
-0.2032693904348824
-0.2140149992329348
-0.1918099579779067
-0.15662414481826234
-0.12270924949077014
-0.09588761368916143
-0.07633820507396606
-0.06219193576819784
-0.05158815362038498
-0.04325777572380174
-0.036442589830221875
-0.030695374092762635
-0.02573842585007422
-0.021387330622351042
-0.017512551978700587
-0.014019269810288981
-0.010835902043273083
-0.007907063265192341
-0.005188999305425735
-0.0026465045239193116
-0.00025077310377551003
0.002022138861069233
0.004192439998918702
0.006277446775869219
0.00829222746168253
0.010250104196591489
0.012163053014123338
0.014042030286635337
0.015897246501287585
0.017738403236446328
0.023375585557284126
0.025574232289587672
0.027789668396835974
0.03003347919049483
0.032317857705724
0.034655887691792335
0.03706187054733687
0.039551715152556
0.042143415565382855
0.04485765057638697
0.04771855271600821
0.05075471508245149
0.0540005367401826
0.057498059260899737
0.0612995326660397
0.06547109674504542
0.07009823301505014
0.0752941735000311
0.08121360841382672
0.08807676563810243
0.09621529193844221
0.10616333493897197
0.11882663367099225
0.1357215535291268
0.15907196906269747
0.1911130943125539
0.2316343697567263
0.2736822781265197
0.3002288689383849
0.2874093893395966
0.21742058658718727
0.09455915590393149
-0.05000107376896194
-0.1728625044521788
-0.24285130720454196
-0.2556707868032814
-0.2291241959913896
-0.18707628762156323
-0.1465550121773862
-0.11451388692750496
-0.09116347139394061
-0.07426855153579989
-0.06160525280377546
-0.05165720980323439
-0.043518683502902306
-0.03665552627863147
-0.03073609136483903
-0.025540150879854433
-0.020913014609853824
-0.016741450530843277
-0.012939977125718125
-0.009442454605001222
-0.006196632947267132
-0.0031604705808286355
-0.00029956844120137757
0.0024146665697963293
0.005006366982639433
0.007496211587854665
0.009902194443403891
0.012240224429453923
0.014524602944699988
0.016768413738352847
0.01898384984561234
0.021182496577910284
0.028375743228227848
0.03104474736217834
0.03373413270262311
0.03645796306493619
0.03923104000575684
0.04206924635720705
0.04498994310822584
0.048012442639697915
0.05115858862271497
0.05445348384801649
0.057926423763868654
0.061612118719310306
0.06555232722074407
0.06979808542098895
0.07441282208394924
0.07947682759705571
0.08509387254895218
0.09140141612615629
0.09858724926061865
0.10691874037625922
0.11679860222366699
0.12887573560094362
0.14425135865170247
0.16477120840646264
0.19314626815808555
0.23210899323309642
0.28142298897953577
0.3326441319786718
0.3650487614478958
0.3495634416086839
0.2644776427775848
0.11499918244445619
-0.0609099533728066
-0.21038841370589306
-0.29547421253693695
-0.31095953237610335
-0.2785549029068188
-0.22733375990765825
-0.17801976416121756
-0.13905703908617778
-0.11068197933455122
-0.09016212957978777
-0.07478650652902252
-0.06270937315173788
-0.05282951130434589
-0.04449802018870376
-0.03731218705424513
-0.031004643477044208
-0.025387598525146184
-0.020323593012039516
-0.015708856349088942
-0.011463098148851145
-0.007522889647411112
-0.0038371946919765997
-0.0003642547761185423
0.002930640449179768
0.0060767864322143345
0.009099285963680417
0.012019982714703977
0.014858189066139966
0.01763126600697717
0.020355096369289047
0.023044481709745483
0.025713485843687198
0.03379503333262508
0.03697403629902839
0.04017731524293579
0.04342162153163086
0.04672458526990586
0.050105124491528125
0.05358391789539711
0.05718396853091287
0.06093129453645278
0.06485579608870375
0.06899236738687109
0.07338235253815054
0.07807549104021685
0.08313257350014283
0.0886291521515724
0.09466086437596435
0.1013513170326249
0.10886424841282932
0.11742336451962752
0.1273472410117539
0.13911607180126337
0.1535049894757783
0.17183366640072734
0.19632398679891128
0.23025874401561672
0.27698318577294195
0.33630766356063235
0.39816117362907977
0.43760940163746087
0.4195320758373084
0.3175997958398693
0.13797594336906865
-0.07355684364400829
-0.2531806961147644
-0.3551129761121188
-0.3731903019121984
-0.33374207390377797
-0.27188856383527904
-0.21256408604759114
-0.16583964429023335
-0.1319048870735301
-0.10741456667534555
-0.08908588975038284
-0.07469697207586684
-0.06292814128637061
-0.053004264794246594
-0.044445148687450906
-0.0369322173072463
-0.03024176465058606
-0.024210052426196966
-0.01871347377477307
-0.013656391314857824
-0.008963252812781729
-0.0045732676615117575
-0.00043669636333400555
0.0034878051889122783
0.007235131194467028
0.010835181829970189
0.014313975233850803
0.017694514455457715
0.020997478193751737
0.024241784482447657
0.02744506342636624
0.030624066392763397
0.03417383098513415
0.037389566544750896
0.04062985978255876
0.04391165649316799
0.047252791475024966
0.05067240250854651
0.05419140862891328
0.057833080422599596
0.061623738880536114
0.06559363255096656
0.06977806263854944
0.07421885610129618
0.07896633419466988
0.08408199976939161
0.08964229207263094
0.09574397411561471
0.10251211252207076
0.11011239213860174
0.11877123521874501
0.1288113885358407
0.14072079670600832
0.15529285287735078
0.17389587257566713
0.19887500510448158
0.23377483502593235
0.28235678248363266
0.3448119989816922
0.4108980284798301
0.45434884948129073
0.4375919032627247
0.33203406194927154
0.14374455972984437
-0.07860450404637542
-0.26689400626573867
-0.37245184757910044
-0.3892087937976082
-0.3457579727960928
-0.2796719432979091
-0.21721672679984194
-0.168634779342123
-0.1337349494206606
-0.1087558168918427
-0.09015279719351826
-0.07558074102217727
-0.0636713328520187
-0.05363117953492597
-0.04497233645478649
-0.03737205683825857
-0.03060391843179436
-0.0245022363888205
-0.01894194408557685
-0.0138262785108684
-0.009078800417486259
-0.004638006954749765
-0.0004535768671550533
0.0035163168032686203
0.007306975261218474
0.010948647054896607
0.014467653175272266
0.01788726420878056
0.021228399190656787
0.024510195901264895
0.027750489139080403
0.03096622469869213
0.009408777031022735
0.010298883111462313
0.011195792110311775
0.012104198512147349
0.013029043386392786
0.01397562924102472
0.014949752744119258
0.01595786302497785
0.017007255720126846
0.018106316612874575
0.01926483426763624
0.02049440954943116
0.021809003162229945
0.023225683556639405
0.024765672688565173
0.02645584790832982
0.02833097091894074
0.03043715089090583
0.03283764948232946
0.035623956213196646
0.03894070548966597
0.043047754388663144
0.04846799008514543
0.05627128888451903
0.0684032065989989
0.08753039807178277
0.11535359892244723
0.14879796973868042
0.17609698984941863
0.17803816138093698
0.13827144084251017
0.05776717221423196
-0.03983747229691479
-0.12034174092514018
-0.1601084614635107
-0.15816728993192897
-0.13086826982117833
-0.0974238990049058
-0.06960069815423066
-0.05047350668143546
-0.03834158896696259
-0.030538290167575248
-0.02511805447109307
-0.021011005572096543
-0.017694256295638033
-0.014907949564771518
-0.012507450973356092
-0.010401271001391404
-0.008526147990779349
-0.00683597277101783
-0.005295983639090651
-0.0038793032446869068
-0.002564709631883268
-0.0013351343500949877
-0.00017661669532664966
0.0009224441974171431
0.0019718368925736437
0.002979947173422752
0.003954070676526112
0.00490065653114848
0.005825501405413608
0.0067339078072452775
0.00763081680609913
0.008520922886540458
-0.09391433586185499
-0.10273209155228381
-0.11161716272834145
-0.12061599897076936
-0.12977748537277356
-0.13915407655400014
-0.14880310666850227
-0.15878835128461127
-0.1691819410842533
-0.18006676343577335
-0.19153954228459874
-0.2037148698621857
-0.2167305931464923
-0.23075516505842655
-0.24599791257554562
-0.26272376309020773
-0.28127503873791154
-0.3021049919408665
-0.325831985552988
-0.35333199900009604
-0.38590333239480157
-0.4255554151032791
-0.47544657185821126
-0.5402763176225986
-0.6257991638486788
-0.7356503196066797
-0.8635889241399279
-0.9825259948432679
-1.0389233040589396
-0.9659650096281007
-0.7198972210456683
-0.3202664938062258
0.14123329439797905
0.5408640216373947
0.7869318102197669
0.8598901046505117
0.8034927954347493
0.6845557247313646
0.5566171201980792
0.4467659644400572
0.3612431182139761
0.2964133724495881
0.2465222156946515
0.20687013298617307
0.1742987995914557
0.14679878614434255
0.12307179253221193
0.10224183932925907
0.08369056368156172
0.06696471316688894
0.051721965649786
0.03769739373784016
0.024681670453533068
0.012506342875941746
0.0010335640271231655
-0.00985125832440567
-0.020244848124040524
-0.030230092740164756
-0.03987912285465281
-0.04925571403588352
-0.058417200437872886
-0.06741603668030423
-0.07630110785635551
-0.0851188635467811
-0.3813414899149134
-0.4171692840047191
-0.4532706151173048
-0.48983423238410656
-0.5270587830876275
-0.5651574215257714
-0.6043631332871283
-0.6449350834041809
-0.6871663947252417
-0.7313939096720631
-0.7780107097404444
-0.8274825048969887
-0.880369531481705
-0.9373564394820182
-0.9992940422489913
-1.067259199624789
-1.1426434620134445
-1.2272895804680608
-1.3237127663320956
-1.4354824525109797
-1.56791987704774
-1.729384645619495
-1.933410174717875
-2.2011403498361504
-2.5606592309737173
-3.03467147996107
-3.6058742957515557
-4.163054430067574
-4.466754540397018
-4.202479546567453
-3.1512547343722126
-1.3890132211830006
0.6620674868539931
2.4243090000429324
3.4755338122377086
3.739808806066805
3.4361086957369116
2.8789285614206337
2.30772574562997
1.8337134966425237
1.4741946155049155
1.2064644403866205
1.0024389112882262
0.8409741427164639
0.7085367181796929
0.5967670320007995
0.5003438461367624
0.41569772768214186
0.34031346529348405
0.2723483079176787
0.21041070515072208
0.15342379715040083
0.10053677056568269
0.05106497540913696
0.0044481753407554225
-0.03977933960606511
-0.08201065092712717
-0.122582601044194
-0.1617883128055372
-0.19988695124368067
-0.23711150194719702
-0.27367511921400023
-0.3097764503265814
-0.3456042444163826
-0.9991236604911086
-1.0930102002471922
-1.1876135568799473
-1.2834283570518596
-1.380975166841695
-1.4808125699565624
-1.5835511208626902
-1.6898699812660847
-1.8005373048958648
-1.9164358203685783
-2.038595641651
-2.168237221014986
-2.3068287392635414
-2.4561644356701438
-2.6184740293201454
-2.7965796695038443
-2.994128278802158
-3.2159494315437045
-3.4686359186837024
-3.7615483180218714
-4.108663435298668
-4.532027893484157
-5.0676145531590855
-5.772325488615198
-6.723196188002734
-7.985546080251636
-9.519965894315286
-11.03422586301602
-11.884785301934976
-11.215953181413932
-8.423635664648614
-3.704209943623746
1.7996118755316974
6.519037596555746
9.311355113319717
9.980187233839366
9.129627794919227
7.615367826217657
6.080948012153557
4.818598119904406
3.8677274205167493
3.1630164850605884
2.6274298253856188
2.204065367200126
1.85695024992331
1.564037850585134
1.3113513634451215
1.0895302107035678
0.8919816014052588
0.7138759612215448
0.551566367571564
0.4022306711649509
0.26363915291638607
0.13399757355240538
0.01183775226998518
-0.10406076320273161
-0.21472808683251443
-0.3210469472359217
-0.4237854981420385
-0.5236229012569066
-0.621169711046739
-0.7169845112186571
-0.8115878678514031
-0.9054744076074825
-2.0533715233080705
-2.2463402095189746
-2.44078220707036
-2.6377141484276514
-2.838205981233986
-3.0434057935868375
-3.254568493027168
-3.4730900009004726
-3.7005491510150863
-3.93876027251013
-4.189840628472886
-4.456298701698932
-4.741152155295556
-5.048088833613613
-5.381691669937763
-5.747761288409619
-6.153793578891067
-6.609715368275882
-7.129078305093204
-7.731127285124611
-8.444618189289091
-9.314991716001522
-10.416651418555777
-11.8679317536237
-13.830360796063626
-16.443614613178607
-19.63224613639136
-22.794937321052494
-24.594102248597327
-23.241615683135624
-17.467612414523842
-7.673231907703839
3.758969839184429
13.553350346002663
19.327353614611567
20.679840180070205
18.88067525252287
15.717984067860005
12.5293525446463
9.916098727530795
7.953669685090633
6.502389350022587
5.400729647468282
4.530356120755826
3.816865216591318
3.2148162365598925
2.6954532997425518
2.2395315103577373
1.8334992198762763
1.4674296014044101
1.133826765080274
0.826890086762212
0.5420366331655804
0.27557855993953395
0.024498203976774047
-0.2137129175182817
-0.44117206763289496
-0.6596935755062151
-0.8708562749465235
-1.0760560872993823
-1.2765479201057146
-1.4734798614630134
-1.6679218590144012
-1.8608905452252844
-3.4686405967881884
-3.794625472654939
-4.123099240436904
-4.455779316206016
-4.79447318261769
-5.141120326855602
-5.497840688769255
-5.866992426298986
-6.251242696012742
-6.653656482823335
-7.077810526015323
-7.527942463057524
-8.009150104152576
-8.527663416303746
-9.091224467244109
-9.709632407693622
-10.395550259055014
-11.165747764091805
-12.043118737189562
-13.060178477060788
-14.265529582267316
-15.736048528988597
-17.59784470541467
-20.05206709290991
-23.374477475253837
-27.805955710693496
-33.22411236697803
-38.612556347107606
-41.69820898351607
-39.43368286751753
-29.648083049391364
-13.016757560832872
6.404637348862851
23.03596283741827
32.821562655539424
35.086088771532715
32.000436135119955
26.611992154987373
21.193835498701205
16.762357263260654
13.439946880916338
10.9857244934209
9.123928316994723
7.653409370273411
6.448058265066833
5.430998525195591
4.553627552097824
3.783430047061003
3.0975121956995957
2.4791042552500833
1.9155432043097185
1.397029892158539
0.9158222510634761
0.46569031402128624
0.04153627082928191
-0.36087751598132245
-0.7451277856950733
-1.114279523224813
-1.4709998851384525
-1.8176470293763753
-2.1563408957880608
-2.4890209715571787
-2.817494739339126
-3.1434796152058597
-4.89468243544361
-5.354698459202216
-5.818226703474911
-6.287690714280837
-6.765641135932882
-7.2548148921616145
-7.758203554163577
-8.27913485683326
-8.821372581400858
-9.389241908350161
-9.987790185238776
-10.62299739242831
-11.302057351246601
-12.033761536750829
-12.829035238708713
-13.701706617204183
-14.669645208682356
-15.756515820738166
-16.994625680803445
-18.42986220593952
-20.130829768700533
-22.20609871764483
-24.833949293925965
-28.299191300823033
-32.993196781421446
-39.25969182477807
-46.92989596535163
-54.56910527251892
-58.95925549897494
-55.77937302471291
-41.94608728500546
-18.410610124099943
9.080098631743114
32.61557579264421
46.448861532344566
49.628744006599064
45.23859378013685
37.599384472965376
29.929180332389436
23.66268528903152
18.968679808432576
15.503437801535252
12.875587225253984
10.800318276309632
9.099350713548548
7.664114188412447
6.4260043283471395
5.339133716291302
4.371195124813109
3.498523746317634
2.703250044359727
1.9715458588555186
1.2924859000371964
0.657278692847659
0.05873041595905537
-0.5091389109902584
-1.0513766355578515
-1.5723079382275764
-2.0756966002295285
-2.5648703564582487
-3.042820778110289
-3.512284788916231
-3.975813033188921
-4.43582905694751
-5.807399065371107
-6.353200581433571
-6.903169290203091
-7.460180689748966
-8.027261078209923
-8.607657771238967
-9.204920219583585
-9.822996726769095
-10.466352958218435
-11.140120670433976
-11.850288459362257
-12.603951474474293
-13.40964506749473
-14.277800179615053
-15.221379486935966
-16.25678987067687
-17.40523323392072
-18.694787482987174
-20.163784796824846
-21.86667144489629
-23.884855003986544
-26.34719758205797
-29.465395728310416
-33.577881354138185
-39.15020060005502
-46.59221407188245
-55.705772572851686
-64.78841057962394
-70.01640027562195
-66.25194748401915
-49.82603637652702
-21.86628624947072
10.795910175074653
38.755660302125676
55.18157140960932
58.94602420120315
53.71803450519773
44.63539649842052
35.52183799744839
28.079824525619532
22.507505279702023
18.395019653873934
15.276821507621333
12.81447892954985
10.796295370459534
9.093408722388038
7.62441140855033
6.334857159483841
5.186413796239964
4.151003412499053
3.2074241051781316
2.339268993057789
1.533575400037361
0.7799123849253209
0.06974459599704552
-0.6040231162185314
-1.247379347667842
-1.8654558548533795
-2.462718303197997
-3.0431149962270605
-3.610195384688016
-4.167206784233883
-4.717175493003414
-5.262977009065864
-5.807399065371103
-6.353200581433555
-6.903169290203078
-7.460180689748913
-8.02726107820985
-8.607657771238886
-9.204920219583508
-9.822996726768984
-10.466352958218279
-11.140120670433806
-11.85028845936206
-12.603951474474046
-13.409645067494456
-14.277800179614772
-15.221379486935643
-16.2567898706765
-17.40523323392032
-18.694787482986733
-20.16378479682433
-21.86667144489575
-23.884855003985912
-26.34719758205726
-29.465395728309616
-33.577881354137276
-39.15020060005391
-46.59221407188109
-55.70577257285004
-64.78841057962194
-70.01640027561979
-66.2519474840171
-49.82603637652551
-21.866286249470164
10.795910175074102
38.755660302124184
55.18157140960725
58.94602420120094
53.7180345051957
44.635396498418814
35.521837997447065
28.079824525618378
22.507505279701068
18.395019653873106
15.276821507620618
12.81447892954921
10.796295370458953
9.093408722387526
7.62441140854988
6.334857159483448
5.186413796239616
4.151003412498734
3.2074241051778456
2.339268993057533
1.533575400037115
0.7799123849251139
0.06974459599683502
-0.6040231162186758
-1.2473793476679758
-1.8654558548534999
-2.462718303198097
-3.043114996227122
-3.6101953846880535
-4.167206784233918
-4.717175493003446
-5.262977009065878
-4.894682435443595
-5.354698459202149
-5.818226703474789
-6.287690714280664
-6.765641135932672
-7.254814892161332
-7.758203554163236
-8.279134856832869
-8.821372581400398
-9.389241908349643
-9.98779018523819
-10.622997392427656
-11.302057351245892
-12.033761536750024
-12.829035238707815
-13.70170661720319
-14.669645208681256
-15.756515820736961
-16.994625680802102
-18.42986220593801
-20.13082976869883
-22.20609871764291
-24.83394929392377
-28.299191300820453
-32.99319678141834
-39.259691824774265
-46.92989596534698
-54.569105272513355
-58.95925549896887
-55.77937302470718
-41.94608728500128
-18.410610124098376
9.08009863174158
32.61557579264005
46.44886153233883
49.628744006593024
45.238593780131296
37.599384472960665
29.929180332385606
23.662685289028424
18.96867980843001
15.503437801533048
12.875587225252069
10.800318276307937
9.099350713547043
7.664114188411104
6.4260043283459405
5.33913371629022
4.371195124812128
3.498523746316745
2.7032500443589393
1.9715458588547934
1.2924859000365605
0.6572786928470871
0.058730415958533566
-0.509138910990711
-1.051376635558249
-1.57230793822791
-2.0756966002298047
-2.5648703564584667
-3.0428207781104653
-3.512284788916358
-3.9758130331889907
-4.435829056947535
-3.468640596788169
-3.7946254726548565
-4.123099240436748
-4.455779316205778
-4.794473182617404
-5.141120326855235
-5.497840688768793
-5.866992426298463
-6.251242696012144
-6.653656482822652
-7.077810526014547
-7.527942463056643
-8.009150104151608
-8.527663416302666
-9.091224467242913
-9.7096324076923
-10.395550259053548
-11.165747764090199
-12.043118737187744
-13.060178477058763
-14.26552958226504
-15.736048528986021
-17.597844705411724
-20.052067092906444
-23.374477475249673
-27.80595571068839
-33.22411236697176
-38.61255634710021
-41.698208983507925
-39.433682867509816
-29.648083049385754
-13.016757560830781
6.404637348860777
23.035962837412633
32.821562655531785
35.08608877152457
32.00043613511251
26.61199215498111
21.193835498696096
16.762357263256476
13.439946880912839
10.98572449341794
9.12392831699214
7.653409370271118
6.44805826506481
5.4309985251937665
4.553627552096197
3.783430047059537
3.097512195698267
2.479104255248873
1.915543204308619
1.3970298921575561
0.9158222510625831
0.4656903140204851
0.041536270828583355
-0.36087751598193174
-0.7451277856956153
-1.1142795232252773
-1.470999885138848
-1.817647029376686
-2.1563408957883095
-2.489020971557353
-2.817494739339245
-3.1434796152059103
-2.053371523308061
-2.2463402095188703
-2.4407822070701832
-2.6377141484274005
-2.8382059812336617
-3.043405793586423
-3.254568493026669
-3.4730900008998953
-3.7005491510144246
-3.938760272509371
-4.189840628472034
-4.45629870169798
-4.741152155294512
-5.0480888336124545
-5.3816916699364725
-5.7477612884081974
-6.153793578889477
-6.6097153682741325
-7.129078305091264
-7.731127285122446
-8.444618189286645
-9.314991715998763
-10.416651418552604
-11.867931753619988
-13.83036079605916
-16.443614613173143
-19.63224613638465
-22.79493732104455
-24.59410224858862
-23.241615683127385
-17.46761241451784
-7.6732319077016164
3.758969839182238
13.553350345996659
19.327353614603346
20.679840180061504
18.880675252514905
15.717984067853301
12.529352544640822
9.916098727526322
7.95366968508689
6.502389350019406
5.400729647465515
4.530356120753384
3.816865216589149
3.2148162365579593
2.6954532997408127
2.2395315103561595
1.8334992198748583
1.4674296014031332
1.1338267650791165
0.8268900867611564
0.5420366331646369
0.27557855993868885
0.02449820397601843
-0.21371291751894494
-0.4411720676334707
-0.6596935755067068
-0.8708562749469426
-1.0760560872997138
-1.276547920105974
-1.4734798614631957
-1.6679218590145135
-1.8608905452253242
-0.9991236604910875
-1.093010200247097
-1.1876135568797959
-1.2834283570516383
-1.3809751668414043
-1.480812569956184
-1.5835511208622348
-1.689869981265558
-1.8005373048952722
-1.9164358203679002
-2.038595641650229
-2.168237221014123
-2.3068287392625906
-2.4561644356690997
-2.6184740293189663
-2.7965796695025475
-2.9941282788007086
-3.215949431542109
-3.4686359186819216
-3.7615483180198983
-4.108663435296437
-4.53202789348163
-5.067614553156183
-5.772325488611791
-6.723196187998639
-7.985546080246628
-9.51996589430912
-11.034225863008745
-11.884785301927028
-11.215953181406402
-8.423635664643122
-3.7042099436217146
1.7996118755296748
6.519037596550248
9.311355113312214
9.980187233831398
9.129627794911935
7.615367826211507
6.080948012148534
4.818598119900286
3.8677274205133303
3.1630164850576667
2.6274298253830928
2.204065367197887
1.8569502499213293
1.5640378505833632
1.3113513634435416
1.0895302107021363
0.8919816014039654
0.7138759612203764
0.5515663675705169
0.4022306711640059
0.2636391529155413
0.13399757355164876
0.011837752269310053
-0.10406076320332158
-0.2147280868330348
-0.3210469472363612
-0.42378549814241284
-0.5236229012572069
-0.6211697110469746
-0.7169845112188152
-0.8115878678515088
-0.9054744076075221
-0.38134148991490135
-0.4171692840046378
-0.45327061511717426
-0.489834232383916
-0.5270587830873763
-0.5651574215254471
-0.60436313328674
-0.6449350834037375
-0.6871663947247351
-0.7313939096714801
-0.7780107097397837
-0.8274825048962522
-0.880369531480891
-0.9373564394811291
-0.9992940422479863
-1.0672591996236858
-1.1426434620122163
-1.2272895804667099
-1.323712766330585
-1.4354824525093117
-1.5679198770458527
-1.7293846456173667
-1.9334101747154218
-2.2011403498332767
-2.5606592309702667
-3.0346714799568453
-3.6058742957463603
-4.163054430061418
-4.466754540390316
-4.202479546561111
-3.1512547343675816
-1.3890132211812947
0.6620674868522884
2.4243090000382885
3.475533812231374
3.739808806060074
3.436108695730767
2.8789285614154414
2.3077257456257283
1.8337134966390631
1.4741946155020182
1.2064644403841513
1.0024389112860832
0.8409741427145644
0.7085367181780191
0.5967670319993021
0.5003438461354267
0.41569772768093155
0.3403134652923937
0.2723483079166894
0.21041070514983434
0.1534237971495958
0.10053677056496213
0.05106497540849281
0.004448175340188987
-0.03977933960656452
-0.08201065092756091
-0.12258260104456078
-0.16178831280585268
-0.19988695124393083
-0.23711150194739938
-0.27367511921413834
-0.3097764503266729
-0.3456042444164126
-0.0939143358618444
-0.10273209155221638
-0.11161716272823688
-0.12061599897061204
-0.12977748537255818
-0.13915407655372883
-0.14880310666817656
-0.1587883512842403
-0.16918194108382992
-0.18006676343529332
-0.19153954228405448
-0.20371486986158466
-0.21673059314582915
-0.23075516505771326
-0.24599791257472856
-0.26272376308931633
-0.28127503873691206
-0.30210499193976015
-0.3258319855517569
-0.3533319989987357
-0.3859033323932572
-0.42555541510153694
-0.4754465718561978
-0.5402763176202298
-0.6257991638458408
-0.7356503196032038
-0.8635889241356605
-0.9825259948382326
-1.0389233040534718
-0.9659650096229242
-0.7198972210419022
-0.3202664938048305
0.14123329439658192
0.5408640216336041
0.7869318102145823
0.8598901046450271
0.8034927954297232
0.6845557247271152
0.5566171201945966
0.4467659644372143
0.36124311821159805
0.2964133724475603
0.24652221569289723
0.20687013298462004
0.1742987995900926
0.14679878614312547
0.12307179253113296
0.10224183932828247
0.08369056368067923
0.06696471316609016
0.05172196564907386
0.03769739373719373
0.02468167045295571
0.012506342875424674
0.0010335640266653442
-0.009851258324804824
-0.020244848124395802
-0.03023009274045993
-0.0398791228549104
-0.04925571403608367
-0.058417200438045505
-0.06741603668041614
-0.07630110785643503
-0.08511886354681099
0.00940877703102774
0.010298883111517975
0.0111957921103982
0.012104198512278062
0.013029043386576476
0.013975629241243261
0.014949752744385003
0.015957863025279517
0.017007255720479612
0.018106316613272826
0.019264834268086898
0.02049440954993092
0.021809003162785858
0.023225683557232476
0.02476567268924241
0.026455847909065362
0.028330970919769025
0.03043715089181801
0.03283764948334027
0.0356239562143061
0.03894070549092897
0.043047754390089156
0.048467990086790674
0.05627128888645373
0.06840320660131678
0.08753039807463554
0.11535359892595212
0.14879796974282877
0.1760969898539173
0.17803816138516956
0.13827144084559467
0.05776717221537325
-0.039837472298057036
-0.12034174092824354
-0.16010846146774724
-0.1581672899364341
-0.1308682698252964
-0.09742389900839223
-0.06960069815708914
-0.050473506683764435
-0.03834158896891609
-0.030538290169232516
-0.02511805447253391
-0.021011005573372817
-0.017694256296755265
-0.014907949565775548
-0.01250745097424515
-0.010401271002197465
-0.008526147991505735
-0.006835972771674358
-0.005295983639674022
-0.003879303245220433
-0.0025647096323575726
-0.0013351343505170962
-0.00017661669569901672
0.0009224441970921062
0.0019718368922872686
0.0029799471731808535
0.003954070676316521
0.004900656530982841
0.005825501405264493
0.0067339078071473055
0.007630816806034365
0.008520922886517901
0.034173830985136634
0.03738956654478914
0.040629859782622395
0.04391165649326918
0.047252791475175415
0.05067240250871979
0.05419140862913274
0.05783308042284718
0.06162373888082903
0.06559363255129556
0.06977806263892133
0.07421885610171072
0.07896633419513303
0.08408199976987743
0.08964229207319147
0.0957439741162152
0.10251211252275653
0.1101123921393565
0.11877123521958466
0.128811388536765
0.14072079670705673
0.15529285287854125
0.17389587257704198
0.19887500510609912
0.23377483502787022
0.2823567824860065
0.3448119989845987
0.4108980284832576
0.45434884948501875
0.4375919032662441
0.3320340619518337
0.14374455973079064
-0.07860450404732938
-0.26689400626831356
-0.37245184758264965
-0.38920879380133927
-0.3457579727995268
-0.27967194330080875
-0.21721672680223375
-0.16863477934406002
-0.13373494942228578
-0.10875581689322578
-0.09015279719472591
-0.07558074102324508
-0.06367133285295369
-0.05363117953575758
-0.044972336455524335
-0.0373720568389293
-0.030603918432397462
-0.024502236389366657
-0.018941944086060813
-0.013826278511305256
-0.00907880041787397
-0.004638006955092425
-0.00045357686746100995
0.0035163168030044184
0.007306975260978486
0.010948647054696437
0.01446765317509886
0.017887264208647845
0.021228399190535492
0.024510195901184195
0.02775048913902286
0.03096622469867008
0.03379503333262384
0.03697403629905987
0.04017731524299244
0.04342162153172569
0.04672458527004243
0.05010512449167602
0.05358391789559039
0.05718396853112798
0.06093129453670852
0.06485579608898402
0.06899236738719328
0.07338235253850668
0.07807549104061898
0.08313257350056197
0.08862915215205174
0.09466086437647786
0.10135131703320877
0.1088642484134689
0.11742336452033722
0.12734724101253764
0.1391160718021538
0.15350498947678434
0.17183366640189546
0.19632398680028335
0.23025874401725543
0.27698318577497555
0.3363076635631093
0.39816117363201825
0.4376094016406469
0.4195320758403018
0.3175997958420682
0.1379759433698784
-0.0735568436448224
-0.25318069611696137
-0.35511297611512294
-0.37319030191539193
-0.33374207390670196
-0.2718885638377512
-0.21256408604962457
-0.16583964429188322
-0.13190488707492215
-0.10741456667651261
-0.08908588975141073
-0.0746969720767746
-0.06292814128716061
-0.053004264794955916
-0.044445148688080416
-0.03693221730781864
-0.030241764651099012
-0.024210052426663162
-0.01871347377518224
-0.013656391315228611
-0.008963252813110303
-0.004573267661805377
-0.00043669636359395386
0.003487805188688013
0.007235131194255812
0.010835181829794805
0.014313975233697668
0.01769451445533963
0.020997478193642692
0.02424178448236948
0.02744506342631247
0.030624066392743128
0.028375743228231776
0.03104474736220668
0.033734132702673544
0.03645796306501884
0.03923104000587585
0.04206924635733312
0.04498994310838987
0.04801244263987951
0.051158588622939365
0.05445348384825588
0.05792642376414041
0.061612118719614264
0.06555232722108846
0.06979808542135464
0.074412822084358
0.07947682759750224
0.08509387254945688
0.09140141612671177
0.09858724926123613
0.10691874037695256
0.11679860222444992
0.12887573560183682
0.1442513586527273
0.16477120840767295
0.19314626815952718
0.23210899323487555
0.2814229889816968
0.3326441319812122
0.365048761450686
0.3495634416112917
0.26447764277948255
0.11499918244516072
-0.060909953373525394
-0.2103884137078036
-0.2954742125395473
-0.31095953237888463
-0.27855490290936985
-0.22733375990982016
-0.17801976416299453
-0.13905703908762201
-0.11068197933577201
-0.09016212958081576
-0.07478650652992687
-0.06270937315253787
-0.05282951130504103
-0.044498020189324194
-0.037312187054797614
-0.03100464347753826
-0.02538759852559229
-0.020323593012446264
-0.015708856349444557
-0.01146309814917075
-0.0075228896476894
-0.003837194692229498
-0.0003642547763346299
0.0029306404489862076
0.0060767864320308215
0.009099285963524424
0.01201998271457214
0.014858189066036642
0.017631266006888385
0.02035509636922327
0.02304448170969603
0.025713485843669344
0.023375585557295304
0.025574232289614883
0.027789668396882624
0.030033479190567956
0.03231785770583542
0.0346558876918988
0.03706187054748308
0.03955171515271612
0.042143415565579254
0.0448576505765904
0.047718552716243715
0.0507547150827191
0.05400053674048544
0.057498059261223866
0.061299532666393104
0.06547109674543962
0.0700982330154932
0.07529417350052604
0.0812136084143734
0.08807676563871152
0.09621529193912526
0.10616333493975846
0.11882663367189003
0.13572155353019133
0.15907196906395799
0.19111309431411072
0.23163436975863516
0.273682278128761
0.3002288689408223
0.2874093893419025
0.2174205865888671
0.09455915590455002
-0.05000107376958994
-0.17286250445386772
-0.242851307206839
-0.2556707868057228
-0.229124195993626
-0.18707628762345452
-0.14655501217894773
-0.11451388692876951
-0.09116347139500978
-0.07426855153670017
-0.06160525280457023
-0.05165720980393794
-0.04351868350351464
-0.036655526279184614
-0.03073609136532325
-0.025540150880293586
-0.020913014610244595
-0.016741450531201064
-0.012939977126026164
-0.009442454605283524
-0.006196632947513905
-0.0031604705810540853
-0.00029956844139561976
0.0024146665696250028
0.005006366982475552
0.007496211587717265
0.009902194443288805
0.01224022442936572
0.014524602944625974
0.0167684137382959
0.01898384984557365
0.021182496577896066
0.019574905890410874
0.02141606262558454
0.02327127884024734
0.02515025611278414
0.02706320493034328
0.02902108166526003
0.031035862351111033
0.03312086912807499
0.03529117026593962
0.03756408223079928
0.0399598136509595
0.042502308432501225
0.045220372392294546
0.04814921117040083
0.05133257893744541
0.05482586110589628
0.05870063974958967
0.06305173497735518
0.06800868322009108
0.0737558989576187
0.08057108485126944
0.088901462747937
0.09950524489584765
0.11365151420175165
0.13320092281711543
0.16002255861897277
0.19393745394676568
0.22912326710668887
0.25132830836188425
0.2405826995636458
0.18199168921330755
0.07915434566931195
-0.0418410365426668
-0.14467838008662695
-0.20326939043693631
-0.21401499923510817
-0.1918099579799074
-0.15662414481996362
-0.12270924949214818
-0.09588761369028953
-0.07633820507491736
-0.06219193576900527
-0.051588153621097435
-0.04325777572443121
-0.03644258983076937
-0.030695374093252625
-0.025738425850504336
-0.02138733062274502
-0.017512551979051993
-0.014019269810607476
-0.010835902043551787
-0.00790706326544946
-0.005188999305647193
-0.0026465045241218354
-0.00025077310395321684
0.0020221388609113957
0.004192439998765469
0.006277446775738394
0.008292227461574793
0.010250104196505235
0.012163053014060137
0.014042030286586564
0.015897246501254236
0.017738403236431586
0.016741836002224286
0.018316521801381797
0.019903232241015117
0.02151026478248141
0.02314635214068749
0.0248208649624288
0.026544045978312843
0.028327289200902734
0.030183482051401887
0.03212743476081003
0.03417643113263868
0.036350949631336726
0.038675626953237466
0.04118057334990488
0.04390321034177318
0.046890907249671335
0.050204885826646076
0.053926242462687596
0.05816576503912768
0.06308117608753186
0.06890998193299824
0.07603466484651583
0.08510366349445145
0.09720229322934998
0.1139217265069634
0.1368602599990234
0.16586460059356986
0.1959552258443015
0.21494396427171691
0.20575268473506558
0.1556436801791074
0.06769513174245784
-0.035782165044794534
-0.12373071348141719
-0.17383971803732828
-0.1830309975739525
-0.164042259146518
-0.1339516338957594
-0.10494729330120431
-0.08200875980913692
-0.06528932653152113
-0.05319069679662562
-0.04412169814868296
-0.03699701523517035
-0.031168209389691826
-0.026252798341293047
-0.022013275764837442
-0.01829191912881188
-0.014977940551826932
-0.011990243643947615
-0.009267606652063195
-0.006762660255403157
-0.004437982933495465
-0.002263464434815274
-0.00021446806297738437
0.0017294846464389734
0.0035856774969294913
0.005368920719527753
0.007092101735402171
0.008766614557158433
0.010402701915359535
0.012009734456817835
0.013596444896451584
0.015171130695617955
0.014586820454012666
0.015958812194700592
0.017341280756008888
0.018741455544265723
0.020166945193006394
0.02162591415219794
0.023127286699803573
0.024680990201092018
0.026298253196149785
0.027991979527684722
0.029777228208319143
0.031671841688824344
0.03369728539552131
0.03587979374116435
0.03825197128156446
0.04085508986189566
0.043742490624732205
0.04698483099872107
0.050678637846554374
0.05496133090548622
0.06003984323857675
0.06624742145330907
0.07414903419445967
0.08469029655321564
0.09925758500869948
0.11924352020654824
0.14451463208659227
0.17073242264200553
0.18727748918220252
0.17926969200063705
0.1356105583546835
0.05898195004913631
-0.03117683276109254
-0.10780544106661982
-0.15146457471254737
-0.1594723718940923
-0.14292730535387718
-0.11670951479843773
-0.09143840291835771
-0.07145246772052435
-0.05688517926502515
-0.04634391690627424
-0.03844230416511747
-0.03223472595039301
-0.02715621361728842
-0.022873520558364464
-0.0191797137105136
-0.015937373336537768
-0.013049972573694184
-0.010446853993379636
-0.008074676452957417
-0.005892168107331633
-0.0038667244006264576
-0.0019721109201401125
-0.00018686223948930804
0.001506864092045165
0.0031241270871011882
0.004677830588395837
0.006179203135989865
0.007638172095196125
0.009063661743931938
0.010463836532194737
0.01184630509349278
0.01321829683419034
0.012907516959475278
0.01412155870631543
0.015344871131409029
0.016583851356694622
0.017845232072686852
0.01913623779779981
0.020464765402984676
0.021839599365732976
0.023270675539996653
0.024769412212312894
0.026349134723908926
0.028025631408856153
0.029817896478672626
0.031749144096928875
0.03384822519969298
0.0361516601776202
0.038706649217963476
0.04157571521402032
0.04484427219066735
0.04863391909204896
0.053127765217914485
0.05862069157139668
0.0656126261607915
0.07494033023472545
0.08783060660252201
0.10551582017989855
0.1278779576288653
0.15107802104872736
0.16571901001708733
0.15863347961503604
0.12000026104885654
0.0521923935153832
-0.02758833248943441
-0.09539620002286733
-0.13402941858903325
-0.14111494899104954
-0.12647396002267236
-0.10327389660278398
-0.08091175915382469
-0.06322654557643433
-0.050336269208635404
-0.04100856513470957
-0.03401663054529865
-0.02852370419183424
-0.024029858065948536
-0.020240211164578678
-0.016971654187912605
-0.014102588191869663
-0.011547599151515287
-0.009244164173610086
-0.007145083070826442
-0.005213835452584971
-0.0034215703827584834
-0.0017450736978293115
-0.00016535118622182203
0.0013333854860957464
0.002764461660355143
0.004139295623106272
0.005467823228291733
0.006758828953411707
0.008020209669399935
0.00925918989469135
0.010482502319776727
0.011696544066623222
0.011572364290986898
0.012660825760764398
0.013757598949626906
0.014868419261016268
0.015999322955610754
0.017156787247160857
0.01834789215351679
0.019580513484702477
0.020863559328280358
0.022207266860805434
0.023623583046673495
0.025126663069490997
0.02673353637189292
0.028465015832937493
0.03034696803045758
0.032412135658773836
0.03470283647393964
0.037275125926999754
0.040205582683592034
0.043603227250445686
0.047632227702391394
0.0525569622161812
0.0588256474511219
0.06718849772597646
0.07874543953755352
0.09460141232878444
0.11465067484892316
0.1354513554621335
0.14857836531376867
0.1422260256976842
0.1075887780451508
0.04679414339967076
-0.024735124875920264
-0.08552975952138729
-0.12016700717390072
-0.12651934678994708
-0.11339233693831827
-0.09259165632504704
-0.07254239380491036
-0.0566864210137155
-0.04512947920209824
-0.03676662892727403
-0.030497943692311187
-0.025573209178536664
-0.021544208726574893
-0.018146564159736166
-0.015216107403115062
-0.012643817950067294
-0.010353117134891805
-0.008287949506598235
-0.00640599730904963
-0.004674517848029278
-0.00306764454561808
-0.0015645645228185966
-0.00014824833694035595
0.0011954591955828896
0.0024785050391653895
0.0037111263703500773
0.004902231276705062
0.0060596955682612865
0.007190599262854895
0.008301419574246875
0.009398192763101235
0.010486654232879571
0.010494005091256578
0.011481039450356749
0.012475611008730427
0.013482920721525207
0.014508442365979493
0.01555804958245727
0.01663816264352093
0.01775592345853647
0.01891941002218488
0.0201379055677394
0.021422243790562415
0.022785260833267457
0.024242399260669838
0.025812532515422655
0.027519116810677355
0.029391843724841268
0.031469087643374076
0.033801680491459735
0.03645906493186715
0.039540102329654256
0.04319366263650437
0.04765948797361125
0.053344029227932716
0.06092759814595364
0.07140764271215058
0.08578617517050488
0.10396735329915455
0.12283004716583307
0.13473417110465383
0.12897395382065294
0.09756416886543262
0.042434050462838685
-0.022430579615601486
-0.07756069801815771
-0.10897048297336331
-0.11473070025732876
-0.102826576318517
-0.0839638824518022
-0.06578270432315479
-0.051404171864798405
-0.04092412729859665
-0.033340558380589004
-0.02765601712624832
-0.02319019178916039
-0.019536631482289166
-0.016455594084517394
-0.013798209644090668
-0.01146561679601713
-0.009388372877478261
-0.007515645963332153
-0.005809061668065583
-0.0042389284133249015
-0.0027817899859136257
-0.0014187729432225465
-0.00013443472039274297
0.001084060825165739
0.0022475473888120554
0.0033653082038217867
0.004445421264894271
0.0054950284813698545
0.0065205501258211555
0.007527859838626509
0.0085224313969906
0.009509465756092437
0.009612327533577545
0.010516434030374139
0.011427444471196799
0.012350122840856844
0.013289483024447048
0.014250905174654566
0.015240270149690741
0.01626411981439259
0.01732985347128627
0.018445974400218126
0.0196224060768946
0.020870906183253858
0.022205619837616715
0.02364383478112672
0.025207036490411824
0.026922421923869316
0.02882514133250206
0.03096175584284295
0.03339587366564184
0.036218049978526845
0.039564646881412806
0.04365526384608283
0.04886220348358545
0.05580862351691607
0.0654081814103274
0.07857872875329457
0.09523250874567427
0.11251063061867031
0.123414849681594
0.11813872459904251
0.08936777739895835
0.038869127350735944
-0.02054629338174222
-0.07104494342996313
-0.09981589063000157
-0.10509201571255669
-0.09418779664961668
-0.07690967477659309
-0.060255894784194575
-0.04708534744125155
-0.03748578954782137
-0.03053936951450581
-0.025332429876989523
-0.021241812912336358
-0.017895216009435527
-0.015073039696558278
-0.012638921873740307
-0.010502307363409855
-0.00859958795477253
-0.006884202521329919
-0.00532100081203851
-0.003882785868541983
-0.0025480722141706987
-0.0012995721078243793
-0.000123140431140179
0.0009929804977926622
0.002058714154690433
0.0030825638193864614
0.004071928794424208
0.005033350944637039
0.005972711128215621
0.0068953894978908675
0.007806399938702078
0.008710506435503047
0.00888464764426601
0.009720310813257136
0.010562355278212868
0.011415184376850917
0.012283432428929167
0.01317207229427507
0.014086539633314316
0.015032881072917944
0.01601793576697915
0.017049563272238975
0.018136935828091075
0.019290921024942346
0.020524593153024587
0.02185393121859304
0.023298794180791095
0.02488432010161308
0.026642998242829768
0.02861786489499117
0.030867712898808644
0.03347624205958212
0.03656949133416316
0.040350435775322456
0.04516319410713719
0.05158375217972086
0.06045661019894387
0.0726301548969933
0.08802329742884714
0.10399358071376012
0.11407250350207634
0.10919589564558904
0.08260289529526076
0.03592682658107819
-0.018991082074010526
-0.06566715078818103
-0.09226015113849223
-0.09713675899495341
-0.08705783620661475
-0.07108755292170149
-0.055694410389819066
-0.043520865691790714
-0.03464800767255521
-0.028227449599987103
-0.023414691268159198
-0.0196337468270183
-0.01654049755241446
-0.013931968391653563
-0.011682120387816974
-0.009707253735663737
-0.007948575594446639
-0.006363049673637091
-0.004918186711443768
-0.0035888486458728313
-0.002355176517788499
-0.001201191320948856
-0.00011381876509271218
0.0009178087401734512
0.0019028634342348446
0.002849204873821941
0.0037636722128708295
0.004652312078216865
0.005520560130287189
0.006373389228935699
0.007215433693885722
0.008051096862876162
0.008279882066721943
0.009058662842947474
0.009843390548977293
0.010638168793297789
0.01144731644375619
0.01227546786426299
0.013127688717055708
0.014009614043060194
0.014927617463836463
0.015889023546143063
0.016902380186568252
0.017977815232017275
0.019127513021474325
0.020366364888814253
0.02171287801602769
0.023190479343848
0.024829446621928555
0.026669886698219417
0.02876659042742316
0.031197560214524765
0.03408025560387905
0.03760383532114308
0.042088994752504355
0.048072515389574
0.05634142042145719
0.06768636252661889
0.08203179105998945
0.09691512316900655
0.10630812678231419
0.10176353858577915
0.07698061563000932
0.03348148930469994
-0.017698537347293562
-0.061197663672591385
-0.08598058662834998
-0.09052517482485595
-0.08113217121152647
-0.06624883910249184
-0.051903410569105086
-0.04055846846397447
-0.03228956343207257
-0.026306042795022206
-0.021820883363641005
-0.018297303646394522
-0.01541460825702088
-0.012983638469931865
-0.010886934740715271
-0.0090464946644293
-0.007407527386351259
-0.005929926058541118
-0.004583412931331513
-0.003344561063981329
-0.002194863274524517
-0.001119428229083729
-0.00010607158865598345
0.0008553344936558386
0.0017733379144296828
0.0026552632404182354
0.003507484093215412
0.004335635513728044
0.005144783164172647
0.005939561408499302
0.006724289114527683
0.0075030698907491596
0.0077749331314853325
0.008506219957492572
0.00924309103936682
0.009989399726737189
0.010749201500948713
0.01152684809883189
0.01232709625273471
0.013155237350007723
0.014017256316143218
0.01492003102819818
0.015871588087977548
0.01688143769387744
0.017961021120525233
0.019124321550351774
0.02038871749989244
0.021776207210462493
0.02331522193165881
0.02504342257650927
0.02701225854695052
0.029294975213259185
0.03200186875499554
0.035310561969477794
0.03952219288664467
0.04514080904874943
0.052905442348798445
0.06355853861671065
0.07702916900172749
0.09100493588487266
0.09982521397891252
0.09555783608046844
0.07228624590070466
0.03143973629349679
-0.016619308311553397
-0.05746581791875199
-0.0807374080985009
-0.08500478599691919
-0.0761845079028479
-0.062208741019720744
-0.04873811063467424
-0.03808501436678165
-0.030320381066715973
-0.02470176490462571
-0.020490133987446563
-0.017181440772978333
-0.014474547231222722
-0.012191830564928788
-0.01022299459447431
-0.008494793949623639
-0.006955779228437432
-0.005568289517868686
-0.00430389356833714
-0.0031405931384921445
-0.002061009711851615
-0.0010511601059559113
-9.960304617447589e-05
0.0008031716658847554
0.0016651906320141203
0.002493331729270627
0.003293579883176784
0.004071226481064455
0.004831028255263757
0.00557733694263818
0.006314208024513922
0.0070454948505142235
0.007352356910087437
0.00804389750813331
0.008740718851408381
0.009446464855634794
0.01016497058210948
0.010900351245780652
0.011657105045111898
0.012440235774406814
0.01325540307142406
0.014109110992445249
0.015008949883827186
0.015963913053074714
0.016984819927364597
0.018084893685437222
0.019280568298919935
0.02059264637528546
0.022048013886189162
0.023682284818921054
0.025544112219800352
0.027702760449220258
0.030262530897132357
0.03339139230578174
0.0373741157260454
0.04268735447782748
0.050029977423486055
0.0601040863326701
0.0728426186069128
0.08605886152914927
0.09439983140500954
0.09036443581503342
0.06835763958445307
0.029731043100499552
-0.015716121803896567
-0.054342718287835
-0.07634951451839911
-0.08038491010833526
-0.07204394023247904
-0.05882769731025707
-0.04608916503598971
-0.03601505612681896
-0.028672433181148815
-0.023359194429376423
-0.01937647100909809
-0.016247609600459623
-0.013687839152532695
-0.011529190923121728
-0.009667363522237097
-0.008033092589500506
-0.006577725078605134
-0.0052656470022439264
-0.004069972388769105
-0.002969898630671072
-0.0019489917563948649
-0.0009940285871451312
-9.418969576579627e-05
0.0007595182252592937
0.0015746855222666702
0.002357816251543592
0.0031145700508789565
0.003849950714558549
0.004568456441017554
0.005274202445246001
0.005971023788527954
0.006662564386567072
0.006998810617403795
0.007657097729634258
0.008320411656453067
0.008992221091735642
0.009676176683460712
0.01037619576175173
0.011096560223997725
0.011842033251230202
0.012618002330898253
0.013430658764036953
0.01428722790612453
0.015196270610593492
0.01616808603916587
0.017215261517516716
0.0183534407687874
0.0196024260798314
0.020987810574007365
0.022543495689660475
0.02431579491838591
0.026370641932644427
0.028807322618275618
0.031785728706075336
0.035576937875119626
0.04063468407684308
0.04762423356802628
0.05721393361588529
0.06933995521562084
0.08192073895643054
0.08986068986442564
0.08601937668965773
0.06507076818216898
0.02830146456881915
-0.014960466429910868
-0.05172977004324822
-0.07267837855070891
-0.07651969172546928
-0.06857974081745001
-0.055998957076673225
-0.04387293547689207
-0.03428323542904539
-0.027293685937861974
-0.022235939736140128
-0.018444730567089444
-0.015466324479298316
-0.013029643793654571
-0.010974796779407613
-0.009202497550673004
-0.007646812435018244
-0.006261427940854105
-0.005012442629804796
-0.0038742633785444867
-0.002827087900169601
-0.0018552724716093824
-0.0009462297671374844
-8.966062505545973e-05
0.0007229958080842208
0.0014989648877425745
0.0022444379149604223
0.0029648023772086128
0.0036648214555062967
0.004348777047221234
0.005020586482497964
0.005683900409325431
0.00634218752154608
0.0067039921511486255
0.007334549536405404
0.007969921986218506
0.00861343207886123
0.009268576682013707
0.00993910811177941
0.010629127894408296
0.011343198566134737
0.012086480671190947
0.012864904707410694
0.01368539166833009
0.014556141788634559
0.015487020386374036
0.016490084556297226
0.01758031904201742
0.01877669197408438
0.02010371838403301
0.02159387163488819
0.023291514290204568
0.025259802600291696
0.027593840080494383
0.030446783132211556
0.034078290664575225
0.03892298432514067
0.045618109239819175
0.054803864578952116
0.0664191170520711
0.07846999322989154
0.08607553314547017
0.08239606018347767
0.062329865931738976
0.027109348265677895
-0.014330327427495603
-0.04955084509353884
-0.06961703934526516
-0.07329651230724128
-0.06569097239164005
-0.0536400962138531
-0.04202484374069441
-0.03283908840157883
-0.026143963486882575
-0.021299269826326607
-0.017667762293952036
-0.014814819242244403
-0.012480781762029835
-0.010512493451949871
-0.008814850796630096
-0.007324697545767862
-0.0059976711358328645
-0.0048012982037604485
-0.003711063718050883
-0.0027079995481060163
-0.001777120950380016
-0.0009063708300766377
-8.58838691568135e-05
0.0006925401670637909
0.0014358222721095513
0.0021498929438192116
0.002839912726455987
0.0035104441562268593
0.004165588759373425
0.004809098851997366
0.005444471301821009
0.006075028687072891
0.006459900644174574
0.007067499524820456
0.007679738154061036
0.008299818135454756
0.008931109016110625
0.009577226490700027
0.010242122749301693
0.010930194206643144
0.011646413511987546
0.012396495234237857
0.013187108374039636
0.014026154596049155
0.014923140022572803
0.015889682749963344
0.016940221927576993
0.018093035056222045
0.019371744574250293
0.020807641487018698
0.02244347311103515
0.02434009616432167
0.02658915142056697
0.029338218846460175
0.03283750330455948
0.037505802573753244
0.043957161823187485
0.052808474941993595
0.06400084001928805
0.07561298205135827
0.08294164650845368
0.07939616520102469
0.06006055746318004
0.026122345364363173
-0.013808607070006269
-0.047746819168811655
-0.06708242690661564
-0.0706279082140616
-0.06329924375693305
-0.051687101724901846
-0.04049473664756538
-0.03164342352876444
-0.025192064279337994
-0.020523765010137338
-0.017024480552043572
-0.014275413126147845
-0.012026357869902214
-0.010129734816621268
-0.008493903192594309
-0.007058006279825711
-0.005779296761806412
-0.004626483633158928
-0.003575944455549672
-0.00260940172814585
-0.0017124163016325354
-0.0008733700796208629
-8.27569398202839e-05
0.0006673247824235092
0.0013835440877672301
0.002071615545092412
0.002736511803703358
0.0033826292782935348
0.004013920158947181
0.004634000140324543
0.0052462387695770794
0.005853837650216542
0.006260312403061519
0.0068491386202830795
0.0074424612341071495
0.008043382929751701
0.008655169147093734
0.009281323868478675
0.009925677175101306
0.010592489647811131
0.011286580298302715
0.012013487135174037
0.012779673110066975
0.013592795753538625
0.014462067481518733
0.015398747431111642
0.016416828631380477
0.017534023870587417
0.01877322573356157
0.02016475843827907
0.021750048550093333
0.023588072511468362
0.025767639690733056
0.028431770328712816
0.03182293891634071
0.03634700436439457
0.04259904162348552
0.05117688810677408
0.062023466116565285
0.0732768626743401
0.08037912965851651
0.0769432089997801
0.058204987026282115
0.025315292115742793
-0.013382005093707306
-0.046271700004233494
-0.06500992197772333
-0.06844584263643794
-0.06134357565225845
-0.05009017909450001
-0.03924360108469066
-0.030665754601410924
-0.024413717342317745
-0.019889651894253985
-0.016498483306636703
-0.013834352668643
-0.011654785489386078
-0.009816761528008467
-0.008231471416193554
-0.006839938711468886
-0.005600736848504925
-0.004483541609298507
-0.0034654604090297546
-0.002528780459429234
-0.0016595087314601482
-0.0008463860879883659
-8.020011308843434e-05
0.0006467067237757771
0.0013407973742698143
0.0020076098469583147
0.0026519631535956295
0.00327811787497714
0.003889904092321167
0.004490825787945085
0.0050841484017865105
0.005672974619007192
0.006100405143870478
0.0066741909698471965
0.007252358340858856
0.007837930690139468
0.008434090048349642
0.00904425089551062
0.009672145480920404
0.010321925557257175
0.010998287044001295
0.01170662649215514
0.012453241769836485
0.013245594810871966
0.014092662717825968
0.015005417034824855
0.015997493365753346
0.017086152059311598
0.018293700952242448
0.01964968968647147
0.02119448666077863
0.022985561868430947
0.0251094561974321
0.02770553670224357
0.031010084406041544
0.0354185917569623
0.04151093495563148
0.04986968346943023
0.060439220917663405
0.07140519426365628
0.07832607319352106
0.07497793008517926
0.05671832591493592
0.02466869076741427
-0.013040215891601589
-0.04508985103911774
-0.06334945520933634
-0.06669759831768741
-0.05977671938779369
-0.04881074604181878
-0.03824120859356252
-0.029882460079783096
-0.02379011688111053
-0.019381609530180692
-0.016077061826391608
-0.013480981321574837
-0.011357086992581446
-0.00956601178492621
-0.008021214810612454
-0.006665226076381073
-0.005457677183460534
-0.004369018489900806
-0.003376942158971867
-0.0024641878419709873
-0.0016171199350240289
-0.0008247668939890388
-7.81516163001466e-05
0.0006301878318442601
0.0013065493185967616
0.001956329394913964
0.002584223980340872
0.003194384827496584
0.0037905441857123056
0.004376116534972982
0.004954283905997386
0.005528069731971914
0.005976486930290483
0.006538617385128474
0.007105040382155291
0.0076787179392382695
0.00826276745006768
0.008860534035906049
0.009475674132401989
0.010112255157150297
0.01077487764079917
0.011468828513488757
0.012200277713844779
0.012976535600365116
0.013806396922368864
0.014700610357275573
0.01567253452664291
0.016739079166619906
0.017922098970530674
0.019250543332025805
0.020763960636672886
0.022518653473484376
0.024599404799660395
0.027142750677382248
0.03038017257378796
0.03469912955553586
0.040667719685045296
0.048856680615874254
0.05921152826583487
0.06995476556354178
0.07673507901098299
0.07345495752678796
0.055566252988631076
0.024167613729931016
-0.012775349372579152
-0.04417398863127246
-0.062062693169409176
-0.06534281465360847
-0.058562501206162
-0.047819263908458226
-0.037464416258482194
-0.02927545532765592
-0.0233068651981418
-0.018987908216392752
-0.015750486319994796
-0.013207140442262474
-0.01112638911610642
-0.00937169627928101
-0.007858278974631788
-0.006529834613128477
-0.0053468148092311015
-0.004280270169246698
-0.0033083459998803815
-0.0024141325649783578
-0.0015842712429800891
-0.0008080133564648778
-7.656415609096079e-05
0.0006173867165822737
0.0012800092002421132
0.0019165902249733344
0.002531730321483879
0.0031294969073196377
0.003713546418152698
0.0042872239752172366
0.004853646972259081
0.0054157774270949125
0.005885801005283982
0.006439401817074689
0.006997230036923381
0.0075622027376476214
0.008137390010266884
0.00872608621786104
0.00933189231407714
0.009958813998343644
0.010611381993786185
0.011294803007710356
0.01201515335730077
0.012779632475079463
0.013596901660468924
0.014477546492421174
0.015434722891094425
0.016485084007112377
0.01765015291407295
0.01895843973155302
0.020448892742556762
0.02217696020566301
0.024226138588216515
0.02673089217377213
0.029919190013238485
0.034172612169143
0.040050637190482886
0.048115343907192604
0.058313076804204986
0.06889331074897864
0.07557075491229341
0.07234041277169916
0.054723140572269915
0.02380091454529456
-0.01258151395612557
-0.04350373998309341
-0.06112101218250782
-0.0643513543231041
-0.05767391015979169
-0.047093676215007124
-0.0368959433179805
-0.028831236601285837
-0.022953211579940618
-0.018699789424040447
-0.01551149158457235
-0.013006737999017302
-0.010957559616471017
-0.009229492153356448
-0.007739039142355826
-0.006430752324868147
-0.0052656834179189305
-0.004215322301888508
-0.003258145903216032
-0.002377501071265012
-0.0015602318858827045
-0.000795752768108708
-7.540241850834475e-05
0.0006080185954128198
0.0012605865908640896
0.001887508275113619
0.002493314371347863
0.0030820105789389155
0.0036571978515586544
0.004222170552269161
0.004779998772123592
0.005333599583913344
0.00582638730283126
0.006374399841915787
0.006926597115844746
0.007485866751273852
0.008055247848469754
0.0086380015158189
0.009237692357441395
0.009858285637536785
0.01050426634421064
0.01118078862607024
0.011893867463351937
0.012650629614427976
0.01345964894782994
0.01433140418708352
0.015278918450703938
0.016318676784997682
0.017471984999935193
0.018767065420757862
0.020242473167918277
0.021953096777845495
0.023981589862635155
0.02646105936154295
0.02961717313367308
0.03382765955502322
0.03964635001020646
0.047629650397018816
0.057724448010584156
0.0681978886171366
0.07480793679302389
0.07161020790406805
0.05417076717811348
0.023560667994260782
-0.012454520663332193
-0.04306461984715612
-0.06050406057311978
-0.06370178946207257
-0.057091741286139
-0.04661830067961639
-0.03652350306605777
-0.02854020267925251
-0.02272151222406163
-0.018511025802703748
-0.01535491203056553
-0.01287544253165833
-0.010846949446869989
-0.009136325836943298
-0.007660918089786054
-0.006365837668954232
-0.005212529454029324
-0.004172771119717875
-0.0032252568561030584
-0.002353501616854458
-0.001544482283454265
-0.0007877201323822263
-7.464129508806885e-05
0.0006018809867592784
0.0012478616934456519
0.0018684549735307528
0.0024681458151562504
0.0030508994825080337
0.0036202805796969996
0.0041795502151282
0.004731747489057597
0.005279760028140149
0.0057969878623770265
0.006342235179212875
0.006891646115084268
0.007448093725925032
0.008014601776961566
0.008594414921294924
0.009191079776375954
0.009808541597982343
0.010451262743376953
0.01112437135371444
0.011833852058167518
0.012586795654028466
0.013391732746767025
0.014259089185064269
0.015201822373743304
0.016236334176763123
0.017383822896398025
0.018672368449818583
0.020140331410469198
0.021842323349778647
0.023860580813284973
0.026327539091123932
0.02946772735286462
0.03365696805900974
0.03944629822721407
0.04738931663383719
0.05743317916088171
0.0678537755904504
0.07443047441214523
0.07124888336634706
0.05389743830117627
0.023441787692907314
-0.012391681010560209
-0.042847331618821816
-0.06019877668396624
-0.06338036772978721
-0.05680366890808517
-0.04638307247850467
-0.03633920995142828
-0.02839619154482548
-0.022606861376626427
-0.018417620670493948
-0.015277432408741406
-0.012810474130896032
-0.010792216667400753
-0.009090224728090329
-0.007622261767435745
-0.006333716214004681
-0.005186227494379341
-0.004151715691342945
-0.0032089825026697695
-0.002341626064371766
-0.0015366889716397917
-0.0007837453757829583
-7.42646713268809e-05
0.000598843939015453
0.0012415650844057524
0.0018590269060106057
0.002455691761095632
0.003035504905431063
0.0036020129564605695
0.004158460567305254
0.004707871503172155
0.005253118820007402
