0.0007842164665355524
0.0007211743569037492
0.0006576508434740947
0.0005933137392119366
0.0005278134317589449
0.0004607747692380144
0.0003917876860017849
0.0003203960249570229
0.0002460838405334827
0.00016825820762976073
8.622717182039333e-05
-8.291194578818883e-07
-9.389699355033369e-05
-0.0001941819117555956
-0.0003031820425946311
-0.00042279381617823316
-0.0005554682478637709
-0.0007044520406689934
-0.0008741806082798816
-0.0010709684001295391
-0.001304323921554906
-0.0015895591741331033
-0.001952631155628177
-0.0024369795183577427
-0.003106279347944753
-0.004024468594197375
-0.005185354693206231
-0.006389580080454211
-0.0071493210196785
-0.0067811267913076125
-0.0047753142551619
-0.0012551504966388338
0.0028864661812123375
0.006406629939734672
0.00841244247588003
0.008780636704254262
0.008020895765029637
0.006816670377780103
0.005655784278772297
0.004737595032519835
0.0040682952029328125
0.0035839468402035636
0.0032208748587086895
0.0029356396061312497
0.0027022840847047746
0.0025054962928553323
0.002335767725245169
0.0021867839324395573
0.002054109500753007
0.0019344977271700044
0.0018254975963319826
0.0017252126781261998
0.0016321448040326984
0.0015450885127550548
0.0014630574769450182
0.0013852318440421296
0.001310919659619328
0.0012395279985737196
0.0011705409153375487
0.0011035022528167217
0.0010380019453643712
0.000973664841100703
0.0009101413276711973
0.000847099218039046
0.0007881936225606026
0.0007248317944922684
0.0006609861211829176
0.0005963227309060012
0.0005304902382434187
0.00046311158872891327
0.00039377463706360895
0.00032202091274792966
0.00024733185358697426
0.00016911152745286893
8.666447066178382e-05
-8.333272437199661e-07
-9.437319578552465e-05
-0.00019516670978137428
-0.0003047196357473306
-0.0004249380215819333
-0.0005582853130359903
-0.0007080246788885516
-0.0008786140272004947
-0.0010763998314417508
-0.0013109388198286006
-0.0015976206492251128
-0.0019625339572761874
-0.002449338692952606
-0.0031220328456765855
-0.004044878575244046
-0.005211651845459731
-0.006421984027432055
-0.007185577500271464
-0.006815515700485503
-0.0047995309252243795
-0.0012615154622593176
0.0029011043691322866
0.00643911983209843
0.008455104607360216
0.008825166407148893
0.008061572934308911
0.006851240752332246
0.00568446748211958
0.0047616217525507714
0.0040889275998272695
0.0036021228641523427
0.003237209556100534
0.0029505277267038647
0.002715988738316779
0.002518202934076079
0.002347613585764322
0.0021978742199122575
0.002064526928456787
0.00194430854262194
0.0018347556166577162
0.001733962102662343
0.0016404222341190014
0.0015529244362139435
0.0014704773794222696
0.0013922570532887784
0.0013175679941280361
0.0012458142698113105
0.0011764773181467902
0.0011090986686323225
0.0010432661759701245
0.0009786027856919146
0.0009147571123821942
0.0008513952843144072
0.0007962311076623991
0.0007322231565419592
0.0006677264262343211
0.0006024036404031892
0.0005358998304238016
0.0004678340968705865
0.00039779009164734105
0.00032530466906195655
0.0002498539789509154
0.00017083601224501235
8.754821335839108e-05
-8.41830908191875e-07
-9.533555904055007e-05
-0.00019715690074504017
-0.00030782697742087793
-0.00042927127368250315
-0.0005639783560192105
-0.0007152446690777749
-0.0008875735800955571
-0.0010873762803340508
-0.0013243069522515187
-0.0016139121872859024
-0.001982546655749576
-0.002474315506653748
-0.0031538692890024627
-0.0040861253609551056
-0.0052647960813580405
-0.00648746954776962
-0.007258848638269637
-0.0068850126306256795
-0.0048484706563392274
-0.001274378484352661
0.002930686851208577
0.006504779023195042
0.008541320997482551
0.00891515700512728
0.0081437779146286
0.006921104448212907
0.005742433727812184
0.00481017765585905
0.0041306238735113006
0.003638855022606969
0.0032702205541434506
0.0029806153191098226
0.0027436846471911953
0.0025438819469537416
0.0023715530359359064
0.0022202867228767777
0.0020855796405400214
0.001964135344277736
0.0018534652676042169
0.0017516439258991059
0.001657150197766279
0.0015687601534993545
0.0014854723546130029
0.0014064543879071677
0.0013310036977969104
0.001258518275210508
0.0011884742699872016
0.0011204085364343915
0.001053904726454737
0.0009885819406231463
0.0009240852103155671
0.000860077259195119
0.0008084990987318423
0.0007435049396273016
0.0006780144704231743
0.0006116852181637425
0.0005441567450119202
0.00047504228279521515
0.0004039190684917099
0.0003303168204433557
0.00025370361721146215
0.00017346817420563687
8.889711113563748e-05
-8.548107001988148e-07
-9.680445957133328e-05
-0.00020019462303648785
-0.000312569859375037
-0.00043588532037654865
-0.0005726679155008863
-0.0007262648799209219
-0.0009012489673661276
-0.0011041301509272013
-0.0013447113620902616
-0.0016387787289404098
-0.0020130929798517373
-0.002512438792914287
-0.0032024627473557724
-0.00414908225695168
-0.005345912591585295
-0.006587423102545356
-0.007370685704501941
-0.006991088922640914
-0.0049231695508743095
-0.001294011873348275
0.0029758399373844106
0.006604997614911271
0.00867291698667804
0.009052513768540604
0.008269251166583388
0.007027740655621981
0.0058309103209900695
0.004884290811392162
0.004194266856952092
0.003694921043888717
0.003320606792977514
0.0030265394261284623
0.0027859582149647663
0.002583077031404259
0.002408092943959374
0.002254495979539784
0.0021177133844148413
0.001994397923411995
0.0018820226870762398
0.0017786325236102602
0.0016826828747381786
0.0015929309529028569
0.0015083598898325283
0.0014281244468264895
0.0013515112435955512
0.0012779089955467422
0.0012067857812433505
0.0011376713190265307
0.0010701428458745488
0.0010038135936149659
0.0009383231244101554
0.0008733289653059103
0.0008252627534798579
0.0007589209857513291
0.00069207261727117
0.0006243680741399862
0.0005554394450852473
0.00048489194255967526
0.00041229403783443665
0.0003371656982776496
0.0002589639734136335
0.00017706490407389842
9.074031849758916e-05
-8.725474871823947e-07
-9.881164625555729e-05
-0.0002043455337696063
-0.0003190507937481594
-0.00044492311684419226
-0.000584541806459128
-0.0007413235007387295
-0.0009199357669434219
-0.0011270235591123515
-0.0013725930676249352
-0.0016727577366289668
-0.002054833154282201
-0.0025645325431201483
-0.003268863508459793
-0.0042351099861528095
-0.0054567545671751
-0.0067240049734571
-0.007523505772800672
-0.007136037107576867
-0.005025241983088301
-0.0013208399211679968
0.0030375394968294844
0.006741941558750531
0.008852736683239638
0.00924020534846268
0.008440704549119856
0.0071734541428370106
0.005951809561815362
0.004985563084121681
0.004281232118782362
0.003771532729944631
0.0033894573122915197
0.0030892926432885756
0.00284372313477442
0.002636635342606608
0.002458023076402728
0.002301241382123298
0.002161622692507589
0.0020357503694107505
0.0019210451094342285
0.0018155112219195694
0.0017175721231510095
0.0016259592571656197
0.0015396346715898135
0.0014577356022497444
0.0013795338773872875
0.0013044055378291651
0.0012318076331041905
0.0011612601305787083
0.0010923315015239211
0.0010246269583924555
0.0009577785899116934
0.0008914368221837567
0.0008468950059683381
0.000778814249253589
0.0007102136124635408
0.0006407343584564373
0.0005699989320472608
0.0004976021972778106
0.0004231013139244274
0.0003460036664453604
0.00026575207221227984
0.00018170621644918357
9.311884009911375e-05
-8.954363327850047e-07
-0.00010140177269749549
-0.0002097019771758801
-0.0003274139599505877
-0.00045658572407682033
-0.0005998641834694927
-0.0007607555356885712
-0.0009440496978657436
-0.00115656580702254
-0.00140857234419182
-0.001716605130735543
-0.0021086957598609197
-0.0026317556695847526
-0.003354548761285935
-0.004346122351252403
-0.005599787798905655
-0.006900253503421194
-0.007720708348469318
-0.007323081522926899
-0.005156958492071953
-0.0013554593717199637
0.003117158045516534
0.006918657165869922
0.009084780196722621
0.009482407022266723
0.00866195217721831
0.007361486472701868
0.006107821025049219
0.0051162474350830555
0.004393454343382317
0.003870394433657773
0.0034783038045321495
0.0031702710179897214
0.0029182644808197194
0.0027057483716641005
0.0025224542094870153
0.0023615628572678914
0.002218284397875387
0.0020891126337478304
0.001971400650975479
0.0018631004464959916
0.0017625941101313133
0.0016685798336987959
0.0015799924573495047
0.0014959466015857141
0.0014156950073544042
0.0013385973598737254
0.0012640964765209678
0.0011916997417513926
0.001120964315342414
0.0010514850613352349
0.000982884424544546
0.0009148036678303511
0.0008738953013020886
0.0008036440254421428
0.0007328562949176978
0.000661161935485973
0.0005881713549099982
0.0005134665008632362
0.000436590414677459
0.00035703477545176855
0.0002742246366920644
0.00018749926937086127
9.60875906189908e-05
-9.240063782755322e-07
-0.00010463464048988621
-0.0002163876236600821
-0.0003378524477077125
-0.00047114240943264146
-0.0006189888108349081
-0.000785009633101835
-0.0009741475044282018
-0.0011934389684506701
-0.001453479884489759
-0.0017713332642072433
-0.002175924381981909
-0.0027156602249083254
-0.003461496803917133
-0.004484682374822446
-0.005778314543710044
-0.0071202377201707995
-0.007966846129028543
-0.007556540270227673
-0.005321359827469234
-0.0013986693921922378
0.0032165336891471236
0.007139224124425204
0.009374404567183664
0.009784710425984625
0.008938102017126406
0.0075961788406656485
0.006302546671778597
0.005279361100873051
0.004533524521864561
0.003993788678938389
0.003589197561163074
0.0032713441814466553
0.0030113032654063747
0.0027920118013845764
0.0026028739300586376
0.002436853107792115
0.0022890067063896535
0.002155716744664132
0.0020342519206185765
0.001922498937447313
0.001818788303336013
0.0017217767063379976
0.0016303650275869587
0.0015436396602647655
0.0014608295215072582
0.0013812738822793769
0.0013043977960946638
0.0012296929420472123
0.001156702361472299
0.001085008002039995
0.0010142202715152436
0.0009439689956558998
0.0009069159979992335
0.0008340102305033719
0.0007605477380261976
0.0006861443590295335
0.0006103957802579508
0.0005328681529803957
0.0004530872520171399
0.0003705255491952018
0.0002845863732493395
0.00019458402901785282
9.971829769031559e-05
-9.58948872397552e-07
-0.00010858836059096026
-0.00022456400750768806
-0.00035061846452960274
-0.0004889448811275484
-0.0006423777638975523
-0.0008146718027156045
-0.0010109563877661746
-0.0012385339458257857
-0.001508400712128973
-0.0018382644393981095
-0.002258143351304113
-0.002818273449262148
-0.003592291622988997
-0.004654137787053395
-0.00599664808575522
-0.007389272423072123
-0.008267865649980818
-0.007842053454074838
-0.005522417668012371
-0.0014515138095321399
0.0033380672814738097
0.0074089711399569595
0.009728606926016604
0.01015441912192447
0.009275825895015823
0.007883201557699702
0.0065406912589973274
0.005478845094932355
0.004704826921206167
0.004144696823247265
0.0037248179113407867
0.0033949541840729326
0.003125087417768766
0.0028975098597101775
0.0027012252746596447
0.002528931235841504
0.002375498353072201
0.002237171936473459
0.002111117479453118
0.001995141832535811
0.0018875124208172854
0.0017868351742538003
0.0016919694429272329
0.001601967098694497
0.0015160279227506926
0.0014334662199271158
0.001353685318965527
0.0012761576916866311
0.0012004091129164535
0.0011260057339190104
0.0010525432414415247
0.000979637473946672
0.0009467990372369464
0.0008706871229460794
0.0007939940007877956
0.0007163186150949596
0.0006372388722760314
0.0005563018443930194
0.00047301245143514315
0.0003868199663087286
0.00029710147814054194
0.00020314113718179045
0.00010410353365826832
-1.0011561080154434e-06
-0.00011336374406406015
-0.000234439606886941
-0.00036603751249486127
-0.0005104470580079654
-0.0006706274025984969
-0.0008504983556587064
-0.0010554148823001402
-0.0012930005484245199
-0.0015747351715565345
-0.0019191052356439687
-0.0023574490485860798
-0.0029422117228424137
-0.003750268140036456
-0.004858809198915075
-0.006260355175862549
-0.0077142169051675966
-0.008631441502461831
-0.008186900167227208
-0.005765257831158234
-0.0015153397686281714
0.0034848573613189375
0.007734775423850557
0.010156417759919417
0.010600959095154
0.00968373449785963
0.008229872768554492
0.006828326791607558
0.005719785732729658
0.004911729315535202
0.004326966641279086
0.0038886228283355204
0.003544252764249363
0.0032625181411154343
0.0030249324749920727
0.0028200159483512425
0.002640144995290673
0.002479964650700382
0.002335555105187288
0.002203957199580463
0.002082881336757301
0.00197051874880129
0.0018654140590343743
0.001766376455511802
0.0016724161145523385
0.00158269762638549
0.0014965051412573578
0.0014132157483013074
0.0013322787204167207
0.001253198977599846
0.0011755235919054543
0.0010988304697470623
0.001022718555457844
0.0009946267762317596
0.0009146700505368182
0.0008341027570934906
0.0007525035807904623
0.0006694291058571846
0.0005844035245652121
0.0004969067477868116
0.00040636022827620223
0.00031210958861790667
0.0002134028176731549
0.00010936230465203006
-1.0517754267260447e-06
-0.00011909038883114065
-0.00024628243118349636
-0.0003845280410979232
-0.0005362324757710222
-0.0007045043778345011
-0.0008934615681403622
-0.0011087295214937457
-0.0013583169142570577
-0.0016542834765250242
-0.0020160495473376346
-0.002476536477840207
-0.0030908385346494513
-0.003939713561715899
-0.005104250959508647
-0.006576592114281549
-0.008103889055271405
-0.009067439637829237
-0.00860043790415786
-0.006056469690678774
-0.0015918790440273068
0.0036608872071691055
0.008125477853822834
0.010669446067300255
0.011136447800972848
0.010172897218415692
0.008645600277426873
0.007173259122653461
0.006008721724860017
0.00515984669779415
0.004545544640984473
0.004085057710481121
0.0037232916396691676
0.003427325077400719
0.0031777376846380614
0.0029624697312845053
0.002773512540978254
0.0026052406389157528
0.002453536204242466
0.0023152905943288225
0.0021880985519760893
0.0020700599385714913
0.001959645858492414
0.001855605345472171
0.0017568985745263887
0.001662647934869677
0.0015721014153581394
0.0014846046385813567
0.0013995790572874684
0.001316504582356365
0.0012349054060522514
0.0011543381126082931
0.001074381386914914
0.0010517928832633767
0.0009672406461382531
0.0008820427488577733
0.0007957536612061846
0.0007079044820697936
0.0006179920566435567
0.000525466403645095
0.0004297157237813465
0.0003300480292385969
0.00022566808696196069
0.00011564784537949533
-1.1122845749015654e-06
-0.00012593516865526692
-0.0002604375760467736
-0.00040662885625410063
-0.0005670525092736362
-0.0007449958479785542
-0.0009448133666437781
-0.001172453867155352
-0.001436386329806169
-0.0017493636262366098
-0.002131922286761328
-0.0026188757925357893
-0.003268484794747813
-0.0041661481937463034
-0.00539761496031625
-0.006954573464839413
-0.008569642876178929
-0.009588563499649724
-0.00909471536958149
-0.006404537689057038
-0.0016833614344552905
0.0038712857065221207
0.00859246196112375
0.011282639641649926
0.011776487771719822
0.010757567148248484
0.009142497736908204
0.007585539232385436
0.006354072465815757
0.0054564090668174775
0.004806800064605629
0.004319846558830121
0.003937287898306505
0.0036243106018746876
0.0033603781392239265
0.003132737638712765
0.002932920120047235
0.002754976781342803
0.002594553128323561
0.0024483618481166676
0.0023138594407247004
0.0021890365566441237
0.0020722764266899027
0.001962256185108144
0.0018578762428307545
0.0017582085482894675
0.0016624578684250888
0.0015699322154276013
0.001480019789999826
0.0013921706108658534
0.0013058815232128347
0.0012206836259319692
0.0011361313888082298
0.001120102370145354
0.0010300588186629084
0.0009393276740505289
0.0008474344707337599
0.0007538798543943387
0.0006581279923794962
0.0005595931843687511
0.0004576238971923602
0.0003514832012346731
0.00024032421626282436
0.00012315861748222036
-1.1845980934779496e-06
-0.00013411421110485176
-0.0002773519935429555
-0.0004330377943511331
-0.0006038803040988223
-0.0007933803342585733
-0.0010061751875471488
-0.0012486000195540258
-0.0015296738423973555
-0.0018629777847245974
-0.0022703821484582037
-0.002788961373717277
-0.0034807596942072593
-0.004436721667581196
-0.005748163957949281
-0.00740623339859999
-0.009126183339854724
-0.010211265680850928
-0.009685337109958485
-0.00682045016700958
-0.0017926747491979087
0.0041226954283975405
0.009150470846209558
0.012015357789159005
0.012541286360051009
0.011456204019056573
0.009736254077802226
0.008078184637152408
0.006766742346784045
0.0058107803734108706
0.0051189820529201815
0.004600402827660669
0.00419299846392711
0.0038596945215995607
0.003578620698756655
0.00333619586674916
0.0031234010134604494
0.0029339009833013324
0.002763058473554023
0.002607372672745703
0.002464134890307285
0.0023312052772955913
0.002206862061720538
0.0020896964629404727
0.0019785374779681206
0.0018723967820113603
0.001770427494835011
0.0016718926868252476
0.001576140824808991
0.0014825862084713397
0.001390693005153532
0.0012999618605407744
0.001209918309059779
0.0012019150513081123
0.0011052946796009555
0.0010079364926017182
0.0009093313695194917
0.0008089434829300072
0.0007061978626702451
0.0006004660285436974
0.0004910488590227789
0.0003771555987184442
0.00025787751074637694
0.00013215408244059514
-1.2712200246492791e-06
-0.00014391007561543744
-0.0002976100158290887
-0.00046466718587507964
-0.0006479881214128428
-0.0008513293364997915
-0.0010796668473910301
-0.0013397985372823786
-0.001641402179950607
-0.001999050890359188
-0.002436212399603376
-0.002992669040307417
-0.0037349965182101232
-0.004760781178649323
-0.006168007737830642
-0.007947174126712081
-0.009792734956401743
-0.010957055297798134
-0.010392703435385555
-0.007318572443828314
-0.0019235942259035212
0.004423800462712577
0.009818778680636731
0.012892909672196666
0.01345726153460837
0.01229294119321425
0.010447380363522562
0.00866821397464261
0.007260987415461466
0.0062352027550227375
0.0054928752771193825
0.004936418636415496
0.0044992571271714795
0.004141608416762299
0.0038400047740936895
0.0035798730842028824
0.0033515355733106924
0.003148194358224777
0.002964873422687169
0.002797816252640693
0.0026441163124275775
0.0025014774568361585
0.002368052154371734
0.002242328726066196
0.0021230506380938855
0.0020091573777902333
0.0018997402082696515
0.0017940083741434865
0.001691262753882992
0.0015908748672947052
0.001492269744211662
0.001394911557212073
0.0012982911855062007
0.0013003555791844508
0.0011958216938256884
0.0010904895636909382
0.0009838083693304845
0.0008751983972957448
0.0007640375854718102
0.0006496459790555234
0.0005312671961376515
0.00040804571581375213
0.00027899837257911657
0.00014297779416584926
-1.3754677009934595e-06
-0.00015569690376620107
-0.00032198536489645474
-0.0005027250588686509
-0.0007010605773223716
-0.0009210561070601738
-0.0011680952196821092
-0.0014495325732386502
-0.0017758385938283685
-0.0021627800001721527
-0.0026357466216250782
-0.003237779035194536
-0.004040905353470488
-0.0051507034311281535
-0.006673180905714413
-0.008598054449542099
-0.010594752585114508
-0.011854411983937177
-0.011243825636443584
-0.007917924968829159
-0.002081118374073015
0.00478609917643672
0.010622905771192336
0.013948806438808298
0.014559392786301945
0.013299733387482977
0.011303035251907772
0.00937816170808203
0.007855684233495393
0.006745886155838694
0.005942759837561599
0.0053407274239924175
0.004867760802538947
0.004480819396195553
0.004154513375605633
0.0038730760220486117
0.003626036909426665
0.0034060413796891302
0.0032077058612357185
0.0030269661672633306
0.0028606777061332784
0.002706356270067148
0.0025620030082020356
0.002425982429788685
0.0022969350865535347
0.0021737136062304225
0.0020553348233130243
0.001940943216896942
0.001829782405072499
0.0017211724330384807
0.0016144912386771662
0.0015091591085427424
0.0014046252231845716
0.0014196289098443837
0.0013055067851581216
0.001190513197587164
0.0010740468043803858
0.000955474718512779
0.0008341178198954828
0.0007092337855982692
0.0005799968553682542
0.00044547303651513623
0.00030458898364357345
0.00015609208284531246
-1.5018083259462148e-06
-0.0001699781946261432
-0.00035151926996174914
-0.000548837104334913
-0.0007653647251778027
-0.0010055391049547798
-0.001275237621892372
-0.0015824895399846447
-0.0019387256884078432
-0.0023611589949662387
-0.0028775081621741877
-0.003534761535845322
-0.004411553435528573
-0.005623144188430049
-0.007285261673764049
-0.009386675249439261
-0.011566490887011836
-0.012941660440468263
-0.012275052134335204
-0.008644102855384448
-0.002271973319396987
0.005225064785165731
0.011597194321152707
0.015228143600104653
0.015894751906238097
0.014519582352784343
0.012339766715210466
0.010238353139536352
0.008576235654203554
0.0073646449013017486
0.006487853001617905
0.0058305996279476285
0.0053142504607397115
0.00489181715418013
0.004535581005757442
0.0042283290876649485
0.003958630570726042
0.0037184561909502827
0.0035019285701075324
0.003304610735733781
0.003123069660398937
0.002954593274098088
0.002796999382927918
0.002648502482129755
0.002507618429257804
0.0023730946104049797
0.0022438576801762735
0.0021189736458783553
0.0019976167472609122
0.0018790446613938085
0.0017625782681864335
0.0016475846806157201
0.0015334625559297503
0.0015655093306413863
0.0014396600513525966
0.0013128497577671763
0.0011844153132273224
0.0010536587953047245
0.0009198312975901282
0.0007821142160959243
0.0006395969354744085
0.0004912494859432865
0.00033588822508487143
0.00017213182026992345
-1.6563816550745677e-06
-0.00018744536431001256
-0.00038764156451381285
-0.0006052357456886302
-0.0008440137150141651
-0.0011088683913977012
-0.0014062811180392788
-0.001745106256445573
-0.0021379492872014563
-0.0026037919704720524
-0.0031732014062026397
-0.00389799434482132
-0.004864884872555297
-0.006200975305262054
-0.008033881249770215
-0.010351212298082705
-0.012754987251329241
-0.014271426196616494
-0.013536294121600602
-0.009532251176773388
-0.002505394498692917
0.005761944316636151
0.012788800994716545
0.01679284393954574
0.017527976014563268
0.01601153706927758
0.013607762116029307
0.011290431067718674
0.00945752512321016
0.008121434690503072
0.007154544162768298
0.00642975122415032
0.005860341788420058
0.005394499105149083
0.005001656074392879
0.00466283093598586
0.004365418209344057
0.004100563532961029
0.0038617855636350305
0.0036441913824596453
0.003443995182256708
0.0032582061996012054
0.00308441799767762
0.0029206615928620513
0.0027653003320034716
0.0026169528824728124
0.002474435601851809
0.002336718520357806
0.0022028910226435444
0.00207213450472066
0.001943700060180116
0.001816889766595445
0.0016910404873067308
0.0017461287684737365
0.001605759700567706
0.0014643187416694468
0.001321066245947676
0.0011752237683917558
0.0010259559977294286
0.0008723498837455211
0.0007133897490409194
0.0005479267912403773
0.00037464080531404405
0.00019199108744081335
-1.8478444383312424e-06
-0.00020907214567028663
-0.0004323658962808706
-0.0006750649201181856
-0.0009413918139020273
-0.0012368040207987561
-0.0015685306759741953
-0.001946447726399886
-0.002384615036023166
-0.002904204428939639
-0.0035393097147960635
-0.004347725828027489
-0.005426170487055317
-0.006916407323738154
-0.008960769169263347
-0.011545427882243315
-0.01422648278114793
-0.015917818934759766
-0.015097837950067935
-0.010631861643333105
-0.002794386942717446
0.006426658721654849
0.014264133422270652
0.01873010972900625
0.019550090713699796
0.017858754560088563
0.015177699661183892
0.012593040948204463
0.010548679102681728
0.009058442265997915
0.007979997606969429
0.007171581493738154
0.006536476207882039
0.006016886814964715
0.005578719505341805
0.005200802454915146
0.004869075799739161
0.004573663592843594
0.004307336699059425
0.00406463767522144
0.0038413439246121196
0.003634119623379127
0.003440280691500359
0.003257630973627353
0.003084344987700733
0.002918882029900484
0.0027599218951960295
0.0026063157812120374
0.002457048010550456
0.002311205532994861
0.0021679530372717927
0.002026512078374643
0.0018861430104680985
0.0019733049240067105
0.0018146734173468439
0.0016548305631083303
0.0014929404850636053
0.001328123459882125
0.0011594354994501864
0.0009858447625675254
0.000806203428647207
0.00061921323202316
0.0004233822041763908
0.00021696918996567558
-2.0887948965647198e-06
-0.00023627363427470498
-0.0004886186180507893
-0.0007628935750992629
-0.0010638704811211262
-0.0013977168190749773
-0.0017726022727602053
-0.0021996877080702236
-0.0026948622711239255
-0.0032820523910157477
-0.003999787677016774
-0.0049133822094378395
-0.006132135724236616
-0.007816251575428904
-0.01012657165951452
-0.013047457098422734
-0.016077250286667937
-0.017988548991340978
-0.01706183835894956
-0.012014866775267169
-0.0031578535362278394
0.007262693900953703
0.016119707139993486
0.021166678723677584
0.022093389356072336
0.020182090651399975
0.017152297463153873
0.01423141202424634
0.011921091940160935
0.010236976088968619
0.009018222574168788
0.008104628041747958
0.007386892755748172
0.006799702635855131
0.006304528072801558
0.0058774426374905535
0.005502557183805549
0.005168710845852192
0.0048677339398301624
0.004593458982780699
0.004341113999006107
0.004106929159626918
0.0038878711747653903
0.003681458160553976
0.0034856271327073553
0.0032986369360833248
0.0031189956021628927
0.0029454048652807095
0.002776716904849203
0.002611899879667175
0.0024500098016220473
0.0022901669473849424
0.0021315354407244157
0.002264835387349818
0.0020827680568135543
0.0018993104166616422
0.0017135030999838648
0.001524336414853124
0.0013307269101567381
0.0011314903023807595
0.0009253091939510818
0.0007106935156013798
0.00048593087771019346
0.00024902288935996263
-2.398216405146217e-06
-0.0002711809942644943
-0.0005608068697042046
-0.0008756026238528896
-0.0012210452428679753
-0.0016042133948437718
-0.002034483759492779
-0.002524666129190135
-0.0030929971643366442
-0.00376693830452038
-0.004590711745613299
-0.005639281279119608
-0.00703809409289176
-0.008971019012586953
-0.011622652983834135
-0.01497503495916152
-0.018452386066032833
-0.020645982983682535
-0.01958231382313567
-0.013789737425131789
-0.0036243163544526324
0.008335594228299322
0.018501015298979465
0.02429359169698401
0.025357260857532943
0.02316366393988481
0.019686312833014242
0.016333930857686738
0.013682296886441642
0.011749371966746048
0.01035055915297304
0.00930198961946729
0.00847821617837482
0.0078042750381894215
0.0072359440030445935
0.006745761633345651
0.006315491268696821
0.00593232311672132
0.005586880497706826
0.005272084743557179
0.004982458868119178
0.004713676090258682
0.004462254984493338
0.004225346996143117
0.004000584358252402
0.0037859686799021994
0.003579787571472759
0.0033805509636961988
0.0031869414590005776
0.002997774773869431
0.002811967457191384
0.0026285098170407395
0.0024464424865041304
0.0026480929431056404
0.0024352159419085907
0.002220713360011382
0.002003463484399242
0.0017822857608723627
0.0015559133942624225
0.0013229616937810882
0.0010818903285271493
0.0008309570757319392
0.0005681597703101264
0.00029116184748981516
-2.8051410929162517e-06
-0.00031707179288056756
-0.000655708674078321
-0.0010237747629060628
-0.0014276738884659327
-0.0018756826116554642
-0.0023787643980051343
-0.002951896825861983
-0.00361640280259035
-0.004404391417167162
-0.005367569966203287
-0.006593592766686005
-0.008229147946352105
-0.010489244302602193
-0.013589754412945533
-0.017509709085307627
-0.02157587526899585
-0.024141025509748996
-0.022897482533267077
-0.01612439090517516
-0.004238065186416956
0.009746589961127958
0.021632915679886143
0.02840600730797968
0.02964955028446572
0.027084400043713697
0.023018233860025467
0.019098279187663
0.015997769077321367
0.013737672721071598
0.012102117541404746
0.010876094740922295
0.009912916191886634
0.009124927577309061
0.008460421600580904
0.007887289172723275
0.0073842073863742575
0.0069361986631851745
0.006532299537625597
0.006164233448796741
0.00582559656760056
0.005511329915811414
0.005217362927228894
0.004940365004407717
0.004677567698986363
0.004426634446191316
0.004185563080936918
0.003952611380455051
0.0037262390138467927
0.0035050612903191735
0.0032878114147069223
0.0030733088328106116
0.0028604318316133763
0.0031622481774741433
0.0029080389070708355
0.002651888430027866
0.0023924572392335555
0.002128335561513629
0.0018580106377670243
0.001579828922066314
0.001291951008462417
0.000992296398669888
0.0006784741800942282
0.00034769411118617524
-3.349790877308235e-06
-0.0003786348094332796
-0.0007830218756594547
-0.0012225522530563645
-0.0017048731883056792
-0.0022398682962744988
-0.0028406298372875014
-0.0035250436978780495
-0.0043185735870681745
-0.005259565645587073
-0.0064097771392537094
-0.007873916949582544
-0.009827254751902905
-0.012526770584257248
-0.01623062232794164
-0.020914134484520806
-0.025773280948252285
-0.02883995988298063
-0.027356422576655458
-0.019265790088726486
-0.005065071040789571
0.0116431340724351
0.02584385312037295
0.03393448560830335
0.03541802291463328
0.03235134397990438
0.027492197516174714
0.022808685359596282
0.019104833615912857
0.016405317783558665
0.014451979981237432
0.012987840170909546
0.01183762867724271
0.010896636618723036
0.010103106729533944
0.009418692868942397
0.00881793132792947
0.008282936219961495
0.007800615284711885
0.007361084907314698
0.006956697841089069
0.006581412822532296
0.006230368920468673
0.005899588851560047
0.005585766632985744
0.005286112023192483
0.004998234109588648
0.0047200523938871145
0.00444972747014206
0.004185605792421065
0.003926174601626912
0.0036700241245845944
0.003415814854181422
0.0038386657999179025
0.0035300810734455504
0.0032191399068589297
0.0029042162656918525
0.002583598818662466
0.002255451218588286
0.0019177662153228412
0.0015683109406685403
0.0012045598608801259
0.0008236106253330377
0.0004220761310491342
-4.056793118930018e-06
-0.0004596162242017578
-0.0009505029202208333
-0.0014840504761039885
-0.0020695420389004286
-0.0027189755651714823
-0.003448244153672949
-0.004279060400516593
-0.005242337867703378
-0.006384638475390298
-0.007780985246576935
-0.009558682437457989
-0.011931064651795666
-0.015211391132501374
-0.01971524008301622
-0.025414874359827
-0.03133393373798925
-0.03507722873837781
-0.03328520430405921
-0.023449632164876735
-0.006172901568415567
0.01415803784714964
0.031434768443611226
0.04127034058279691
0.04306236501712005
0.03931907001673214
0.03340001063857197
0.02770037636176164
0.02319652741124703
0.01991620093054221
0.017543818716204335
0.01576612152532355
0.014369774754137522
0.013227474146450079
0.012264196679263421
0.011433380432419024
0.01070411184391741
0.010054678317647791
0.009469186754850641
0.008935639198967636
0.008444752502948821
0.007989193071865438
0.007563060147697397
0.0071615256534125985
0.006780576417866897
0.006416825338077918
0.0060673700634236456
0.005729685060156648
0.005401537460084877
0.005080920013053979
0.004765996371887542
0.004455055205300422
0.004146470478829194
0.004571770220452099
0.004204257370532663
0.0038339380545467853
0.003458875701557064
0.0030770321520977163
0.0026862203525603126
0.0022840497032985893
0.0018678608922140893
0.0014346460398926247
0.0009809484731999173
0.000502734170574109
-4.7765509400121e-06
-0.0005473339509761022
-0.0011319658918817832
-0.0017674068112886457
-0.0024647131774553255
-0.0032381750085342604
-0.0041067219489643115
-0.005096216613675599
-0.006243489665166034
-0.007604056111549075
-0.009267524642683506
-0.011386438162098379
-0.014217579827260806
-0.018140239216278643
-0.02354072054493254
-0.03039658979627146
-0.03754348371533022
-0.04209987664945831
-0.04000795815551721
-0.028226258153100474
-0.00746764880231264
0.01697777307450523
0.03773638242529403
0.04951808242771434
0.05161000092166171
0.04705360798753294
0.03990671406847755
0.03305084481713963
0.027650363488485596
0.023727704099468394
0.020896562434306307
0.018777648914891407
0.017114180383757664
0.015753613937374306
0.01460634088588491
0.013616846221172412
0.01274829928074182
0.011974837449664143
0.011277531083496602
0.010642090164090401
0.010057458223184414
0.009514900823148334
0.009007390101633959
0.008529175799007527
0.00807547823231638
0.0076422633799939155
0.007226074568910035
0.006823903919646159
0.006433092120111409
0.006051248570650288
0.0056761862176618015
0.005305866901674614
0.00493835405175671
0.004622946030918219
0.004251340435853953
0.0038768969786724815
0.003497657418830526
0.0031115607825342715
0.0027163955233425944
0.002309744252819999
0.0018889178367524763
0.0014508746351317462
0.0009921191374334974
0.0005085719445896532
-4.60046470830526e-06
-0.0005532132233948168
-0.0011443736276738527
-0.001786915055069914
-0.002492019552575087
-0.003274140033845357
-0.004152423448013188
-0.005153035937812677
-0.006313275574518662
-0.0076895312537981686
-0.009373486640424599
-0.01152324392159709
-0.014409718772551924
-0.01844226863519629
-0.024055062840535445
-0.031269582879498305
-0.03890208298699441
-0.04391846892671651
-0.04197959105963918
-0.02978405709146035
-0.008033657718309424
0.017650215964100623
0.03940061533725247
0.051596149305437294
0.05353502717252033
0.04851864123280004
0.04088614112530428
0.033671621086343285
0.028058826881003356
0.024026277018360992
0.021139802167405707
0.01899004488623337
0.017306089499607265
0.01592983382032874
0.014769594183622049
0.0137689816938224
0.012890698279653806
0.01210857779838468
0.011403473300878986
0.010760931873483672
0.010169771469204086
0.00962115871051768
0.009107986301219825
0.008624439108375303
0.008165683610678574
0.007727640409056746
0.007306813992990173
0.006900162722465309
0.006504997463275972
0.0061189008269781735
0.005739661267137588
0.00536521780995391
0.004993612214891816
0.0012725012880979093
0.0011703024630689588
0.001067322526246289
0.0009630224555036075
0.0008568349143448302
0.0007481510635419613
0.0006363053209484491
0.0005205571838038504
0.00040006894617716
0.00027387772106944315
0.00014085953897067334
-3.1768039678438213e-07
-0.00015125700769380948
-0.0003139183966771842
-0.0004907387879203948
-0.0006848046069548969
-0.0009001077883400792
-0.001141943611281198
-0.0014175777539465924
-0.0017375196285269023
-0.0021183890343219438
-0.0025900619905460135
-0.0032126901046420275
-0.0041094023585875475
-0.005504168759023582
-0.0077040473752313324
-0.010905048703598813
-0.014753682965527468
-0.017896226380617237
-0.018121985318310968
-0.013549456160386365
-0.004289994900662353
0.006936937734438097
0.01619639899416407
0.020768928152092317
0.020543169214402808
0.017400625799312817
0.013551991537386295
0.010350990209019206
0.008151111592812494
0.006756345192377134
0.005859632938431234
0.005237004824335507
0.004765331868111624
0.00438446246231685
0.0040645205877362
0.0037888864450715673
0.003547050622128908
0.003331747440745406
0.003137681621710132
0.002960861230467448
0.002798199841483525
0.002647260514186643
0.002506083294820099
0.0023730651127205895
0.0022468738876136856
0.0021263856499860274
0.002010637512842305
0.001898791770246766
0.0017901079194459282
0.001683920378285969
0.001579620307543956
0.0014766403707195865
0.0013744415456923447
-0.01270569588222767
-0.011684021924890998
-0.01065454844814307
-0.009611893564896565
-0.008550393198534754
-0.007463969691076055
-0.0063459800200077725
-0.005189034832422831
-0.003984776716191048
-0.002723601944641033
-0.0013943036294610453
1.6395406399936918e-05
0.0015244667200907773
0.0031494279775699154
0.004915532638845248
0.0068534761753345635
0.009002921173339755
0.011416382744802582
0.014165505778348759
0.01735178286297311
0.021125639369583782
0.02571990897910169
0.03150060770374473
0.03901253283718538
0.04892319465753303
0.061655225788877215
0.07648720542788813
0.09028069446194156
0.09682889586538473
0.08838235181285704
0.05986355150827555
0.01353616585935541
-0.039966649714230425
-0.08629403536315411
-0.11481283566773573
-0.12325937972026443
-0.11671117831682525
-0.10291768928277563
-0.0880857096437643
-0.07535367851242267
-0.06544301669207364
-0.05793109155863362
-0.05215039283399116
-0.047556123224473064
-0.04378226671786137
-0.04059598963323793
-0.03784686659969143
-0.03543340502822914
-0.03328396003022357
-0.03134601649373401
-0.02957991183245856
-0.027954950574979598
-0.026446879261288657
-0.02503618022542705
-0.02370688191024787
-0.022445707138696962
-0.021241449022465865
-0.020084503834880217
-0.018966514163813807
-0.017880090656353764
-0.016818590289992486
-0.01577593540674525
-0.014746461929999264
-0.013724787972660706
-0.05159037596233113
-0.04744240667051185
-0.04326276861192638
-0.03902960934465868
-0.03471993046956531
-0.030309054039771646
-0.025770006143727514
-0.021072781949309685
-0.016183445165057722
-0.011062997876088582
-0.005665931104110691
6.167266688837658e-05
0.006184674707450898
0.012782340220836602
0.019953171881117046
0.02782184274032313
0.03654945888037251
0.0463493636366534
0.05751275343553522
0.0704528751693698
0.08578578737300929
0.10447931277122295
0.12810028567785225
0.1590967213365548
0.2007203602938813
0.2556005344130517
0.3217349808182618
0.3862484033322271
0.4214161464711542
0.39082367374249793
0.26911492709735774
0.06508019903001075
-0.17239843697718843
-0.3764331650445494
-0.4981419116897079
-0.5287343844183852
-0.4935666412794768
-0.4290532187655241
-0.3629187723603209
-0.3080385982411553
-0.2664149592838301
-0.2354185236251277
-0.2117975507185005
-0.19310402532028625
-0.1777711131166464
-0.16483099138281204
-0.15366760158393022
-0.14386769682765016
-0.1351400806876002
-0.1272714098283939
-0.1201005781681137
-0.11350291265472787
-0.10737991061416574
-0.10165230684316545
-0.09625524007118919
-0.09113479278221948
-0.08624545599796751
-0.08154823180354931
-0.07700918390750644
-0.0725983074777121
-0.06828862860261868
-0.0640554693353507
-0.05987583127676664
-0.0557278619849458
-0.135166977475017
-0.12429964710410235
-0.11334934548211734
-0.10225881978239668
-0.09096781470313817
-0.0794116744202283
-0.06751972751923441
-0.05521336133120597
-0.04240366240458626
-0.028988455302370375
-0.01484850480918569
0.00015745584856818873
0.01619936788702482
0.033484913606120215
0.05227218183709993
0.07288783483862693
0.09575400182596765
0.12142970306494348
0.15067804947122176
0.18458251920382746
0.22476090630706277
0.27376504592036194
0.3357586184289744
0.4173275839331618
0.5273878585383743
0.6734987290575551
0.8510973420750481
1.0263587966148249
1.1247977306201837
1.047375812988761
0.7241762544711399
0.1779298419324467
-0.45910366139764225
-1.0053500739363737
-1.3285496324540524
-1.4059715500855416
-1.307532616080235
-1.132271161540495
-0.9546725485230225
-0.808561678003853
-0.698501403398645
-0.6169324378944595
-0.5549388653858497
-0.5059347257725508
-0.46575633866931543
-0.4318518689367104
-0.4026035225304322
-0.3769278212914565
-0.35406165430411596
-0.3334460013025885
-0.3146587330716093
-0.2973731873525138
-0.2813312753140572
-0.2663253146563025
-0.25218536416311915
-0.23877015706090296
-0.22596045813428303
-0.21365409194625473
-0.20176214504526138
-0.19020600476235144
-0.1789149996830927
-0.16782447398337222
-0.15687417236138773
-0.14600684199047204
-0.2777905373403903
-0.25545675315705463
-0.23295245104771958
-0.21015996812910856
-0.18695547093161657
-0.1632060821740349
-0.13876656151757127
-0.1134753479821998
-0.08714971068358274
-0.05957966300162035
-0.030520157375094503
0.00031913270934524895
0.03328746523428672
0.06881166356960897
0.10742214683162127
0.14979026718145688
0.19678358339065152
0.24955100595438146
0.3096609745100849
0.3793408500107478
0.46191875366948815
0.5626537733436039
0.6901567415369916
0.8581219837681597
1.0852409971920074
1.3876737147233307
1.7566819374799996
2.122670936920501
2.3308472868070487
2.174288935440833
1.5060550861853084
0.37257563476372624
-0.9504340473241563
-2.0839134987458205
-2.752147348001477
-2.9087056993678324
-2.7005293494813967
-2.3345403500409736
-1.9655321272843502
-1.6630994097530483
-1.4359803963292106
-1.2680151540980473
-1.1405121859046625
-1.0397771662305482
-0.9571992625718082
-0.8875193870711464
-0.8274094185154427
-0.774641995951713
-0.7276486797425195
-0.6852805593926832
-0.6466700761306725
-0.6111458777953498
-0.5781775452704079
-0.5473382551859679
-0.518278749559444
-0.49070870187748017
-0.4643830645788633
-0.4390918510434918
-0.41465233038702853
-0.3909029416294474
-0.367698444431955
-0.3449059615133441
-0.3224016594040079
-0.3000678752206729
-0.46925451323592077
-0.4315278024425184
-0.39351304843087026
-0.3550114920434396
-0.3158139505759173
-0.27569596423271414
-0.23441218914701462
-0.1916897120956224
-0.14721985895293233
-0.10064791428245246
-0.05155993648894358
0.0005345028458652035
0.05622538134810906
0.1162337030437473
0.18145546995259088
0.253024753899353
0.33240706761880046
0.4215432023308224
0.5230826991813764
0.6407886061950867
0.7802857450851466
0.9504709304311754
1.1659380642243429
1.4499634561732497
1.8344542365528602
2.347275097724378
2.974248053299254
3.5977448737597046
3.954732335317219
3.692600474356591
2.560175837972064
0.6356246780572228
-1.6117650647925021
-3.5363162247074857
-4.668740861092241
-4.930872722053115
-4.573885260495796
-3.9503884400354785
-3.323415484460681
-2.8105946232892
-2.4261038429096056
-2.142078450960707
-1.9266113171675432
-1.7564261318215162
-1.6169289929314588
-1.4992230859177504
-1.3976835890671957
-1.3085474543551745
-1.2291651406357287
-1.1575958566889653
-1.0923740897801237
-1.0323657680844864
-0.976674889582242
-0.9245804502474322
-0.8754924724539244
-0.8289205277834446
-0.784450674640754
-0.7417281975893619
-0.7004444225036629
-0.6603264361604604
-0.6211288946929372
-0.5826273383055065
-0.5446125842938585
-0.5068858735004552
-0.6621757452736055
-0.6089390387975371
-0.5552958701109387
-0.5009657671049312
-0.44565354883070357
-0.3890424765814446
-0.3307863417880421
-0.27050003229898867
-0.2077479731485007
-0.14202961969329309
-0.07276085224291695
0.0007503807666847662
0.07933660650790808
0.16401524576934057
0.2560506620031968
0.3570431629600912
0.4690607583878561
0.5948421359568055
0.7381261574108898
0.9042232922788063
1.1010729516811217
1.341239452961724
1.6453534079523728
2.0463707009566874
2.589572757566324
3.3147181951258538
4.202252421189127
5.086139800210151
5.594012918772746
5.225923263323457
3.6251462768415657
0.9017758910854009
-2.2792295375117204
-5.0025999232680824
-6.603376909750303
-6.97146656519995
-6.463593446637634
-5.579706067616804
-4.692171841553638
-3.9670264039941614
-3.4238243473845467
-3.0228070543802446
-2.7186930993896015
-2.478526598109002
-2.2816769387066866
-2.115579803838773
-1.9722957823846885
-1.8465144048157405
-1.734496809387979
-1.6335043084310832
-1.5414688921972273
-1.4567902529357954
-1.3782040271945735
-1.3046927941849704
-1.2354240267345962
-1.1697056732793887
-1.1069536141289
-1.0466673046398467
-0.9884111698464444
-0.9318000975971859
-0.8764878793229581
-0.8221577763169499
-0.7685146076303501
-0.7152779011542827
-0.7856520319930842
-0.7224884223260924
-0.6588425584882295
-0.5943816694582725
-0.528755532653452
-0.4615883479102648
-0.3924693500293783
-0.3209416159728119
-0.24648835021069015
-0.16851567279969204
-0.08633054471823243
0.0008881307116270776
0.09412811989527758
0.19459655945816545
0.30379357535257556
0.4236178802488264
0.5565230996040367
0.7057585977738478
0.8757604349625829
1.072829498125253
1.3063867556012867
1.591344583120481
1.9522001465406684
2.428113301477508
3.0729460426213726
3.9341050040132344
4.988631565574011
6.0395049209461344
6.644284213106245
6.208527008432328
4.307765952007908
1.0725117813331155
-2.706819815086563
-5.9420739857615965
-7.8428350421864135
-8.278592246860747
-7.673812954700977
-6.622939599329081
-5.568413037768435
-4.707254076376635
-4.062421335232794
-3.5865081802959677
-3.225652616875788
-2.940694789356596
-2.7071375318805657
-2.5100684687179
-2.340066631529165
-2.190831133359354
-2.057925914004145
-1.9381016091078935
-1.828904593213485
-1.7284361536505974
-1.6351961644669482
-1.5479774890370877
-1.4657923609556276
-1.3878196835446297
-1.3133664177825086
-1.2418386837259443
-1.1727196858450553
-1.1055525011018688
-1.039926364297048
-0.9754654752670915
-0.911819611429228
-0.848656001762237
-0.7856520319930852
-0.7224884223260943
-0.6588425584882321
-0.5943816694582769
-0.5287555326534545
-0.4615883479102687
-0.3924693500293822
-0.32094161597281723
-0.2464883502106976
-0.16851567279969848
-0.08633054471824109
0.0008881307116169745
0.09412811989526904
0.19459655945815413
0.3037935753525626
0.4236178802488133
0.5565230996040226
0.7057585977738321
0.8757604349625676
1.0728294981252335
1.3063867556012636
1.5913445831204558
1.9522001465406387
2.428113301477472
3.0729460426213313
3.9341050040131846
4.98863156557395
6.039504920946058
6.6442842131061655
6.20852700843225
4.3077659520078475
1.0725117813330933
-2.706819815086541
-5.9420739857615406
-7.842835042186335
-8.278592246860669
-7.6738129547008995
-6.622939599329017
-5.568413037768385
-4.707254076376594
-4.062421335232763
-3.5865081802959407
-3.225652616875762
-2.9406947893565776
-2.707137531880549
-2.5100684687178836
-2.340066631529149
-2.1908311333593398
-2.057925914004133
-1.938101609107882
-1.8289045932134758
-1.7284361536505894
-1.6351961644669375
-1.5479774890370803
-1.4657923609556232
-1.3878196835446246
-1.3133664177825035
-1.2418386837259408
-1.1727196858450524
-1.1055525011018683
-1.039926364297047
-0.9754654752670905
-0.9118196114292266
-0.8486560017622374
-0.6621757452736061
-0.6089390387975394
-0.555295870110944
-0.5009657671049375
-0.4456535488307123
-0.38904247658145474
-0.3307863417880563
-0.270500032299003
-0.20774797314851778
-0.14202961969331207
-0.07276085224293938
0.0007503807666610074
0.07933660650787999
0.16401524576930904
0.2560506620031632
0.35704316296005567
0.46906075838781447
0.5948421359567595
0.7381261574108381
0.904223292278748
1.101072951681058
1.3412394529616514
1.645353407952288
2.0463707009565892
2.589572757566207
3.3147181951257068
4.202252421188948
5.086139800209939
5.594012918772511
5.2259232633232315
3.6251462768414022
0.9017758910853421
-2.2792295375116614
-5.002599923267921
-6.603376909750084
-6.971466565199712
-6.463593446637423
-5.579706067616624
-4.692171841553494
-3.9670264039940424
-3.4238243473844476
-3.02280705438016
-2.7186930993895277
-2.478526598108937
-2.28167693870663
-2.1155798038387226
-1.972295782384645
-1.8465144048156996
-1.7344968093879414
-1.6335043084310499
-1.541468892197196
-1.4567902529357677
-1.3782040271945484
-1.3046927941849478
-1.235424026734576
-1.16970567327937
-1.1069536141288836
-1.0466673046398323
-0.9884111698464331
-0.9318000975971759
-0.8764878793229517
-0.8221577763169441
-0.7685146076303467
-0.7152779011542814
-0.4692545132359242
-0.43152780244252265
-0.3935130484308779
-0.3550114920434503
-0.3158139505759292
-0.2756959642327292
-0.23441218914703343
-0.191689712095644
-0.14721985895295658
-0.1006479142824801
-0.0515599364889735
0.0005345028458323409
0.05622538134807287
0.11623370304370628
0.18145546995254447
0.25302475389930384
0.33240706761874544
0.4215432023307613
0.5230826991813089
0.640788606195011
0.7802857450850607
0.9504709304310801
1.165938064224232
1.4499634561731198
1.8344542365527046
2.347275097724188
2.9742480532990188
3.597744873759428
3.9547323353169137
3.6926004743562997
2.560175837971853
0.6356246780571424
-1.6117650647924247
-3.5363162247072744
-4.668740861091953
-4.930872722052813
-4.573885260495523
-3.9503884400352494
-3.3234154844604933
-2.8105946232890493
-2.4261038429094812
-2.142078450960601
-1.9266113171674504
-1.7564261318214363
-1.616928992931387
-1.4992230859176867
-1.3976835890671384
-1.308547454355124
-1.2291651406356818
-1.1575958566889244
-1.0923740897800858
-1.0323657680844516
-0.9766748895822113
-0.9245804502474056
-0.8754924724538999
-0.8289205277834233
-0.7844506746407378
-0.7417281975893473
-0.700444422503651
-0.6603264361604507
-0.6211288946929308
-0.5826273383055027
-0.5446125842938564
-0.5068858735004559
-0.2777905373403924
-0.2554567531570595
-0.23295245104772738
-0.210159968129119
-0.1869554709316293
-0.1632060821740511
-0.13876656151759081
-0.11347534798222239
-0.08714971068360935
-0.05957966300164885
-0.03052015737512745
0.00031913270930925
0.03328746523424719
0.06881166356956492
0.10742214683157209
0.14979026718140356
0.19678358339059238
0.24955100595431595
0.30966097451001207
0.37934085001066703
0.46191875366939716
0.5626537733435
0.6901567415368705
0.8581219837680201
1.0852409971918395
1.3876737147231233
1.7566819374797444
2.1226709369201995
2.330847286806718
2.1742889354405173
1.506055086185079
0.37257563476364125
-0.9504340473240716
-2.0839134987455896
-2.752147348001162
-2.9087056993675007
-2.7005293494810982
-2.3345403500407214
-1.965532127284144
-1.6630994097528808
-1.4359803963290712
-1.2680151540979283
-1.140512185904559
-1.0397771662304576
-0.9571992625717277
-0.8875193870710751
-0.8274094185153786
-0.774641995951656
-0.727648679742467
-0.6852805593926369
-0.6466700761306299
-0.6111458777953118
-0.5781775452703735
-0.5473382551859369
-0.5182787495594151
-0.4907087018774554
-0.4643830645788425
-0.43909185104347415
-0.4146523303870138
-0.3909029416294351
-0.36769844443194655
-0.34490596151333797
-0.3224016594040048
-0.30006787522067235
-0.1351669774750193
-0.12429964710410667
-0.11334934548212422
-0.10225881978240628
-0.09096781470315006
-0.07941167442024342
-0.06751972751925278
-0.0552133613312268
-0.04240366240460944
-0.028988455302396493
-0.014848504809215499
0.00015745584853610328
0.016199367886988947
0.03348491360608093
0.0522721818370557
0.07288783483857973
0.0957540018259141
0.12142970306488475
0.15067804947115646
0.18458251920375413
0.2247609063069798
0.27376504592026785
0.33575861842886423
0.4173275839330338
0.527387858538221
0.6734987290573679
0.8510973420748156
1.0263587966145493
1.124797730619881
1.047375812988474
0.724176254470932
0.17792984193236902
-0.45910366139756464
-1.0053500739361647
-1.3285496324537667
-1.4059715500852403
-1.3075326160799603
-1.1322711615402636
-0.954672548522836
-0.8085616780037006
-0.6985014033985185
-0.6169324378943528
-0.5549388653857552
-0.5059347257724689
-0.46575633866924293
-0.43185186893664584
-0.4026035225303741
-0.37692782129140445
-0.3540616543040691
-0.33344600130254654
-0.3146587330715711
-0.29737318735247925
-0.2813312753140262
-0.2663253146562748
-0.25218536416309356
-0.23877015706088114
-0.2259604581342644
-0.2136540919462384
-0.20176214504524756
-0.19020600476234062
-0.17891499968308533
-0.16782447398336714
-0.15687417236138362
-0.14600684199047165
-0.05159037596233358
-0.0474424066705157
-0.04326276861193301
-0.03902960934466756
-0.03471993046957638
-0.030309054039784906
-0.025770006143743807
-0.02107278194932779
-0.01618344516507869
-0.011062997876111348
-0.00566593110413658
6.167266686070427e-05
0.006184674707419818
0.012782340220802546
0.01995317188107855
0.02782184274028275
0.03654945888032683
0.04634936363660255
0.05751275343547878
0.07045287516930705
0.08578578737293832
0.10447931277114303
0.1281002856777589
0.15909672133644748
0.20072036029375176
0.25560053441289304
0.3217349808180661
0.3862484033319957
0.4214161464709
0.39082367374225746
0.2691149270971841
0.06508019902994606
-0.17239843697712354
-0.3764331650443734
-0.4981419116894685
-0.5287343844181307
-0.49356664127924643
-0.42905321876533026
-0.362918772360164
-0.3080385982410266
-0.266414959283724
-0.23541852362503757
-0.21179755071842069
-0.19310402532021737
-0.17777111311658447
-0.1648309913827573
-0.1536676015838806
-0.14386769682760575
-0.13514008068756003
-0.12727140982835744
-0.12010057816808092
-0.11350291265469853
-0.10737991061413882
-0.10165230684314222
-0.09625524007116693
-0.09113479278220038
-0.08624545599795105
-0.08154823180353539
-0.07700918390749456
-0.07259830747770324
-0.06828862860261263
-0.06405546933534684
-0.05987583127676267
-0.05572786198494567
-0.0127056958822298
-0.011684021924894242
-0.010654548448148426
-0.009611893564903065
-0.00855039319854359
-0.00746396969108651
-0.0063459800200209564
-0.005189034832437328
-0.003984776716208267
-0.0027236019446596708
-0.001394303629481881
1.639540637777409e-05
0.0015244667200665016
0.0031494279775426976
0.004915532638814623
0.0068534761753022005
0.009002921173302883
0.011416382744761342
0.014165505778302936
0.017351782862921942
0.021125639369525245
0.025719908979036372
0.031500607703668096
0.03901253283709626
0.048923194657426894
0.061655225788747284
0.07648720542772831
0.09028069446175217
0.09682889586517646
0.08838235181266146
0.05986355150813405
0.013536165859302528
-0.039966649714176496
-0.08629403536300867
-0.11481283566754008
-0.12325937972005682
-0.11671117831663566
-0.10291768928261444
-0.08808570964363514
-0.0753536785123162
-0.06544301669198607
-0.057931091558558453
-0.052150392833924926
-0.047556123224415756
-0.04378226671781055
-0.04059598963319297
-0.037846866599650086
-0.03543340502819256
-0.03328396003019074
-0.03134601649370414
-0.029579911832431922
-0.027954950574955437
-0.02644687926126688
-0.025036180225408093
-0.02370688191022986
-0.02244570713868163
-0.02124144902245239
-0.020084503834869403
-0.018966514163803752
-0.017880090656347013
-0.016818590289987712
-0.015775935406742717
-0.014746461929995422
-0.01372478797266059
0.001272501288096131
0.0011703024630660645
0.0010673225262414921
0.0009630224554982137
0.0008568349143365393
0.0007481510635327681
0.0006363053209365891
0.0005205571837913487
0.00040006894616225397
0.0002738777210533367
0.00014085953895328208
-3.1768041526460816e-07
-0.00015125700771374882
-0.00031391839669968184
-0.0004907387879456327
-0.0006848046069823804
-0.0009001077883703332
-0.0011419436113158964
-0.0014175777539850195
-0.0017375196285693694
-0.0021183890343710304
-0.0025900619906011795
-0.003212690104705828
-0.004109402358661209
-0.005504168759110957
-0.007704047375337817
-0.010905048703729416
-0.014753682965681253
-0.01789622638078964
-0.01812198531847161
-0.013549456160502633
-0.004289994900705909
0.006936937734481997
0.016196398994282213
0.020768928152251388
0.020543169214572977
0.01740062579946982
0.013551991537517747
0.010350990209126713
0.0081511115928995
0.0067563451924496165
0.005859632938493432
0.005237004824389729
0.0047653318681593025
0.004384462462359467
0.004064520587773619
0.003788886445105773
0.0035470506221596436
0.003331747440771961
0.0031376816217350938
0.0029608612304889634
0.0027981998415034506
0.0026472605142045134
0.002506083294835569
0.002373065112735359
0.002246873887626462
0.002126385649997841
0.002010637512851841
0.0018987917702557313
0.0017901079194517192
0.0016839203782903303
0.00157962030754605
0.0014766403707230408
0.0013744415456925616
0.004622946030916583
0.004251340435851669
0.003876896978668419
0.0034976574188264006
0.003111560782527287
0.002716395523335427
0.0023097442528101364
0.0018889178367426538
0.0014508746351197133
0.0009921191374206838
0.0005085719445759177
-4.600464722825763e-06
-0.0005532132234103895
-0.0011443736276922911
-0.0017869150550902622
-0.0024920195525974095
-0.003274140033870149
-0.004152423448041432
-0.005153035937844081
-0.006313275574553859
-0.0076895312538386865
-0.009373486640469202
-0.011523243921649558
-0.014409718772613638
-0.018442268635268832
-0.02405506284062315
-0.03126958287960718
-0.038902082987123096
-0.043918468926859106
-0.04197959105977163
-0.029784057091556553
-0.008033657718345294
0.017650215964136632
0.039400615337351674
0.05159614930556916
0.05353502717266137
0.048518641232929
0.04088614112541475
0.033671621086432076
0.028058826881076915
0.02402627701842089
0.021139802167457963
0.018990044886278014
0.01730608949964597
0.015929833820363226
0.014769594183652354
0.013768981693851039
0.012890698279678812
0.012108577798406916
0.01140347330089936
0.010760931873501571
0.010169771469220535
0.009621158710531715
0.009107986301232515
0.00862443910838765
0.00816568361068885
0.007727640409066293
0.007306813992997823
0.006900162722473107
0.006504997463280746
0.0061189008269820835
0.0057396612671388346
0.005365217809957286
0.004993612214891941
0.004571770220450984
0.004204257370530491
0.0038339380545430943
0.0034588757015533125
0.0030770321520914015
0.002686220352553801
0.002284049703289705
0.0018678608922053598
0.001434646039881794
0.0009809484731886763
0.0005027341705623571
-4.7765509529722194e-06
-0.0005473339509902888
-0.0011319658918980367
-0.0017674068113063485
-0.002464713177475
-0.0032381750085556217
-0.004106721948988654
-0.005096216613703225
-0.006243489665196265
-0.007604056111583949
-0.00926752464272245
-0.011386438162143402
-0.014217579827313446
-0.01814023921634067
-0.023540720545008748
-0.030396589796364733
-0.037543483715439294
-0.04209987664958102
-0.040007958155630144
-0.028226258153183102
-0.007467648802344094
0.016977773074535504
0.03773638242537815
0.04951808242782667
0.051610000921780405
0.047053607987644304
0.03990671406857138
0.03305084481721556
0.02765036348854761
0.023727704099519995
0.0208965624343508
0.018777648914929453
0.017114180383791096
0.0157536139374048
0.01460634088591041
0.013616846221196827
0.012748299280763608
0.011974837449682744
0.011277531083514388
0.010642090164105576
0.01005745822319848
0.009514900823160366
0.00900739010164497
0.008529175799018084
0.008075478232325597
0.007642263380002503
0.007226074568917097
0.006823903919653577
0.006433092120115821
0.0060512485706542465
0.00567618621766315
0.005305866901677278
0.0049383540517568165
0.0038386657999171167
0.0035300810734438227
0.0032191399068560883
0.0029042162656888865
0.0025835988186571047
0.0022554512185828093
0.00191776621531521
0.0015683109406609812
0.0012045598608708017
0.0008236106253232782
0.0004220761310390225
-4.056793129833189e-06
-0.000459616224213406
-0.000950502920234571
-0.0014840504761185285
-0.0020695420389169974
-0.00271897556518931
-0.003448244153693462
-0.004279060400539797
-0.0052423378677295025
-0.006384638475420404
-0.00778098524660984
-0.009558682437496989
-0.011931064651842242
-0.015211391132555192
-0.019715240083082022
-0.02541487435990806
-0.03133393373808388
-0.03507722873848287
-0.033285204304155915
-0.023449632164949122
-0.006172901568442632
0.014158037847176053
0.031434768443684515
0.041270340582893555
0.04306236501722369
0.039319070016827454
0.03340001063865382
0.027700376361827685
0.023196527411301807
0.019916200930587696
0.017543818716244008
0.01576612152535665
0.014369774754166568
0.01322747414647672
0.012264196679285747
0.011433380432440287
0.010704111843936293
0.01005467831766368
0.009469186754865216
0.008935639198980867
0.008444752502960184
0.007989193071875646
0.007563060147706606
0.0071615256534219435
0.006780576417874986
0.006416825338085458
0.006067370063430147
0.005729685060163206
0.005401537460088767
0.005080920013057386
0.004765996371889177
0.004455055205302722
0.004146470478829633
0.003162248177473637
0.0029080389070690886
0.0026518884300254014
0.002392457239230801
0.0021283355615087473
0.001858010637762069
0.0015798289220598158
0.0012919510084560804
0.0009922963986618775
0.0006784741800857749
0.00034769411117750943
-3.349790886696992e-06
-0.00037863480944420056
-0.0007830218756713892
-0.0012225522530691707
-0.001704873188320355
-0.0022398682962903437
-0.002840629837305588
-0.0035250436978986658
-0.00431857358709099
-0.005259565645613598
-0.006409777139284055
-0.007873916949617312
-0.009827254751943935
-0.012526770584305028
-0.016230622328000523
-0.020914134484592162
-0.025773280948336308
-0.028839959883073044
-0.027356422576741667
-0.01926579008879059
-0.005065071040813856
0.011643134072457716
0.025843853120436702
0.033934485608388756
0.035418022914723755
0.0323513439799884
0.02749219751624632
0.02280868535965449
0.01910483361596074
0.016405317783598022
0.01445197998127265
0.012987840170938587
0.011837628677268421
0.010896636618746664
0.01010310672955362
0.009418692868961204
0.008817931327946522
0.008282936219975761
0.007800615284724827
0.007361084907326542
0.006956697841099218
0.006581412822541526
0.006230368920476987
0.005899588851568088
0.005585766632992745
0.005286112023198956
0.004998234109594161
0.004720052393892647
0.004449727470145793
0.004185605792424116
0.003926174601628749
0.003670024124585925
0.003415814854181894
0.0026480929431055723
0.0024352159419072845
0.0022207133600094116
0.0020034634843972246
0.0017822857608684052
0.001555913394258402
0.001322961693775914
0.0010818903285214135
0.0008309570757248485
0.0005681597703023353
0.0002911618474815687
-2.805141101774617e-06
-0.0003170717928911073
-0.000655708674088607
-0.001023774762918104
-0.0014276738884790672
-0.0018756826116693463
-0.002378764398020371
-0.0029518968258795773
-0.003616402802610401
-0.004404391417190613
-0.005367569966229334
-0.006593592766715246
-0.008229147946388623
-0.010489244302644777
-0.013589754412997087
-0.01750970908537248
-0.021575875269071433
-0.024141025509831413
-0.022897482533343918
-0.016124390905233408
-0.0042380651864389164
0.009746589961148092
0.02163291567994267
0.028406007308055488
0.02964955028454626
0.027084400043786844
0.02301823386008911
0.01909827918771581
0.015997769077364485
0.013737672721106138
0.012102117541435677
0.01087609474094749
0.009912916191909841
0.009124927577329654
0.008460421600598539
0.007887289172739769
0.007384207386389583
0.006936198663198478
0.0065322995376374746
0.006164233448807929
0.005825596567609632
0.005511329915820282
0.00521736292723653
0.004940365004415435
0.00467756769899322
0.004426634446197087
0.004185563080942026
0.0039526113804598815
0.0037262390138497483
0.0035050612903216117
0.003287811414708445
0.0030733088328112387
0.0028604318316137684
0.002264835387349392
0.002082768056812313
0.0018993104166599257
0.0017135030999821301
0.00152433641484957
0.0013307269101532218
0.001131490302375983
0.0009253091939459795
0.0007106935155951277
0.000485930877703456
0.00024902288935289927
-2.3982164128804814e-06
-0.0002711809942740136
-0.0005608068697132156
-0.0008756026238627614
-0.0012210452428794395
-0.0016042133948557984
-0.0020344837595058984
-0.0025246661292061814
-0.0030929971643544676
-0.0037669383045414954
-0.004590711745637131
-0.005639281279146939
-0.007038094092925426
-0.008971019012623718
-0.011622652983881241
-0.014975034959219353
-0.01845238606610174
-0.020645982983755595
-0.019582313823205022
-0.01378973742518351
-0.0036243163544726854
0.008335594228317766
0.018501015299029512
0.02429359169705258
0.025357260857604837
0.02316366393995043
0.01968631283307229
0.016333930857733638
0.013682296886479555
0.011749371966778185
0.010350559153001674
0.00930198961949025
0.008478216178395706
0.007804275038208604
0.007235944003060426
0.0067457616333605475
0.006315491268711261
0.005932323116733768
0.005586880497717334
0.005272084743567421
0.004982458868127229
0.004713676090266888
0.0044622549845000446
0.004225346996149607
0.004000584358257994
0.003785968679907297
0.00357978757147665
0.0033805509636999215
0.0031869414590033895
0.002997774773871516
0.002811967457192921
0.0026285098170411242
0.0024464424865045936
0.0019733049240064256
0.0018146734173454509
0.0016548305631070026
0.0014929404850614779
0.0013281234598783059
0.0011594354994462813
0.0009858447625629922
0.0008062034286423945
0.0006192132320168055
0.0004233822041703472
0.00021696918995858057
-2.0887949041643265e-06
-0.00023627363428377346
-0.0004886186180590058
-0.0007628935751086928
-0.0010638704811320484
-0.0013977168190864252
-0.0017726022727717274
-0.0021996877080844805
-0.002694862271139943
-0.003282052391034942
-0.003999787677037797
-0.00491338220946092
-0.006132135724266217
-0.007816251575462568
-0.010126571659556381
-0.013047457098474897
-0.01607725028673101
-0.017988548991407748
-0.01706183835901285
-0.012014866775314981
-0.0031578535362456403
0.007262693900969241
0.016119707140039036
0.021166678723737536
0.022093389356135366
0.02018209065145833
0.01715229746320479
0.014231412024287623
0.011921091940194944
0.010236976088995927
0.009018222574192863
0.008104628041768046
0.007386892755766381
0.0067997026358717
0.0063045280728156105
0.005877442637503555
0.005502557183819009
0.00516871084586331
0.004867733939840295
0.0045934589827906986
0.00434111399901412
0.004106929159635248
0.0038878711747722308
0.0036814581605601835
0.003485627132713411
0.0032986369360883303
0.0031189956021671246
0.002945404865284036
0.0027767169048515056
0.0026118998796693113
0.002450009801623297
0.0022901669473852936
0.0021315354407245683
0.0017461287684730495
0.0016057597005664768
0.001464318741667206
0.0013210662459454867
0.001175223768388287
0.0010259559977268005
0.0008723498837418236
0.0007133897490369044
0.0005479267912352882
0.00037464080530880844
0.00019199108743558815
-1.847844444519001e-06
-0.00020907214567807706
-0.00043236589628781186
-0.0006750649201255883
-0.0009413918139107654
-0.0012368040208079996
-0.00156853067598441
-0.0019464477264118745
-0.0023846150360375745
-0.0029042044289568233
-0.0035393097148156702
-0.004347725828048441
-0.005426170487082112
-0.006916407323768961
-0.008960769169300581
-0.011545427882290307
-0.014226482781204792
-0.015917818934818796
-0.015097837950125207
-0.010631861643375958
-0.0027943869427345305
0.006426658721668553
0.014264133422309479
0.01873010972906275
0.019550090713755044
0.01785875456014262
0.01517769966123069
0.012593040948241388
0.010548679102711912
0.009058442266022539
0.007979997606990908
0.00717158149375631
0.006536476207898557
0.006016886814978766
0.005578719505354368
0.00520080245492659
0.004869075799750804
0.004573663592853304
0.004307336699067764
0.004064637675229694
0.0038413439246186955
0.003634119623386216
0.003440280691505808
0.00325763097363188
0.0030843449877055694
0.0029188820299040578
0.0027599218951990506
0.0026063157812148147
0.002457048010552345
0.002311205532995877
0.002167953037273241
0.0020265120783753226
0.0018861430104686037
0.0015655093306408546
0.0014396600513516408
0.001312849757765541
0.0011844153132257638
0.001053658795301353
0.0009198312975870016
0.000782114216092021
0.0006395969354702391
0.0004912494859378011
0.0003358882250801311
0.00017213182026381093
-1.6563816615030192e-06
-0.00018744536431698094
-0.00038764156452037314
-0.0006052357456957788
-0.0008440137150225499
-0.001108868391406812
-0.001406281118048852
-0.0017451062564569184
-0.002137949287214454
-0.0026037919704869194
-0.0031732014062197987
-0.0038979943448395
-0.004864884872578886
-0.006200975305289409
-0.00803388124980645
-0.01035121229812436
-0.012754987251381932
-0.014271426196669598
-0.01353629412165225
-0.009532251176811044
-0.0025053944987081557
0.005761944316648596
0.01278880099475128
0.016792843939594758
0.017527976014614425
0.016011537069325094
0.013607762116071394
0.011290431067752356
0.009457525123237866
0.008121434690524943
0.007154544162787477
0.006429751224166269
0.005860341788434712
0.005394499105161947
0.005001656074404837
0.004662830935996376
0.004365418209354745
0.004100563532970076
0.0038617855636432254
0.003644191382467586
0.0034439951822635498
0.003258206199608603
0.0030844179976831834
0.002920661592867256
0.0027653003320086368
0.0026169528824768694
0.0024744356018549475
0.0023367185203605253
0.002202891022644795
0.0020721345047222464
0.0019437000601807532
0.0018168897665960242
0.001691040487306408
0.001419628909843916
0.001305506785157246
0.0011905131975851893
0.0010740468043789388
0.0009554747185102639
0.0008341178198936262
0.0007092337855951669
0.0005799968553652801
0.0004454730365111082
0.00030458898363936154
0.0001560920828414451
-1.5018083307967185e-06
-0.00016997819463149938
-0.0003515192699674321
-0.0005488371043405218
-0.0007653647251846096
-0.0010055391049617107
-0.001275237621900371
-0.0015824895399940723
-0.001938725688418774
-0.002361158994979914
-0.0028775081621891943
-0.0035347615358626763
-0.004411553435550384
-0.0056231441884548525
-0.007285261673794262
-0.009386675249477474
-0.011566490887058821
-0.012941660440516253
-0.012275052134381485
-0.008644102855419718
-0.0022719733194108
0.005225064785178127
0.01159719432118669
0.015228143600152547
0.015894751906284567
0.014519582352829134
0.01233976671525006
0.010238353139567308
0.008576235654229093
0.007364644901323047
0.006487853001636812
0.005830599627962107
0.005314250460753164
0.004891817154192009
0.004535581005768053
0.00422832908767391
0.003958630570735401
0.003718456190958305
0.003501928570114252
0.0033046107357404073
0.0031230696604043267
0.0029545932741041944
0.0027969993829324523
0.0026485024821331672
0.0025076184292615713
0.0023730946104078866
0.0022438576801779705
0.002118973645880159
0.0019976167472620827
0.0018790446613943567
0.0017625782681874552
0.0016475846806168976
0.0015334625559298772
0.0013003555791838302
0.0011958216938245851
0.0010904895636893678
0.0009838083693281098
0.0008751983972930914
0.0007640375854690303
0.0006496459790519484
0.000531267196134262
0.00040804571580940123
0.00027899837257490596
0.00014297779416135004
-1.3754677051596147e-06
-0.00015569690377112031
-0.0003219853649022177
-0.000502725058874469
-0.0007010605773292208
-0.0009210561070674406
-0.0011680952196896721
-0.0014495325732483372
-0.0017758385938381337
-0.002162780000183893
-0.0026357466216381936
-0.00323777903520918
-0.00404090535348925
-0.005150703431149548
-0.006673180905741611
-0.008598054449575468
-0.010594752585155406
-0.011854411983978411
-0.011243825636486009
-0.007917924968859924
-0.002081118374084813
0.004786099176447836
0.01062290577122263
0.013948806438849236
0.014559392786344657
0.013299733387521141
0.011303035251942848
0.009378161708110892
0.007855684233517863
0.006745886155856548
0.005942759837577586
0.005340727424005886
0.004867760802551436
0.0044808193962068785
0.0041545133756154965
0.003873076022056915
0.0036260369094350204
0.00340604137969641
0.0032077058612426552
0.0030269661672690205
0.002860677706138709
0.0027063562700727108
0.002562003008206832
0.002425982429792205
0.0022969350865576434
0.0021737136062337805
0.002055334823315642
0.0019409432168989884
0.0018297824050736676
0.001721172433039772
0.001614491238678596
0.0015091591085439364
0.0014046252231843521
0.0012019150513075316
0.0011052946796001853
0.0010079364926003894
0.0009093313695179453
0.0008089434829283527
0.0007061978626682618
0.000600466028541476
0.000491048859020757
0.00037715559871547445
0.0002578775107435216
0.00013215408243778403
-1.2712200276238962e-06
-0.00014391007561892727
-0.0002976100158338037
-0.0004646671858795765
-0.0006479881214180203
-0.0008513293365052396
-0.001079666847397878
-0.0013397985372895578
-0.0016414021799585037
-0.001999050890369946
-0.0024362123996150517
-0.002992669040320278
-0.003734996518226711
-0.004760781178668322
-0.006168007737855457
-0.007947174126742045
-0.00979273495643999
-0.010957055297837914
-0.010392703435423424
-0.00731857244385585
-0.0019235942259143075
0.004423800462722624
0.009818778680664003
0.012892909672234207
0.013457261534648268
0.01229294119324948
0.010447380363555192
0.00866821397466834
0.007260987415482895
0.006235202755039845
0.0054928752771344225
0.004936418636427726
0.004499257127182574
0.0041416084167721565
0.003840004774102276
0.003579873084209812
0.003351535573317712
0.003148194358230724
0.002964873422692846
0.0027978162526452986
0.002644116312431944
0.002501477456840614
0.0023680521543746206
0.00224232872606872
0.002123050638096327
0.0020091573777925543
0.0018997402082711618
0.0017940083741450072
0.0016912627538836046
0.0015908748672948492
0.001492269744212345
0.001394911557213384
0.0012982911855057657
0.001120102370144912
0.0010300588186622304
0.000939327674049595
0.0008474344707321853
0.0007538798543926806
0.0006581279923767621
0.0005595931843660499
0.0004576238971897348
0.0003514832012313999
0.00024032421625911173
0.00012315861747876175
-1.184598096717112e-06
-0.0001341142111084613
-0.0002773519935478256
-0.00043303779435584276
-0.0006038803041041606
-0.000793380334264315
-0.0010061751875535937
-0.001248600019561949
-0.001529673842405644
-0.00186297778473479
-0.00227038214846896
-0.00278896137372959
-0.003480759694222269
-0.004436721667598942
-0.005748163957971984
-0.007406233398627557
-0.009126183339887458
-0.010211265680885121
-0.009685337109991563
-0.0068204501670344996
-0.0017926747492074213
0.004122695428406311
0.009150470846233617
0.012015357789192877
0.0125412863600873
0.011456204019089497
0.00973625407783056
0.008078184637175719
0.006766742346803687
0.005810780373425696
0.005118982052934144
0.004600402827672083
0.00419299846393751
0.003859694521609432
0.003578620698764891
0.00333619586675641
0.003123401013467489
0.002933900983307449
0.0027630584735597657
0.0026073726727502324
0.0024641348903119697
0.0023312052773000807
0.0022068620617242294
0.0020896964629436836
0.001978537477971388
0.0018723967820144546
0.001770427494837162
0.00167189268682711
0.0015761408248104827
0.001482586208471225
0.0013906930051541318
0.0012999618605418469
0.001209918309059261
0.001051792883263074
0.0009672406461381268
0.0008820427488574947
0.0007957536612053729
0.0007079044820692981
0.0006179920566414626
0.0005254664036436458
0.0004297157237797913
0.00033004802923626347
0.00022566808695951993
0.00011564784537739935
-1.112284577193352e-06
-0.00012593516865773446
-0.00026043757605055803
-0.00040662885625785143
-0.0005670525092774255
-0.0007449958479833624
-0.0009448133666492912
-0.0011724538671613201
-0.001436386329812572
-0.0017493636262456277
-0.0021319222867702044
-0.0026188757925467354
-0.0032684847947606456
-0.004166148193761878
-0.005397614960335501
-0.006954573464863809
-0.008569642876207956
-0.009588563499681572
-0.00909471536961146
-0.00640453768907925
-0.0016833614344639349
0.0038712857065302127
0.008592461961145489
0.011282639641681006
0.011776487771750749
0.010757567148277726
0.009142497736934329
0.007585539232406575
0.006354072465833293
0.005456409066830984
0.004806800064618238
0.004319846558840527
0.003937287898314999
0.003624310601883259
0.0033603781392308445
0.0031327376387186023
0.0029329201200534952
0.0027549767813477887
0.002594553128328226
0.0024483618481200187
0.0023138594407285246
0.00218903655664754
0.0020722764266922844
0.001962256185109917
0.0018578762428329942
0.0017582085482916643
0.001662457868426388
0.0015699322154287842
0.0014800197900009427
0.0013921706108647293
0.001305881523212923
0.001220683625932886
0.0011361313888075407
0.0009946267762313138
0.0009146700505368811
0.0008341027570932792
0.000752503580789464
0.0006694291058564805
0.0005844035245625258
0.0004969067477851091
0.0004063602282742862
0.00031210958861555937
0.0002134028176699116
0.00010936230464965837
-1.0517754294097703e-06
-0.0001190903888343797
-0.0002462824311875475
-0.0003845280411011639
-0.0005362324757751467
-0.0007045043778389135
-0.0008934615681457134
-0.001108729521499851
-0.001358316914263869
-0.0016542834765330304
-0.002016049547345711
-0.002476536477850417
-0.0030908385346619547
-0.003939713561730425
-0.005104250959526175
-0.00657659211430392
-0.008103889055296683
-0.009067439637858991
-0.0086004379041836
-0.006056469690700254
-0.0015918790440351924
0.0036608872071760314
0.00812547785384125
0.010669446067328513
0.011136447801002725
0.01017289721844198
0.008645600277449386
0.007173259122672629
0.006008721724876937
0.0051598466978069815
0.004545544640996337
0.004085057710491
0.003723291639677189
0.0034273250774088876
0.003177737684644003
0.0029624697312899905
0.002773512540984153
0.002605240638920407
0.0024535362042472936
0.002315290594332102
0.0021880985519799724
0.0020700599385744243
0.001959645858495288
0.001855605345474515
0.0017568985745290587
0.0016626479348719032
0.0015721014153599415
0.0014846046385824296
0.0013995790572891018
0.0013165045823558719
0.0012349054060525624
0.001154338112609155
0.0010743813869141853
0.0009467990372364947
0.0008706871229464806
0.0007939940007884028
0.0007163186150942028
0.0006372388722757623
0.0005563018443906084
0.0004730124514341084
0.0003868199663069348
0.0002971014781383848
0.00020314113717938287
0.00010410353365672073
-1.0011561104257332e-06
-0.00011336374406644171
-0.00023443960689032534
-0.00036603751249735395
-0.0005104470580108446
-0.0006706274026022669
-0.0008504983556630544
-0.0010554148823052208
-0.001293000548429276
-0.0015747351715636624
-0.0019191052356505372
-0.00235744904859522
-0.0029422117228527908
-0.0037502681400490567
-0.00485880919893096
-0.0062603551758817315
-0.0077142169051907135
-0.00863144150248818
-0.008186900167249574
-0.005765257831177765
-0.001515339768635353
0.0034848573613247193
0.007734775423866642
0.010156417759942646
0.010600959095181025
0.009683734497883466
0.008229872768575348
0.006828326791624262
0.005719785732743436
0.004911729315546146
0.004326966641289471
0.003888622828344011
0.0035442527642558356
0.003262518141123029
0.0030249324749972396
0.0028200159483557034
0.002640144995296024
0.0024799646507044715
0.002335555105191103
0.0022039571995835436
0.002082881336760345
0.001970518748803685
0.0018654140590366815
0.001766376455513602
0.001672416114554253
0.00158269762638742
0.0014965051412592577
0.0014132157483023856
0.0013322787204185379
0.0012531989775994793
0.0011755235919057696
0.0010988304697481283
0.0010227185554571956
0.0009069159979993243
0.0008340102305035847
0.000760547738026796
0.0006861443590292204
0.0006103957802577585
0.0005328681529781444
0.0004530872520160851
0.00037052554919357866
0.00028458637324792874
0.00019458402901522114
9.971829768884758e-05
-9.589488749745922e-07
-0.00010858836059354012
-0.00022456400751145393
-0.0003506184645320677
-0.0004889448811308814
-0.0006423777639011445
-0.0008146718027197829
-0.0010109563877709258
-0.0012385339458306195
-0.00150840071213466
-0.0018382644394035945
-0.00225814335131119
-0.0028182734492716737
-0.0035922916229998354
-0.004654137787065591
-0.005996648085772489
-0.0073892724230925685
-0.008267865650004282
-0.00784205345409406
-0.0055224176680299004
-0.0014515138095376949
0.0033380672814787254
0.007408971139970428
0.009728606926037999
0.01015441912194767
0.009275825895037535
0.007883201557717538
0.006540691259011655
0.005478845094945042
0.004704826921215473
0.004144696823255884
0.0037248179113490197
0.003394954184078674
0.0031250874177751096
0.002897509859714113
0.002701225274663747
0.002528931235846102
0.002375498353075628
0.0022371719364774824
0.0021111174794558223
0.0019951418325392777
0.0018875124208196214
0.0017868351742563815
0.0016919694429292488
0.001601967098697076
0.0015160279227518178
0.0014334662199283615
0.0013536853189663293
0.0012761576916882312
0.0012004091129160003
0.0011260057339190005
0.0010525432414419309
0.000979637473945912
0.0008738953013021525
0.0008036440254425482
0.0007328562949183543
0.0006611619354857155
0.0005881713549097619
0.0005134665008611743
0.0004365904146763611
0.0003570347754495378
0.00027422463669029304
0.00018749926936870945
9.608759061772011e-05
-9.240063806617528e-07
-0.00010463464049148888
-0.00021638762366342382
-0.00033785244770914464
-0.00047114240943501434
-0.0006189888108379504
-0.0007850096331048136
-0.0009741475044322207
-0.0011934389684537367
-0.0014534798844939825
-0.0017713332642111653
-0.0021759243819877224
-0.0027156602249151017
-0.0034614968039250677
-0.004484682374833051
-0.0057783145437237966
-0.007120237720187582
-0.007966846129047685
-0.007556540270244588
-0.005321359827483992
-0.0013986693921970834
0.0032165336891507527
0.00713922412443686
0.009374404567200886
0.009784710426004848
0.00893810201714462
0.0075961788406817225
0.0063025466717902805
0.0052793611008832885
0.004533524521871897
0.003993788678945863
0.003589197561168843
0.0032713441814507097
0.0030113032654116557
0.002792011801388037
0.002602873930061908
0.0024368531077962794
0.002289006706392422
0.0021557167446669585
0.0020342519206206625
0.0019224989374501092
0.0018187883033377473
0.001721776706340212
0.0016303650275886496
0.0015436396602669428
0.001460829521508313
0.0013812738822808345
0.0013043977960957099
0.0012296929420490378
0.001156702361472662
0.0010850080020403591
0.0010142202715159943
0.0009439689956553486
0.0008468950059688967
0.0007788142492537963
0.0007102136124645934
0.0006407343584567608
0.0005699989320469282
0.0004976021972761004
0.00042310131392314177
0.00034600366644356516
0.00026575207221070905
0.0001817062164469576
9.311884009818785e-05
-8.954363348362068e-07
-0.00010140177269924355
-0.000209701977179502
-0.00032741395995189025
-0.0004565857240796924
-0.0005998641834724265
-0.0007607555356914163
-0.000944049697869423
-0.0011565658070254517
-0.001408572344195057
-0.001716605130738767
-0.0021086957598656364
-0.0026317556695914656
-0.003354548761293437
-0.00434612235126103
-0.005599787798918112
-0.006900253503436168
-0.0077207083484871425
-0.007323081522942415
-0.005156958492085025
-0.0013554593717245028
0.003117158045519305
0.006918657165879786
0.009084780196738942
0.009482407022284749
0.008661952177234828
0.007361486472717027
0.006107821025060996
0.005116247435092393
0.004393454343389053
0.0038703944336646837
0.0034783038045378273
0.0031702710179934927
0.0029182644808238133
0.002705748371666648
0.00252245420948941
0.002361562857271514
0.002218284397877494
0.002089112633751001
0.001971400650977132
0.001863100446499036
0.0017625941101327496
0.0016685798337009983
0.0015799924573510684
0.0014959466015878227
0.0014156950073550504
0.0013385973598745967
0.0012640964765217066
0.001191699741752616
0.0011209643153428197
0.001051485061335638
0.0009828844245454425
0.0009148036678298136
0.0008252627534806695
0.0007589209857514314
0.0006920726172716319
0.0006243680741399104
0.000555439445084525
0.0004848919425577172
0.00041229403783295043
0.0003371656982752892
0.00025896397341226504
0.00017706490407241762
9.074031849691066e-05
-8.725474888286473e-07
-9.881164625656364e-05
-0.0002043455337721521
-0.00031905079374921987
-0.0004449231168465037
-0.0005845418064615002
-0.0007413235007411265
-0.000919935766946471
-0.0011270235591146404
-0.0013725930676275083
-0.001672757736631979
-0.002054833154285592
-0.002564532543124768
-0.0032688635084653526
-0.004235109986160017
-0.005456754567185234
-0.006724004973469803
-0.007523505772815046
-0.007136037107589782
-0.005025241983099422
-0.0013208399211719
0.003037539496832097
0.00674194155875993
0.008852736683252083
0.009240205348477432
0.008440704549134119
0.007173454142849936
0.005951809561824965
0.004985563084129065
0.004281232118787702
0.0037715327299498586
0.003389457312295707
0.003089292643290846
0.0028437231347783
0.0026366353426087816
0.0024580230764047915
0.0023012413821260217
0.0021616226925095464
0.0020357503694126726
0.0019210451094350584
0.0018155112219214572
0.0017175721231515566
0.0016259592571668282
0.0015396346715909992
0.001457735602251684
0.001379533877388142
0.0013044055378300624
0.0012318076331051231
0.0011612601305802056
0.0010923315015251677
0.0010246269583935475
0.0009577785899133162
0.000891436822183418
0.0008084990987330597
0.0007435049396277508
0.0006780144704239778
0.000611685218164566
0.0005441567450121807
0.0004750422827941601
0.000403919068490542
0.0003303168204421129
0.00025370361721009876
0.00017346817420416127
8.889711113454178e-05
-8.548107015026764e-07
-9.680445957257534e-05
-0.00020019462304021046
-0.00031256985937584355
-0.00043588532037865005
-0.000572667915503139
-0.0007262648799225923
-0.0009012489673684461
-0.0011041301509290744
-0.0013447113620921741
-0.0016387787289421263
-0.002013092979854376
-0.002512438792918424
-0.0032024627473598672
-0.004149082256957355
-0.005345912591592913
-0.006587423102555302
-0.007370685704514119
-0.006991088922650574
-0.004923169550882624
-0.0012940118733512694
0.0029758399373856553
0.006604997614917932
0.008672916986687203
0.00905251376855239
0.008269251166594459
0.007027740655632074
0.005830910320995908
0.00488429081139854
0.0041942668569566206
0.003694921043892985
0.0033206067929813857
0.0030265394261306806
0.002785958214967716
0.002583077031405036
0.0024080929439606303
0.0022544959795418804
0.0021177133844159438
0.001994397923413939
0.0018820226870770623
0.0017786325236122732
0.0016826828747391288
0.0015929309529035666
0.0015083598898337006
0.0014281244468283738
0.0013515112435957355
0.0012779089955469677
0.001206785781243766
0.0011376713190272033
0.0010701428458751172
0.00100381359361536
0.0009383231244115111
0.0008733289653055329
0.0007962311076633222
0.000732223156541874
0.0006677264262347945
0.0006024036404029252
0.000535899830423452
0.0004678340968696309
0.0003977900916460989
0.000325304669059964
0.0002498539789496184
0.0001708360122438929
8.75482133577115e-05
-8.418309095415983e-07
-9.533555904113358e-05
-0.0001971569007474923
-0.0003078269774214026
-0.00042927127368381406
-0.0005639783560209667
-0.0007152446690791178
-0.0008875735800975258
-0.0010873762803352866
-0.0013243069522533757
-0.0016139121872871787
-0.0019825466557512996
-0.002474315506656731
-0.0031538692890065397
-0.004086125360959307
-0.005264796081361509
-0.006487469547777444
-0.007258848638279334
-0.006885012630632679
-0.0048484706563457275
-0.001274378484355165
0.0029306868512097234
0.006504779023201079
0.008541320997489086
0.008915157005136513
0.008143777914635334
0.0069211044482207695
0.0057424337278186525
0.00481017765586347
0.00413062387351472
0.0036388550226095447
0.0032702205541454707
0.002980615319111002
0.002743684647193447
0.002543881946954045
0.0023715530359367104
0.0022202867228794288
0.002085579640540928
0.0019641353442786847
0.0018534652676042984
0.0017516439259001285
0.0016571501977664784
0.001568760153500432
0.0014854723546138865
0.0014064543879086751
0.0013310036977976355
0.0012585182752113066
0.0011884742699885833
0.0011204085364351492
0.001053904726456304
0.0009885819406240959
0.0009240852103168664
0.0008600772591948589
0.0007881936225613112
0.000724831794492776
0.0006609861211837758
0.0005963227309069998
0.0005304902382434758
0.0004631115887284028
0.00039377463706317907
0.0003220209127470724
0.0002473318535868732
0.00016911152745237312
8.666447066132715e-05
-8.333272439883061e-07
-9.437319578598066e-05
-0.00019516670978310868
-0.0003047196357476139
-0.0004249380215836058
-0.0005582853130376022
-0.000708024678890541
-0.0008786140272020985
-0.0010763998314428647
-0.001310938819829433
-0.0015976206492264366
-0.00196253395727886
-0.0024493386929532734
-0.003122032845678447
-0.004044878575245932
-0.005211651845462274
-0.00642198402743668
-0.007185577500277221
-0.006815515700491307
-0.004799530925228021
-0.00126151546226058
0.002901104369132765
0.0064391198321005465
0.008455104607363262
0.008825166407153123
0.008061572934313546
0.006851240752338084
0.005684467482122238
0.004761621752553655
0.004088927599829239
0.003602122864154355
0.003237209556102254
0.0029505277267046597
0.002715988738317828
0.0025182029340765602
0.002347613585764686
0.002197874219912406
0.0020645269284578454
0.0019443085426226864
0.0018347556166579343
0.0017339621026628165
0.001640422234119285
0.0015529244362140508
0.0014704773794225055
0.0013922570532889519
0.0013175679941282744
0.001245814269811563
0.0011764773181469172
0.001109098668632704
0.0010432661759695403
0.000978602785692008
0.0009147571123833798
0.0008513952843141834
0.0007842164665361108
0.0007211743569033812
0.0006576508434740872
0.0005933137392109089
0.0005278134317585477
0.00046077476923731637
0.00039178768600094333
0.00032039602495643484
0.00024608384053290036
0.00016825820762985375
8.622717182050761e-05
-8.291194575581456e-07
-9.38969935498961e-05
-0.00019418191175538493
-0.00030318204259462654
-0.0004227938161781645
-0.0005554682478633821
-0.0007044520406694518
-0.000874180608280528
-0.0010709684001297122
-0.001304323921555712
-0.0015895591741330736
-0.0019526311556278021
-0.0024369795183589275
-0.0031062793479460114
-0.004024468594198566
-0.005185354693208955
-0.006389580080457385
-0.0071493210196803166
-0.006781126791309428
-0.004775314255163423
-0.0012551504966396745
0.0028864661812121077
0.006406629939736986
0.008412442475883226
0.008780636704257428
0.008020895765034418
0.006816670377783045
0.005655784278774884
0.004737595032520951
0.004068295202933982
0.003583946840204754
0.0032208748587090963
0.0029356396061308056
0.002702284084705087
0.0025054962928556476
0.002335767725245002
0.002186783932439779
0.002054109500753092
0.0019344977271696976
0.001825497596330997
0.0017252126781270023
0.0016321448040327552
0.0015450885127550277
0.001463057476945283
0.0013852318440431938
0.001310919659619244
0.0012395279985736398
0.0011705409153386994
0.0011035022528174134
0.0010380019453660222
0.0009736648411015119
0.0009101413276722662
0.0008470992180395821
