0.0009835423191428216
0.000922287930920609
0.0008605657901758343
0.0007980531297662746
0.0007344102513562248
0.0006692726412982149
0.0006022418622127854
0.0005328746922621417
0.000460669816520814
0.00038505112338395407
0.0003053462800111978
0.00022075868211188872
0.00013032997113185645
3.2888868239435874e-05
-7.30203128351016e-05
-0.00018924022729730036
-0.0003181523907191875
-0.0004629114457596331
-0.00062782704253566
-0.0008190345909613549
-0.0010457729841893127
-0.001322919976420073
-0.0016756961052203521
-0.0021463076363809463
-0.002796619774616886
-0.0036887492808691308
-0.004816669638805957
-0.00598667495603895
-0.006724794688002191
-0.006367002809443065
-0.0044181142834549695
-0.0009979070746382916
0.003026091261971486
0.006446298470789973
0.008395186996778527
0.008752978875334723
0.008014859143373656
0.006844853826140551
0.0057169334682034625
0.004824803961950263
0.004174491823715932
0.0037038802925556543
0.003351104163754769
0.003073957171524383
0.0028472187782971415
0.0026560112298708314
0.0024910956330945065
0.0023463365780549785
0.0022174244146316744
0.002101204500170713
0.0019952953190945618
0.0018978542162027853
0.0018074255052232605
0.0017228379073242837
0.001643133063952156
0.0015675143708144717
0.0014953094950736299
0.00142594232512181
0.0013589115460366746
0.0012937739359785202
0.0012301310575683635
0.0011676183971586018
0.0011058962564142179
0.0010446418681911414
0.0009885303568003719
0.0009269653165454139
0.0008649301515546537
0.0008021004577713566
0.0007381348140753061
0.0006726668581830705
0.0006052961320372156
0.0005355771659932406
0.0004630061027002812
0.0003870039087972021
0.000306894841696298
0.00022187825711496106
0.00013099093616683718
3.305565985713534e-05
-7.339064062852538e-05
-0.00019019996556512834
-0.00031976590845000615
-0.00046525911081592587
-0.0006310110793452617
-0.0008231883399824167
-0.0010510766414107964
-0.0013296291908283773
-0.0016841944307711978
-0.0021571926688096752
-0.002810802835430264
-0.0037074566669971828
-0.004841097019048919
-0.006017035597864141
-0.006758898226981369
-0.006399291540722871
-0.0044405194572883595
-0.0010029674469949172
0.0030414375764104837
0.006478989586704472
0.008437761670137697
0.00879736835639722
0.008055505727277394
0.006879567148464129
0.005745926796413302
0.004849272964844774
0.004195662798226082
0.003722664560185613
0.00336809932024429
0.003089546770826058
0.0028616584693982785
0.002669481208761586
0.002503729240232248
0.002358236037867688
0.0022286700949808403
0.0021118607700439957
0.0020054144695587427
0.0019074791932484811
0.0018165918723013698
0.001731575287720421
0.0016514662206199896
0.0015754640267153803
0.0015028929634233203
0.0014331739973781916
0.0013658032712326297
0.0013003353153401994
0.001236369671644067
0.0011735399778603074
0.0011115048128704814
0.0010499397726141206
0.0009986107454279874
0.0009364179045267063
0.0008737501448578926
0.0008102797542960601
0.0007456618301267013
0.000679526274137803
0.0006114685446505519
0.0005410386294050491
0.0004677275330315885
0.0003909503175484794
0.0003100243495706308
0.000224140820342976
0.0001323266886727603
3.3392731012063526e-05
-7.413904093361216e-05
-0.00019213951301040675
-0.0003230266871480386
-0.00047000353721019373
-0.0006374457400939083
-0.0008315827045350851
-0.0010617948701702028
-0.0013431879281322193
-0.0017013688056911195
-0.0021791903699311475
-0.0028394655629321655
-0.00374526265724539
-0.0048904626094628395
-0.006078391777854988
-0.006827818459433028
-0.006464544196446131
-0.004485798314150616
-0.0010131940005818551
0.0030724511209368997
0.006545055434508387
0.008523801316802058
0.00888707557978767
0.008137648898210724
0.006949719729820417
0.0058045197776009265
0.004898722683287747
0.004238447490288771
0.0037606259260479246
0.003402445048488581
0.0031210519905271153
0.002890839824892742
0.002696702860451023
0.002529260657567602
0.0023822838075061485
0.0022513966333674367
0.0021333961612902234
0.002025864389345544
0.0019269304316838908
0.0018351163000141836
0.0017492327707873594
0.0016683068028095819
0.0015915295873254647
0.0015182184909524965
0.0014477885757067906
0.0013797308462198843
0.0013135952902294573
0.0012489773660602412
0.0011855069754983976
0.0011228392158303393
0.0010606463749280946
0.0010139969161135944
0.000950845833576333
0.0008872125149131561
0.0008227641987420115
0.0007571506682250427
0.000689996122824011
0.0006208897878431099
0.0005493747174099073
0.0004749340737541727
0.0003969739063975845
0.00031480106420273414
0.00022759427660007988
0.00013436551014411272
3.39072181729154e-05
-7.528135991003923e-05
-0.00019509993589474236
-0.0003280037674487223
-0.00047724517880081677
-0.0006472672659343052
-0.0008443954185708811
-0.0010781546076341175
-0.0013638832676829173
-0.001727582863294711
-0.0022127664968131433
-0.00288321482995213
-0.0038029677060554407
-0.0049658115969070955
-0.006172042529005746
-0.006933014538005308
-0.006564142257605793
-0.004554909448166273
-0.0010288032253482522
0.00311978850646215
0.00664589472927949
0.008655127538717859
0.009023999819119766
0.008263027810120236
0.0070567968780209265
0.005893952987169205
0.004974200111066488
0.004303751777927853
0.0038185681444086695
0.0034548685487973537
0.0031691398887490393
0.002935380699686343
0.002738252547049243
0.0025682304599156545
0.002418989048564992
0.002286085217009806
0.002166266641024808
0.0020570780629419905
0.0019566197709710137
0.0018633910045149406
0.0017761842169130714
0.0016940113747191854
0.0016160512073614846
0.0015416105637057382
0.0014700954932722844
0.0014009891582916732
0.0013338346128899086
0.0012682210823722535
0.0012037727662017749
0.0011401394475389014
0.0010769883650003434
0.0010350214222304723
0.0009705609458126841
0.0009056082344304499
0.0008398236271189804
0.0007728496455307961
0.0007043026971570505
0.0006337634901646424
0.000560765604214445
0.000484781485248889
0.0004052048676188824
0.0003213282281547402
0.00023231326777720768
0.00013715146680457813
3.461024086680927e-05
-7.684228796109619e-05
-0.0001991452208208118
-0.00033480472367149324
-0.00048714055579953796
-0.0006606879383471967
-0.0008619034147563055
-0.001100509451490968
-0.0013921625165477516
-0.0017634031916970092
-0.0022586467596448596
-0.0029429962231905414
-0.0038818190247930993
-0.005068772516132291
-0.00630001190887086
-0.007076760004692489
-0.006700238242113805
-0.004649346465925635
-0.0010501324377628135
0.0031844728150947693
0.0067836868432578305
0.008834578619445017
0.009211100382022861
0.008434352286202824
0.007203112893464958
0.006016159402125385
0.005077336600522614
0.004392987136977602
0.003897743569029912
0.003526502893880832
0.0032348498288250877
0.00299624379209097
0.002795028315680805
0.0026214809331333976
0.0024691451010054747
0.0023334855981538534
0.0022111826652940177
0.0020997301364670254
0.0019971889105286
0.0019020271095564034
0.001813012149179479
0.0017291355097159926
0.0016495588920860335
0.0015735747731197844
0.0015005768871695305
0.0014300376801772022
0.0013614907318028205
0.0012945167502139239
0.0012287321429029002
0.0011637794315200677
0.0010993189551019456
0.0010621519872323704
0.0009960018351104897
0.0009293465452633472
0.000861837553326172
0.0007931080105125583
0.0007227642693524273
0.0006503760472772468
0.0005754646978505697
0.0004974888384403897
0.00041582631158191554
0.00032975104806163603
0.00023840277476792774
0.00014074653604930843
3.551743822320652e-05
-7.885655124430387e-05
-0.0002043653625425168
-0.000343580855021143
-0.0004999098079314713
-0.0006780063231426049
-0.0008844961883234042
-0.0011293567234097767
-0.0014286547950670054
-0.0018096266754927947
-0.0023178518420524943
-0.0030201396737015345
-0.00398357076661166
-0.005201635833870594
-0.00646514666672087
-0.00726225249335336
-0.006875859565036493
-0.004771210051998612
-0.0010776560543235224
0.00326794296618895
0.006961496963862918
0.009066146476900473
0.009452539405217605
0.0086554335785867
0.00739192274573538
0.006173857678477564
0.005210426585567871
0.00450813875391801
0.003999913587358942
0.0036189417069331705
0.003319643635277091
0.0030747831001907647
0.002868293235009185
0.002690196719798703
0.0025338677668881853
0.002394652274409231
0.0022691434631105403
0.0021547694736437817
0.002049540375816968
0.0019518841370983202
0.0018605358638059874
0.0017744606002862726
0.0016927980734279414
0.0016148222140168682
0.0015399108645900983
0.0014675226425153874
0.0013971789013546192
0.0013284493585399943
0.001260940366603894
0.0011942850767556672
0.0011281349246332346
0.0010960150011783518
0.0010277558802676272
0.000958975517049735
0.0008893142343810787
0.0008183934877589884
0.00074580707961315
0.0006711110092884814
0.0005938113703421242
0.0005133495200051413
0.0004290834654407155
0.00034026398918726654
0.00024600339124130526
0.0001452337198884462
3.6649754570853644e-05
-8.137065623297756e-05
-0.00021088088500508147
-0.0003545347863245982
-0.0005158477534556633
-0.0006996222693170494
-0.000912695363883767
-0.001165362452655241
-0.0014742026415782551
-0.0018673205283425854
-0.0023917486764229896
-0.0031164262671619335
-0.004110572146509543
-0.005367469007856928
-0.006671259242628213
-0.007493774349806674
-0.007095060604266658
-0.004923313482395263
-0.0011120094178448253
0.0033721259953232753
0.007183430059872991
0.009355177181745264
0.009753890927285952
0.008931375820106644
0.007627585585335796
0.006370688723987213
0.005376542844641305
0.004651865253900874
0.004127437105822384
0.003734319219056875
0.0034254790301356795
0.0031728119413643534
0.0029597388467961206
0.002775964330936332
0.0026146513638045958
0.0024709974624846625
0.002341487233712342
0.002223466822908978
0.0021148828575905517
0.00201411318623786
0.001919852588292748
0.0018310331120398083
0.001746767057476053
0.0016663052071381656
0.0015890055681921358
0.0015143094978675926
0.0014417230897211526
0.0013708023430983225
0.001301141060430334
0.001232360697211013
0.0011641015763002372
0.0011374286338481732
0.0010665902958508456
0.000995211020036091
0.0009229175386042197
0.00084931700347766
0.0007739878686197319
0.0006964693564905803
0.0006162488980328476
0.0005327467417505872
0.0004452966366314695
0.000353121055469605
0.00025529875584015353
0.00015072143264625816
3.803454654017395e-05
-8.444534830648548e-05
-0.00021884921276668677
-0.00036793117960977383
-0.0005353394744302139
-0.0007260580466316839
-0.0009471822705295304
-0.0012093965849887351
-0.001529906552282882
-0.00193787871005882
-0.002482122705124899
-0.0032341823980284326
-0.0042658916265794706
-0.005570278635920577
-0.00692332929074404
-0.00777691898675832
-0.007363136999225772
-0.005109331318932918
-0.001154022373953316
0.0034995389140927272
0.0074548478590718325
0.00970865353936303
0.010122435526899027
0.00926884583088304
0.007915795176059283
0.006611408166719927
0.005579698938168719
0.004827639245263668
0.004283395250199884
0.0038754230924223057
0.003554913125130065
0.0032926988106709034
0.0030715745867712155
0.0028808560145714597
0.002713447719750221
0.0025643657529066323
0.0024299618884465004
0.002307481993599834
0.0021947951074933595
0.0020902177842994467
0.001992395484671248
0.001900219903509455
0.0018127697983913657
0.0017292676421079203
0.001649047183650275
0.001571528671521868
0.0014961995366631461
0.0014225990015360019
0.0013503055201048112
0.001278926244288788
0.0012080879062914209
0.0011874488242806455
0.0011134952575194818
0.001038976964317131
0.0009635042618124758
0.0008866670257896776
0.0008080251720335926
0.0007270976595519143
0.0006433493782150465
0.0005561750809911592
0.0004648792173655757
0.0003686500670636345
0.0002665258744615923
0.00015734959484830363
3.970712066213712e-05
-8.815902640776853e-05
-0.00022847352004382883
-0.00038411161102348064
-0.0005588819625115713
-0.0007579877028259436
-0.0009888362398923374
-0.0012625818830265935
-0.0015971868410683497
-0.002023100282265467
-0.00259127824147852
-0.003376410536642115
-0.004453489391652616
-0.005815235656926184
-0.00722778356359566
-0.008118905253627564
-0.007686923275036994
-0.005334005919139456
-0.0012047659018350108
0.0036534301769046125
0.007782670194207802
0.010135587550105322
0.010567569528694976
0.009676447838663317
0.008263899931994981
0.006902153666720769
0.005825074811710991
0.005039942516546811
0.004471764557335658
0.004045851116136663
0.0037112461580972203
0.0034375005149629616
0.0032066519778953285
0.0030075462375823
0.0028327758860932804
0.002677137795113155
0.0025368233014774807
0.0024089571544062133
0.0022913146802200964
0.002182138400607341
0.002080014208006321
0.0019837850577049
0.0018924891940794873
0.0018053148968543964
0.0017215666155184087
0.0016406391030372243
0.001561997249280126
0.0014851600132573394
0.001409687310752588
0.0013351690175490885
0.0012612154507875917
0.0012474330345805707
0.0011697436852653044
0.0010914610821870568
0.0010121758575400458
0.0009314571695600578
0.0008488427030437115
0.000763827117063628
0.0006758482702292239
0.0005842703412559857
0.0004883626436569023
0.0003872724528197599
0.0002799894296762009
0.00016529808095117797
4.1712864853458336e-05
-9.26124767208485e-05
-0.0002400149979086539
-0.0004035151942911508
-0.0005871141259047833
-0.000796277760658012
-0.0010387876975953194
-0.0013263617153550615
-0.0016778693939371596
-0.002125298030520296
-0.002722177597105695
-0.0035469705073484263
-0.004678456445679968
-0.006108987536546531
-0.007592883900267821
-0.008529013227110027
-0.008075205417073319
-0.005603433703918145
-0.0012656167528446332
0.0038379757877248432
0.008175792738798607
0.01064756445195062
0.011101372261992995
0.010165242935148136
0.008681346571426902
0.007250815480561307
0.00611932954222945
0.005294536631984759
0.004697657065402254
0.0042502284288172916
0.0038987207502367066
0.0036111467324771605
0.0033686367955384415
0.003159473160786575
0.002975874229172013
0.0028123740327892135
0.0026649715116015913
0.002530646170025873
0.0024070609539289596
0.002292369605204085
0.002185086582061605
0.0020839963912239086
0.0019880886936254963
0.0018965107646512882
0.0018085319178173089
0.0017235163318381264
0.001640901865320488
0.0015601831773409045
0.0014808979526938653
0.0014026153496148929
0.0013249260002994529
0.0013191291644648914
0.0012369746203877707
0.0011541927252571743
0.0010703505828303672
0.0009849925886878713
0.00089762985603007
0.0008077279994216586
0.0007146925683490812
0.0006178511976381871
0.0005164312045160256
0.00040953085391532383
0.0002960817373805953
0.0001747985009566814
4.411022104337304e-05
-9.793547457472495e-05
-0.0002538099628665619
-0.0004267073434020914
-0.0006208586387987523
-0.0008420439763516267
-0.0010984922076817901
-0.0014025945991599494
-0.0017743052671309076
-0.0022474499550530153
-0.0028786351169222376
-0.0037508323088335017
-0.004947348067106958
-0.006460093653525942
-0.008029268325106587
-0.009019191971219672
-0.008539296249046672
-0.0059254643843798995
-0.001338347592037709
0.004058552794291734
0.00864566958663273
0.011259501451300289
0.011739397173476161
0.01074947352736091
0.009180298855779933
0.00766755326936156
0.006471037511088531
0.005598840319175045
0.004967655157308407
0.004494510469384856
0.004122799801415367
0.0038186974099370355
0.0035622491786064738
0.003341063841054437
0.0031469125456569
0.0029740151651209486
0.002818140676829794
0.002676094981209169
0.0025454067012972825
0.002424123464873566
0.0023106743483401284
0.0022037739977384917
0.0021023540046163905
0.0020055126339052574
0.001912477202832965
0.001822575346225368
0.0017352126135662853
0.0016498546194243715
0.001566012476997462
0.0014832305818663321
0.0014010760377887984
0.0014048010091935797
0.001317310869931818
0.001229152635735988
0.0011398652955238685
0.001048963655232091
0.0009559270768567177
0.0008601864688038085
0.0007611087734095334
0.0006579779581003559
0.0005499711574671157
0.0004361280723605074
0.00031531090544959124
0.00018615082411940678
4.6974879437603444e-05
-0.00010429609981827456
-0.0002702939971029974
-0.0004544203567683389
-0.000661180990885406
-0.0008967314256939512
-0.0011698349491695418
-0.0014936875997359276
-0.001889539439913646
-0.002393413023985243
-0.0030655909620235034
-0.003994432842025897
-0.005268654309611282
-0.00687963961826615
-0.008550714515892262
-0.009604917052875184
-0.009093847251647457
-0.006310264237668823
-0.001425254175124906
0.004322125174655398
0.009207135237198611
0.011990718251176336
0.012501788052406933
0.011447585515422694
0.00977651061779651
0.008165525309142158
0.006891303841556638
0.00596246196155318
0.005290284023517009
0.004786410439444298
0.00439055859926791
0.004066705948701271
0.003793602425225494
0.003558051990417309
0.0033512913562994315
0.00316716499663444
0.0030011670993497774
0.0028498961200910866
0.002710720175411245
0.002581560094081269
0.002460742927171314
0.002346899842063638
0.0022388930414304763
0.002135762226121136
0.0020366845307275153
0.0019409439226753906
0.0018479073442986148
0.001757005704007379
0.0016677183637956285
0.0015795601295996726
0.001492069990337163
0.0015074081819303354
0.001413527723520703
0.001318930372163105
0.0012231214442767358
0.0011255803069565977
0.0010257482945086021
0.0009230147485621302
0.000816700372551681
0.0007060368344500479
0.0005901411662441911
0.00046798292790890925
0.0003383412166223891
0.0001997472192578095
5.04057934247416e-05
-0.00011191409644402102
-0.00029003656887188734
-0.0004876116202743549
-0.0007094741721061309
-0.0009622293579362397
-0.0012552805490496288
-0.0016027876427610673
-0.0020275528281027454
-0.0025682297233578007
-0.003289503749706827
-0.004286187502274035
-0.005653474753991945
-0.0073821182664828115
-0.009175234678643934
-0.01030642027213683
-0.009758012746417551
-0.006771123859495803
-0.0015293377141962913
0.00463779722483996
0.009879583370139266
0.012866472257060927
0.01341487978278375
0.012283694189287793
0.010490577777127617
0.008761934264637792
0.007394647012919122
0.00639796326035106
0.005676689234003423
0.005136012338747222
0.004711247153407497
0.004363740059695475
0.00407068886858265
0.0038179336827519157
0.0035960711309201503
0.0033984960795175063
0.0032203736070898726
0.0030580537172177086
0.002908712291387716
0.002770118294022657
0.0026404765827376256
0.002518318344401236
0.0024024226761952027
0.0022917591380935748
0.0021854447620833265
0.0020827112161382237
0.0019828792036886136
0.0018853380663689926
0.0017895291384827001
0.0016949317871254833
0.0016010513287145166
0.001630869534245833
0.0015292999680571594
0.0014269547930328276
0.0013232988093787592
0.0012177687426370009
0.0011097601705421056
0.0009986124197728543
0.0008835905570999116
0.0007638633215156089
0.0006384754269292759
0.0005063120367471178
0.00036605225198071403
0.00021610695855924043
5.453398554628244e-05
-0.00012108043251766922
-0.00031379171991346923
-0.000527548821666197
-0.0007675826584287251
-0.0010410393517405626
-0.0013580924505699902
-0.0017340616118093352
-0.0021936166126155865
-0.0027785768726444537
-0.0035589254114009824
-0.004637239190022419
-0.006116506388514087
-0.007986719473266589
-0.009926678466943055
-0.011150489982677016
-0.010557154230372744
-0.007325640674025054
-0.0016545718346372299
0.005017623721088712
0.010688692560475964
0.013920206116823016
0.014513541869130982
0.013289730353395026
0.011349771359718527
0.009479558274967586
0.008000291076474287
0.006921977297852508
0.006141628759097657
0.005556668499068244
0.005097113498262813
0.004721144337023215
0.004404091238194257
0.0041306345448824415
0.0038906007081190757
0.0036768436063665377
0.0034841323189703853
0.0033085179009043246
0.0031469449278940832
0.0029969996344720983
0.002856739849706925
0.002724576459523659
0.0025991885649369745
0.0024794613293532748
0.0023644394666803552
0.0022532917159119375
0.0021452831438157497
0.002039753077074462
0.001936097093420709
0.0018337519183969214
0.0017321823522072214
0.0017804588042835046
0.0016695728949356204
0.0015578402348826502
0.001444676533712728
0.001329466851226721
0.0012115513251697223
0.0010902086826494988
0.0009646365794371654
0.0008339275079337215
0.0006970385593488254
0.0005527526397300379
0.0003996276917842133
0.0002359288412600853
5.953577306023702e-05
-0.00013218667927780356
-0.0003425741970699615
-0.000575937940583962
-0.000837988635343159
-0.0011365278809564597
-0.001482662398518455
-0.0018931170473430064
-0.002394824431676681
-0.0030334397339368277
-0.0038853646129678033
-0.005062583297622609
-0.006677527352559011
-0.008719267351610126
-0.010837140389372932
-0.012173174916219848
-0.011525399993003145
-0.007997494824419313
-0.0018063034569437966
0.005477826676679488
0.011669018044153517
0.015196923212739091
0.015844698135956573
0.014508663609107806
0.012390790571345045
0.010349050572297826
0.008734106517360044
0.007556887832704898
0.0067049629536746575
0.006066347651413787
0.005564640267081106
0.005154185618256043
0.004808051100695177
0.004509511855081043
0.004247461160321943
0.004014097416807928
0.003803709899015471
0.00361198744667534
0.0034355943784785603
0.00327189552795341
0.003118770580009027
0.002974484660388647
0.0028375957118039474
0.0027068866403014615
0.0025813145370887935
0.002459971894568783
0.002342056368510311
0.0022268466860247884
0.002113682984855923
0.002001950324803649
0.0018910644154551094
0.0019634179415495097
0.0018411374269089603
0.0017179231495476298
0.0015931307774261754
0.0014660821791393265
0.0013360496850258878
0.0012022379042181894
0.0010637620435978207
0.00091962134005716
0.0007686657154218537
0.0006095530070163301
0.00044069297148045263
0.0002601724584518476
6.565326854659115e-05
-0.0001457705555500549
-0.000377777471650592
-0.00063512165802967
-0.0009241006799404021
-0.0012533178396195227
-0.001635021203939131
-0.0020876543101384848
-0.0026409173804206832
-0.003345157010652367
-0.004284625221141198
-0.005582811646058953
-0.007363696987526272
-0.009615223180773355
-0.011950691544219374
-0.01342397529760215
-0.012709612614058757
-0.008819201806766984
-0.001991874110728339
0.006040681406879551
0.012868009102916267
0.016758419910209536
0.01747278259375266
0.015999498840370774
0.013664030476925482
0.011412504283678147
0.009631618942210606
0.008333432517292825
0.007393964306805391
0.006689724676573019
0.006136461606291251
0.005683828500091491
0.005302125135772963
0.004972907976093477
0.0046839289541818485
0.004426584767802938
0.004194577851701561
0.00398315402760396
0.0037886348377015235
0.0036081143246719165
0.0034392542891366375
0.003280141580730346
0.00312918595609503
0.0029850452525546937
0.0028465693919341103
0.002712757611126411
0.0025827251170125326
0.002455676518725511
0.0023308841466054414
0.0022076698692445797
0.002085389354602819
0.0021899457810887805
0.00205355721742162
0.0019161271584455985
0.0017769369325006338
0.0016352301689560398
0.0014901952434448766
0.0013409449970502223
0.00118649255380375
0.0010257216876848928
0.0008573496303338811
0.0006798793670696078
0.0004915371800964215
0.0002901891890259652
7.322742409610712e-05
-0.0001625893480030169
-0.0004213639892616601
-0.0007083991950708086
-0.0010307191192849472
-0.0013979196835407104
-0.001823662101112455
-0.002328517875030236
-0.0029456139212499215
-0.003731105407451735
-0.004778963958488336
-0.006226923810097854
-0.008213263711736862
-0.010724526459761347
-0.013329395672446759
-0.014972599547415111
-0.014175785210563934
-0.00983655020559577
-0.002221621680197752
0.006737557041951386
0.014352485567349516
0.01869172057231849
0.019488534909170872
0.017845331034204142
0.015240461821517145
0.012729199073494811
0.010742859171853894
0.009294899320244925
0.008247040769207932
0.007461549283005256
0.006844453236786842
0.006339597462868515
0.005913855045298028
0.005546654481041899
0.0052243345568267745
0.004937299351017586
0.004678524709758934
0.004442707937658611
0.004225746172730461
0.004024398181659155
0.003836055994687017
0.0036585857314212385
0.0034902136740710124
0.0033294428079521728
0.0031749903647057265
0.003025740118311339
0.002880705192799188
0.0027389984292546157
0.00259980820331074
0.002462378144334558
0.0023259895806674253
0.0024748637523608753
0.0023207306188877982
0.0021654204880492264
0.002008121186562844
0.0018479779373944015
0.0016840735210427247
0.0015154053561127116
0.0013408581705661846
0.0011591705133392764
0.000968892723170512
0.0007683330181059728
0.0005554869127712631
0.0003279429003777393
8.275370344526176e-05
-0.00018374360987706432
-0.0004761857027130675
-0.0008005651770500812
-0.0011648200665319193
-0.0015797947791801382
-0.002060927943878843
-0.002631467563417904
-0.003328850556322949
-0.004216537904645537
-0.005400726018038093
-0.007037064750987844
-0.009281814748034098
-0.012119756686734269
-0.015063454624971686
-0.01692036159597416
-0.016019833090990386
-0.011116090751347157
-0.0025105729384460097
0.0076140439575811125
0.016219561770480548
0.021123304110125335
0.02202383261510797
0.02016692564410681
0.01722322770586973
0.014385285767169152
0.012140535770123796
0.010504197037173736
0.009320008923782224
0.008432321575459126
0.007734938582554285
0.00716439896301568
0.006683265798316965
0.006268291085668716
0.005904036196186679
0.0055796567218491695
0.005287214629012707
0.005020717315689829
0.004775528118758753
0.004547984106364432
0.004335138001029658
0.004134578295964344
0.003944300505796142
0.003762612848568876
0.0035880656630228563
0.0034193974980923168
0.0032554930817404763
0.003095349832571628
0.0029380505310871723
0.0027827404002482977
0.002628607266775088
0.0028404930956854573
0.002663588708918806
0.002485333437521492
0.0023047951193144248
0.0021209926941396545
0.0019328734341955357
0.0017392866385121664
0.0015389522666748039
0.0013304225028847646
0.0011120335151147808
0.000881843579876957
0.0006375520715849728
0.00037639120995066385
9.497828914753698e-05
-0.00021089078220023517
-0.0005465376868444604
-0.000918840375234293
-0.001336909653090875
-0.0018131921013211046
-0.002365407302822502
-0.003020238037659247
-0.003820652372026678
-0.004839487219912874
-0.006198627980275994
-0.008076717350709983
-0.010653094448446091
-0.013910280140277176
-0.017288818501232827
-0.01941999043483017
-0.018386372995390247
-0.012758185157490068
-0.0028814109058842383
0.008738854303413595
0.018615628555017808
0.024243816392919774
0.02527743383235849
0.023146261898761587
0.01976772353780485
0.016510537845976163
0.013934160748240072
0.012056071377806742
0.010696930617443808
0.009678095769557641
0.008877681435190026
0.008222850700353583
0.007670635498851736
0.007194353050621707
0.006776283772765981
0.006403981084375896
0.0060683341797315455
0.005762465108383055
0.005481052187580502
0.005219891325945116
0.004975599817653257
0.004745409882414576
0.004527020894644789
0.004318491130854838
0.004118156759018447
0.003924569963333999
0.0037364507033891773
0.0035526482782144977
0.0033721099600092217
0.0031938546886112655
0.0030169503018453135
0.0033211639982084094
0.0031143236280923702
0.002905903773895866
0.002694814531017194
0.002479908822196982
0.002259955774690084
0.002033609963220334
0.0017993747357719979
0.0015555572733522206
0.0013002121855943383
0.001031069164677097
0.0007454382655948709
0.00044008333435231403
0.00011104923029034517
-0.0002465795727651142
-0.0006390253190470267
-0.001074329884894434
-0.0015631458683929454
-0.0021200261699495515
-0.002765689111841123
-0.0035313333395460317
-0.0044671997421984085
-0.005658455699992261
-0.007247624462987641
-0.009443603616073291
-0.012456117129486403
-0.016264758447631977
-0.02021538028015203
-0.022707532289054054
-0.021499123258235178
-0.014918246457689239
-0.003369432326406759
0.010218077839521294
0.021766891970803892
0.02834776877135064
0.02955617780216906
0.02706402579326802
0.023113403960747337
0.019304762642602287
0.016292249129189494
0.014096269976103764
0.012507101213109419
0.011315845255314714
0.010379978852662678
0.009614334624958804
0.008968671683066122
0.008411791381509883
0.007922975398012125
0.007487670832163821
0.0070952250858822815
0.006737596282826457
0.006408562178764009
0.00610320724752063
0.005817576348438413
0.005548433327520936
0.005293088239763345
0.005049270777343018
0.004815035549895612
0.004588689738425281
0.0043687366909184126
0.004153830982097954
0.003942741739220095
0.0037343218850227075
0.0035274815149076524
0.003966003153916781
0.003719002726895625
0.0034701161411182097
0.003218041874598562
0.0029614101318236204
0.0026987510517195376
0.0024284579786602676
0.002148743667397998
0.001857586616943668
0.001552663714302328
0.0012312638411015047
0.0008901747622360695
0.0005255319775962133
0.0001326123958828706
-0.00029445393746824764
-0.0007630974221953164
-0.0012829214147217828
-0.00186664693919297
-0.0025316527316572514
-0.003302680494919642
-0.004216989055746126
-0.005334584223894372
-0.006757204012773936
-0.008655141616359129
-0.011278072776461161
-0.014876802271225058
-0.019427316140529165
-0.024148382397361546
-0.027127789401959576
-0.025686167288713688
-0.01782514476247095
-0.004027661931799186
0.012206044295347761
0.026003527126019638
0.03386454965226419
0.03530617176550842
0.03232676476091223
0.027605698504080164
0.023055184634774947
0.01945645514001186
0.016833523979910198
0.014935586376324974
0.013512966587445
0.012395371419297318
0.011481062858471076
0.010710035095208379
0.01004502930274528
0.009461303778274689
0.008941479785746973
0.00847283630102085
0.008045769967668941
0.007652850385954467
0.007288207601314434
0.006947118522448384
0.0066257186492476895
0.00632079574660649
0.006029638696151678
0.005749924384891282
0.005479631311830685
0.005216972231726399
0.004960340488951782
0.004708266222433095
0.004459379636654391
0.0042123792096340484
0.004814347514789892
0.00451451448414346
0.004212391842962451
0.00390639967173369
0.0035948751731285974
0.0032760340793429616
0.0029479260663625917
0.0026083815905728366
0.002254946742679922
0.0018848014828271487
0.0014946547660592952
0.0010806072340209753
0.0006379677323725338
0.0001610028456470996
-0.000357413045531804
-0.0009262998272476786
-0.001557315210001845
-0.002265901593117579
-0.0030731558563688597
-0.004009114943322487
-0.0051190203716725904
-0.006475767278461431
-0.008203047594547342
-0.01050813800715297
-0.01369539280375866
-0.018071400548086695
-0.02360916383225851
-0.02936000482901442
-0.03299676018613386
-0.031255368826741584
-0.021698957179340166
-0.004912861776404948
0.014840631911530264
0.03162672731446491
0.0411831389618689
0.04292453032125981
0.0392877749641425
0.033536933967386634
0.02799917068321345
0.02362316293888657
0.02043590814228121
0.018130817729676216
0.01640353741358944
0.015046790506800703
0.013936885078451523
0.013000925991497072
0.012193671728246702
0.011485085345131676
0.010854069962376098
0.010285183180661704
0.009766767289482208
0.00928980240275571
0.008847162901106678
0.008433115369068163
0.008042968652300713
0.007672823392448275
0.007319388544554042
0.0069798440687663344
0.0066517360557845654
0.0063328949619991335
0.006021370463394427
0.005715378292165665
0.005413255650983679
0.005113422620338329
0.005733788046749153
0.005376702380865349
0.005016889873701929
0.004652468898487579
0.004281459122112374
0.003901735541636529
0.0035109753829110175
0.0031065947829990214
0.0026856712008470705
0.0022448460343451318
0.0017801997127508597
0.0012870881587522549
0.0007599242539493394
0.00019187952289797562
-0.00042553267004908236
-0.001103055116839522
-0.0018545724278120944
-0.0026984772234702305
-0.0036598984280288363
-0.0047746218843505005
-0.006096587692916873
-0.0077128619632421186
-0.009771657347930252
-0.0125224621509195
-0.016333778960159556
-0.021580902211315083
-0.02824197546358101
-0.035185660500097624
-0.03961230725421348
-0.03757950239258901
-0.026132344016818
-0.0059635185456484805
0.01778727764444514
0.0379561031156143
0.04940326149138594
0.05143606635301187
0.04700941959889843
0.04006573456237958
0.033404661310113624
0.028157538058959604
0.024346221249719604
0.02159541644673138
0.01953662106204358
0.017920346791717688
0.016598380983151514
0.015483657526829314
0.014522236322271615
0.013678331526614188
0.012926814215640276
0.01224929176885138
0.011631879575903795
0.011063834844850948
0.010536670940048015
0.010043559386049086
0.00957891306445562
0.009138087897953884
0.008717164315800288
0.008312783715891146
0.007922023557163633
0.007542299976687947
0.0071712902003134935
0.006806869225098613
0.0064470567179342195
0.006089971052051048
0.005797977286195287
0.005436932683459298
0.005073130868782969
0.004704669253477982
0.004329545435114543
0.003945610717655043
0.0035505164127336824
0.003141649808731822
0.0027160557057652355
0.002270337931470484
0.0018005330177075307
0.0013019448043209347
0.0007689234141353167
0.00019456352580415458
-0.00042971721449418937
-0.001114783091046746
-0.0018746763137333809
-0.0027279997533936062
-0.00370017604413836
-0.004827443474388657
-0.006164588691626351
-0.007800689760711033
-0.0098893535031273
-0.012693786211725316
-0.01661168254788547
-0.02206481549676316
-0.02907398565824344
-0.036489072631034486
-0.0413623460633005
-0.039478284771764
-0.02762964446497727
-0.0064983218951889755
0.018454408356673915
0.03958573092646199
0.05143437123325052
0.05331843252478653
0.04844515909252302
0.041030072119731704
0.03402090195825119
0.028567769009375448
0.024649872673214702
0.021845439964617294
0.019756776222201025
0.018120675153116442
0.016783529935879424
0.01565626250562796
0.014684086214884009
0.013830762775224915
0.013070869552536566
0.012385803675985456
0.011761522935686695
0.011187163047354894
0.01065414165716868
0.01015555344378222
0.009685748530020084
0.009240030755725492
0.008814436652757107
0.008405570048757825
0.008010475743834691
0.007626541026375306
0.007251417208012905
0.006882955592706386
0.006519153778029493
0.006158109175294376
0.0015959635260204452
0.0014967451815230293
0.001396768502335146
0.0012955101840306175
0.001192419433277439
0.0010869051639669069
0.0009783212012796465
0.0008659486338856194
0.0007489741808860361
0.0006264630293710174
0.0004973239793166901
0.0003602637858185667
0.0002137261117423645
5.580813753476577e-05
-0.00011585604372032609
-0.00030426290038430663
-0.0005132880317403725
-0.0007480724261210931
-0.0010156701246044212
-0.0013262846183670542
-0.0016960525681547869
-0.002153983353169628
-0.002758487710225834
-0.00362913718661085
-0.004983437873577806
-0.007119594557725466
-0.010227986164431642
-0.013965379914912153
-0.0170172161242927
-0.017236721932368887
-0.012796776029405996
-0.003805480961766871
0.007096375330666619
0.016087670398306664
0.02052761630127051
0.020308110493192748
0.0172562742838182
0.013518880533334166
0.010410488926627529
0.008274332242482271
0.0069200315555159615
0.006049382079131227
0.005444877722074128
0.004986946937059674
0.004617178987271828
0.004306564493508754
0.00403896679502669
0.003804182400646423
0.0035951572692886425
0.0034067504126259465
0.0032350862313707185
0.0030771682571618083
0.0029306305830859337
0.0027935703895876404
0.002664431339534034
0.0025419201880196815
0.0024249457350181544
0.0023125731676265013
0.0022039892049376198
0.0020984749356270154
0.001995384184875169
0.001894125866568876
0.0017941491873799949
0.0016949308428833906
-0.015935042216580528
-0.014942092629021445
-0.01394156280849588
-0.012928222181816315
-0.01189656592031606
-0.01084068724222271
-0.009754129897084362
-0.008629712287999185
-0.007459311977041588
-0.006233595253581492
-0.004941670320637267
-0.0035706333021058457
-0.0021049616993151117
-0.0005256866111749935
0.001190763499006658
0.003074221043630256
0.005163233408528173
0.007508839101936849
0.010180668478976338
0.013277360290310958
0.016945110364782086
0.021410207420651667
0.02702838557026695
0.034329158030451716
0.04396135572482872
0.056335894677514466
0.07075183058148499
0.08415898935797711
0.0905246674960532
0.08231638326038013
0.05459846409139667
0.009570810700920477
-0.04243133544489129
-0.08745898883536796
-0.11517690800435068
-0.12338519224002695
-0.11701951410194802
-0.10361235532545655
-0.08919641942148689
-0.07682188046879874
-0.06718968277442264
-0.05988891031423731
-0.05427073216462193
-0.049805635108752196
-0.046137885034280415
-0.04304119322294657
-0.04036936384590681
-0.03802375815249728
-0.035934745787600725
-0.03405128824297614
-0.032334838132794766
-0.03075556304465485
-0.02928989144186485
-0.02791885442333297
-0.026626929490388418
-0.02540121276692777
-0.02423081245597175
-0.02310639484688485
-0.02201983750174749
-0.020963958823654275
-0.019932302562153066
-0.018918961935475744
-0.0179184321149504
-0.016925482527390692
-0.06470298098425406
-0.06067200339873944
-0.05661025025412081
-0.05249648544990104
-0.04830835924994509
-0.044021889741832326
-0.03961086380593537
-0.03504612288893806
-0.030294687864808184
-0.025318660747104177
-0.020073816130676825
-0.014507757236092378
-0.008557452199460136
-0.0021458714901388537
0.004822709294551926
0.012469446788407348
0.02095090303941507
0.0304744039524147
0.04132293258098435
0.0538980798073316
0.06879852749172727
0.08696479994780856
0.10991953971614694
0.14004172597977177
0.18049142070069257
0.23382387742891209
0.2980934190590455
0.3607879420964434
0.3949645854693156
0.3652354259280224
0.2469590718840391
0.048677787770356855
-0.1821045397324737
-0.380385823846158
-0.49866217789014433
-0.5283913374314426
-0.49421469405857166
-0.4315201710211777
-0.367250629391045
-0.3139181726628245
-0.27346847794190376
-0.24334629167827915
-0.22039155190993992
-0.2022252794538592
-0.18732483176946316
-0.17474968454311637
-0.16390115591454688
-0.15437765500154638
-0.1458961987505399
-0.13824946125668366
-0.13128088047199266
-0.12486929976267225
-0.11891899472604034
-0.11335293583145531
-0.10810809121502829
-0.10313206409732348
-0.09838062907319496
-0.0938158881561964
-0.08940486222030003
-0.08511839271218749
-0.08093026651223059
-0.0768165017080131
-0.07275474856339455
-0.06872377097787938
-0.1695221396435255
-0.15896159348260303
-0.1483204183476271
-0.13754297765835632
-0.12657071711939638
-0.11534080613994709
-0.10378456835926506
-0.09182561034408476
-0.07937752867020104
-0.06634103231466246
-0.05260025207497235
-0.03801790914324216
-0.022428859751548985
-0.005631284483651383
0.012625619624123952
0.03265929312259719
0.05487994846535335
0.07983082467993052
0.10825348986179609
0.14120083505454897
0.18024498225189248
0.22786572236380728
0.2881091765002589
0.367375333934871
0.47432831068154435
0.6163138339495993
0.7888977172342422
0.959210001455276
1.054868525224789
0.9796316697803722
0.6655571742073668
0.1347341593103909
-0.484312294263477
-1.0151353091604598
-1.329209804733475
-1.4044466601779084
-1.3087881364084022
-1.1384758521873757
-0.9658919689027372
-0.8239064456346827
-0.7169534688880104
-0.6376873114533975
-0.5774438573169458
-0.5298231172050308
-0.490778970007687
-0.4578316248149342
-0.429408959633069
-0.4044580834184916
-0.3822374280757358
-0.3622037545772623
-0.3439468504694866
-0.3271492752015893
-0.31156022580989695
-0.29697788287816623
-0.28323710263847673
-0.2702006062829373
-0.25775252460905446
-0.24579356659387358
-0.23423732881319154
-0.22300741783374273
-0.21203515729478184
-0.20125771660551314
-0.19061654147053705
-0.1800559953096142
-0.3483961669286627
-0.32669312483680507
-0.3048243805185823
-0.2826755940791342
-0.26012642930442553
-0.23704776158038413
-0.21329845238768913
-0.18872150348650163
-0.16313934460420304
-0.13634791947733532
-0.10810910107740979
-0.07814076217234434
-0.04610350837745514
-0.011582570487680355
0.025937490744960878
0.06710906744898926
0.11277521719271999
0.16405240347255745
0.2224647707524624
0.29017677547542486
0.37042254471586944
0.4683126272896284
0.5922146173241176
0.7554359238524124
0.9761397735439692
1.2700290415463815
1.6286116067426528
1.9842582690752026
2.186549045860205
2.0344093452030396
1.3850517425408355
0.2835952089759466
-1.0020357327560647
-2.1034922663209694
-2.7528498689831986
-2.904989569640397
-2.7026987928554145
-2.3470521305228784
-1.988469565326617
-1.6945802973242061
-1.4738764476326511
-1.3106551411043554
-1.1867531510698661
-1.0888630684961076
-1.008617299255664
-0.940905294532701
-0.8824929272527959
-0.8312157409729588
-0.785549591229229
-0.7443780145251997
-0.7068579532925587
-0.6723370154027841
-0.6402997616078954
-0.6103314227028299
-0.5820926043029045
-0.5553011791760365
-0.5297190202937383
-0.505142071392551
-0.48139276219985483
-0.4583140944758148
-0.4357649297011045
-0.41361614326165885
-0.3917473989434358
-0.3700443568515772
-0.5885243397726714
-0.5518633316954424
-0.5149224170242376
-0.4775084511356402
-0.43941816030247394
-0.40043342525153264
-0.36031583256875355
-0.31880017825889145
-0.27558650759281267
-0.23033012509794049
-0.182628782153071
-0.13200590389909295
-0.07788817831402084
-0.019574968178872054
0.043804418422746294
0.11335201829009178
0.19049194671074887
0.2771101719914057
0.3757813918690734
0.4901623564773422
0.6257189945319355
0.7910967793092324
1.000477258833835
1.2764788945908614
1.65010667909426
2.1484367243566735
2.7576899689846806
3.3635609635039563
3.7104504909037956
3.455717000141552
2.355289933961642
0.4851283404410335
-1.6987453709894869
-3.5689069645101257
-4.669334030690083
-4.924067521452382
-4.57717799405258
-3.9713069995333283
-3.3620537549053355
-2.863723709642926
-2.490095925139531
-2.2140942893825044
-2.0047138098579027
-1.8393360250806048
-1.703779387026012
-1.5893984224177424
-1.4907272025400755
-1.4041089772594204
-1.3269690488387618
-1.2574214489714175
-1.1940420623697983
-1.1357288522346496
-1.0816111266495774
-1.0309882483955994
-0.98328690545073
-0.9380305229558586
-0.894816852289779
-0.8533011979799177
-0.8131836052971375
-0.7741988702461968
-0.7361085794130303
-0.6986946135244345
-0.6617536988532289
-0.6250926907759997
-0.8304801680958334
-0.7787474772059102
-0.726619807243619
-0.6738246098371313
-0.6200750433192412
-0.5650633173003383
-0.508453004091474
-0.44986987149908475
-0.3888906501561584
-0.3250289364959956
-0.2577171130069442
-0.18628267951512079
-0.10991662884734155
-0.02763028368036735
0.06180499955751351
0.1599443179419302
0.26879725748800176
0.39102513485730617
0.5302611849338625
0.6916658502166105
0.8829542382043899
1.116335670792909
1.4118577546701605
1.8015447968125617
2.3293976611983993
3.034049412967435
3.896495374875504
4.755390624511161
5.248893719827128
4.891192958760525
3.3356541621037614
0.6892623467717058
-2.401824624504215
-5.048216439836315
-6.603755236493145
-6.9614559975598285
-6.4679529022439155
-5.609057652608297
-4.746611690700246
-4.041959938931218
-3.514107074545385
-3.124420032402984
-2.828897948525734
-2.5955165159372147
-2.4042281279494344
-2.2428234626666876
-2.103587412590131
-1.981359535220827
-1.8725065956747557
-1.774367277290339
-1.6849319940524574
-1.6026456488854846
-1.5262795982177049
-1.454845164725882
-1.3875333412368298
-1.3236716275766693
-1.2626924062337417
-1.204109273641353
-1.1474989604324866
-1.0924872344135843
-1.038737667895694
-0.9859424704892077
-0.9338148005269163
-0.8820821096369921
-0.9853403023846905
-0.9239612586263837
-0.8621135858317389
-0.7994739147633404
-0.735701917679851
-0.6704324119004796
-0.6032662375725775
-0.5337593810975867
-0.46140964795569694
-0.38563993706946376
-0.3057767898096051
-0.221022307880828
-0.13041663214560428
-0.032786731059128216
0.0733251385096122
0.1897640452834003
0.3189142930701989
0.4639334430034058
0.6291322250185638
0.8206335089896627
1.0475920883845333
1.3244989769151252
1.6751590251306565
2.1376250553741736
2.7642356902873986
3.601055299590361
4.62577074255218
5.6469275694320995
6.234592731196422
5.81113423340055
3.9640927022061017
0.8202933333844293
-2.8521978523225
-5.995997221144215
-7.8430387523387495
-8.266497250134714
-7.678832088370463
-6.657675261490585
-5.632959818528792
-4.796140209225838
-4.16952957431262
-3.707063544069099
-3.3564034958535687
-3.0794966073229793
-2.8525380279281105
-2.661036743957009
-2.495837961941851
-2.350818812008644
-2.2216685642218454
-2.1052296574480605
-1.9991177878793183
-1.9014878867928422
-1.810882211057617
-1.7261277291288408
-1.6462645818689825
-1.5704948709827524
-1.4981451378408601
-1.4286382813658691
-1.3614721070379658
-1.2962026012585959
-1.2324306041751076
-1.169790933106709
-1.107943260312063
-1.0465642165537556
-0.9853403023846914
-0.9239612586263857
-0.8621135858317429
-0.7994739147633446
-0.7357019176798568
-0.6704324119004872
-0.6032662375725848
-0.5337593810975941
-0.46140964795570616
-0.38563993706947575
-0.30577678980961853
-0.22102230788084265
-0.1304166321456225
-0.03278673105914798
0.07332513850959266
0.18976404528337742
0.3189142930701738
0.463933443003379
0.6291322250185328
0.8206335089896287
1.047592088384496
1.3244989769150814
1.6751590251306077
2.137625055374114
2.764235690287327
3.601055299590274
4.625770742552074
5.646927569431974
6.234592731196278
5.811134233400415
3.9640927022059995
0.8202933333843941
-2.852197852322461
-5.995997221144119
-7.843038752338616
-8.26649725013457
-7.678832088370333
-6.657675261490478
-5.632959818528706
-4.796140209225767
-4.169529574312561
-3.7070635440690527
-3.3564034958535274
-3.079496607322942
-2.852538027928076
-2.661036743956979
-2.4958379619418247
-2.3508188120086206
-2.2216685642218255
-2.105229657448041
-1.9991177878792996
-1.9014878867928262
-1.8108822110576048
-1.7261277291288302
-1.6462645818689725
-1.5704948709827429
-1.498145137840853
-1.4286382813658636
-1.3614721070379612
-1.2962026012585894
-1.2324306041751019
-1.169790933106707
-1.107943260312063
-1.046564216553754
-0.8304801680958341
-0.7787474772059142
-0.7266198072436271
-0.6738246098371425
-0.6200750433192556
-0.5650633173003559
-0.5084530040914961
-0.4498698714991112
-0.38889065015618907
-0.32502893649602904
-0.2577171130069813
-0.18628267951516198
-0.10991662884738762
-0.0276302836804192
0.06180499955745622
0.15994431794186748
0.2687972574879318
0.39102513485722823
0.5302611849337757
0.691665850216514
0.8829542382042798
1.116335670792786
1.4118577546700188
1.8015447968123954
2.3293976611981972
3.034049412967188
3.896495374875205
4.755390624510797
5.2488937198267305
4.891192958760146
3.335654162103485
0.6892623467716016
-2.4018246245041115
-5.048216439836036
-6.603755236492766
-6.961455997559427
-6.4679529022435505
-5.609057652607991
-4.746611690700002
-4.041959938931017
-3.5141070745452163
-3.1244200324028415
-2.8288979485256096
-2.5955165159371036
-2.404228127949337
-2.2428234626665997
-2.1035874125900516
-1.9813595352207576
-1.8725065956746918
-1.774367277290282
-1.6849319940524048
-1.6026456488854373
-1.5262795982176631
-1.4548451647258442
-1.3875333412367965
-1.3236716275766391
-1.2626924062337155
-1.20410927364133
-1.1474989604324684
-1.09248723441357
-1.038737667895683
-0.985942470489199
-0.9338148005269109
-0.8820821096369905
-0.5885243397726756
-0.5518633316954504
-0.5149224170242505
-0.4775084511356572
-0.4394181603024947
-0.4004334252515585
-0.3603158325687834
-0.31880017825892637
-0.2755865075928536
-0.23033012509798645
-0.18262878215312361
-0.1320059038991513
-0.07788817831408412
-0.01957496817894211
0.04380441842266847
0.11335201829000519
0.19049194671065373
0.2771101719913011
0.37578139186895587
0.4901623564772137
0.6257189945317896
0.7910967793090673
1.0004772588336448
1.2764788945906398
1.650106679093991
2.1484367243563445
2.7576899689842778
3.363560963503474
3.71045049090327
3.455717000141047
2.35528993396127
0.48512834044089426
-1.6987453709893514
-3.568906964509758
-4.669334030689578
-4.924067521451854
-4.577177994052103
-3.9713069995329264
-3.362053754905013
-2.863723709642662
-2.490095925139312
-2.2140942893823183
-2.004713809857741
-1.8393360250804616
-1.703779387025885
-1.5893984224176303
-1.490727202539974
-1.4041089772593285
-1.3269690488386798
-1.2574214489713444
-1.194042062369732
-1.1357288522345907
-1.0816111266495236
-1.0309882483955533
-0.9832869054506885
-0.9380305229558219
-0.8948168522897484
-0.8533011979798919
-0.8131836052971166
-0.7741988702461795
-0.7361085794130184
-0.6986946135244259
-0.6617536988532247
-0.6250926907759988
-0.348396166928666
-0.3266931248368115
-0.3048243805185948
-0.2826755940791526
-0.26012642930444624
-0.23704776158041121
-0.21329845238772027
-0.18872150348653877
-0.163139344604246
-0.13634791947738423
-0.10810910107746446
-0.07814076217240518
-0.04610350837752203
-0.011582570487755295
0.025937490744878222
0.06710906744889822
0.11277521719261935
0.16405240347244598
0.22246477075233817
0.2901767754752878
0.37042254471571295
0.4683126272894514
0.5922146173239131
0.7554359238521748
0.9761397735436825
1.2700290415460287
1.6286116067422194
1.9842582690746857
2.186549045859638
2.034409345202498
1.3850517425404396
0.2835952089757993
-1.0020357327559188
-2.1034922663205737
-2.752849868982661
-2.9049895696398274
-2.702698792854899
-2.347052130522445
-1.9884695653262663
-1.6945802973239212
-1.4738764476324129
-1.3106551411041525
-1.1867531510696911
-1.0888630684959526
-1.0086172992555258
-0.9409052945325787
-0.8824929272526854
-0.8312157409728596
-0.7855495912291379
-0.7443780145251198
-0.7068579532924852
-0.6723370154027182
-0.640299761607835
-0.6103314227027774
-0.5820926043028574
-0.5553011791759956
-0.5297190202937017
-0.5051420713925208
-0.48139276219983007
-0.45831409447579424
-0.4357649297010894
-0.4136161432616462
-0.39174739894342914
-0.3700443568515749
-0.16952213964352808
-0.1589615934826092
-0.14832041834763834
-0.13754297765837273
-0.1265707171194154
-0.1153408061399709
-0.1037845683592932
-0.09182561034411842
-0.07937752867024
-0.0663410323147059
-0.0526002520750225
-0.03801790914329711
-0.02242885975161052
-0.005631284483719717
0.012625619624048762
0.0326592931225147
0.05487994846526187
0.07983082467982908
0.10825348986168273
0.14120083505442396
0.1802449822517502
0.22786572236364683
0.2881091765000745
0.3673753339346539
0.47432831068128267
0.6163138339492777
0.7888977172338477
0.9592100014548046
1.0548685252242744
0.9796316697798799
0.6655571742070072
0.13473415931025784
-0.4843122942633436
-1.0151353091601005
-1.3292098047329857
-1.4044466601773915
-1.308788136407932
-1.1384758521869789
-0.9658919689024157
-0.8239064456344214
-0.7169534688877927
-0.6376873114532118
-0.5774438573167852
-0.5298231172048884
-0.4907789700075613
-0.45783162481482187
-0.4294089596329678
-0.4044580834184012
-0.382237428075654
-0.36220375457718956
-0.34394685046942036
-0.3271492752015299
-0.3115602258098427
-0.2969778828781187
-0.2832371026384347
-0.27020060628290105
-0.25775252460902176
-0.2457935665938462
-0.23423732881316894
-0.22300741783372374
-0.21203515729476763
-0.2012577166055013
-0.1906165414705306
-0.1800559953096118
-0.06470298098425598
-0.06067200339874419
-0.05661025025413026
-0.052496485449915274
-0.04830835924996104
-0.04402188974185258
-0.03961086380595942
-0.03504612288896635
-0.03029468786484181
-0.02531866074714139
-0.02007381613071938
-0.01450775723613864
-0.008557452199511886
-0.002145871490196495
0.00482270929448822
0.012469446788338362
0.020950903039337686
0.030474403952328977
0.04132293258088893
0.05389807980722551
0.06879852749160714
0.08696479994767232
0.10991953971599111
0.1400417259795888
0.18049142070047255
0.23382387742864175
0.2980934190587149
0.36078794209604703
0.39496458546888363
0.36523542592760994
0.24695907188373734
0.04867778777024543
-0.18210453973236235
-0.3803858238458564
-0.4986621778897339
-0.528391337431009
-0.49421469405817764
-0.43152017102084395
-0.3672506293907745
-0.31391817266260486
-0.27346847794172024
-0.24334629167812255
-0.22039155190980442
-0.20222527945373914
-0.18732483176935663
-0.17474968454302134
-0.16390115591446125
-0.15437765500147035
-0.14589619875047047
-0.13824946125662202
-0.13128088047193667
-0.12486929976262173
-0.11891899472599438
-0.1133529358314152
-0.10810809121499268
-0.10313206409729213
-0.09838062907316629
-0.09381588815617309
-0.0894048622202808
-0.08511839271217102
-0.08093026651221812
-0.07681650170800258
-0.07275474856338857
-0.0687237709778774
-0.01593504221658151
-0.01494209262902461
-0.013941562808502868
-0.012928222181827818
-0.01189656592032844
-0.010840687242238899
-0.009754129897103475
-0.008629712288021509
-0.007459311977068643
-0.006233595253611576
-0.004941670320671301
-0.0035706333021433244
-0.0021049616993577165
-0.0005256866112213349
0.0011907634989546216
0.003074221043574703
0.00516323340846481
0.007508839101867337
0.01018066847889912
0.013277360290224739
0.01694511036468523
0.02141020742054106
0.027028385570139868
0.03432915803030316
0.04396135572464896
0.056335894677295
0.07075183058121343
0.08415898935765537
0.09052466749570295
0.08231638326004534
0.05459846409115118
0.009570810700829498
-0.04243133544479976
-0.08745898883512129
-0.11517690800401478
-0.12338519223967255
-0.11701951410162635
-0.1036123553251828
-0.08919641942126465
-0.07682188046861907
-0.06718968277427187
-0.05988891031410911
-0.05427073216451047
-0.04980563510865341
-0.04613788503419333
-0.043041193222868604
-0.04036936384583667
-0.03802375815243475
-0.03593474578754363
-0.03405128824292485
-0.03233483813274818
-0.030755563044613132
-0.0292898914418266
-0.0279188544232995
-0.026626929490358997
-0.025401212766902388
-0.024230812455948148
-0.0231063948468656
-0.0220198375017315
-0.02096395882364034
-0.019932302562142422
-0.01891896193546622
-0.017918432114944864
-0.01692548252738884
0.0015959635260203672
0.001496745181520482
0.001396768502328969
0.001295510184020984
0.001192419433267573
0.0010869051639536191
0.000978321201264044
0.0008659486338677973
0.0007489741808638201
0.0006264630293467499
0.0004973239792892279
0.00036026378578854685
0.0002137261117079786
5.580813749723958e-05
-0.00011585604376301178
-0.0003042629004296393
-0.0005132880317920128
-0.0007480724261784905
-0.0010156701246674242
-0.0013262846184375569
-0.0016960525682347175
-0.0021539833532607236
-0.0027584877103306936
-0.0036291371867327145
-0.004983437873725249
-0.007119594557905427
-0.010227986164652099
-0.013965379915176516
-0.01701721612457699
-0.017236721932642432
-0.012796776029606771
-0.003805480961840037
0.00709637533074092
0.01608767039850805
0.02052761630154478
0.02030811049348172
0.017256274284080778
0.013518880533558516
0.010410488926811175
0.008274332242630073
0.00692003155563951
0.006049382079236372
0.005444877722166596
0.004986946937141112
0.00461717898734349
0.004306564493572912
0.004038966795084444
0.0038041824006976
0.003595157269335984
0.0034067504126680977
0.003235086231408465
0.0030771682571968375
0.002930630583117211
0.0027935703896159055
0.0026644313395587527
0.002541920188040861
0.0024249457350382217
0.002312573167642429
0.0022039892049513362
0.0020984749356388784
0.0019953841848840154
0.0018941258665770237
0.001794149187385425
0.0016949308428850821
0.005797977286195207
0.005436932683456868
0.005073130868778398
0.004704669253470137
0.0043295454351069676
0.003945610717644275
0.0035505164127209677
0.003141649808717716
0.002716055705747216
0.0022703379314507888
0.001800533017685342
0.0013019448042962383
0.0007689234141064084
0.00019456352577362692
-0.00042971721452980064
-0.0011147830910840035
-0.0018746763137760004
-0.002727999753440743
-0.003700176044190823
-0.004827443474447242
-0.006164588691692735
-0.007800689760786558
-0.009889353503215261
-0.012693786211826586
-0.0166116825480077
-0.02206481549691225
-0.029073985658427785
-0.03648907263125353
-0.04136234606353795
-0.03947828477199119
-0.02762964446514238
-0.00649832189525027
0.018454408356735966
0.03958573092662908
0.05143437123347773
0.053318432525027465
0.04844515909274105
0.04103007211991752
0.034020901958403696
0.028567769009497944
0.024649872673317898
0.021845439964705025
0.01975677622227838
0.018120675153184305
0.016783529935938936
0.015656262505681327
0.014684086214931783
0.013830762775266405
0.013070869552574919
0.012385803676019932
0.011761522935718067
0.011187163047383923
0.01065414165719505
0.01015555344380574
0.009685748530040394
0.009240030755743062
0.008814436652773839
0.00840557004877102
0.008010475743846154
0.007626541026384967
0.007251417208020099
0.006882955592713338
0.006519153778034225
0.006158109175295791
0.005733788046749591
0.005376702380863142
0.005016889873697598
0.004652468898481239
0.0042814591221058025
0.0039017355416270444
0.003510975382899846
0.0031065947829871186
0.0026856712008317286
0.002244846034328284
0.0017801997127322505
0.0012870881587315024
0.0007599242539247739
0.00019187952287203023
-0.0004255326700796846
-0.0011030551168713472
-0.0018545724278481064
-0.0026984772235106756
-0.003659898428074131
-0.004774621884401511
-0.006096587692973656
-0.00771286196330812
-0.009771657348005352
-0.012522462151005338
-0.01633377896026346
-0.021580902211442203
-0.02824197546373678
-0.035185660500283635
-0.03961230725441427
-0.037579502392781766
-0.026132344016959373
-0.005963518545700145
0.017787277644497234
0.03795610311575706
0.04940326149158096
0.05143606635321596
0.047009419599084654
0.04006573456253788
0.03340466131024376
0.02815753805906438
0.024346221249807596
0.021595416446806223
0.01953662106210955
0.017920346791775326
0.016598380983202515
0.015483657526874629
0.014522236322312716
0.013678331526649417
0.012926814215673398
0.012249291768880614
0.011631879575930195
0.011063834844876169
0.010536670940070603
0.010043559386069344
0.009578913064473438
0.009138087897969153
0.008717164315814934
0.008312783715902234
0.00792202355717371
0.007542299976696577
0.007171290200319867
0.006806869225104482
0.006447056717938803
0.006089971052052631
0.004814347514790197
0.004514514484141837
0.004212391842958719
0.003906399671728177
0.003594875173122664
0.00327603407933431
0.0029479260663525493
0.002608381590562639
0.0022549467426664638
0.0018848014828126837
0.0014946547660430092
0.0010806072340026817
0.0006379677323506338
0.00016100284562445364
-0.0003574130455582837
-0.0009262998272751167
-0.0015573152100333424
-0.0022659015931524723
-0.0030731558564082743
-0.0040091149433669725
-0.005119020371721827
-0.006475767278518188
-0.008203047594613561
-0.010508138007228239
-0.013695392803849422
-0.018071400548196583
-0.023609163832395932
-0.029360004829175813
-0.03299676018630991
-0.03125536882691029
-0.021698957179462058
-0.004912861776450514
0.014840631911575435
0.03162672731458806
0.04118313896203784
0.04292453032143696
0.03928777496430359
0.033536933967524635
0.027999170683325646
0.023623162938977524
0.020435908142357552
0.01813081772974171
0.01640353741364695
0.015046790506850417
0.013936885078495711
0.013000925991535937
0.01219367172828198
0.011485085345161836
0.010854069962404449
0.01028518318068665
0.00976676728950543
0.00928980240277792
0.008847162901126616
0.008433115369086166
0.008042968652316223
0.007672823392461867
0.007319388544566347
0.006979844068776417
0.006651736055793812
0.0063328949620071314
0.006021370463400221
0.005715378292171164
0.0054132556509877625
0.005113422620339743
0.00396600315391747
0.003719002726894055
0.003470116141115127
0.003218041874594283
0.0029614101318186903
0.0026987510517117535
0.002428457978651164
0.002148743667388287
0.0018575866169315137
0.0015526637142889922
0.00123126384108674
0.0008901747622191481
0.0005255319775766595
0.00013261239586233363
-0.0002944539374918876
-0.0007630974222204122
-0.0012829214147498285
-0.001866646939224273
-0.0025316527316923076
-0.0033026804949592508
-0.0042169890557897625
-0.005334584223944847
-0.0067572040128325754
-0.008655141616426502
-0.011278072776541099
-0.01487680227132289
-0.019427316140649856
-0.024148382397503724
-0.027127789402112443
-0.02568616728886243
-0.017825144762579386
-0.004027661931839119
0.012206044295387668
0.026003527126128443
0.03386454965241319
0.035306171765664626
0.0323267647610551
0.027605698504200644
0.023055184634873757
0.019456455140092487
0.01683352397997759
0.014935586376383057
0.013512966587495966
0.012395371419340703
0.01148106285851034
0.010710035095242081
0.010045029302776166
0.009461303778300975
0.00894147978577233
0.008472836301042695
0.008045769967689576
0.007652850385974284
0.007288207601332305
0.00694711852246456
0.006625718649262119
0.006320795746618854
0.00602963869616283
0.005749924384900001
0.005479631311838722
0.0052169722317335085
0.004960340488956957
0.0047082662224370965
0.004459379636657884
0.004212379209635351
0.0033211639982084315
0.003114323628090551
0.002905903773893167
0.002694814531013018
0.0024799088221912186
0.0022599557746827096
0.0020336099632118857
0.0017993747357635754
0.0015555572733411097
0.0013002121855825713
0.0010310691646641702
0.0007454382655802797
0.0004400833343352929
0.00011104923027251742
-0.0002465795727853511
-0.0006390253190690924
-0.0010743298849190475
-0.0015631458684204399
-0.0021200261699809483
-0.0027656891118766087
-0.0035313333395853063
-0.004467199742243553
-0.005658455700045837
-0.007247624463047461
-0.009443603616144977
-0.012456117129573273
-0.016264758447738236
-0.02021538028027745
-0.02270753228919193
-0.021499123258367385
-0.01491824645778542
-0.0033694323264427443
0.010218077839556524
0.021766891970899826
0.028347768771482956
0.029556177802308813
0.027064025793394328
0.0231134039608556
0.019304762642689995
0.016292249129261367
0.014096269976163629
0.012507101213161537
0.011315845255360262
0.010379978852700708
0.009614334624993285
0.008968671683095734
0.008411791381538029
0.007922975398035215
0.0074876708321858915
0.00709522508590128
0.0067375962828441285
0.006408562178780847
0.006103207247536045
0.005817576348452112
0.005548433327532966
0.005293088239773525
0.005049270777352276
0.0048150355499038105
0.004588689738432818
0.004368736690925351
0.00415383098210329
0.0039427417392242405
0.003734321885026397
0.003527481514908924
0.0028404930956855245
0.0026635887089171435
0.00248533343751943
0.002304795119311703
0.0021209926941358373
0.001932873434189469
0.001739286638504537
0.0015389522666669699
0.0013304225028750601
0.0011120335151039332
0.0008818435798648014
0.0006375520715708148
0.0003763912099342833
9.497828913087019e-05
-0.00021089078221865317
-0.0005465376868649258
-0.0009188403752564372
-0.0013369096531154296
-0.001813192101348701
-0.0023654073028541744
-0.0030202380376933013
-0.0038206523720673694
-0.004839487219960214
-0.006198627980330062
-0.0080767173507746
-0.010653094448525312
-0.013910280140372261
-0.01728881850134564
-0.019419990434953203
-0.01838637299550797
-0.012758185157576582
-0.002881410905916842
0.008738854303445325
0.018615628555105866
0.02424381639303909
0.025277433832483886
0.023146261898876672
0.019767723537903077
0.016510537846054635
0.013934160748305856
0.012056071377860487
0.010696930617490203
0.009678095769597769
0.008877681435223843
0.008222850700384142
0.00767063549887788
0.0071943530506466645
0.006776283772786602
0.006403981084395879
0.006068334179748914
0.005762465108399689
0.0054810521875957256
0.005219891325959096
0.0049755998176658055
0.004745409882425824
0.004527020894653852
0.004318491130862709
0.00411815675902486
0.003924569963340224
0.0037364507033950146
0.0035526482782188354
0.003372109960011518
0.0031938546886135346
0.0030169503018458096
0.0024748637523608324
0.0023207306188852183
0.002165420488046741
0.002008121186560032
0.0018479779373901176
0.0016840735210371072
0.0015154053561057404
0.0013408581705587855
0.001159170513330431
0.0009688927231610311
0.0007683330180949795
0.0005554869127592653
0.00032794290036323873
8.275370343024079e-05
-0.00018374360989364524
-0.00047618570273147073
-0.0008005651770701
-0.0011648200665544937
-0.001579794779205342
-0.002060927943907448
-0.002631467563449791
-0.0033288505563589727
-0.004216537904688732
-0.005400726018086571
-0.007037064751046304
-0.009281814748105053
-0.012119756686821723
-0.015063454625073178
-0.016920361596086456
-0.016019833091094237
-0.011116090751422726
-0.0025105729384748655
0.0076140439576084665
0.016219561770558773
0.021123304110231163
0.02202383261522156
0.020166925644209945
0.017223227705959854
0.014385285767240102
0.012140535770182636
0.010504197037221578
0.00932000892382441
0.008432321575495307
0.007734938582584819
0.007164398963043234
0.006683265798340355
0.006268291085691258
0.005904036196205649
0.005579656721867387
0.005287214629028996
0.005020717315704536
0.004775528118772182
0.004547984106375686
0.004335138001040578
0.004134578295973868
0.003944300505804322
0.0037626128485757915
0.0035880656630286212
0.003419397498098435
0.0032554930817457447
0.003095349832575709
0.0029380505310892596
0.0027827404002500602
0.002628607266776049
0.0021899457810884183
0.002053557217419618
0.00191612715844416
0.0017769369324983416
0.001635230168952651
0.0014901952434403002
0.00134094499704421
0.0011864925537976958
0.0010257216876770412
0.0008573496303252357
0.0006798793670590667
0.0004915371800852104
0.00029018918901259913
7.32274240826873e-05
-0.00016258934801821937
-0.00042136398927808405
-0.0007083991950888303
-0.0010307191193049893
-0.0013979196835630348
-0.0018236621011377455
-0.0023285178750581097
-0.0029456139212819038
-0.0037311054074901278
-0.004778963958532565
-0.006226923810150771
-0.008213263711801715
-0.010724526459841573
-0.013329395672539854
-0.014972599547516662
-0.014175785210660777
-0.009836550205663786
-0.0022216216802232397
0.006737557041976721
0.01435248556742004
0.018691720572415266
0.019488534909274886
0.017845331034297408
0.01524046182159778
0.012729199073558316
0.010742859171907364
0.009294899320287613
0.008247040769246324
0.007461549283037638
0.006844453236813977
0.006339597462892638
0.005913855045317988
0.005546654481061732
0.005224334556843905
0.004937299351033562
0.004678524709773816
0.004442707937672338
0.004225746172743137
0.004024398181669915
0.0038360559946969707
0.0036585857314300908
0.0034902136740779317
0.003329442807957537
0.0031749903647108144
0.0030257401183154463
0.0028807051928034936
0.0027389984292577
0.0025998082033118547
0.002462378144335641
0.0023259895806677813
0.0019634179415495973
0.0018411374269063341
0.001717923149545568
0.0015931307774238413
0.001466082179136276
0.0013360496850218153
0.0012022379042128325
0.0010637620435919445
0.000919621340050086
0.0007686657154135463
0.000609553007006563
0.00044069297147051635
0.00026017245843992353
6.565326853455976e-05
-0.00014577055556318544
-0.0003777774716659766
-0.0006351216580458355
-0.0009241006799589392
-0.0012533178396401474
-0.001635021203961256
-0.002087654310163425
-0.0026409173804490343
-0.003345157010687092
-0.004284625221180422
-0.005582811646105801
-0.007363696987584614
-0.00961522318084652
-0.011950691544304587
-0.013423975297694405
-0.012709612614145483
-0.008819201806829179
-0.001991874110751905
0.006040681406901841
0.012868009102979163
0.0167584199102969
0.017472782593846978
0.015999498840456403
0.013664030476998183
0.011412504283736231
0.009631618942258599
0.008333432517331686
0.0073939643068389755
0.006689724676602119
0.006136461606315183
0.005683828500113529
0.00530212513579153
0.004972907976111631
0.004683928954197256
0.00442658476781748
0.004194577851715802
0.003983154027616403
0.0037886348377123365
0.0036081143246809704
0.003439254289145607
0.0032801415807382876
0.003129185956101819
0.002985045252560425
0.0028465693919388357
0.0027127576111308396
0.002582725117016499
0.0024556765187284117
0.002330884146606563
0.0022076698692452225
0.002085389354603125
0.001780458804283288
0.0016695728949334522
0.0015578402348813412
0.0014446765337110367
0.0013294668512243415
0.001211551325165787
0.001090208682644816
0.0009646365794322485
0.0008339275079278302
0.0006970385593415452
0.000552752639720815
0.00039962769177502577
0.00023592884124952322
5.953577304972503e-05
-0.00013218667929038833
-0.00034257419708356475
-0.0005759379405976875
-0.0008379886353583818
-0.0011365278809736847
-0.0014826623985384002
-0.0018931170473648511
-0.002394824431701729
-0.0030334397339677813
-0.003885364613003232
-0.0050625832976662535
-0.006677527352611889
-0.008719267351674812
-0.010837140389447745
-0.012173174916304647
-0.011525399993080433
-0.00799749482447483
-0.0018063034569651792
0.005477826676700622
0.011669018044212663
0.015196923212816852
0.015844698136043486
0.014508663609185742
0.012390790571413023
0.010349050572350735
0.008734106517404762
0.007556887832740496
0.006704962953705592
0.006066347651439728
0.005564640267102627
0.0051541856182748475
0.004808051100710793
0.004509511855096416
0.0042474611603346354
0.004014097416820251
0.0038037098990274893
0.0036119874466871114
0.003435594378488417
0.0032718955279624857
0.0031187705800172615
0.002974484660396572
0.002837595711810478
0.0027068866403060906
0.0025813145370932817
0.002459971894572591
0.0023420563685142568
0.002226846686027334
0.0021136829848566138
0.0020019503248040597
0.00189106441545487
0.0016308695342461084
0.001529299968054908
0.0014269547930313182
0.0013232988093766897
0.0012177687426343383
0.001109760170538275
0.000998612419768742
0.0008835905570956147
0.0007638633215109624
0.0006384754269232493
0.0005063120367391528
0.00036605225197275143
0.00021610695854988853
5.453398553670937e-05
-0.00012108043252951023
-0.0003137917199264619
-0.0005275488216782073
-0.0007675826584436329
-0.0010410393517570544
-0.0013580924505887707
-0.001734061611830145
-0.0021936166126386007
-0.0027785768726722366
-0.003558925411432925
-0.004637239190060271
-0.006116506388561469
-0.007986719473324053
-0.009926678467011407
-0.011150489982753801
-0.010557154230440652
-0.007325640674075824
-0.0016545718346565633
0.005017623721107128
0.01068869256052777
0.013920206116894445
0.014513541869205965
0.013289730353464212
0.011349771359778944
0.009479558275014524
0.008000291076514229
0.006921977297885697
0.006141628759124681
0.005556668499092539
0.005097113498282704
0.0047211443370408146
0.00440409123820878
0.00413063454489649
0.003890600708130372
0.003676843606377513
0.003484132318981435
0.0033085179009149338
0.0031469449279028843
0.0029969996344799995
0.0028567398497138727
0.0027245764595304383
0.0025991885649430885
0.002479461329358015
0.0023644394666844258
0.002253291715915344
0.002145283143819533
0.0020397530770766047
0.0019360970934217292
0.0018337519183973278
0.0017321823522074432
0.0015074081819312591
0.0014135277235193425
0.0013189303721622067
0.0012231214442750685
0.0011255803069548324
0.0010257482945047456
0.0009230147485590719
0.0008167003725486708
0.0007060368344461057
0.0005901411662388408
0.0004679829279016221
0.00033834121661543135
0.00019974721924952274
5.040579341744167e-05
-0.00011191409645478108
-0.0002900365688828894
-0.00048761162028546296
-0.000709474172118506
-0.0009622293579511188
-0.0012552805490665799
-0.0016027876427798225
-0.0020275528281234814
-0.0025682297233829768
-0.0032895037497353394
-0.004286187502309032
-0.005653474754035473
-0.007382118266535364
-0.009175234678706536
-0.01030642027220723
-0.009758012746479184
-0.006771123859542213
-0.0015293377142135017
0.004637797224857267
0.009879583370186098
0.012866472257124603
0.013414879782851278
0.01228369418934961
0.010490577777181532
0.008761934264680976
0.007394647012955384
0.006397963260381144
0.005676689234027785
0.005136012338769949
0.0047112471534253245
0.004363740059711222
0.00407068886859579
0.003817933682763869
0.0035960711309300595
0.003398496079526723
0.0032203736070987622
0.0030580537172276425
0.002908712291395392
0.002770118294029523
0.0026404765827436104
0.002518318344407443
0.0024024226762001137
0.0022917591380980746
0.0021854447620871936
0.0020827112161413835
0.0019828792036922366
0.0018853380663713711
0.0017895291384840495
0.0016949317871264478
0.0016010513287148642
0.0014048010091943903
0.001317310869931425
0.001229152635735704
0.0011398652955230486
0.0010489636552309155
0.0009559270768538373
0.0008601864688010715
0.000761108773406845
0.000657977958096589
0.000549971157462638
0.00043612807235333256
0.0003153109054428549
0.00018615082411203962
4.697487942987308e-05
-0.00010429609982876161
-0.0002702939971133331
-0.0004544203567780178
-0.0006611809908967851
-0.0008967314257074714
-0.001169834949184958
-0.001493687599752637
-0.0018895394399322746
-0.0023934130240076726
-0.0030655909620478806
-0.003994432842057244
-0.00526865430964827
-0.006879639618313202
-0.008550714515948351
-0.009604917052936706
-0.009093847251702718
-0.006310264237710864
-0.001425254175140704
0.004322125174670571
0.009207135237240493
0.011990718251234102
0.012501788052467638
0.011447585515479494
0.009776510617843601
0.008165525309179633
0.006891303841588495
0.005962461961580163
0.0052902840235382
0.00478641043946465
0.004390558599284072
0.004066705948715296
0.003793602425237683
0.0035580519904282615
0.003351291356308564
0.003167164996643276
0.003001167099358485
0.002849896120100434
0.002710720175418521
0.00258156009408798
0.0024607429271771377
0.0023468998420696266
0.0022388930414353452
0.0021357622261254745
0.0020366845307310606
0.0019409439226780619
0.0018479073443021183
0.0017570057040092128
0.0016677183637964724
0.0015795601296003628
0.001492069990337358
0.0013191291644664592
0.001236974620387837
0.001154192725257383
0.0010703505828296277
0.0009849925886871037
0.0008976298560273905
0.0008077279994197602
0.0007146925683466437
0.0006178511976346853
0.0005164312045118605
0.0004095308539087512
0.00029608173737461266
0.00017479850094998385
4.41102210369602e-05
-9.793547458354667e-05
-0.0002538099628753721
-0.0004267073434109387
-0.0006208586388085765
-0.000842043976363332
-0.0010984922076957883
-0.0014025945991755038
-0.001774305267147499
-0.0022474499550732105
-0.0028786351169442534
-0.0037508323088616307
-0.0049473480671405265
-0.006460093653567693
-0.008029268325156422
-0.00901919197127532
-0.008539296249094963
-0.005925464384415709
-0.001338347592052047
0.004058552794305468
0.008645669586669121
0.011259501451349532
0.011739397173529845
0.010749473527409969
0.00918029885582197
0.007667553269395528
0.006471037511116206
0.005598840319199174
0.004967655157327213
0.004494510469403572
0.004122799801430221
0.003818697409949795
0.003562249178617785
0.0033410638410640466
0.0031469125456649767
0.0029740151651289687
0.0028181406768368034
0.0026760949812173014
0.0025454067013035674
0.002424123464879347
0.0023106743483450216
0.00220377399774365
0.0021023540046204705
0.002005512633909216
0.0019124772028361382
0.0018225753462279756
0.0017352126135695358
0.0016498546194263163
0.0015660124769989036
0.0014832305818677591
0.0014010760377893361
0.0012474330345816835
0.0011697436852659154
0.0010914610821874432
0.0010121758575393686
0.0009314571695592034
0.0008488427030416675
0.0007638271170617969
0.0006758482702270553
0.0005842703412528835
0.0004883626436538776
0.0003872724528146648
0.0002799894296711431
0.00016529808094549047
4.171286484778297e-05
-9.261247672847153e-05
-0.00024001499791685916
-0.00040351519429913984
-0.0005871141259141963
-0.0007962777606688645
-0.0010387876976094175
-0.001326361715369702
-0.0016778693939525267
-0.002125298030539304
-0.002722177597125658
-0.003546970507373884
-0.004678456445711137
-0.0061089875365834935
-0.007592883900311606
-0.008529013227160251
-0.008075205417116427
-0.005603433703950504
-0.0012656167528571224
0.0038379757877374963
0.008175792738830926
0.010647564451997169
0.011101372262039813
0.010165242935191813
0.008681346571463288
0.007250815480591645
0.006119329542253376
0.005294536632006465
0.004697657065418707
0.004250228428834143
0.0038987207502506577
0.0036111467324895013
0.0033686367955494214
0.0031594731607959615
0.0029758742291799466
0.00281237403279683
0.0026649715116085866
0.002530646170032589
0.002407060953934125
0.002292369605209398
0.0021850865820654984
0.002083996391227578
0.001988088693628175
0.0018965107646545252
0.00180853191781981
0.0017235163318400095
0.0016409018653234112
0.0015601831773426383
0.0014808979526946976
0.0014026153496158743
0.0013249260002999599
0.0011874488242822646
0.0011134952575203652
0.0010389769643175044
0.0009635042618123351
0.0008866670257888965
0.0008080251720319046
0.0007270976595504944
0.0006433493782129704
0.0005561750809880575
0.00046487921736222074
0.0003686500670590587
0.00026652587445694673
0.0001573495948437773
3.9707120657173425e-05
-8.815902641426984e-05
-0.00022847352005107
-0.0003841116110311154
-0.0005588819625203113
-0.0007579877028358363
-0.0009888362399045226
-0.0012625818830405869
-0.0015971868410820222
-0.0020231002822816953
-0.0025912782414962204
-0.0033764105366642623
-0.004453489391678583
-0.00581523565695944
-0.007227783563634084
-0.00811890525367044
-0.007686923275075648
-0.005334005919168008
-0.0012047659018458033
0.003653430176915067
0.007782670194235868
0.010135587550146232
0.010567569528739256
0.009676447838702697
0.008263899932027483
0.006902153666747006
0.00582507481173242
0.005039942516565584
0.004471764557350253
0.004045851116151928
0.0037112461581099267
0.0034375005149740964
0.003206651977905264
0.003007546237590787
0.0028327758861009184
0.002677137795120501
0.002536823301483517
0.002408957154412434
0.002291314680225297
0.0021821384006124774
0.0020800142080100894
0.001983785057707568
0.0018924891940818114
0.001805314896857759
0.0017215666155202865
0.0016406391030391503
0.0015619972492824379
0.0014851600132589067
0.001409687310753329
0.0013351690175505372
0.0012612154507882951
0.0011374286338490976
0.0010665902958517028
0.0009952110200364508
0.0009229175386048737
0.0008493170034774866
0.0007739878686191579
0.0006964693564894195
0.0006162488980307746
0.0005327467417474468
0.0004452966366291055
0.0003531210554660936
0.0002552987558359428
0.00015072143264262304
3.803454653533906e-05
-8.44453483112551e-05
-0.0002188492127727607
-0.00036793117961611674
-0.0005353394744375386
-0.0007260580466400667
-0.000947182270541144
-0.001209396585001186
-0.0015299065522943662
-0.0019378787100730955
-0.0024821227051391483
-0.003234182398048177
-0.004265891626602347
-0.005570278635948346
-0.00692332929077541
-0.007776918986796795
-0.00736313699925795
-0.005109331318957569
-0.0011540223739621336
0.0034995389141024803
0.007454847859097391
0.009708653539398251
0.010122435526938225
0.009268845830916691
0.00791579517608668
0.006611408166741379
0.005579698938186115
0.004827639245279652
0.0042833952502120826
0.0038754230924352975
0.003554913125141477
0.0032926988106814414
0.0030715745867805734
0.0028808560145789407
0.00271344771975701
0.002564365752913455
0.002429961888452119
0.00230748199360459
0.002194795107497555
0.0020902177843043247
0.0019923954846744747
0.0019002199035123473
0.001812769798393321
0.0017292676421108181
0.0016490471836520962
0.001571528671523075
0.0014961995366646625
0.0014225990015374512
0.0013503055201046785
0.0012789262442898617
0.001208087906291472
0.0010960150011794997
0.0010277558802684692
0.000958975517049844
0.0008893142343820324
0.0008183934877587712
0.000745807079612843
0.0006711110092877711
0.0005938113703408848
0.0005133495200029149
0.00042908346543872047
0.00034026398918457913
0.0002460033912381909
0.0001452337198856419
3.6649754566537e-05
-8.137065623697978e-05
-0.00021088088501070696
-0.0003545347863310038
-0.0005158477534630898
-0.0006996222693244057
-0.0009126953638934047
-0.0011653624526661798
-0.0014742026415887153
-0.001867320528354362
-0.002391748676435706
-0.0031164262671783305
-0.004110572146528547
-0.005367469007880928
-0.006671259242656241
-0.0074937743498382555
-0.007095060604295121
-0.004923313482415597
-0.0011120094178519125
0.0033721259953315872
0.007183430059894446
0.009355177181775408
0.009753890927317335
0.00893137582013518
0.007627585585358658
0.0063706887240060775
0.005376542844655706
0.004651865253914225
0.004127437105833191
0.003734319219068099
0.003425479030145611
0.003172811941373972
0.00295973884680436
0.0027759643309435977
0.0026146513638113976
0.0024709974624909435
0.0023414872337176327
0.0022234668229133368
0.002114882857594953
0.0020141131862422192
0.0019198525882960973
0.0018310331120417105
0.0017467670574775468
0.0016663052071403022
0.0015890055681929802
0.001514309497868824
0.0014417230897221106
0.0013708023430993542
0.0013011410604299623
0.001232360697212138
0.0011641015763002589
0.0010621519872330274
0.0009960018351108455
0.0009293465452631915
0.0008618375533275389
0.0007931080105124004
0.0007227642693522201
0.0006503760472766411
0.0005754646978494935
0.0004974888384382741
0.0004158263115801881
0.00032975104805960424
0.00023840277476540502
0.00014074653604725256
3.551743821957759e-05
-7.885655124694889e-05
-0.0002043653625473106
-0.00034358085502602265
-0.0004999098079375037
-0.0006780063231489398
-0.0008844961883319137
-0.0011293567234187283
-0.0014286547950756998
-0.0018096266755032087
-0.0023178518420638133
-0.003020139673716676
-0.0039835707666279856
-0.005201635833889296
-0.006465146666743065
-0.007262252493379275
-0.006875859565060363
-0.004771210052015563
-0.0010776560543293567
0.003267942966196594
0.006961496963881776
0.00906614647692599
0.009452539405245363
0.008655433578609893
0.007391922745754962
0.0061738576784932785
0.0052104265855811615
0.004508138753929212
0.003999913587368848
0.00361894170694247
0.0033196436352856294
0.003074783100199406
0.002868293235016193
0.0026901967198048075
0.002533867766893349
0.002394652274414341
0.002269143463115011
0.0021547694736468795
0.0020495403758207416
0.0019518841371023545
0.0018605358638088274
0.0017744606002879785
0.0016927980734293658
0.0016148222140190023
0.001539910864590758
0.0014675226425164838
0.0013971789013552899
0.0013284493585405842
0.0012609403666028413
0.001194285076756306
0.0011281349246327697
0.0010350214222311143
0.0009705609458130251
0.0009056082344305813
0.000839823627120022
0.0007728496455307348
0.0007043026971572373
0.0006337634901644386
0.0005607656042136933
0.00048478148524752683
0.00040520486761763935
0.0003213282281539887
0.0002323132677754735
0.00013715146680340774
3.461024086389786e-05
-7.684228796260757e-05
-0.00019914522082426596
-0.000334804723675424
-0.0004871405558042239
-0.0006606879383516472
-0.0008619034147628753
-0.0011005094514986878
-0.0013921625165545688
-0.0017634031917045014
-0.0022586467596538125
-0.002942996223202176
-0.0038818190248054475
-0.005068772516147322
-0.0063000119088891735
-0.007076760004712684
-0.006700238242132893
-0.004649346465940146
-0.0010501324377672622
0.003184472815100874
0.00678368684327363
0.008834578619465528
0.00921110038204695
0.008434352286223344
0.007203112893480249
0.006016159402138076
0.005077336600534143
0.004392987136986539
0.0038977435690375323
0.0035265028938887685
0.003234849828832218
0.0029962437920974996
0.0027950283156860205
0.002621480933138495
0.002469145101009763
0.00233348559815842
0.0022111826652978094
0.0020997301364693586
0.0019971889105316006
0.001902027109559124
0.001813012149181787
0.0017291355097174936
0.001649558892086836
0.001573574773121021
0.0015005768871695093
0.0014300376801777218
0.001361490731803468
0.0012945167502140947
0.0012287321429018403
0.0011637794315206456
0.0010993189551014504
0.0010139969161140992
0.0009508458335761889
0.000887212514913583
0.0008227641987435602
0.0007571506682258076
0.0006899961228246915
0.0006208897878431748
0.0005493747174099391
0.0004749340737539474
0.0003969739063970544
0.0003148010642019957
0.0002275942765988569
0.00013436551014324883
3.390721817047237e-05
-7.528135991056626e-05
-0.00019509993589722854
-0.00032800376745095055
-0.00047724517880379084
-0.0006472672659372684
-0.0008443954185761354
-0.0010781546076386742
-0.0013638832676876728
-0.0017275828632999277
-0.0022127664968197656
-0.0028832148299607046
-0.003802967706065414
-0.004965811596919084
-0.006172042529019227
-0.0069330145380217265
-0.006564142257620002
-0.0045549094481762776
-0.0010288032253514385
0.0031197885064664
0.006645894729291831
0.008655127538734132
0.00902399981913797
0.008263027810135886
0.00705679687803334
0.005893952987178759
0.004974200111074523
0.004303751777934524
0.003818568144415003
0.0034548685488037453
0.003169139888754147
0.0029353806996916744
0.0027382525470530496
0.0025682304599189978
0.0024189890485669992
0.0022860852170120526
0.0021662666410270912
0.002057078062943893
0.0019566197709734792
0.0018633910045174923
0.0017761842169150182
0.0016940113747199131
0.001616051207361963
0.001541610563706493
0.0014700954932719093
0.0014009891582913397
0.0013338346128896998
0.0012682210823713761
0.0012037727662000132
0.0011401394475384797
0.0010769883649995365
0.0009986107454282044
0.0009364179045265685
0.0008737501448581429
0.0008102797542968667
0.000745661830127355
0.0006795262741381551
0.0006114685446511974
0.0005410386294055103
0.00046772753303140333
0.00039095031754811187
0.0003100243495698389
0.00022414082034259675
0.0001323266886723764
3.3392731010238054e-05
-7.41390409334504e-05
-0.00019213951301224274
-0.00032302668715001996
-0.000470003537212789
-0.0006374457400956642
-0.0008315827045384699
-0.0010617948701739078
-0.0013431879281350844
-0.0017013688056951202
-0.002179190369936428
-0.002839465562938549
-0.0037452626572522683
-0.004890462609472283
-0.006078391777864914
-0.006827818459443129
-0.0064645441964578144
-0.004485798314159506
-0.001013194000583579
0.0030724511209409243
0.006545055434516757
0.008523801316813292
0.008887075579802738
0.00813764889822306
0.00694971972983
0.0058045197776079435
0.004898722683294013
0.004238447490293205
0.003760625926051621
0.003402445048492641
0.003121051990531366
0.002890839824896037
0.0026967028604532855
0.0025292606575698685
0.002382283807508533
0.0022513966333693996
0.002133396161291869
0.0020258643893459826
0.001926930431685812
0.001835116300015557
0.0017492327707888532
0.0016683068028104453
0.0015915295873256338
0.0015182184909521938
0.0014477885757057172
0.001379730846219641
0.0013135952902298968
0.0012489773660598028
0.0011855069754975133
0.0011228392158302634
0.0010606463749275716
0.0009885303568013145
0.0009269653165452205
0.0008649301515559611
0.0008021004577722239
0.00073813481407533
0.0006726668581841305
0.000605296132037129
0.0005355771659927616
0.00046300610270013655
0.0003870039087965683
0.0003068948416961627
0.00022187825711428484
0.00013099093616700892
3.305565985701575e-05
-7.339064062854143e-05
-0.0001901999655660111
-0.0003197659084511144
-0.000465259110817555
-0.000631011079347004
-0.0008231883399847696
-0.0010510766414122078
-0.0013296291908314606
-0.0016841944307730758
-0.002157192668812582
-0.002810802835433393
-0.003707456667002443
-0.004841097019053182
-0.006017035597869858
-0.006758898226988896
-0.006399291540730126
-0.004440519457292582
-0.0010029674469967309
0.0030414375764117414
0.006478989586709701
0.008437761670142572
0.008797368356402626
0.008055505727286139
0.006879567148469108
0.005745926796417063
0.004849272964847804
0.004195662798228911
0.0037226645601887895
0.0033680993202473966
0.0030895467708282913
0.0028616584694009122
0.0026694812087631583
0.0025037292402336096
0.002358236037867891
0.0022286700949810155
0.0021118607700445725
0.0020054144695587717
0.00190747919324924
0.0018165918723019449
0.00173157528772126
0.0016514662206202181
0.001575464026715071
0.0015028929634232629
0.0014331739973780513
0.0013658032712318589
0.001300335315339678
0.0012363696716427967
0.0011735399778584326
0.0011115048128700034
0.0010499397726134068
0.0009835423191429898
0.0009222879309208696
0.0008605657901758088
0.0007980531297662331
0.0007344102513562004
0.0006692726412976225
0.0006022418622127691
0.0005328746922622295
0.00046066981652005765
0.00038505112338362555
0.0003053462800111982
0.00022075868211169963
0.000130329971131159
3.28888682380456e-05
-7.302031283656495e-05
-0.00018924022729820567
-0.0003181523907195145
-0.00046291144576010666
-0.0006278270425363835
-0.0008190345909626618
-0.001045772984190094
-0.0013229199764202932
-0.0016756961052217128
-0.0021463076363818995
-0.0027966197746189104
-0.003688749280869137
-0.004816669638808362
-0.00598667495604047
-0.006724794688002771
-0.006367002809446706
-0.004418114283456922
-0.0009979070746380836
0.0030260912619735573
0.006446298470793171
0.008395186996780046
0.00875297887533866
0.00801485914337367
0.006844853826143509
0.005716933468204318
0.004824803961952695
0.004174491823717181
0.0037038802925557033
0.0033511041637558
0.0030739571715247055
0.0028472187782973037
0.00265601122987201
0.002491095633095594
0.002346336578056525
0.002217424414632986
0.0021012045001715927
0.001995295319096768
0.0018978542162036687
0.0018074255052241196
0.0017228379073249281
0.0016431330639525732
0.0015675143708142629
0.0014953094950733029
0.001425942325121565
0.0013589115460371853
0.0012937739359784118
0.0012301310575685905
0.0011676183971582972
0.0011058962564138419
0.0010446418681909697
