-0.0066059201895332575
-0.006328827078938126
-0.006049618019695708
-0.005766832926184062
-0.005478935121831487
-0.0051842756740818445
-0.004881052190990666
-0.004567259690927635
-0.004240630398838313
-0.003898558184690458
-0.003538001645916173
-0.0031553572173111137
-0.0027462896109256103
-0.002305500357195501
-0.001826404419277743
-0.0013006662358548277
-0.0007175126085088787
-6.267294392032705e-05
0.0006833482712868188
0.001548305758083967
0.0025739933324306196
0.0038277121851467023
0.005423545965698124
0.007552400265225684
0.010494075230578472
0.014529457675680776
0.019631158578382053
0.024922899734765868
0.028260868964225312
0.026641829911534725
0.017826336577202388
0.00235630749294438
-0.015844540544397163
-0.03131456962865382
-0.040130062962993776
-0.04174910201568348
-0.03841113278622371
-0.03311939162984858
-0.028017690727138
-0.023982308282036034
-0.021040633316681844
-0.018911779017154087
-0.017315945236604645
-0.016062226383888226
-0.015036538809540331
-0.014171581322749167
-0.013425560107540356
-0.012770720442953637
-0.012187566815602109
-0.011661828632182828
-0.011182732694264319
-0.01074194344053701
-0.010332875834152076
-0.009950231405545578
-0.00958967486677046
-0.009247602652628166
-0.008920973360532313
-0.008607180860470926
-0.008303957377381458
-0.008009297929635655
-0.0077214001252821265
-0.007438615031759023
-0.007159405972516423
-0.00688231286191921
-0.006639422132488984
-0.006360923741859398
-0.006080298671529635
-0.005796079431024566
-0.005506721550504071
-0.005210567734835214
-0.004905806451203809
-0.0045904225496964015
-0.004262136754200917
-0.0039183297176613365
-0.003555944612975098
-0.0031713595993956402
-0.002760217402481875
-0.0023171926813653505
-0.0018356670030379258
-0.0013072625321560996
-0.0007211514337092956
-6.299074057230462e-05
0.0006868139329469563
0.0015561580672753556
0.0025870474379773908
0.0038471245560750622
0.005451051641984208
0.007590702432073241
0.010547295973918245
0.014603143375905722
0.01973071642194408
0.02504929276351174
0.0284041883660631
0.026776937158191655
0.017916737070968254
0.0023682552091961965
-0.015924893874301217
-0.031473375736068385
-0.040333575823296414
-0.04196082703117326
-0.03860593142862094
-0.03328735508705666
-0.02815978204102282
-0.024103934639033233
-0.02114734109718559
-0.01900769030709699
-0.0174037632211892
-0.016143686103093087
-0.015112796732387038
-0.014243452598056995
-0.01349364792454047
-0.012835487231410439
-0.012249376132958085
-0.011720971662079287
-0.011239445983748413
-0.010796421262633665
-0.010385279065721169
-0.010000694052142815
-0.009638308947459245
-0.009294501910917824
-0.008966216115421137
-0.008650832213911431
-0.008346070930284733
-0.008049917114618343
-0.007760559234094797
-0.0074763399935796
-0.007195714923251268
-0.006917216532625695
-0.0067071266343162305
-0.00642578829538515
-0.00614230159021375
-0.005855184063795774
-0.005562875496758211
-0.005263701693925966
-0.0049558326496045284
-0.004637232664649723
-0.004305599220323398
-0.003958286259109081
-0.0035922057822790716
-0.0032036990158116393
-0.002788364252463712
-0.0023408218468056194
-0.0018543858750977105
-0.0013205930698869444
-0.0007285051803615364
-6.363297822960332e-05
0.0006938177345317056
0.0015720269010060274
0.0026134286486268095
0.00388635526681496
0.00550663821726603
0.00766810777218507
0.010654850450105705
0.014752055726751978
0.01993191407754169
0.025304721922547797
0.02869382417603744
0.027049976879826944
0.018099428382941776
0.002392400424085381
-0.016087280862299304
-0.03179430882115733
-0.04074485731804802
-0.04238870461425499
-0.038999602360770096
-0.033626794515752484
-0.028446936164971074
-0.024349730888320757
-0.02136298821040606
-0.01920151865548324
-0.017581235705042372
-0.01630830908685175
-0.015266907339227356
-0.014388698172753806
-0.01363124745999401
-0.01296637525786499
-0.012374287368337417
-0.011840494563125931
-0.011354058591415738
-0.010906516185765859
-0.010491181422416784
-0.010102674655946107
-0.009736594179120116
-0.009389281217903632
-0.009057647773576493
-0.008739047788622247
-0.00843117874430431
-0.008132004941469519
-0.007839696374435743
-0.007552578848003553
-0.007269092142837695
-0.006987753803906195
-0.006810467195857683
-0.006524794110289522
-0.006236939557306771
-0.0059453982408176845
-0.005648585902204252
-0.005344802550946457
-0.0050321899853487135
-0.004708681140997716
-0.004371938022833467
-0.004019273803908919
-0.0036475529067822726
-0.0032530601844241004
-0.002831326109719163
-0.0023768881496437147
-0.0018829573661446027
-0.0013409400927210623
-0.0007397295457114506
-6.461325150007233e-05
0.0007045079709599479
0.0015962482535476228
0.002653695537499873
0.003946234953579433
0.005591482630927864
0.007786255191503594
0.010819015900291981
0.014979347601061638
0.02023901136992512
0.025694595143262052
0.029135908430416815
0.027466729642481195
0.018378278213836453
0.0024292542017718584
-0.01633513955229565
-0.03228416356436184
-0.04137261499300373
-0.04304179378095187
-0.03960048049378488
-0.034144896720460144
-0.028885232951584613
-0.024724901250816438
-0.02169214054203629
-0.019497367981454232
-0.0178521203041124
-0.01655958088803255
-0.015502133604079121
-0.014610393321487546
-0.013841272099029949
-0.013166155804822742
-0.012564945257815006
-0.012022927984388834
-0.011528997200886477
-0.011074559240814755
-0.010652825166114658
-0.010258332443747856
-0.009886611546628739
-0.00953394732770226
-0.00919720420953885
-0.008873695365186498
-0.00856108279958711
-0.008257299448330407
-0.007960487109717956
-0.007668945793217048
-0.007381091240235399
-0.00709541815467091
-0.006951677397709668
-0.006660081076726942
-0.006366258057063386
-0.006068671831319251
-0.005765705292339812
-0.005455623201428561
-0.005136528828317388
-0.0048063122493742306
-0.004462586992751679
-0.0041026105219047725
-0.003723182245234404
-0.0033205099845256564
-0.0028900315398782857
-0.002426171116087319
-0.0019219990106923539
-0.0013687433727565613
-0.0007550671260652328
-6.595274227499948e-05
0.0007191157052836052
0.0016293456480742288
0.0027087184346421154
0.004028057856160751
0.00570741870832745
0.007947698319323421
0.011043340562182907
0.015289931581597473
0.020658645650071507
0.026227338664876955
0.02973999560546617
0.028036202279056927
0.0187593129099942
0.002479612833224825
-0.01667382685005086
-0.03295352692681778
-0.042230416295880195
-0.043934209622292344
-0.040421552681701764
-0.03485285966690585
-0.029484145598425365
-0.02523755457901007
-0.02214191233615384
-0.01990163272515532
-0.018222271872997752
-0.01690293245147982
-0.01582355966490774
-0.014913329722118916
-0.014128261274562591
-0.013439146890773435
-0.012825470644080409
-0.012272215006142811
-0.011768042900746192
-0.011304182476961602
-0.010873704032316855
-0.01047103177160404
-0.010091603494936997
-0.009731627024088698
-0.009387901767466266
-0.009057685188523255
-0.008738590815406571
-0.00842850872449809
-0.008125542185517488
-0.007827955959764989
-0.00753413294010312
-0.007242536619121664
-0.007133898684571415
-0.006834658867379896
-0.006533133983911361
-0.006227747250887954
-0.005916839172540313
-0.00559862902501921
-0.005271170359784583
-0.00493229794655586
-0.004579562757785313
-0.004210150367811045
-0.0038207762890782957
-0.0034075489403291815
-0.002965786534286592
-0.0024897671192825903
-0.001972379346792343
-0.0014046214320319016
-0.0007748591232384716
-6.768124147074964e-05
0.0007379659194734845
0.0016720554005100734
0.0027797214266651092
0.004133644274165669
0.005857025655606875
0.008156028738166642
0.011332814894926047
0.015690717020236267
0.021200152076101646
0.02691480362542128
0.030519523635677264
0.028771062470947323
0.01925100822599664
0.0025445962437911553
-0.017110877009241965
-0.03381728899144438
-0.04333734323639808
-0.04508580440113001
-0.04148108439086589
-0.03576643284155827
-0.030256997785681874
-0.02589909566037794
-0.022722309503624916
-0.02042330642106075
-0.01869992503962714
-0.017346002192127553
-0.016238336165967662
-0.015304246684929607
-0.014498599523988635
-0.013791421642222391
-0.013161659333430121
-0.012593901418666904
-0.012076513646175745
-0.011600494231175894
-0.011158731825137458
-0.010745504476385285
-0.010356130397653616
-0.009986718007679897
-0.0096339828189077
-0.009295110405681348
-0.008967651740438929
-0.008649441592921739
-0.008338533514570874
-0.008033146781541616
-0.0077316218980745186
-0.007432382080885411
-0.00736133817865223
-0.007052558131179648
-0.006741420165904662
-0.006426297229207241
-0.0061054769179699
-0.005777121736038068
-0.005439223179002775
-0.005089546985586208
-0.00472556604932517
-0.004344376216153326
-0.003942588283748375
-0.0035161866009328756
-0.0030603401174140506
-0.0025691444562916726
-0.0020352615474447232
-0.0014494026140810523
-0.0007995624846590544
-6.983864503063049e-05
0.0007614938408572773
0.0017253636099556421
0.002868343850989257
0.0042654320128914965
0.006043757630355972
0.008416056412103985
0.011694122279593634
0.016190957129473035
0.021876032553071974
0.02777286137025569
0.03149248890973347
0.029688275034550942
0.01986471503908996
0.0026257042248447266
-0.017656380092849387
-0.03489539090709445
-0.044718950902556044
-0.046523164777739365
-0.04280353723826001
-0.03690670842107886
-0.031221632997477093
-0.02672479814760125
-0.02344673228011481
-0.021074433498364076
-0.019296107880907905
-0.017899019719007918
-0.016756039477967687
-0.01579216970886996
-0.014960837222986656
-0.01423111338335709
-0.013581273253934677
-0.012995414320566627
-0.012461531411721526
-0.011970335750603273
-0.011514489267086828
-0.011088087584270776
-0.010686299651867986
-0.010305109818694244
-0.009941128882433297
-0.00959145268902005
-0.009253554131975417
-0.008925198950047977
-0.008604378638805464
-0.00828925570210527
-0.007978117736832342
-0.007669337689358465
-0.007639491082509322
-0.007319043567113853
-0.006996149038285668
-0.006669118962998296
-0.00633617623373519
-0.005995413923203127
-0.005644747634175531
-0.005281858682153753
-0.0049041244720618
-0.004508531114172707
-0.004091561342559765
-0.003649047771541958
-0.0031759768057840554
-0.002666220966745663
-0.002112164909290665
-0.0015041688723105053
-0.0008297740583077112
-7.247706195439955e-05
0.0007902679509260513
0.001790558288629454
0.002976726958586422
0.004426605256299798
0.006272126342974794
0.008734063960661844
0.012135992325640197
0.01680273812947682
0.022702616594913426
0.028822242397870904
0.03268239751209972
0.030809998607703205
0.020615259283700536
0.0027248956737001033
-0.018323515324195
-0.0362138789341903
-0.04640861825819528
-0.048281017162591214
-0.044420862048361806
-0.03830123624541244
-0.03240135777996129
-0.02773461197613601
-0.024332683611155807
-0.021870745993473335
-0.020025224906800764
-0.018575346609090677
-0.017389177939128947
-0.016388887601421685
-0.015526142588547204
-0.014768845592190827
-0.014094450778188432
-0.013486454741206216
-0.012932398683750903
-0.012422642844718439
-0.011949571878960123
-0.011507058307946348
-0.011090088536333975
-0.010694495178443748
-0.010316760968351973
-0.009953872016334582
-0.009603205727298258
-0.009262443416772608
-0.00892950068750212
-0.008602470612213085
-0.00827957608338607
-0.007959128567990617
-0.007975449565821727
-0.007640909854317232
-0.007303815517921455
-0.006962403767577156
-0.006614819344522742
-0.00625907146116871
-0.005892984055441926
-0.00551413647481965
-0.005119790791191775
-0.004706800573931976
-0.004271493879363696
-0.0038095200538699704
-0.003315645020578028
-0.0027834718343637058
-0.0022050502517790517
-0.0015703165858629358
-0.0008662641405536454
-7.566374200234597e-05
0.0008250219414553438
0.001869301763464594
0.003107634276865832
0.004621273554230257
0.006547954665372844
0.009118159810742198
0.01266969156475561
0.017541658603238953
0.023700979162685192
0.03008970152312588
0.03411958634001199
0.03216483099143268
0.021521775150728065
0.002844698636384091
-0.01912929182721139
-0.03780636834154968
-0.04844942418226418
-0.05040417953083878
-0.04637429471394107
-0.039985572353516415
-0.0338262517940644
-0.02895428475558546
-0.025402753001571694
-0.02283254785620382
-0.020905866745066636
-0.01939222746770434
-0.018153894954296652
-0.017109615132284386
-0.016208929448830397
-0.015418329050280597
-0.01471427660496874
-0.014079542939048841
-0.013501121356469171
-0.012968948170258785
-0.012475073136966441
-0.01201309931147555
-0.011577792616908986
-0.011164802399649159
-0.010770456716021119
-0.01039160913540057
-0.010025521729667766
-0.009669773846317002
-0.009322189423257118
-0.008980777672912367
-0.008643683336515731
-0.008309143625009997
-0.00837833096512065
-0.008026891890291338
-0.007672769142889604
-0.007314110886002938
-0.006948968141873289
-0.006575249557627737
-0.006190669146686482
-0.005792683976433696
-0.005378417811356872
-0.00494456527773678
-0.00448726894227182
-0.004001958376367638
-0.003483135101596
-0.002924079028358643
-0.0023164383029767345
-0.0016496408663034326
-0.0009100229819213913
-7.948513371731653e-05
0.0008666990148874527
0.001963731044652965
0.0032646184656312553
0.004854719947510828
0.006878728201607685
0.009578767760836715
0.013309703683807489
0.018427771260784466
0.024898213020904225
0.03160963307731687
0.035843054480079316
0.03378953547264765
0.022608860078758192
0.0029883628380941623
-0.02009557547244927
-0.039716072713110125
-0.0508967481070044
-0.05295026711442961
-0.04871684571166818
-0.04200542565526644
-0.03553498389512902
-0.030416916318166374
-0.026685980395192835
-0.023985940835971324
-0.021961932581869233
-0.020371831099994415
-0.019070943679010993
-0.017973911649240445
-0.017027727500639783
-0.016197189652434035
-0.015457571768051289
-0.014790774331377491
-0.014183133605997909
-0.013624077532763443
-0.013105254257989264
-0.012619943692091306
-0.012162647356630415
-0.011728794823009273
-0.011314528657931446
-0.010916543487682874
-0.010531963076734164
-0.010158244492491718
-0.009793101748358422
-0.009434443491470157
-0.00908032074406796
-0.008728881669237524
-0.008859874974575542
-0.008488236931637718
-0.008113760971832161
-0.007734488823772134
-0.007348359492032164
-0.0069531614230395385
-0.00654647724289851
-0.006125617863662169
-0.005687541737824758
-0.005228753514859156
-0.004745174054889954
-0.0042319702431464785
-0.003683327575066405
-0.003092139722403885
-0.0024495748065168485
-0.0017444531359806018
-0.0009623256462074469
-8.405254345033707e-05
0.000916513668710167
0.0020765978061180737
0.0034522540246968237
0.005133747018431471
0.007274085609593854
0.0101293097560168
0.014074678215125052
0.019486896368235637
0.026329203213044244
0.033426323506502834
0.03790301726913611
0.035731448354652945
0.023908185488827945
0.0031600723792809503
-0.02125052094147936
-0.04199863405102258
-0.05382189691685603
-0.055993465831332294
-0.05151677206869745
-0.044419651775250764
-0.037577344930435734
-0.0321651267773301
-0.028219758318223556
-0.025364534171801054
-0.023224195580635175
-0.021542702586904248
-0.020167046368319643
-0.01900696223091027
-0.01800639601875147
-0.01712812291599447
-0.0163459954262206
-0.015640873755680063
-0.014998308839800729
-0.014407120987137138
-0.013858478319057333
-0.013345274507317702
-0.012861695047353258
-0.012402906824384255
-0.011964830698547497
-0.011543971319315569
-0.011137287139167652
-0.010742089070176646
-0.01035595973843418
-0.009976687590371298
-0.00960221163056646
-0.009230573587626113
-0.009435286278835048
-0.009039511881306271
-0.008640715255744003
-0.008236810948975512
-0.00782560411227995
-0.0074047395606293
-0.0069716429214445414
-0.006523450461336275
-0.006056923096482663
-0.0055683384672856415
-0.005053352509935442
-0.004506818217941496
-0.003922543457450473
-0.0032929603718132496
-0.0026086634858155967
-0.0018577470294544526
-0.0010248235251625708
-8.951011894445249e-05
0.0009760388743614411
0.0022114658988040495
0.0036764656451896216
0.005467165168691712
0.007746510445589009
0.010787169282982068
0.014988769133018607
0.02075247497709774
0.028039130797149363
0.03559712969074086
0.040364509924572065
0.03805187580615371
0.02546076938394662
0.003365245793908401
-0.022630592307059716
-0.044726115897091676
-0.05731722231930611
-0.05962985643772519
-0.05486247620388366
-0.04730447731030617
-0.04001782149024421
-0.034254115646177766
-0.030052515796141398
-0.0270118569587538
-0.02473251168184642
-0.022941812158347986
-0.021476812411956276
-0.020241385387514774
-0.019175836394207786
-0.01824052298798983
-0.01740759948369794
-0.016656683027334366
-0.015972386141346467
-0.015342803055703316
-0.014758528295212712
-0.01421199400322078
-0.013697008045877255
-0.013208423416678449
-0.012741896051823704
-0.012293703591719853
-0.011860606952528583
-0.01143974240087764
-0.011028535564183128
-0.01062463125741175
-0.010225834631848578
-0.009830060234319999
-0.010124442993933069
-0.009699761039505431
-0.009271836111759895
-0.008838430434802431
-0.008397188846863144
-0.007945584138787813
-0.007480853904240032
-0.0069999252409494684
-0.0064993224803163155
-0.005975051379113165
-0.005422450580102414
-0.004835997135729833
-0.004209046634001255
-0.0035334784559910726
-0.0027992001425912877
-0.0019934363154891967
-0.0010996755803798861
-9.604629680952034e-05
0.0010473311050654254
0.0023729946125174445
0.003944999110184765
0.005866492876045867
0.008312323361972712
0.011575073005059123
0.01608355456883881
0.02226822666539478
0.030087063445692043
0.03819703690059019
0.04331255535909982
0.04083096507504067
0.027320235293462676
0.003610966272654101
-0.024283460700030454
-0.04799272972083699
-0.061503459502419755
-0.06398504978647576
-0.05886953132797041
-0.050759557873074304
-0.04294072109277446
-0.03675604899622528
-0.03224756743244653
-0.02898481778936081
-0.026538987303427172
-0.024617493537573407
-0.023045489039897234
-0.021719825532449034
-0.02057644813057284
-0.019572818847002772
-0.018679058111893583
-0.017873294284787684
-0.01713901597139772
-0.016463447793380416
-0.015836497291656225
-0.015250043847281156
-0.014697443048276757
-0.014173171947070492
-0.013672569186436109
-0.01319164052315071
-0.012726910288595975
-0.012275305580520429
-0.011834063992582439
-0.011400658315622529
-0.010972733387874046
-0.010548051433449562
-0.010953665919882907
-0.0104942011419762
-0.010031227780413515
-0.009562324777972843
-0.009084944077245916
-0.008596351482149137
-0.008093558335929146
-0.007573240055180565
-0.007031636302160755
-0.0064644256913563
-0.005866565084166945
-0.005232079184236982
-0.004553779378603316
-0.003822879940366371
-0.0030284618009714104
-0.002156703230709588
-0.001189740488401845
-0.00010391055865478782
0.0011331133910499301
0.00256735339910032
0.0042681107373570126
0.006346981934205171
0.008993134774148275
0.012523113595796213
0.017400847424782897
0.024092040640218998
0.032551212235126734
0.04132533172281595
0.04685972981712227
0.04417483578410184
0.029557583162861018
0.003906611361059213
-0.026272246539366127
-0.05192321834116231
-0.06654047096240673
-0.06922536499543197
-0.06369096690111395
-0.05491684741343797
-0.04645767581852381
-0.03976648260309877
-0.034888748774110134
-0.03135876995246792
-0.02871261711251395
-0.02663374591567421
-0.024932988577411594
-0.023498748569362425
-0.02226172461965579
-0.021175894689907996
-0.02020893194760067
-0.019337173377335308
-0.018542755237952478
-0.01781185579970413
-0.01713355599407482
-0.01649907009414283
-0.015901209486958216
-0.015333998876152489
-0.014792395123130627
-0.014272076842386813
-0.013769283696160674
-0.013280691101062373
-0.012803310400338467
-0.012334407397898204
-0.011871434036332278
-0.011411969258428571
-0.011958375894787751
-0.011456767246640047
-0.010951328193623747
-0.010439415609524714
-0.009918247718948621
-0.00938483953441182
-0.008835928267547215
-0.008267884390715689
-0.0076766026526891296
-0.007057365292733375
-0.006404666594689402
-0.0057119831829933986
-0.004971467074610587
-0.004173526677936657
-0.003306241379566331
-0.002354521658724462
-0.0012988652293617776
-0.00011343859059466214
0.0012370502710067552
0.0028028447829841364
0.0046596029112299115
0.006929157344689012
0.00981802673719013
0.01367178798564269
0.01899691681812942
0.026301819962442123
0.03553682691083549
0.04511562402472563
0.05115752533430633
0.048226289845353626
0.03226835418056666
0.004264798395876639
-0.02868189086241384
-0.05668544664710048
-0.07264338231188971
-0.07557461780083516
-0.06953271649126339
-0.059953919377369866
-0.05071891242897972
-0.043414009284673
-0.038088880452187494
-0.03423511920373722
-0.031346249811229285
-0.029076695377775557
-0.027219937249524245
-0.025654142737553346
-0.024303653875945675
-0.023118227237178837
-0.022062570807817154
-0.0211108510869756
-0.020243565788613686
-0.01944562539192985
-0.018705109283552325
-0.018012425871851225
-0.017359727173808768
-0.016740489813853683
-0.01614920807582271
-0.015581164198995237
-0.01503225293212361
-0.01449884474758753
-0.013977676857014983
-0.013465764272914653
-0.012960325219894219
-0.012458716571751512
-0.01318721316471484
-0.012634059308698322
-0.012076681435479703
-0.011512164811226319
-0.01093744180530112
-0.010349220692827751
-0.009743903401162952
-0.009117487432119972
-0.008465445678395295
-0.0077825755814262525
-0.007062805656542144
-0.0062989421843949785
-0.005482330720623764
-0.004602394037705791
-0.003645986553863329
-0.002596468139449769
-0.0014323324376115266
-0.00012509126972969596
0.0013641740339011919
0.0030908700054807278
0.005138429370592121
0.007641204460438937
0.01082693529224039
0.015076707243623779
0.020949032111560677
0.02900454107567542
0.03918843463448353
0.049751382013141825
0.056413962271025395
0.05318141211742393
0.03558373614589703
0.004702849547804332
-0.03162903146538067
-0.06250991806346688
-0.08010759403500495
-0.08334014418860455
-0.07667756393072722
-0.0661146165520545
-0.05593072299325037
-0.047875214029141945
-0.04200288916121013
-0.03775311720982703
-0.03456738637802147
-0.03206461128817903
-0.030017051923061762
-0.02829035595148528
-0.026801090647850245
-0.02549384947997026
-0.024329713778132086
-0.023280195363718198
-0.02232378787988378
-0.02144385119695725
-0.02062723973318789
-0.01986337626103822
-0.019143606336151444
-0.018460736239186034
-0.017808694485452463
-0.017182278516417626
-0.016576961224743156
-0.015988740112275204
-0.015414017106349273
-0.014849500482099756
-0.01429212260887643
-0.013738968752863803
-0.01470867777187658
-0.014091704024470587
-0.013470018914712922
-0.012840371421886
-0.01219933998798416
-0.01154325310582969
-0.010868097575543178
-0.010169409110986162
-0.009442138289945761
-0.008680482308497564
-0.007877669183834786
-0.007025675219986241
-0.006114847463800933
-0.005133388336183478
-0.0040666355772170405
-0.0028960291910415954
-0.0015975815055243106
-0.000139517483895105
0.0015215718494582479
0.0034474856766927835
0.005731282974593568
0.00852281712550602
0.012076102923217013
0.016816189134804208
0.023366012355225667
0.03235085865876171
0.04370957037612936
0.0554909770304004
0.06292198358916071
0.059316333612252914
0.039688467579868
0.0052451543415885475
-0.03527792403999908
-0.06972123727827331
-0.08934910331066193
-0.09295475328757037
-0.08552374672880299
-0.07374234007453982
-0.06238362835718062
-0.05339878205364093
-0.046848958833225006
-0.04210887262163039
-0.03855558682392177
-0.035764052673012414
-0.033480255375106543
-0.03155434154787467
-0.02989325221452075
-0.02843518819289302
-0.027136740507374482
-0.025966134121200406
-0.024899381362238612
-0.02391792223461218
-0.02300709447842821
-0.022155100514577655
-0.02135228738990867
-0.020590631408463306
-0.019863360587415464
-0.019164672122864383
-0.018489516592569154
-0.01783342971042224
-0.01719239827651469
-0.016562750783697185
-0.01594106567393365
-0.015324091926533364
-0.01662231721858344
-0.015925073209070335
-0.015222504872386173
-0.014510938218536822
-0.013786506532636644
-0.013045060631229306
-0.01228206518253179
-0.011492475080291366
-0.01067058395349688
-0.00980983403119726
-0.008902572269067726
-0.007939731055998166
-0.006910401549589379
-0.005801251255009307
-0.00459571028662888
-0.0032728039056595347
-0.0018054235233990034
-0.00015765999764816643
0.0017195434180885764
0.003896026402038689
0.006476955580446775
0.009631681141714126
0.013647265364522411
0.01900405177377386
0.026406004910098452
0.03655972395929977
0.04939604371797711
0.06270992234912512
0.07110735493227888
0.06703239096721175
0.044851058351136217
0.0059271716777235806
-0.039867287623159345
-0.07879117429657345
-0.10097250691264711
-0.10504747087772376
-0.09665003829457158
-0.08333615966341515
-0.07049983990474215
-0.0603461208555426
-0.0529441677192249
-0.04758738130997031
-0.04357179708715757
-0.04041707152589338
-0.037836142347484475
-0.03565965936353366
-0.03378245594779436
-0.0321346924220481
-0.030667312039786013
-0.029344405658817577
-0.028138864690442515
-0.027029714395856774
-0.026000384889448277
-0.025037543676378157
-0.024130281914238848
-0.023269531991943187
-0.022447640865137855
-0.021658050762904224
-0.020895055314196317
-0.02015360941280011
-0.01942917772689377
-0.01871761107305295
-0.01801504273636388
-0.017317798726855578
-0.019078051178401674
-0.018277797935130884
-0.017471433758338106
-0.016654741869369022
-0.0158232842917162
-0.014972298848685001
-0.01409658016605818
-0.013190337781519125
-0.012247022273228715
-0.011259107034113687
-0.010217808368542074
-0.00911271902636093
-0.00793131850263901
-0.006658304568874927
-0.0052746593114228555
-0.003756309185176176
-0.0020721405683926768
-0.00018093906594183334
0.001973599809179872
0.004471634088036969
0.007433868256657176
0.01105467330316324
0.015663523066164
0.021811725022822234
0.03030723474929305
0.04196101109101144
0.0566936197839953
0.07197421801276899
0.08161195568640561
0.07693475541646497
0.05147649867248548
0.006802539986365444
-0.04575687269649109
-0.09043083138261204
-0.11588908812658727
-0.12056628839652683
-0.11092855072290529
-0.09564795249413248
-0.08091534380114346
-0.06926156745942338
-0.06076605773295447
-0.05461785577629554
-0.05000900601329306
-0.046388200966785254
-0.04342596679817022
-0.040927932519312496
-0.03877339364418812
-0.03688219214173858
-0.03519802352495596
-0.03367967339870998
-0.03229602814126334
-0.031023014207493146
-0.029841613683771605
-0.02873652434159105
-0.0276952256760084
-0.026707310436898002
-0.025763994928598353
-0.024857752544061282
-0.023982033861425906
-0.023131048418405444
-0.022299590840748493
-0.021482898951788648
-0.020676534774988233
-0.019876281531723453
-0.022306456980558963
-0.02137078397429499
-0.020427965930656253
-0.019473072499489028
-0.018500914700959013
-0.017505924492837964
-0.016482015635987494
-0.015422417792509283
-0.014319473231031995
-0.013164381671842343
-0.011946873016862002
-0.010654778868252782
-0.009273459958018256
-0.007785024556209906
-0.006167236456958516
-0.004391948274113367
-0.0024227811663327208
-0.00021154616490770897
0.00230758954732848
0.005228349378100069
0.008691866144640927
0.012925410254023568
0.018314231701972817
0.02550298631441928
0.03543646498742313
0.049063025219003985
0.06628992915401043
0.08415797392014954
0.09542816602929102
0.08996002366160517
0.06019242321446627
0.007955603248958023
-0.053501825009101195
-0.10573864497461906
-0.13550624542174414
-0.140974387789444
-0.12970419568029884
-0.11183615091417626
-0.09460924697915629
-0.08098268674757805
-0.07104920807457657
-0.06386045346212742
-0.05847163201417859
-0.054238087904795305
-0.050774571138258645
-0.047853811307483625
-0.04533467559524715
-0.04312344059382636
-0.041154273486045626
-0.03937898530319911
-0.03776119720395271
-0.036272761802139834
-0.0348914428919055
-0.0335993487432987
-0.032381840088308245
-0.031226748529122883
-0.030123803967634845
-0.029064206124160732
-0.028040297267303158
-0.02704530705919133
-0.026073149260656334
-0.025118255829498115
-0.024175437785853796
-0.02323976477959349
-0.02663749251170849
-0.025520151402226646
-0.024394277979804046
-0.023253984620450356
-0.022093074854440658
-0.02090489955009367
-0.019682190764471707
-0.018416863629448832
-0.017099773584418936
-0.01572041167928215
-0.014266513759732511
-0.012723548788939224
-0.011074035102199647
-0.009296607053785079
-0.007364710965113944
-0.005244734207561271
-0.0028932343819372194
-0.0002526657123814516
0.0027555876943901464
0.006243449615045353
0.010379466934024712
0.015435082341088039
0.021870501414407474
0.030455986671575164
0.04232075652172171
0.058598931712292524
0.0791813732656644
0.10053398419520747
0.11400765829745674
0.10748421801228664
0.07192613111283354
0.00951838543336337
-0.06390788713204185
-0.12631563281151337
-0.161873719710965
-0.16839715999613916
-0.15492348589390081
-0.1335708749643612
-0.11298843341098591
-0.0967102582204138
-0.08484548837027533
-0.07626000311310402
-0.06982458403978342
-0.06476896863271527
-0.06063295131373962
-0.05714508939308356
-0.05413683598631161
-0.05149626731676037
-0.049144767491136714
-0.04702479073358139
-0.04509289464491559
-0.04331546659649755
-0.0416659529097551
-0.04012298793896556
-0.03866909001940905
-0.03728972811427617
-0.03597263806923748
-0.03470731093421732
-0.03348460214859133
-0.03229642684424984
-0.03113551707823759
-0.02999522371889097
-0.02886935029646503
-0.027752009186984478
-0.032335365505129124
-0.030979040472550456
-0.02961235814403909
-0.028228171585797948
-0.026818958956785384
-0.02537664893032396
-0.02389241900532261
-0.022356455015347457
-0.020757656432404462
-0.01908326649339876
-0.01731839778684556
-0.015445411120919354
-0.013443085515313851
-0.011285485187326225
-0.008940376534642178
-0.006366956977016239
-0.0035124913498230347
-0.0003071238562741413
0.003344580291537176
0.007578497749766391
0.012599284797026353
0.018736687572894845
0.026550213922562446
0.03697739977490129
0.05139474696925067
0.07118861259460943
0.09623624690322295
0.1222461050827003
0.13869231703492146
0.1308124277143397
0.08758591413594355
0.011661023973914431
-0.0776846514622499
-0.15360954162428425
-0.19683605520267483
-0.20471594452326422
-0.18826973257105462
-0.16225987439158798
-0.13721224008296654
-0.11741837445760892
-0.10300102726326198
-0.09257384141092295
-0.08476031506125466
-0.07862291228538204
-0.0736021252381241
-0.0693682077798958
-0.06571650363208423
-0.06251113613853763
-0.059656670511347
-0.0570832509537187
-0.05473814230103825
-0.05258054197304869
-0.050578216367441885
-0.04870522970151804
-0.04694036099496188
-0.04526597105595924
-0.043667172473005895
-0.042131208483033186
-0.04064697855802912
-0.03920466853157238
-0.03779545590255881
-0.03641126934432161
-0.035044587015808204
-0.03368826198323064
-0.03851076825629559
-0.03689551200726144
-0.03526792103559376
-0.03361948390133089
-0.03194124267073003
-0.030223585002312366
-0.028456003944935363
-0.026626811523165102
-0.02472278776468525
-0.02272874019184734
-0.020626938805940725
-0.018396376327640768
-0.016011779660810885
-0.013442260465112873
-0.010649429750673789
-0.007584692842742647
-0.004185243077854166
-0.0003678817955571276
0.0039810614405325975
0.009023463810720951
0.015003322611230982
0.022314473945051785
0.03162731898857313
0.04407027932272908
0.06130991312903062
0.08504318492181298
0.11517044442496974
0.1465740083527719
0.16659142129636623
0.15739296868030206
0.1056159786505872
0.014394310597376107
-0.09302702022150633
-0.1842486882747209
-0.2360256783044442
-0.24522413092051298
-0.22520671797692388
-0.1938031540491332
-0.16367589454597115
-0.1399426227531843
-0.12270298894688861
-0.11026002861273423
-0.10094718356921287
-0.09363603223539044
-0.08765617343487929
-0.08261377106469192
-0.07826482782859896
-0.0744474665463055
-0.07104801678142002
-0.06798327987348557
-0.06519044915905009
-0.06262092996335106
-0.06023633329651937
-0.05800577081822149
-0.05590396943231555
-0.05390992185947906
-0.05200589810099049
-0.05017670567922291
-0.04840912462184478
-0.046691466953429114
-0.045013225722830105
-0.043364788588568993
-0.041737197616900895
-0.04012194136786626
-0.038941970087945615
-0.03730904293255656
-0.03566364547922411
-0.033997172712999485
-0.03230056818084264
-0.03056411377207156
-0.028777186849289343
-0.02692797064848582
-0.025003099396147397
-0.02298721288292715
-0.02086238512545797
-0.01860737630731293
-0.016196633119061093
-0.013598924093466691
-0.010775432823191964
-0.007677022087948661
-0.00424018137204317
-0.0003807728789599271
0.0040161862342245405
0.009114596938366935
0.01516225168945081
0.02256203194733855
0.03200864016232963
0.044692369030260824
0.06241152209056867
0.08707292645132186
0.1187697235476814
0.15229994623317786
0.1743334412345301
0.16580843537323228
0.11222354084194415
0.01666350571055647
-0.0961762450273268
-0.19173628015871658
-0.24532117469001524
-0.25384618055130925
-0.2318126855499732
-0.19828246286448825
-0.16658566576813247
-0.14192426140737274
-0.12420510834706879
-0.11152137947913307
-0.10207477126414712
-0.09467499100625557
-0.0886273362551718
-0.08352892555102981
-0.07913196643784287
-0.07527255794476256
-0.07183571722885848
-0.06873730649361413
-0.06591381522334057
-0.0633161061977453
-0.06090536300949297
-0.05865035419135011
-0.05652552643388347
-0.054509639920665764
-0.0525847686683196
-0.050735552467516334
-0.048948625544733504
-0.0472121711359637
-0.045515566603807955
-0.04384909383758473
-0.0422036963842503
-0.0405707692288625
-0.010719583708918463
-0.010271859415344305
-0.009820713086415831
-0.00936378327494052
-0.008898584485940306
-0.008422449397011762
-0.007932462089033837
-0.007425378406916047
-0.0068975283355899655
-0.0063446934228157705
-0.005761949485829497
-0.005143460566557637
-0.004482203434015305
-0.0037695912528744723
-0.0029949473500464445
-0.002144749397617945
-0.0012015075795680438
-0.000142021265687459
0.0010655444225145683
0.0024672405130198756
0.004135904722712972
0.006202504699581399
0.008930799426631313
0.012860807734637582
0.01897494444418415
0.028620236694826995
0.04265692247587471
0.05953546402374322
0.07331963693808995
0.07431464977901671
0.054268971280871575
0.013670327110460042
-0.03555608604320828
-0.07615473021361736
-0.0962004087117778
-0.09520539587084582
-0.08142122295651083
-0.06454268140863696
-0.05050599562759423
-0.04086070337694856
-0.034746566667410675
-0.03081655835940215
-0.028088263632355982
-0.026021663655481517
-0.024352999445788136
-0.022951303355285863
-0.02174373766707933
-0.020684251353201892
-0.01974100953515459
-0.018890811582722503
-0.018116167679896364
-0.01740355549875386
-0.01674229836621171
-0.016123809446940342
-0.0155410655099588
-0.014988230597185489
-0.0144603805258555
-0.013953296843739096
-0.013463309535758004
-0.012987174446831656
-0.012521975657833001
-0.012065045846358239
-0.011613899517427535
-0.011166175223854415
0.1070259346430038
0.10253086042095663
0.09800147058825265
0.09341408641326408
0.0887437876158905
0.08396383428349564
0.0790449990716393
0.07395477101024212
0.06865637996610963
0.06310757240741595
0.05725904139069292
0.05105237135325483
0.0444172923173608
0.037267932571081325
0.02949758446469307
0.020971197664052726
0.011514269637075303
0.0008957513711458365
-0.011199570001184891
-0.02521822629283159
-0.041822040374569144
-0.0620354348211371
-0.08746893016029153
-0.1205200666118235
-0.16412726436560482
-0.22015294345394648
-0.28542651410354297
-0.346140232960846
-0.37497863387131786
-0.33783025336918204
-0.21233914900772222
-0.008462562174678542
0.22699814622112024
0.43087473305417523
0.5563658374156368
0.5935142179177946
0.5646758170073276
0.5039620981500271
0.43868852750043547
0.38266284841210096
0.3390556506583132
0.3060045142067914
0.2805710188676296
0.2603576244210629
0.24375381033932755
0.22973515404768197
0.21763983267535325
0.20702131440942093
0.19756438638244275
0.18903799958180312
0.18126765147541463
0.17411829172913512
0.16748321269324024
0.16127654265580132
0.15542801163907533
0.14987920408038058
0.14458081303624923
0.13949058497485398
0.1345717497629994
0.1297917964306009
0.12512149763322772
0.12053411345824026
0.11600472362553806
0.11150964940348752
0.43457197708523965
0.41632875531032465
0.3979462509060648
0.3793283544939282
0.3603739166565964
0.34097440115186073
0.3210111738477768
0.30035227031182976
0.27884843515070434
0.2563281514358249
0.23259126592343177
0.20740064377809125
0.1804710184470235
0.15145377347287453
0.1199156841536036
0.08530842600967409
0.046923438790773986
0.0038224183028188197
-0.04527534373591219
-0.10218734230031706
-0.16962305205548234
-0.2518390380388214
-0.35572640981927023
-0.4920519664694439
-0.6751178426228154
-0.9164895588158908
-1.2073629454642343
-1.4911119453482113
-1.6457975352394345
-1.5112567602884215
-0.9759622188812767
-0.07857276986340284
0.9659138392671086
1.8633032882850182
2.3985978296922115
2.5331386046432858
2.378453014752112
2.094704014868178
1.8038306282198568
1.5624589120267907
1.379393035873417
1.2430674792232494
1.1391801074427987
1.056964121459461
0.9895284117043008
0.9326164131398957
0.8835186511011637
0.8404176306132061
0.8020326433943051
0.7674253852503767
0.735887295931105
0.7068700509569599
0.6799404256258896
0.6547498034805487
0.6310129179681527
0.6084926342532757
0.58698879909215
0.5663298955562018
0.5463666682521213
0.5269671527473808
0.5080127149100484
0.48939481849791444
0.4710123140936567
0.45276909231873835
1.1385819616458945
1.090791199757661
1.0426355590394838
0.9938632613875937
0.9442093248551346
0.893389415526336
0.8410927450088218
0.7869736020321624
0.7306409760645723
0.6716455349741832
0.6094629236598548
0.543471899898477
0.4729251212610822
0.39690927319756175
0.3142893708391833
0.22362886737471144
0.12307138579697019
0.010158550466555782
-0.11846553234193302
-0.26756561454315053
-0.4442561625529623
-0.6597591561802755
-0.9323846840556833
-1.2910946302472575
-1.775096233510804
-2.4176297159467524
-3.198626659575692
-3.9693380397788136
-4.402211680945132
-4.061726840742335
-2.6404277358870836
-0.23827692787513965
2.5631108277331123
4.965261635745153
6.386560740600561
6.727045580803531
6.294171939637346
5.523460559434321
4.742463615805441
4.099930133369521
3.615928530105978
3.257218583914418
2.9845930560390093
2.7690900624116965
2.592399514401892
2.443299432200671
2.3146753493921834
2.201762514061768
2.101205032484028
2.0105445290195547
1.9279246266611745
1.851908778597656
1.7813619999602626
1.7153709761988805
1.6531883648845533
1.5941929237941663
1.5378602978265714
1.483741154849918
1.4314444843324048
1.3806245750036017
1.3309706384711426
1.2821983408192559
1.2340427001010807
1.186251938212843
2.3399761988851573
2.241764604607908
2.142803167050313
2.0425744700988155
1.940533962821251
1.8360973246143064
1.7286258689990375
1.6174091403606548
1.5016435895758822
1.3804058118969347
1.252618223980552
1.1170041307322194
0.9720276890916904
0.8158119663696239
0.6460244731203111
0.45971297433232694
0.2530624268043633
0.021020557993088662
-0.24330976113413572
-0.5497232239136407
-0.9128550137093683
-1.355831431069097
-1.916517160217355
-2.6551292572351377
-3.6538555181058623
-4.983746257209118
-6.606363124356108
-8.21566821913098
-9.130998701350528
-8.442491569064703
-5.504045935055874
-0.5198406369843049
5.297756409490992
10.281961707562768
13.220407341571923
13.908914473858108
12.99358399163885
11.384278896864192
9.761662029717321
8.431771290614112
7.433045029743413
6.694432932725647
6.133747203577393
5.690770786217663
5.327638996421941
5.0212255336424345
4.75689521451521
4.524853345703934
4.318202798175973
4.131891299387987
3.9621038061386744
3.8058880834166127
3.6609116417760816
3.525297548527755
3.3975099606113695
3.2762721829324186
3.1605066321476434
3.0492899035092655
2.941818447894
2.837381809687052
2.7353413024094895
2.6351126054579903
2.536151167900395
2.437939573623146
3.952779648337027
3.78688279303675
3.6197193160355634
3.4504152072956673
3.278050620971549
3.1016385327567755
2.920100084123024
2.7322351848897384
2.536686492259852
2.3318942044260136
2.1160380823807556
1.8869615489897216
1.6420702759424288
1.3781937679497833
1.0913920048148102
0.7766780933358577
0.4276076828299016
0.035646462325773065
-0.41085649183279394
-0.9284485587088422
-1.5418638849902417
-2.290224274253907
-3.2377020492797137
-4.486644765709707
-6.177343846626895
-8.43230344316008
-11.189150075029836
-13.93063385643729
-15.500179558303012
-14.347385743265114
-9.367898355425279
-0.9054552072647164
8.976492071291874
17.43893521945278
22.418422607293202
23.571216422331723
22.00167072046649
19.260186939059377
16.503340307189816
14.248380710656741
12.55768162973958
11.308738913309611
10.361261138283812
9.612900749020154
8.999485422738765
8.481893355862711
8.035390401704147
7.6434291812000215
7.2943587706940685
6.97964485921511
6.692843096080132
6.428966588087498
6.184075315040195
5.954998781649163
5.7391426596039095
5.534350371770069
5.338801679140184
5.150936779906905
4.969398331273144
4.792986243058378
4.620621656734252
4.451317547994366
4.284154070993173
4.1182572156929
5.577858569583171
5.3437624724184465
5.107879051396654
4.868974995071528
4.625752313243414
4.376818220409321
4.120650344092708
3.855555242212451
3.57961757399429
3.2906363093384696
2.9860429159274444
2.662794255591968
2.3172294805758824
1.9448747153211512
1.5401702096423096
1.0960789737802425
0.603507402887069
0.05041273469722629
-0.5796458366378117
-1.3100198993774317
-2.175621111644438
-3.2316975222983855
-4.568964602735716
-6.332328818734866
-8.720881575931216
-11.909410798055555
-15.811884417588425
-19.698198520560755
-21.931061791907844
-20.312290589669253
-13.273492808321514
-1.2988060535695904
12.688027634676661
24.662714389429098
31.70151217077764
33.32028337301711
31.08742010167073
27.2011059986989
23.29863237916632
20.11010315704209
17.721550399845814
15.958186183846689
14.62091910340937
13.564842692755427
12.699241480488432
11.96886741774882
11.338808846413784
10.785714178223945
10.293142607330761
9.849051371468693
9.44434686578985
9.07199210053512
8.726427325519035
8.40317866518357
8.098585271772537
7.809604007116718
7.533666338898557
7.268571237018305
7.012403360701699
6.763469267867602
6.520246586039487
6.281342529714359
6.045459108692565
5.811363011527845
6.61796557997178
6.340220025878268
6.060353883962562
5.77690387982236
5.488330000304583
5.192979761424635
4.889046929442387
4.574522303380948
4.24713340834834
3.9042688105079835
3.5428810493642766
3.159359563607623
2.7493609043092633
2.30757699779486
1.8274114240892159
1.3005150786912774
0.7160987672720083
0.05987423182207152
-0.6876649854600503
-1.5542254375585243
-2.5812333172814466
-3.834261170705669
-5.421025414061823
-7.513709735410143
-10.349129507817828
-14.135691513713631
-18.77238445769806
-23.39285910074873
-26.05173100726362
-24.135373570308627
-15.77757881265379
-1.5522656796581256
15.06524041858503
29.290553551581286
37.64834830923709
39.56470574619314
36.905833839679104
32.285359196629
27.64866625264489
23.862104246749254
21.026684474341643
18.934000152993356
17.347235909637213
16.094208056213
15.067200176490093
14.200639724391618
13.453100507109504
12.79687597165956
12.212459660240292
11.685563314842355
11.205397741136721
10.76361383462232
10.353615175323947
9.970093689567294
9.60870592842359
9.26584133058324
8.938452435550628
8.623927809489192
8.319994977506934
8.024644738626993
7.736070859109215
7.452620854969007
7.172754713053305
6.895009158959801
6.61796557997178
6.3402200258782555
6.06035388396254
5.776903879822323
5.488330000304548
5.192979761424587
4.889046929442336
4.574522303380896
4.247133408348272
3.9042688105079177
3.542881049364193
3.1593595636075387
2.749360904309163
2.30757699779475
1.8274114240890862
1.3005150786911432
0.7160987672718608
0.05987423182190188
-0.6876649854602332
-1.5542254375587223
-2.581233317281673
-3.8342611707059353
-5.421025414062129
-7.513709735410509
-10.34912950781826
-14.135691513714177
-18.772384457698735
-23.392859100749533
-26.0517310072645
-24.13537357030947
-15.777578812654413
-1.552265679658353
15.065240418585251
29.29055355158192
37.64834830923796
39.564705746194036
36.905833839679886
32.28535919662968
27.648666252645448
23.862104246749688
21.02668447434201
18.93400015299366
17.34723590963749
16.094208056213247
15.06720017649031
14.200639724391806
13.453100507109678
12.796875971659723
12.212459660240441
11.685563314842486
11.205397741136832
10.76361383462241
10.353615175324041
9.970093689567385
9.60870592842367
9.26584133058331
8.938452435550696
8.623927809489253
8.319994977506997
8.024644738627046
7.736070859109253
7.452620854969042
7.17275471305333
6.895009158959806
5.5778585695831575
5.343762472418411
5.107879051396602
4.868974995071461
4.6257523132433285
4.376818220409205
4.1206503440925815
3.855555242212299
3.5796175739941294
3.2906363093382747
2.9860429159272304
2.662794255591721
2.3172294805756133
1.9448747153208554
1.540170209641972
1.0960789737798784
0.603507402886656
0.050412734696766215
-0.5796458366383233
-1.3100198993780001
-2.1756211116450705
-3.231697522299113
-4.56896460273654
-6.332328818735828
-8.72088157593237
-11.909410798056996
-15.811884417590196
-19.698198520562876
-21.93106179191018
-20.31229058967148
-13.273492808323148
-1.2988060535702006
12.688027634677265
24.662714389430732
31.70151217077988
33.32028337301945
31.08742010167287
27.20110599870065
23.298632379167735
20.110103157043255
17.721550399846787
15.958186183847513
14.620919103410092
13.564842692756056
12.699241480489
11.968867417749323
11.338808846414238
10.785714178224353
10.293142607331127
9.849051371469027
9.444346865790155
9.071992100535393
8.726427325519273
8.40317866518378
8.09858527177273
7.809604007116883
7.533666338898702
7.268571237018433
7.0124033607017955
6.763469267867688
6.520246586039542
6.281342529714404
6.045459108692592
5.811363011527846
3.9527796483370263
3.7868827930367144
3.6197193160355026
3.450415207295581
3.2780506209714386
3.1016385327566427
2.9201000841228573
2.732235184889542
2.536686492259629
2.3318942044257525
2.116038082380462
1.8869615489893974
1.642070275942062
1.3781937679493832
1.0913920048143555
0.776678093335347
0.4276076828293478
0.035646462325153117
-0.4108564918334858
-0.9284485587096158
-1.5418638849911042
-2.2902242742548906
-3.237702049280855
-4.486644765711047
-6.1773438466285135
-8.432303443162061
-11.189150075032277
-13.930633856440231
-15.500179558306272
-14.347385743268209
-9.367898355427538
-0.905455207265546
8.976492071292718
17.438935219455065
22.418422607296304
23.571216422334995
22.00167072046945
19.260186939061832
16.503340307191827
14.248380710658365
12.557681629740944
11.308738913310773
10.361261138284824
9.612900749021048
8.999485422739557
8.481893355863424
8.035390401704795
7.6434291812006085
7.294358770694597
6.979644859215586
6.692843096080564
6.428966588087885
6.18407531504055
5.954998781649482
5.739142659604189
5.53435037177032
5.338801679140407
5.15093677990709
4.969398331273305
4.792986243058504
4.620621656734359
4.451317547994444
4.28415407099323
4.118257215692921
2.3399761988851475
2.2417646046078685
2.142803167050244
2.0425744700987147
1.9405339628211271
1.8360973246141497
1.728625868998859
1.6174091403604438
1.5016435895756395
1.3804058118966605
1.252618223980237
1.1170041307318737
0.972027689091304
0.8158119663691927
0.6460244731198295
0.4597129743317927
0.25306242680377533
0.02102055799243141
-0.24330976113486757
-0.5497232239144618
-0.9128550137102831
-1.3558314310701403
-1.9165171602185551
-2.6551292572365393
-3.653855518107554
-4.983746257211198
-6.606363124358666
-8.215668219134042
-9.130998701353903
-8.442491569067913
-5.504045935058231
-0.5198406369851807
5.297756409491869
10.281961707565124
13.220407341575134
13.908914473861499
12.993583991641927
11.384278896866755
9.761662029719389
8.43177129061581
7.433045029744825
6.694432932726846
6.133747203578437
5.690770786218586
5.327638996422765
5.021225533643179
4.756895214515875
4.524853345704533
4.318202798176518
4.131891299388475
3.9621038061391154
3.8058880834170035
3.6609116417764356
3.525297548528066
3.3975099606116492
3.2762721829326704
3.1605066321478654
3.0492899035094556
2.9418184478941525
2.8373818096871837
2.7353413024095863
2.635112605458067
2.5361511679004383
2.4379395736231606
1.1385819616458839
1.0907911997576214
1.0426355590394225
0.9938632613875031
0.9442093248550236
0.8933894155261941
0.8410927450086579
0.7869736020319715
0.7306409760643496
0.6716455349739319
0.6094629236595733
0.5434718998981569
0.47292512126072683
0.3969092731971676
0.3142893708387421
0.22362886737422094
0.12307138579643251
0.010158550465952487
-0.11846553234259871
-0.2675656145438975
-0.44425616255379374
-0.659759156181217
-0.9323846840567763
-1.2910946302485304
-1.775096233512341
-2.417629715948641
-3.1986266595780104
-3.9693380397815963
-4.402211680948197
-4.061726840745248
-2.6404277358892214
-0.23827692787593235
2.563110827733902
4.965261635747289
6.386560740603473
6.7270455808066005
6.294171939640137
5.5234605594366455
4.7424636158073294
4.0999301333710605
3.6159285301072654
3.257218583915508
2.9845930560399583
2.769090062412533
2.592399514402635
2.443299432201342
2.314675349392787
2.201762514062313
2.1012050324845206
2.010544529019998
1.9279246266615764
1.851908778598015
1.7813619999605843
1.7153709761991673
1.6531883648848096
1.5941929237943882
1.537860297826768
1.483741154850085
1.4314444843325427
1.3806245750037194
1.3309706384712312
1.2821983408193218
1.2340427001011187
1.1862519382128551
0.434571977085233
0.4163287553102935
0.3979462509060169
0.3793283544938519
0.3603739166565009
0.34097440115173633
0.32101117384763656
0.3003522703116658
0.2788484351505137
0.2563281514356134
0.23259126592319163
0.2074006437778239
0.18047101844672597
0.1514537734725464
0.11991568415323817
0.08530842600926747
0.046923438790323624
0.0038224183023136127
-0.045275343736472295
-0.10218734230094434
-0.16962305205618117
-0.2518390380396162
-0.3557264098201866
-0.4920519664705152
-0.6751178426241056
-0.9164895588174791
-1.207362945466179
-1.4911119453505393
-1.645797535242
-1.5112567602908569
-0.975962218883066
-0.07857276986406703
0.9659138392677705
1.8633032882868075
2.3985978296946513
2.5331386046458637
2.3784530147544487
2.094704014870129
1.8038306282214411
1.562458912028085
1.3793930358744984
1.2430674792241687
1.1391801074435994
1.056964121460166
0.989528411704927
0.9326164131404595
0.8835186511016704
0.8404176306136646
0.8020326433947189
0.7674253852507466
0.7358872959314391
0.7068700509572585
0.6799404256261605
0.6547498034807889
0.6310129179683681
0.6084926342534653
0.5869887990923158
0.5663298955563476
0.5463666682522395
0.5269671527474842
0.5080127149101248
0.48939481849797073
0.47101231409369226
0.4527690923187519
0.10702593464299524
0.10253086042092993
0.0980014705882127
0.09341408641320183
0.08874378761581288
0.08396383428339789
0.07904499907152603
0.07395477101011207
0.06865637996595915
0.06310757240724713
0.05725904139049828
0.051052371353038445
0.04441729231712001
0.037267932570813345
0.029497584464394863
0.02097119766372249
0.011514269636708777
0.0008957513707360948
-0.011199570001637835
-0.025218226293336796
-0.04182204037513418
-0.06203543482177713
-0.08746893016103639
-0.12052006661268784
-0.16412726436665262
-0.2201529434552294
-0.28542651410511155
-0.3461402329627322
-0.37497863387338626
-0.33783025337114175
-0.212339149009165
-0.00846256217521374
0.2269981462216525
0.43087473305561097
0.556365837417598
0.5935142179198585
0.5646758170092117
0.5039620981515982
0.43868852750172094
0.3826628484131446
0.33905565065918397
0.3060045142075263
0.28057101886827035
0.2603576244216269
0.24375381033982663
0.22973515404813283
0.217639832675754
0.20702131440978794
0.19756438638277127
0.18903799958209822
0.18126765147567828
0.1741182917293736
0.16748321269345579
0.16127654265598967
0.15542801163924236
0.14987920408052635
0.14458081303637813
0.13949058497496336
0.1345717497630875
0.1297917964306765
0.12512149763328434
0.12053411345828027
0.11600472362556204
0.11150964940349423
-0.01071958370892523
-0.010271859415366055
-0.009820713086448614
-0.009363783274993575
-0.008898584486006849
-0.008422449397098233
-0.00793246208913128
-0.0074253784070286094
-0.006897528335717153
-0.006344693422956377
-0.005761949485990428
-0.005143460566735012
-0.0044822034342127965
-0.003769591253091698
-0.0029949473502876196
-0.0021447493978841038
-0.00120150757986562
-0.00014202126602045305
0.0010655444221504655
0.0024672405126100107
0.004135904722252545
0.006202504699063215
0.008930799426027865
0.012860807733931752
0.018974944443333544
0.028620236693783958
0.042656922474593614
0.05953546402221474
0.07331963693640163
0.0743146497774237
0.05426897127970054
0.013670327110027997
-0.035556086042778115
-0.07615473021245439
-0.09620040871018558
-0.09520539586916332
-0.08142122295498049
-0.06454268140735962
-0.050505995626546965
-0.04086070337610154
-0.03474656666669817
-0.030816558358803786
-0.02808826363183472
-0.02602166365502301
-0.02435299944538251
-0.022951303354919482
-0.02174373766675424
-0.020684251352903457
-0.019741009534889276
-0.018890811582486525
-0.018116167679684325
-0.017403555498561006
-0.01674229836603902
-0.01612380944678663
-0.015541065509821227
-0.01498823059706315
-0.014460380525750039
-0.013953296843647562
-0.013463309535684453
-0.012987174446769032
-0.012521975657784647
-0.012065045846327237
-0.011613899517407319
-0.011166175223850347
-0.038941970087952735
-0.03730904293257434
-0.03566364547925121
-0.03399717271304026
-0.03230056818089618
-0.030564113772135793
-0.028777186849366997
-0.02692797064857229
-0.025003099396245648
-0.02298721288303779
-0.020862385125588957
-0.0186073763074584
-0.01619663311922284
-0.013598924093647304
-0.010775432823393171
-0.0076770220881710455
-0.004240181372291124
-0.0003807728792371706
0.0040161862339204435
0.009114596938027457
0.015162251689066167
0.022562031946906452
0.03200864016182389
0.044692369029672566
0.06241152208985271
0.08707292645044895
0.11876972354661361
0.1522999462318982
0.1743334412331261
0.16580843537190826
0.11222354084097241
0.01666350571019673
-0.09617624502696379
-0.19173628015774974
-0.24532117468869125
-0.2538461805499119
-0.23181268554869652
-0.1982824628634171
-0.16658566576724887
-0.14192426140666484
-0.12420510834647375
-0.1115213794786343
-0.10207477126371209
-0.09467499100587451
-0.088627336254835
-0.08352892555072558
-0.07913196643757484
-0.07527255794451419
-0.07183571722863874
-0.06873730649341556
-0.06591381522316388
-0.06331610619758532
-0.06090536300934815
-0.05865035419122333
-0.05652552643377421
-0.054509639920569786
-0.052584768668240744
-0.050735552467449554
-0.048948625544680324
-0.047212171135919204
-0.04551556660377315
-0.04384909383756305
-0.042203696384237654
-0.04057076922886002
-0.0385107682563022
-0.03689551200727732
-0.03526792103561983
-0.03361948390136856
-0.031941242670778816
-0.030223585002369418
-0.0284560039450052
-0.026626811523245607
-0.02472278776477329
-0.02272874019194641
-0.02062693880605642
-0.01839637632776813
-0.01601177966095203
-0.013442260465268703
-0.010649429750847882
-0.007584692842931277
-0.004185243078064109
-0.0003678817957927169
0.003981061440274804
0.009023463810432134
0.015003322610906276
0.022314473944681456
0.03162731898814338
0.04407027932222658
0.061309913128426693
0.08504318492106559
0.11517044442406299
0.1465740083516798
0.16659142129516985
0.15739296867917676
0.10561597864975915
0.014394310597071004
-0.0930270202211956
-0.18424868827389218
-0.23602567830331714
-0.24522413091931944
-0.22520671797583
-0.1938031540482179
-0.16367589454521553
-0.1399426227525839
-0.12270298894638254
-0.11026002861230924
-0.100947183568842
-0.09363603223506473
-0.08765617343459287
-0.0826137710644336
-0.07826482782836924
-0.07444746654609338
-0.07104801678123157
-0.06798327987331618
-0.0651904491588953
-0.06262092996320938
-0.060236333296392386
-0.05800577081810741
-0.05590396943221897
-0.05390992185939243
-0.052005898100921016
-0.05017670567916257
-0.048409124621798506
-0.04669146695338984
-0.04501322572279736
-0.04336478858855025
-0.041737197616888794
-0.04012194136786555
-0.032335365505138505
-0.03097904047256775
-0.029612358144064776
-0.02822817158583222
-0.026818958956829862
-0.025376648930371913
-0.02389241900538276
-0.022356455015416735
-0.020757656432479076
-0.01908326649348551
-0.01731839778694604
-0.015445411121026802
-0.013443085515436215
-0.011285485187462037
-0.008940376534794132
-0.006366956977180482
-0.0035124913500018326
-0.0003071238564754525
0.003344580291314337
0.007578497749518173
0.012599284796744367
0.018736687572573907
0.02655021392219044
0.03697739977446578
0.05139474696872277
0.0711886125939639
0.09623624690243757
0.12224610508174111
0.1386923170338778
0.13081242771335605
0.08758591413522697
0.011661023973648342
-0.07768465146198117
-0.15360954162356796
-0.1968360552017012
-0.2047159445222287
-0.18826973257009744
-0.1622598743907921
-0.13721224008231914
-0.11741837445708825
-0.1030010272628252
-0.09257384141055483
-0.0847603150609357
-0.07862291228510292
-0.07360212523787794
-0.06936820777967387
-0.06571650363188708
-0.06251113613835572
-0.05965667051118293
-0.05708325095356946
-0.054738142300901925
-0.052580541972925735
-0.05057821636733049
-0.048705229701417746
-0.04694036099487899
-0.04526597105588467
-0.04366717247294809
-0.04213120848298312
-0.04064697855799245
-0.03920466853154109
-0.03779545590253249
-0.036411269344305136
-0.03504458701580081
-0.033688261983230404
-0.026637492511717546
-0.025520151402243545
-0.02439427797982771
-0.023253984620483666
-0.02209307485448137
-0.02090489955013775
-0.019682190764524415
-0.018416863629513884
-0.017099773584487405
-0.015720411679364426
-0.014266513759825693
-0.012723548789038103
-0.011074035102308658
-0.009296607053904567
-0.007364710965250328
-0.005244734207705479
-0.0028932343820938407
-0.00025266571255780704
0.002755587694196468
0.006243449614826688
0.010379466933776095
0.015435082340804974
0.021870501414083105
0.030455986671194275
0.04232075652126092
0.05859893171172188
0.07918137326496559
0.10053398419436577
0.11400765829653864
0.1074842180114183
0.07192613111220589
0.009518385433131969
-0.06390788713180236
-0.12631563281088232
-0.16187371971010972
-0.16839715999522564
-0.15492348589305804
-0.13357087496366057
-0.112988433410416
-0.09671025821995367
-0.0848454883698892
-0.07626000311278258
-0.0698245840395039
-0.064768968632471
-0.06063295131352298
-0.05714508939288758
-0.05413683598613754
-0.051496267316599426
-0.04914476749099113
-0.04702479073344683
-0.0450928946447868
-0.04331546659638401
-0.04166595290965149
-0.04012298793887058
-0.03866909001933165
-0.03728972811420809
-0.035972638069183854
-0.034707310934171995
-0.033484602148559056
-0.032296426844221224
-0.031135517078214367
-0.029995223718874586
-0.028869350296458113
-0.027752009186984405
-0.022306456980568677
-0.02137078397430941
-0.020427965930678336
-0.01947307249951827
-0.01850091470099477
-0.01750592449287619
-0.01648201563603093
-0.015422417792565233
-0.01431947323108895
-0.01316438167191059
-0.011946873016938392
-0.010654778868337031
-0.009273459958111081
-0.007785024556312997
-0.006167236457078271
-0.004391948274241386
-0.0024227811664700068
-0.00021154616506388266
0.0023075895471550596
0.005228349377906297
0.008691866144417523
0.012925410253767845
0.018314231701677435
0.02550298631407592
0.03543646498700454
0.049063025218491485
0.06628992915339127
0.08415797391938981
0.09542816602847609
0.08996002366082992
0.06019242321391377
0.007955603248752163
-0.05350182500888857
-0.10573864497405339
-0.135506245420987
-0.14097438778862864
-0.12970419567954422
-0.11183615091354529
-0.09460924697864806
-0.0809826867471622
-0.07104920807423126
-0.0638604534618375
-0.05847163201392731
-0.054238087904573254
-0.05077457113806082
-0.04785381130730709
-0.045334675595090516
-0.043123440593684115
-0.04115427348591562
-0.03937898530307962
-0.03776119720383805
-0.036272761802040684
-0.03489144289181359
-0.033599348743215934
-0.03238184008824214
-0.0312267485290637
-0.03012380396759258
-0.029064206124121937
-0.02804029726727922
-0.02704530705916524
-0.02607314926063934
-0.02511825582948321
-0.02417543778585346
-0.02323976477959165
-0.019078051178410917
-0.018277797935149026
-0.017471433758357986
-0.0166547418693979
-0.015823284291749874
-0.014972298848722853
-0.014096580166096002
-0.013190337781571547
-0.012247022273281219
-0.011259107034178588
-0.010217808368613652
-0.009112719026436872
-0.007931318502723678
-0.006658304568967231
-0.005274659311531916
-0.00375630918529379
-0.0020721405685184095
-0.00018093906608157226
0.001973599809025048
0.0044716340878611545
0.007433868256455568
0.011054673302931342
0.0156635230658988
0.0218117250225143
0.03030723474892548
0.04196101109055855
0.05669361978344281
0.07197421801209039
0.08161195568568189
0.07693475541578054
0.05147649867199508
0.006802539986185206
-0.04575687269629637
-0.09043083138210287
-0.11588908812591624
-0.12056628839580248
-0.11092855072222632
-0.09564795249356846
-0.08091534380068818
-0.06926156745905868
-0.06076605773264725
-0.05461785577603363
-0.050009006013068076
-0.04638820096658504
-0.04342596679799359
-0.04092793251915028
-0.038773393644046486
-0.03688219214160858
-0.035198023524836836
-0.03367967339859826
-0.03229602814115317
-0.031023014207401407
-0.029841613683685278
-0.02873652434151503
-0.027695225675945494
-0.026707310436843885
-0.02576399492855782
-0.024857752544025856
-0.023982033861404066
-0.023131048418379832
-0.022299590840730944
-0.02148289895177391
-0.020676534774985003
-0.01987628153172133
-0.016622317218591965
-0.015925073209081923
-0.015222504872401649
-0.014510938218560053
-0.013786506532662236
-0.013045060631260541
-0.012282065182562406
-0.011492475080338169
-0.010670583953542277
-0.009809834031255509
-0.00890257226912957
-0.007939731056065795
-0.006910401549664415
-0.005801251255087885
-0.004595710286722433
-0.0032728039057620326
-0.0018054235235086431
-0.00015765999777549514
0.0017195434179521577
0.0038960264018819656
0.006476955580269068
0.009631681141509271
0.013647265364285779
0.019004051773502416
0.026406004909763442
0.036559723958892065
0.049396043717475135
0.06270992234852193
0.07110735493162122
0.06703239096658947
0.044851058350694986
0.005927171677558655
-0.03986728762298687
-0.0787911742961167
-0.10097250691203696
-0.10504747087706767
-0.09665003829396906
-0.08333615966291955
-0.07049983990433528
-0.060346120855211544
-0.052944167718947
-0.047587381309734604
-0.04357179708695665
-0.0404170715257144
-0.03783614234732648
-0.03565965936339098
-0.03378245594766836
-0.03213469242193345
-0.030667312039681413
-0.029344405658722063
-0.028138864690348816
-0.027029714395777275
-0.026000384889373125
-0.02503754367630958
-0.024130281914179503
-0.023269531991892654
-0.022447640865104982
-0.021658050762870182
-0.020895055314179296
-0.02015360941277767
-0.019429177726882643
-0.018717611073040943
-0.01801504273636311
-0.0173177987268499
-0.014708677771881786
-0.014091704024484432
-0.01347001891472812
-0.01284037142190811
-0.012199339988008437
-0.011543253105858587
-0.01086809757556961
-0.01016940911102816
-0.009442138289985682
-0.008680482308549734
-0.007877669183890877
-0.007025675220045704
-0.006114847463869524
-0.005133388336255073
-0.004066635577303001
-0.002896029191134051
-0.001597581505624909
-0.00013951748400852816
0.0015215718493274324
0.0034474856765443294
0.005731282974433526
0.008522817125318
0.012076102922999979
0.01681618913456032
0.02336601235492364
0.032350858658398894
0.04370957037566803
0.055490977029858585
0.06292198358858
0.05931633361170453
0.039688467579463704
0.005245154341443027
-0.03527792403984248
-0.06972123727786383
-0.08934910331010354
-0.09295475328699256
-0.08552374672827064
-0.07374234007408839
-0.06238362835680904
-0.0533987820533396
-0.04684895883296816
-0.042108872621416715
-0.038555586823741175
-0.03576405267284791
-0.033480255374961215
-0.03155434154773877
-0.029893252214403487
-0.028435188192787217
-0.027136740507276734
-0.025966134121108812
-0.024899381362147532
-0.023917922234539934
-0.023007094478359427
-0.022155100514515608
-0.021352287389854188
-0.02059063140842019
-0.019863360587383996
-0.01916467212283126
-0.018489516592554243
-0.017833429710399324
-0.01719239827650157
-0.016562750783681964
-0.015941065673930145
-0.015324091926528366
-0.013187213164719234
-0.012634059308708007
-0.012076681435489461
-0.01151216481124287
-0.010937441805320991
-0.010349220692851503
-0.009743903401186053
-0.00911748743215986
-0.008465445678429875
-0.007782575581471727
-0.007062805656593575
-0.006298942184446547
-0.005482330720683054
-0.004602394037765576
-0.0036459865539418823
-0.0025964681395354208
-0.0014323324377058626
-0.00012509126983595992
0.0013641740337863532
0.0030908700053473986
0.0051384293704491
0.007641204460273358
0.010826935292047098
0.0150767072434008
0.02094903211128587
0.02900454107533571
0.03918843463406873
0.049751382012662534
0.05641396227049392
0.05318141211692545
0.03558373614553463
0.004702849547671294
-0.03162903146524066
-0.06250991806309772
-0.08010759403450293
-0.08334014418807265
-0.07667756393024669
-0.06611461655166065
-0.055930722992914746
-0.047875214028864535
-0.042002889160978246
-0.03775311720963194
-0.034567386377857584
-0.03206461128803032
-0.030017051922930173
-0.02829035595136444
-0.026801090647745038
-0.025493849479877727
-0.02432971377804772
-0.02328019536364283
-0.022323787879808363
-0.021443851196893474
-0.020627239733129004
-0.019863376260982966
-0.01914360633610054
-0.018460736239143655
-0.017808694485423535
-0.017182278516383806
-0.016576961224727155
-0.015988740112253083
-0.015414017106336738
-0.01484950048208582
-0.014292122608874212
-0.013738968752857789
-0.011958375894789241
-0.011456767246651015
-0.0109513281936349
-0.010439415609538573
-0.00991824771896781
-0.009384839534432275
-0.008835928267568861
-0.008267884390748772
-0.0076766026527212775
-0.00705736529277233
-0.0064046665947351845
-0.005711983183038843
-0.00497146707466758
-0.004173526677994536
-0.0033062413796425636
-0.0023545216588033453
-0.0012988652294502086
-0.00011343859069282147
0.0012370502708971502
0.0028028447828563063
0.004659602911095536
0.006929157344529141
0.009818026737015796
0.013671787985440144
0.01899691681787898
0.026301819962144722
0.03553682691045972
0.0451156240242825
0.05115752533382402
0.04822628984490987
0.03226835418023456
0.00426479839575521
-0.028681890862289332
-0.05668544664676567
-0.07264338231143622
-0.07557461780036254
-0.06953271649081921
-0.05995391937700796
-0.050718912428683746
-0.043414009284422204
-0.03808888045197768
-0.034235119203556034
-0.03134624981107785
-0.029076695377637112
-0.027219937249400868
-0.025654142737438223
-0.024303653875847597
-0.02311822723709151
-0.022062570807734858
-0.021110851086900966
-0.02024356578853948
-0.019445625391872255
-0.018705109283498486
-0.018012425871800842
-0.017359727173761955
-0.016740489813816053
-0.016149208075792405
-0.015581164198963502
-0.015032252932108662
-0.014498844747565697
-0.013977676856998645
-0.013465764272902098
-0.012960325219891402
-0.012458716571748468
-0.010953665919881835
-0.010494201141983975
-0.010031227780421741
-0.009562324777988991
-0.00908494407726507
-0.008596351482171392
-0.00809355833595322
-0.0075732400552131806
-0.007031636302192163
-0.006464425691392635
-0.005866565084211227
-0.005232079184280671
-0.004553779378653488
-0.003822879940413004
-0.003028461801035198
-0.0021567032307717986
-0.0011897404884750364
-0.00010391055873488
0.0011331133909627117
0.002567353398994221
0.004268110737240602
0.006346981934064761
0.008993134773996849
0.012523113595612992
0.01740084742456211
0.02409204063994355
0.03255121223479098
0.04132533172240901
0.0468597298166845
0.04417483578369301
0.029557583162560686
0.003906611360949223
-0.026272246539254668
-0.05192321834085645
-0.06654047096199664
-0.06922536499500369
-0.06369096690071892
-0.05491684741310669
-0.046457675818253844
-0.03976648260287372
-0.03488874877392485
-0.03135876995230784
-0.028712617112378366
-0.02663374591555387
-0.02493298857730489
-0.023498748569268466
-0.022261724619574964
-0.02117589468983755
-0.020208931947535588
-0.01933717337728049
-0.018542755237894233
-0.017811855799658285
-0.017133555994030936
-0.016499070094098657
-0.015901209486911892
-0.015333998876114262
-0.014792395123096713
-0.014272076842349001
-0.013769283696136631
-0.013280691101036895
-0.012803310400318943
-0.012334407397882344
-0.011871434036326008
-0.011411969258424158
-0.010124442993932045
-0.009699761039513418
-0.009271836111769096
-0.008838430434815001
-0.008397188846877134
-0.007945584138806975
-0.00748085390425896
-0.006999925240975536
-0.006499322480341915
-0.005975051379140315
-0.005422450580140628
-0.004835997135768999
-0.004209046634046584
-0.0035334784560387376
-0.0027992001426602447
-0.0019934363155549584
-0.0010996755804517436
-9.604629688942518e-05
0.001047331104976323
0.002372994612411092
0.003944999110075655
0.005866492875919319
0.008312323361833733
0.011575073004890427
0.016083554568633966
0.022268226665147224
0.03008706344539323
0.03819703690022888
0.04331255535870554
0.04083096507466004
0.027320235293182553
0.0036109662725477814
-0.02428346069992989
-0.04799272972056474
-0.06150345950204908
-0.0639850497860823
-0.0588695313276156
-0.0507595578727755
-0.04294072109253293
-0.036756048996018864
-0.03224756743227694
-0.02898481778921381
-0.026538987303304777
-0.024617493537463266
-0.02304548903979897
-0.021719825532359925
-0.020576448130493183
-0.01957281884693285
-0.018679058111827476
-0.01787329428473166
-0.017139015971339787
-0.016463447793334782
-0.015836497291615646
-0.015250043847243884
-0.014697443048237717
-0.014173171947038246
-0.013672569186407068
-0.013191640523117394
-0.012726910288574502
-0.012275305580496155
-0.011834063992562985
-0.011400658315607399
-0.010972733387868226
-0.010548051433446462
-0.00943528627883333
-0.00903951188131091
-0.008640715255750529
-0.008236810948988023
-0.007825604112294101
-0.007404739560649491
-0.006971642921463914
-0.006523450461363467
-0.006056923096508472
-0.005568338467315049
-0.005053352509975226
-0.004506818217980647
-0.003922543457494067
-0.003292960371859748
-0.002608663485876122
-0.0018577470295105172
-0.0010248235252270314
-8.951011900991922e-05
0.0009760388742835503
0.0022114658987130824
0.0036764656450978027
0.005467165168582707
0.007746510445469526
0.010787169282832777
0.014988769132837625
0.02075247497687001
0.028039130796883773
0.035597129690415334
0.04036450992421301
0.03805187580582193
0.025460769383695223
0.003365245793814315
-0.022630592306973372
-0.04472611589684715
-0.05731722231897153
-0.0596298564373714
-0.054862476203572916
-0.04730447731004442
-0.040017821490032426
-0.03425411564599336
-0.030052515795990775
-0.02701185695862311
-0.024732511681739445
-0.02294181215825351
-0.02147681241187062
-0.020241385387437083
-0.019175836394140368
-0.018240522987931565
-0.017407599483642636
-0.016656683027288385
-0.015972386141294932
-0.01534280305566048
-0.0147585282951768
-0.014211994003182321
-0.013697008045837315
-0.013208423416642526
-0.012741896051790946
-0.012293703591683441
-0.011860606952501015
-0.011439742400850253
-0.01102853556416032
-0.010624631257394327
-0.010225834631839988
-0.009830060234316474
-0.008859874974573814
-0.00848823693163973
-0.008113760971838111
-0.007734488823780422
-0.007348359492040608
-0.0069531614230545075
-0.006546477242911447
-0.00612561786368027
-0.005687541737844182
-0.005228753514879899
-0.004745174054921558
-0.004231970243183235
-0.003683327575105866
-0.0030921397224478904
-0.002449574806576359
-0.001744453136034471
-0.0009623256462690834
-8.405254351357902e-05
0.0009165136686369027
0.0020765978060333463
0.003452254024609548
0.005133747018333028
0.007274085609484923
0.010129309755880524
0.014074678214961577
0.01948689636803422
0.02632920321280969
0.0334263235062103
0.037903017268813885
0.0357314483543469
0.02390818548859852
0.0031600723791941005
-0.021250520941403325
-0.04199863405080857
-0.05382189691655545
-0.05599346583101773
-0.05151677206841979
-0.04441965177501929
-0.03757734493024728
-0.03216512677716485
-0.02821975831808967
-0.0253645341716826
-0.02322419558053468
-0.02154270258681876
-0.020167046368241993
-0.0190069622308395
-0.018006396018686796
-0.017128122915938383
-0.016345995426166725
-0.015640873755635346
-0.014998308839753494
-0.014407120987096655
-0.013858478319022625
-0.013345274507283969
-0.01286169504732135
-0.01240290682435534
-0.011964830698521056
-0.0115439713192853
-0.011137287139144417
-0.010742089070151227
-0.01035595973841523
-0.009976687590355315
-0.00960221163055772
-0.009230573587623248
-0.008378330965116334
-0.008026891890292874
-0.007672769142893586
-0.007314110886011993
-0.006948968141884322
-0.006575249557647661
-0.006190669146702409
-0.00579268397645404
-0.005378417811377856
-0.004944565277760544
-0.004487268942304171
-0.004001958376404696
-0.0034831351016333875
-0.002924079028405001
-0.002316438303027589
-0.0016496408663517871
-0.0009100229819760282
-7.948513377200542e-05
0.0008666990148219339
0.0019637310445810878
0.00326461846555788
0.004854719947428025
0.006878728201510001
0.009578767760711482
0.013309703683659942
0.01842777126059568
0.024898213020699535
0.03160963307705443
0.03584305447978462
0.03378953547237602
0.022608860078555428
0.002988362838016346
-0.020095575472383734
-0.03971607271291951
-0.05089674810673398
-0.052950267114151794
-0.048716845711423894
-0.04200542565505676
-0.035534983894965844
-0.030416916318015314
-0.026685980395077885
-0.02398594083586313
-0.02196193258178291
-0.020371831099919364
-0.019070943678944723
-0.017973911649179497
-0.017027727500581208
-0.01619718965238573
-0.01545757176800352
-0.014790774331335924
-0.014183133605955169
-0.013624077532723813
-0.013105254257956951
-0.01261994369205673
-0.012162647356600251
-0.011728794822978325
-0.01131452865790298
-0.010916543487650577
-0.010531963076705736
-0.01015824449246335
-0.009793101748338579
-0.009434443491451554
-0.009080320744056729
-0.00872888166923311
-0.007975449565818093
-0.007640909854314387
-0.007303815517922221
-0.0069624037675819605
-0.00661481934452399
-0.006259071461178109
-0.005892984055447606
-0.0055141364748299065
-0.005119790791202768
-0.004706800573946227
-0.004271493879384162
-0.003809520053898241
-0.003315645020604911
-0.0027834718344013484
-0.0022050502518241692
-0.0015703165859028024
-0.0008662641405947202
-7.56637420490083e-05
0.0008250219413993131
0.0018693017634029176
0.003107634276801957
0.004621273554154629
0.0065479546652839095
0.009118159810629132
0.012669691564626245
0.017541658603077832
0.02370097916250457
0.030089701522894093
0.034119586339763856
0.032164830991196366
0.02152177515055096
0.0028446986363141955
-0.019129291827154116
-0.037806368341385996
-0.04844942418203237
-0.05040417953060712
-0.046374294713730745
-0.03998557235333871
-0.03382625179392369
-0.02895428475545564
-0.025402753001468027
-0.02283254785610661
-0.020905866744985145
-0.019392227467638606
-0.018153894954240905
-0.017109615132234413
-0.016208929448780357
-0.015418329050240064
-0.014714276604927572
-0.014079542939014242
-0.013501121356433967
-0.012968948170224245
-0.012475073136938675
-0.01201309931144956
-0.01157779261688972
-0.011164802399626155
-0.010770456716003018
-0.010391609135381051
-0.010025521729648056
-0.009669773846297611
-0.009322189423243926
-0.008980777672898746
-0.008643683336507777
-0.008309143625006635
-0.007639491082504244
-0.007319043567111806
-0.0069961490382881774
-0.00666911896300441
-0.006336176233741459
-0.005995413923220314
-0.005644747634187265
-0.005281858682170553
-0.00490412447208305
-0.004508531114194597
-0.004091561342584704
-0.0036490477715746122
-0.0031759768058140835
-0.002666220966785136
-0.002112164909330148
-0.0015041688723495495
-0.0008297740583507983
-7.24770619992595e-05
0.0007902679508719791
0.0017905582885738925
0.00297672695852958
0.004426605256234111
0.006272126342894319
0.008734063960559786
0.012135992325527516
0.016802738129333354
0.02270261659475715
0.02882224239767511
0.03268239751187203
0.03080999860749483
0.020615259283544518
0.0027248956736414306
-0.018323515324143877
-0.03621387893404656
-0.046408618257995936
-0.048281017162384726
-0.04442086204817975
-0.038301236245259614
-0.032401357779841954
-0.027734611976025336
-0.024332683611066056
-0.021870745993391526
-0.02002522490673075
-0.018575346609031748
-0.01738917793908039
-0.016388887601372658
-0.015526142588497062
-0.014768845592149119
-0.014094450778149777
-0.013486454741172249
-0.012932398683716007
-0.01242264284468374
-0.011949571878929293
-0.011507058307914408
-0.011090088536308274
-0.010694495178413928
-0.010316760968325539
-0.009953872016307153
-0.00960320572727315
-0.009262443416746386
-0.008929500687486767
-0.008602470612197932
-0.008279576083373376
-0.007959128567984844
-0.007361338178647858
-0.007052558131175254
-0.006741420165904867
-0.006426297229209822
-0.006105476917971169
-0.005777121736047338
-0.005439223179006107
-0.0050895469855957946
-0.004725566049337315
-0.004344376216166866
-0.003942588283764076
-0.003516186600954877
-0.003060340117431044
-0.0025691444563186233
-0.0020352615474738666
-0.001449402614107205
-0.0007995624846858507
-6.983864506169505e-05
0.0007614938408201351
0.0017253636099118126
0.0028683438509443217
0.004265432012839346
0.006043757630287379
0.008416056412021245
0.011694122279500788
0.016190957129348177
0.021876032552938535
0.027772861370090225
0.03149248890954901
0.029688275034375777
0.019864715038961554
0.00262570422479379
-0.017656380092807056
-0.0348953909069709
-0.04471895090238774
-0.046523164777571874
-0.04280353723810233
-0.03690670842095051
-0.031221632997372278
-0.02672479814751104
-0.023446732280038927
-0.021074433498292744
-0.019296107880847374
-0.01789901971895977
-0.01675603947792958
-0.01579216970883408
-0.014960837222949611
-0.014231113383327141
-0.013581273253905731
-0.012995414320541502
-0.012461531411697275
-0.011970335750577056
-0.011514489267061957
-0.011088087584247876
-0.010686299651849928
-0.010305109818672125
-0.00994112888241596
-0.009591452689003058
-0.009253554131958535
-0.008925198950030556
-0.008604378638793103
-0.008289255702094045
-0.007978117736823762
-0.007669337689354505
-0.00713389868456617
-0.006834658867377731
-0.0065331339839134325
-0.0062277472508903385
-0.005916839172544648
-0.00559862902502934
-0.005271170359789108
-0.004932297946565591
-0.004579562757799482
-0.004210150367826734
-0.0038207762890926974
-0.003407548940346246
-0.002965786534303551
-0.0024897671193083023
-0.0019723793468171815
-0.0014046214320544339
-0.0007748591232695804
-6.768124150457501e-05
0.000737965919433794
0.0016720554004679283
0.0027797214266244005
0.004133644274118877
0.005857025655542994
0.008156028738095246
0.011332814894841189
0.015690717020125557
0.021200152075993225
0.02691480362527992
0.030519523635518492
0.02877106247080371
0.019251008225886535
0.0025445962437491854
-0.017110877009205716
-0.033817288991339345
-0.0433373432362525
-0.04508580440098675
-0.04148108439073776
-0.03576643284144922
-0.03025699778559219
-0.02589909566029911
-0.022722309503558885
-0.02042330642100218
-0.01869992503957148
-0.017346002192082346
-0.016238336165933214
-0.01530424668489307
-0.014498599523952382
-0.013791421642191076
-0.01316165933340032
-0.012593901418641178
-0.012076513646151033
-0.01160049423115159
-0.011158731825114655
-0.010745504476364645
-0.010356130397636689
-0.00998671800765977
-0.009633982818889993
-0.009295110405665587
-0.008967651740424522
-0.008649441592904476
-0.008338533514559023
-0.008033146781532843
-0.007731621898068105
-0.007432382080881197
-0.0069516773977064015
-0.006660081076724227
-0.006366258057062665
-0.006068671831318601
-0.005765705292341706
-0.005455623201433601
-0.005136528828319982
-0.00480631224937851
-0.004462586992759866
-0.004102610521912284
-0.003723182245243003
-0.0033205099845376946
-0.002890031539887968
-0.0024261711161062917
-0.001921999010709951
-0.0013687433727736032
-0.0007550671260840988
-6.595274229704261e-05
0.0007191157052581299
0.0016293456480462746
0.0027087184346142462
0.00402805785612687
0.005707418708277413
0.007947698319266151
0.011043340562113257
0.015289931581513129
0.020658645649986103
0.026227338664768493
0.02973999560534424
0.028036202278939312
0.018759312909911067
0.0024796128331919156
-0.01667382685001901
-0.032953526926729725
-0.04223041629577112
-0.043934209622183605
-0.04042155268160501
-0.034852859666818586
-0.029484145598353294
-0.025237554578951153
-0.022141912336101365
-0.019901632725111106
-0.018222271872954526
-0.016902932451446966
-0.01582355966488203
-0.01491332972209166
-0.014128261274537934
-0.013439146890750753
-0.01282547064406048
-0.012272215006124583
-0.011768042900729478
-0.011304182476943576
-0.010873704032298585
-0.010471031771589655
-0.010091603494923756
-0.009731627024074659
-0.009387901767453685
-0.009057685188512127
-0.008738590815397025
-0.008428508724486193
-0.00812554218550584
-0.007827955959760734
-0.0075341329401001295
-0.007242536619118865
-0.006810467195854293
-0.00652479411028885
-0.006236939557308682
-0.005945398240816334
-0.005648585902208579
-0.005344802550949836
-0.0050321899853500275
-0.004708681141001788
-0.004371938022842697
-0.004019273803916328
-0.003647552906791111
-0.0032530601844320724
-0.00283132610972837
-0.0023768881496562958
-0.0018829573661531688
-0.0013409400927283368
-0.000739729545726521
-6.461325151868157e-05
0.0007045079709369038
0.0015962482535282433
0.002653695537480124
0.0039462349535548695
0.005591482630890716
0.007786255191462705
0.010819015900238243
0.014979347601000734
0.020239011369861882
0.025694595143171475
0.029135908430328848
0.027466729642389963
0.01837827821377425
0.002429254201749458
-0.016335139552269014
-0.03228416356429422
-0.04137261499291299
-0.04304179378085949
-0.03960048049370267
-0.03414489672039406
-0.028885232951531115
-0.024724901250774423
-0.021692140541991832
-0.019497367981423177
-0.01785212030407837
-0.01655958088800788
-0.01550213360405795
-0.01461039332146813
-0.013841272099011762
-0.01316615580480273
-0.012564945257798417
-0.012022927984374886
-0.011528997200873713
-0.011074559240801349
-0.010652825166099078
-0.01025833244373869
-0.009886611546616483
-0.009533947327689784
-0.00919720420952511
-0.00887369536517759
-0.008561082799579177
-0.008257299448321175
-0.007960487109706125
-0.007668945793212279
-0.007381091240231059
-0.007095418154665643
-0.00670712663431126
-0.006425788295379166
-0.006142301590211952
-0.00585518406379461
-0.005562875496760905
-0.005263701693924818
-0.004955832649604938
-0.004637232664654094
-0.004305599220329643
-0.003958286259113858
-0.0035922057822846626
-0.0032036990158167827
-0.0027883642524664217
-0.0023408218468157042
-0.0018543858751039087
-0.0013205930698918875
-0.0007285051803670528
-6.363297823972023e-05
0.0006938177345219478
0.0015720269009959357
0.0026134286486147783
0.003886355266803346
0.005506638217239103
0.0076681077721546835
0.010654850450066262
0.014752055726702688
0.019931914077491508
0.025304721922488255
0.02869382417596675
0.027049976879771526
0.018099428382897867
0.002392400424067219
-0.01608728086227758
-0.031794308821106246
-0.040744857317983746
-0.04238870461419779
-0.03899960236071026
-0.03362679451571092
-0.028446936164925815
-0.024349730888293446
-0.021362988210375147
-0.019201518655460863
-0.01758123570502107
-0.016308309086835077
-0.015266907339215536
-0.01438869817274234
-0.013631247459985526
-0.012966375257855219
-0.012374287368329979
-0.011840494563118347
-0.011354058591408152
-0.010906516185755572
-0.01049118142240877
-0.010102674655937486
-0.009736594179111394
-0.009389281217895989
-0.009057647773568663
-0.008739047788617133
-0.008431178744300459
-0.008132004941464575
-0.007839696374425041
-0.007552578848001294
-0.007269092142834631
-0.006987753803904135
-0.006639422132486129
-0.006360923741859515
-0.006080298671529898
-0.005796079431023865
-0.005506721550505749
-0.005210567734836572
-0.004905806451203679
-0.004590422549694653
-0.004262136754200656
-0.003918329717659072
-0.003555944612974547
-0.003171359599398146
-0.002760217402487453
-0.0023171926813693533
-0.0018356670030401463
-0.0013072625321581656
-0.0007211514337156621
-6.299074058075792e-05
0.0006868139329357561
0.0015561580672671313
0.0025870474379700572
0.0038471245560574227
0.005451051641967211
0.007590702432057353
0.010547295973896094
0.014603143375883774
0.019730716421916837
0.025049292763474867
0.02840418836602232
0.026776937158142715
0.017916737070938722
0.0023682552091889592
-0.015924893874289914
-0.031473375736037895
-0.040333575823250485
-0.041960827031136225
-0.03860593142858919
-0.033287355087020645
-0.028159782040993977
-0.02410393463901045
-0.021147341097164474
-0.019007690307078867
-0.017403763221171275
-0.016143686103079896
-0.015112796732377497
-0.014243452598045516
-0.013493647924532406
-0.012835487231398001
-0.012249376132949533
-0.011720971662070905
-0.011239445983744226
-0.010796421262628125
-0.010385279065715174
-0.010000694052140303
-0.009638308947454821
-0.00929450191091477
-0.00896621611541577
-0.008650832213908183
-0.008346070930282626
-0.00804991711461332
-0.007760559234089814
-0.007476339993576397
-0.007195714923249791
-0.006917216532622308
-0.006605920189535381
-0.00632882707893648
-0.006049618019698252
-0.0057668329261840335
-0.005478935121832078
-0.0051842756740855065
-0.004881052190992288
-0.004567259690928667
-0.004240630398839948
-0.0038985581846943985
-0.003538001645920016
-0.0031553572173106913
-0.002746289610926921
-0.002305500357199144
-0.0018264044192845353
-0.0013006662358601819
-0.0007175126085117271
-6.267294392289704e-05
0.0006833482712875092
0.0015483057580764018
0.002573993332423548
0.0038277121851469443
0.005423545965691148
0.007552400265219072
0.010494075230570263
0.014529457675669828
0.019631158578379652
0.024922899734758336
0.028260868964206973
0.026641829911529233
0.017826336577201177
0.0023563074929444754
-0.015844540544391834
-0.03131456962864623
-0.0401300629629779
-0.04174910201566055
-0.03841113278621014
-0.03311939162983552
-0.028017690727134427
-0.023982308282035784
-0.02104063331667725
-0.018911779017149712
-0.01731594523660308
-0.01606222638388565
-0.015036538809534546
-0.014171581322743562
-0.013425560107537472
-0.012770720442952858
-0.012187566815598471
-0.011661828632177493
-0.011182732694262152
-0.01074194344053191
-0.010332875834147949
-0.009950231405542754
-0.009589674866769132
-0.009247602652624375
-0.008920973360532247
-0.008607180860468227
-0.008303957377380218
-0.008009297929637695
-0.007721400125277346
-0.007438615031755521
-0.007159405972517273
-0.006882312861922058
