-0.004128129923600703
-0.0032558664772729907
-0.0023769422345722045
-0.0014867609913335519
-0.0005804854435861664
0.00034707508202047946
0.001301594331910596
0.0022893837818462335
0.003317582151168697
0.004394393261155363
0.005529391119313225
0.006733919352485022
0.008021624958853502
0.009409186907027103
0.010917334104643949
0.012572305859454201
0.014408014786244067
0.016469382712803668
0.018817778559525038
0.021540569734221054
0.024769317171023004
0.02871588176680234
0.03373941974627855
0.04044101104635463
0.04970178646665044
0.06240661402700389
0.07847006062382988
0.09513381684548144
0.10564774267653707
0.10055433968135871
0.07280036589767058
0.024091202402513445
-0.03321752078609138
-0.08192668428127214
-0.10968065806491979
-0.11477406106011667
-0.10426013522904165
-0.08759637900738607
-0.07153293241056474
-0.0588281048501762
-0.04956732942990512
-0.042865738129813605
-0.037842200150348164
-0.033895635554556
-0.030666888117740005
-0.027944096943062765
-0.025595701096339324
-0.023534333169782422
-0.021698624242987928
-0.020043652488175055
-0.01853550529056188
-0.017147943342377407
-0.01586023773601216
-0.014655709502840567
-0.013520711644679976
-0.012443900534694623
-0.011415702165376497
-0.01042791271544102
-0.009473393465546456
-0.00854583293993453
-0.0076395573921860084
-0.006749376148934692
-0.005870451906244324
-0.004998188459907874
-0.004149065745839151
-0.0032723786111935153
-0.0023889968998975684
-0.001494301098086871
-0.0005834293693548747
0.0003488352841865489
0.0013081953834317255
0.0023009944128624706
0.003334407295909638
0.004416679459634918
0.005557433466246377
0.006768070471955375
0.008062306685920683
0.009456905664455843
0.01097270144222931
0.012636066400283636
0.01448108514211014
0.016552907317952698
0.018913213083082185
0.021649812933270566
0.024894935020632437
0.0288615147009177
0.03391052964493721
0.04064610806108179
0.04995384906409082
0.06272310756805746
0.07886801626866802
0.09561627667818266
0.10618351702932965
0.10106427903359878
0.07316955432434541
0.02421337355867206
-0.03338597609281379
-0.0823421568584995
-0.11023688156772496
-0.11535611956348221
-0.1047888792123046
-0.0880406188027819
-0.07189571010217362
-0.05912645159819582
-0.04981871059518847
-0.043083132179040515
-0.03803411723502723
-0.03406753755472945
-0.030822415467353065
-0.02808581561719499
-0.025725509852044862
-0.02365368767620501
-0.021808668934383837
-0.02014530397633405
-0.018629508198562114
-0.017234909220025275
-0.015940673006056266
-0.014730036000338368
-0.013589281993727005
-0.012507009829998417
-0.011473596946957718
-0.010480797917528152
-0.00952143781828109
-0.008589173164733715
-0.007678301435993471
-0.00678360563417465
-0.005900223922891114
-0.0050235367882329445
-0.004191375214766922
-0.003305748192197252
-0.002413358325951232
-0.0015095389953433368
-0.0005893787860489158
0.0003523924994330383
0.001321535532674131
0.002324458484970828
0.003368409445093805
0.0044617179217398915
0.005614104601951515
0.006837086903791255
0.008144520905736592
0.009553341108438019
0.01108459399922817
0.012764920888561924
0.01462875395415988
0.016721703255640107
0.019106077926831097
0.02187058390569048
0.025148797733884263
0.02915582615490773
0.03425632782253855
0.04106059123219621
0.05046324556202982
0.0633627133238018
0.07967224970066525
0.09659128549369206
0.107266269606546
0.10209482120423355
0.07391565127676077
0.02446027055177125
-0.03372640931340652
-0.08318179003839143
-0.11136095996585699
-0.1165324083681617
-0.10585742425527081
-0.08893838846226954
-0.0726288520853998
-0.05972938432362995
-0.05032672999381026
-0.04352246658414499
-0.0384219649165086
-0.034414936495468396
-0.03113672266729022
-0.028372216688438624
-0.02598784201724727
-0.02389489271576062
-0.022031059650164567
-0.020350732760830218
-0.018819479870041567
-0.01741065966733274
-0.0161032256653909
-0.014880243363546045
-0.013727856683335142
-0.012634548206678357
-0.011590597246568439
-0.010587674294267692
-0.009618531261025425
-0.008676759975535837
-0.007756599766242827
-0.0068527804356217385
-0.005960390569387986
-0.005074763546803907
-0.004255954144642738
-0.003356681751023822
-0.0024505423145785264
-0.0015327973132268913
-0.0005984596595556965
0.00035782204500729806
0.001341897230154542
0.0023602728017139913
0.0034203085241372756
0.00453046224389245
0.0057006044205881205
0.006942429928176884
0.008270008334299757
0.009700535060003953
0.011255380869106806
0.012961597551730434
0.014854147804553575
0.016979344431703288
0.019400456606729576
0.02220755702345291
0.025536280334318075
0.029605047574473305
0.03478413585356257
0.041693236393230644
0.05124076135211885
0.06433897348074448
0.08089978849413328
0.09807948625290214
0.10891892413903811
0.10366778421492547
0.07505445248424905
0.024837120390437815
-0.03424602789004627
-0.08446335998384252
-0.11307669171453097
-0.11832783163861885
-0.10748839375246272
-0.0903086959937209
-0.07374788098030309
-0.060649668851684824
-0.05110214389279327
-0.04419304335313347
-0.03901395507404166
-0.034945187833864993
-0.03161646452301279
-0.028809364106302714
-0.026388251931264647
-0.024263055304114295
-0.02237050505130262
-0.02066428836867342
-0.0191094425595732
-0.017678915833862278
-0.016351337427747317
-0.015109511920146599
-0.013939369743458503
-0.012829216023690214
-0.011769180301283736
-0.010750804729714833
-0.009766729544570982
-0.00881044783999589
-0.007876110186325653
-0.006958365184964779
-0.0060522257485304196
-0.005152953354901896
-0.0043441983304746586
-0.0034262801543798044
-0.0025013525520318353
-0.0015645787513386485
-0.0006108682610358714
0.000365241275055812
0.0013697205705738326
0.0024092114476445842
0.00349122627047897
0.004624398253342414
0.005818802513256968
0.007086376409669458
0.00844148123353865
0.009901668941850439
0.011488753407644067
0.01323034732302224
0.015162138314915514
0.01733139945630358
0.019802711771932484
0.02266801556631263
0.026065757808210084
0.030218888363351744
0.03550536170442328
0.04255771743494768
0.05230320147512847
0.06567298851477299
0.08257716379032355
0.10011304330381571
0.1111771986704567
0.10581716324872037
0.07661056963580931
0.025352067390030125
-0.03495606191087196
-0.08621456415664706
-0.11542115776954463
-0.12078119319128998
-0.10971703782462541
-0.09218115831113374
-0.0752769830355658
-0.06190719599591736
-0.05216171195574537
-0.04510935622522497
-0.03982288288414771
-0.0356697523289953
-0.032272010087109324
-0.029406706292744146
-0.02693539397710968
-0.024766132835713193
-0.022834341843831034
-0.021092747928448664
-0.019505663462659015
-0.01804547575433589
-0.01669037093047679
-0.015422797034049744
-0.014228392774150373
-0.013095220791271634
-0.012013205968449273
-0.010973715091370056
-0.009969235795852169
-0.008993126259751932
-0.008039415769451802
-0.007102641968750666
-0.0061777143664128896
-0.005259796190310494
-0.004458070903948872
-0.003516091728688708
-0.0025669193919151366
-0.0016055903371781227
-0.0006268806382096568
0.0003748152437317281
0.0014056245302387386
0.002472363142916432
0.003582740364660303
0.004745615708876965
0.005971328387830531
0.0072721286705549155
0.008662754295336507
0.010161217302419857
0.011789903364498509
0.013577148976224763
0.015559577233465984
0.017785700365255067
0.020321792243586705
0.023262203187120065
0.026749009251974914
0.031011004425303898
0.03643605024249698
0.043673266159431165
0.05367420156896037
0.06739443540796188
0.08474169054836816
0.10273719442129717
0.11409132903047087
0.10859077095375982
0.07861861789875577
0.026016566127549177
-0.0358723059730001
-0.08847435774420816
-0.11844651079920158
-0.12394706887589815
-0.11259293426669695
-0.09459743039377594
-0.07725017525334621
-0.06352994141436308
-0.05352900600483074
-0.04629179008790569
-0.040866744270702665
-0.03660474909736623
-0.0331179430325183
-0.030177532089000335
-0.02764144021065931
-0.025415317078860918
-0.023432888821638624
-0.021645643209905925
-0.02001695714782848
-0.018518494140730833
-0.01712786851597034
-0.015827068233229595
-0.014601355554287217
-0.013438480210057762
-0.012328102988324447
-0.011261364375638216
-0.010230555089130008
-0.00922885920718151
-0.00825014950821888
-0.007288820453473904
-0.006339648116705631
-0.00539766894144188
-0.0046002009531682115
-0.0036281900416566854
-0.0026487566394600742
-0.0016567789442150163
-0.0006468664827448739
0.0003867649970183771
0.0014504380620808718
0.0025511859363402676
0.0036969636867545596
0.004896913282055055
0.006161703565003552
0.0075039753628006025
0.008938936276522438
0.010485172599455368
0.012165783696170357
0.014010009475680846
0.016055640639748014
0.018352736070603344
0.020969682568521324
0.024003838513006564
0.027601809608380226
0.0319996841843959
0.03759768926916575
0.04506563841134831
0.055385415224809095
0.06954305847684547
0.08744334202791705
0.1060125232231937
0.1177285922464333
0.11205263907719348
0.08112495460767259
0.02684595677973251
-0.037015912545491046
-0.09129491037343415
-0.12222259484293693
-0.12789854801218403
-0.11618247898892098
-0.09761329779363738
-0.07971301424253792
-0.06555537099052233
-0.05523559417706257
-0.047767645034878375
-0.04216963995010573
-0.03777176537408341
-0.03417379427871829
-0.031139638334247197
-0.02852269183632698
-0.026225596405458063
-0.024179965241404408
-0.022335739461886592
-0.020655128365176335
-0.019108892042232817
-0.01767393112852821
-0.016331659330721872
-0.015066869047777157
-0.013866919452465666
-0.012721141702055027
-0.011620393827794276
-0.010556720762723907
-0.00952308928295548
-0.008513176821496032
-0.007521199126243329
-0.0065417657240482265
-0.005569754812537855
-0.004774022505214301
-0.0037652835181241923
-0.0027488415763861486
-0.0017193813467630123
-0.0006713086732901413
0.0004013792581246114
0.0015052439171607049
0.0026475842830904215
0.0038366560107910624
0.005081946504942966
0.006394527738375092
0.007787518181399823
0.009276700065859136
0.010881361982534789
0.012625476123859055
0.014539387252756292
0.01666231402481116
0.019046206841964293
0.021762036565282077
0.02491084036142408
0.02864476358738475
0.033208815378376354
0.03901834544462392
0.04676847562565757
0.05747818730088228
0.0721707703581426
0.09074739144047994
0.1100181616046158
0.12217686268227182
0.11628640297470597
0.08419012951042246
0.02786027591444993
-0.038414510018455916
-0.09474436361442325
-0.1268406370787096
-0.13273109678625944
-0.12057239570858738
-0.10130162554446304
-0.08272500446209163
-0.06803242140483831
-0.05732270972961413
-0.04957257954858178
-0.04376304948232301
-0.039198997691342254
-0.035465074465385035
-0.03231627066924913
-0.029600440945930194
-0.02721654812877137
-0.02509362135672829
-0.02317971022782494
-0.021435596086506956
-0.019830934169813293
-0.018341752285373818
-0.01694876184233967
-0.015636180608909943
-0.01439089011475169
-0.013201818387049612
-0.012059478021120134
-0.010955613362078492
-0.009882925430656588
-0.008834852757198513
-0.007805392527569878
-0.006788950585830491
-0.005780211598740134
-0.004983967553703011
-0.003930867681263068
-0.002869726104309421
-0.0017949937392302325
-0.000700830417994072
0.0004190306569915982
0.0015714395067307858
0.0027640160950581283
0.00400537913285115
0.005305433249109891
0.0066757373251151485
0.008129986737937247
0.00968465776980636
0.011359887260365957
0.013180701620841367
0.015178780078729649
0.01739506600083182
0.019883794404685518
0.022719057232528053
0.026006334965656214
0.029904463867790325
0.03466922780222202
0.04073424193200889
0.048825195830462145
0.06000587792287855
0.07534456997923607
0.09473808081249646
0.11485623742276853
0.12754955093878395
0.12140000212460841
0.08789228773448206
0.0290853825337921
-0.04010375548443966
-0.09891066068513248
-0.13241837507524196
-0.1385679238894077
-0.1258746103733748
-0.10575645376310955
-0.08636294292982169
-0.07102425087347597
-0.059843568781071096
-0.05175261488260932
-0.04568760075281979
-0.04092283681838854
-0.0370247079162571
-0.03373743018313394
-0.030902167355293997
-0.028413438951431415
-0.026197153029340187
-0.02419907457145129
-0.02237826021097674
-0.02070303072041006
-0.01914835968854823
-0.017694110275726517
-0.016323806199715938
-0.015023752083451133
-0.01378238904565801
-0.012589812457331921
-0.011437403607587916
-0.01031754253259242
-0.009223379211371938
-0.008148646846285162
-0.007087505269331515
-0.0060344053968951344
-0.00523573364661812
-0.004129436199614533
-0.003014690819211148
-0.001885668108316546
-0.0007362328811942424
0.0004401982288016488
0.0016508212734793765
0.002903641141410426
0.004207711920316345
0.005573438574698507
0.00701296388658006
0.008540675059807766
0.010173880682088063
0.01193373481341856
0.013846528084714732
0.015945540014129324
0.0182737822433072
0.02088822950267097
0.023866716538193077
0.02732005225983164
0.03141509667595527
0.03642055471190872
0.04279194543671391
0.05129161508527569
0.06303708416909135
0.07915058763130337
0.09952370696732801
0.12065804008619777
0.13399245034436064
0.12753219612145802
0.09233188706007725
0.030554519012183777
-0.04212948725010506
-0.10390685529799416
-0.13910716435936438
-0.1455674185822537
-0.13223300832408785
-0.11109867520522036
-0.09072555586917537
-0.07461205240695715
-0.06286658332315255
-0.054366913674582185
-0.04799552294976753
-0.04299006491382773
-0.03889502049770914
-0.03544168477606709
-0.032463197740546616
-0.029848750481177022
-0.02752050825200842
-0.025421496322591223
-0.02350870305129857
-0.021748848919959606
-0.020115643297688685
-0.018587932124461054
-0.0171484068125713
-0.01578268015818559
-0.01447860937928221
-0.01322578951135158
-0.012015166466674668
-0.010838735356662733
-0.009689300129562298
-0.008560277418658654
-0.00744553203825401
-0.006339234591248676
-0.005536657078963846
-0.004366775224813512
-0.0031879598920897326
-0.001994046638937901
-0.0007785476596341139
0.000465498791727993
0.001745702360365373
0.0030705280162822294
0.004449550231514914
0.005893771996774159
0.007416034001693409
0.009031550356384699
0.0107586244621093
0.012619626212113778
0.014642357296710642
0.016862009982696158
0.019324068019074464
0.022088780781047895
0.025238456605800992
0.028890273216464327
0.033220681016433426
0.0385138288434884
0.04525141637578732
0.0542396034864312
0.06666013320653044
0.08369972642560941
0.10524371463924087
0.12759261926524734
0.14169328519466048
0.13486165193519023
0.09763827663160576
0.03231048796509718
-0.04455072674582608
-0.10987851541233708
-0.14710189071590588
-0.15393352397535104
-0.13983285804594756
-0.11748395341991649
-0.09593996520628187
-0.07890037198719492
-0.06647984226711584
-0.05749165515645881
-0.05075406762415348
-0.04546091979710577
-0.04113051199713641
-0.03747869538647018
-0.034329019561727
-0.03156430679974523
-0.029102248763373542
-0.026882596077389357
-0.024859864992786737
-0.022998863242788888
-0.021271789137068037
-0.01965627278237799
-0.01813401077744657
-0.016689789012189277
-0.01531076679695691
-0.01398594114104428
-0.01270573757240705
-0.011461691121027462
-0.010246192141741408
-0.009052278888578746
-0.007873463555854582
-0.006703581701704806
-0.005896239465470767
-0.004650378700409148
-0.0033950042642376266
-0.0021235513600366763
-0.0008291108258289956
0.0004957312210630326
0.0018590786411003656
0.0032699461694589912
0.004738530101138222
0.0062765480264431696
0.007897674585970235
0.009618111985220171
0.011457352358446495
0.013439218435100613
0.01559331751663449
0.017957127471933593
0.02057908604742192
0.023523355593208457
0.026877590081158392
0.030766577531835884
0.03537822821806245
0.04101514538746391
0.048190312657447214
0.05776224377724169
0.07098942207629058
0.08913562231286543
0.11207870468531508
0.1358789173473577
0.15089518282539027
0.14361976545370772
0.10397897903564836
0.0344087236219879
-0.04744391402667229
-0.11701416944032593
-0.1566549558583683
-0.16393037323003967
-0.14891410775200803
-0.12511389508994747
-0.10217081271749036
-0.08402461248090556
-0.07079743418186898
-0.06122550306206577
-0.054050335792072926
-0.04841341862267802
-0.043801767936454766
-0.039912780485782146
-0.03655854599783396
-0.03361427645203691
-0.03099231787656157
-0.028628507921264153
-0.02647440883972365
-0.024492542763074276
-0.022653302389851547
-0.020932864990602096
-0.019311738431064925
-0.017773720505763792
-0.0163051365740857
-0.014894269045726605
-0.013530921625694761
-0.012206079578784425
-0.010911639044595276
-0.009640186140382385
-0.008384811704209912
-0.007138950939152205
-0.006326902911728191
-0.004990043966606904
-0.003642976467105953
-0.0022786561202374532
-0.0008896691153274985
0.0005319399441608393
0.001994866828949858
0.0035087847154046496
0.005084634641676649
0.0067349900577352755
0.008474524408287939
0.010320623318308481
0.0122942026407067
0.014420825134208887
0.016732260640337594
0.01926872444284964
0.02208219222583343
0.025241512824420772
0.02884074256300874
0.03301378415651368
0.037962273126194254
0.04401091516297393
0.05171016185322461
0.0619812294527964
0.07617450973122025
0.09564605966954033
0.12026478687767456
0.14580316840061341
0.16191599346291133
0.15410904823170812
0.11157300116159248
0.036921696243048065
-0.05090898169450197
-0.1255602866130376
-0.16809633368313892
-0.17590327891432878
-0.15979045385201637
-0.13425207232905723
-0.10963334512092004
-0.09016179518259052
-0.0759685149041853
-0.06569744730460347
-0.05799820061435092
-0.05194955857756361
-0.04700106960789309
-0.04282802801438491
-0.03922879827580397
-0.03606947767721299
-0.03325600989423116
-0.030719546091725752
-0.028408110585586552
-0.02628148809209848
-0.024307908769702187
-0.022461809859679445
-0.020722275509119138
-0.019071920093067622
-0.017496070166798494
-0.01598215228034391
-0.014519225395559724
-0.013097616336060713
-0.0117086293311543
-0.010344308984281972
-0.00899724148477472
-0.007660382539661779
-0.00684509564412452
-0.0053987437722442235
-0.003941347232352143
-0.0024652847810351817
-0.0009625353924288807
0.0005755079029387223
0.002158253087906838
0.0037961656038794445
0.005501082596342595
0.00728660732289149
0.009168615032890882
0.011165915293347355
0.01330113703781532
0.015601936704638948
0.018102686198878025
0.02084689458297316
0.02389079454506599
0.027308873909185585
0.03120289260053126
0.03571772055274393
0.041071508139177704
0.0476155556982073
0.05594539776949914
0.06705769619096642
0.0824134284797042
0.10347968446942621
0.13011459308052942
0.15774437070229952
0.17517657453919003
0.16673004537347558
0.12071032085806051
0.03994535994295648
-0.05507824700894849
-0.13584320792405125
-0.18186293243944943
-0.19030946160515463
-0.17287725776825769
-0.14524748014646077
-0.11861257153534926
-0.09754631554562007
-0.08219058325688873
-0.07107828483540371
-0.06274844276411445
-0.05620439520508392
-0.05085060761864513
-0.04633577966644163
-0.0424417609751009
-0.03902368161097348
-0.035979781648888154
-0.03323557326480047
-0.030734823770551457
-0.028434024103736712
-0.026298802359274474
-0.02430150209881636
-0.02241949438880872
-0.02063396966227066
-0.018929052669806712
-0.017291140153839226
-0.01570839496887398
-0.014170351673498883
-0.012667602284892387
-0.011191539833573088
-0.009734143293675645
-0.008287791421807175
-0.007472952626416158
-0.005893936005363268
-0.00430286165693586
-0.002691409287954893
-0.0010508221531196826
0.0006282961816282753
0.0023562166359350593
0.004144364582484407
0.0060056629164410135
0.007954962640313985
0.010009595145106997
0.012190095287739556
0.01452116762071854
0.017033005346598344
0.019763133108104024
0.022759050808829694
0.026082149052162974
0.02981374803461387
0.03406494160589728
0.03899388793422026
0.044838747322922964
0.05198304299805703
0.061076933106813766
0.07320849032359086
0.08997267727812547
0.11297110660506209
0.14204883746601815
0.1722125438202688
0.19124326993492086
0.18202176186997474
0.1317811523509218
0.0436088359675218
-0.06012976639628769
-0.1483020827796837
-0.19854269229872518
-0.20776420036364157
-0.18873347424896425
-0.1585697678946978
-0.1294920370337369
-0.10649360770681196
-0.08972942075227044
-0.07759786353547274
-0.06850397342672473
-0.061359677751585476
-0.055514818362889795
-0.05058587203456455
-0.046334678463288315
-0.04260307948082663
-0.03927998123749904
-0.036284063536780306
-0.033553935775263215
-0.031042098049397643
-0.02871102571642405
-0.026530525573789737
-0.0244758930689893
-0.02252659334512918
-0.020665295011168816
-0.018877147064627432
-0.017149226610322768
-0.015470108275571567
-0.013829521140733471
-0.012218068771751064
-0.010626994423314913
-0.009047977802280404
-0.008240869809606657
-0.006499594006916146
-0.004745021426998231
-0.0029679767847888266
-0.0011588034932438224
0.000692860457960371
0.002598341426961002
0.004570238856794608
0.006622803598693196
0.008772412744101385
0.0110381786585078
0.013442746362835456
0.016013359053639917
0.018783312594672846
0.021793987674415115
0.025097765309792287
0.028762344643229736
0.03287740240805836
0.03756544859603359
0.04300089397019435
0.04944637261788946
0.05732481892091247
0.06735319961216896
0.08073138799930357
0.09921821496217886
0.12457981268967248
0.15664523935818433
0.18990803132980244
0.21089375608922983
0.20072432533548756
0.14532130832395856
0.0480894216973973
-0.06630803551401204
-0.1635399221405639
-0.2189429391520713
-0.22911236990580264
-0.20812664514632606
-0.1748638531747405
-0.14279842650618763
-0.11743682877869496
-0.09895000181583122
-0.0855718134286744
-0.0755434327374212
-0.06766498643439542
-0.06121950778669051
-0.05578406241253871
-0.05109601622456596
-0.04698095845973227
-0.043316379126299126
-0.04001260149093285
-0.03700192641118176
-0.03423197287015567
-0.03166136017935332
-0.029256792475022785
-0.026991026560606105
-0.024841417415216727
-0.02278885267331534
-0.020816955243489792
-0.01891147427448383
-0.017059810323287742
-0.01525063703173213
-0.013473592389532245
-0.01171901980960106
-0.009977744006934651
-0.00919165379965662
-0.007249479416699926
-0.005292474146282011
-0.003310404108491047
-0.0012924985912012282
0.0007727999291800829
0.002898124585739006
0.005097528478713986
0.007386906647980746
0.009784525688997361
0.012311703054295102
0.014993696433281831
0.017860892207869447
0.020950427757604057
0.02430845808042527
0.027993407677886564
0.03208078652845926
0.036670617909795485
0.04189954658344289
0.04796210630447959
0.0551512331533754
0.06393865796444108
0.07512406505450957
0.09004574907941726
0.11066542267911147
0.13895289616283685
0.17471739150221294
0.21181710374141446
0.2352231946763818
0.22388000729181468
0.16208533041617484
0.05363678773816252
-0.07395736028175828
-0.18240590295975537
-0.24420057983537094
-0.2555437672199166
-0.23213767628492932
-0.19503796404570717
-0.1592734687063203
-0.13098599522259158
-0.11036632162292001
-0.09544463759799429
-0.08425923050792115
-0.07547180569686014
-0.06828267884796853
-0.062220119126928014
-0.05699119045327786
-0.052401359071932996
-0.0483139802213689
-0.04462903062391374
-0.04127100030108656
-0.03818146475134504
-0.0353142689767698
-0.03263227559778076
-0.030105098232480542
-0.027707479191474413
-0.02541810102220201
-0.023218697129239383
-0.02109337247267614
-0.019028073952300974
-0.01701016843500277
-0.015028098397220893
-0.013071093126793647
-0.011128918743851616
-0.010387513175829184
-0.008192656225931703
-0.005981038842055862
-0.0037410956831773565
-0.0014606547321519992
0.0008733452067875534
0.003275180879805252
0.0057607337435326145
0.00834796683788512
0.011057523307425791
0.01391349408303209
0.01694442297434902
0.020184649749444228
0.02367614351063331
0.027471064215666398
0.031635437653818016
0.03625459801136605
0.04144158211416167
0.047350813002196124
0.054202134556441794
0.0623265959054211
0.07225730272772082
0.08489797854013229
0.10176101670401984
0.12506329671513414
0.157030783789687
0.197447717147677
0.23937316788241247
0.26582327320960936
0.25300364164165706
0.1831698758679377
0.060613813511741235
-0.0835781486407628
-0.20613421099694926
-0.2759679767706449
-0.28878760833857364
-0.26233750301133807
-0.22041205227662986
-0.17999511891859094
-0.1480276318440385
-0.12472535183294073
-0.1078623136690319
-0.09522163785661966
-0.08529093103431626
-0.07716646968533511
-0.07031514813109427
-0.06440591724305608
-0.059218933140254795
-0.054599772782718714
-0.05043539934456647
-0.046640478639529595
-0.04314898487833774
-0.039908758103245026
-0.036877829211930495
-0.03402185843631335
-0.03131230196679206
-0.02872506887243475
-0.026239516008721132
-0.023837680335694816
-0.021503680396768487
-0.01922323944573123
-0.01698329628685807
-0.014771678902970542
-0.01257682195308873
-0.011922134735821314
-0.009403015289995908
-0.006864659259163065
-0.004293792663035957
-0.0016764452156549023
0.001002373913627376
0.0037590506897972695
0.006611812866394926
0.009581277311219707
0.012691136952951296
0.015969041880057017
0.019447752925692244
0.02316668317475836
0.027174002204486215
0.03152957604893939
0.03630918512477567
0.041610770900482735
0.0475640703477982
0.05434632123343501
0.06220984787431564
0.07153461023266162
0.08293247805417824
0.09744069377044784
0.11679508471038638
0.14354001047436915
0.18023019238747123
0.22661783044496864
0.27473645486720055
0.3050932221721404
0.2903789741662841
0.21022845897144377
0.06956774965149046
-0.09592477072119643
-0.2365854800411403
-0.3167359952359504
-0.3314502432417812
-0.30109347593679764
-0.25297485151454924
-0.20658721345704648
-0.16989703154395763
-0.14315210577996873
-0.12379771484001253
-0.10928949912374313
-0.09789163130221962
-0.08856686894389174
-0.08070334230300147
-0.07392109141736712
-0.06796779197003744
-0.0626662061943481
-0.05788659711850589
-0.05353102327405258
-0.049523704244316465
-0.04580477399525816
-0.04232606294962275
-0.03904815802251389
-0.03593829838079085
-0.03296883393596489
-0.030116071759377812
-0.027359394983198927
-0.02468057585392998
-0.02206322840654392
-0.01949236181041304
-0.016954005779576363
-0.014434886333760368
-0.013939609124147033
-0.01099420082277918
-0.008026300680035682
-0.005020388463529136
-0.001960129803951941
0.0011720029128534717
0.0043951685250945075
0.007730679333951376
0.011202641050250168
0.01483875598956373
0.018671353275477996
0.022738737640961633
0.02708699179932418
0.03177243677979442
0.036865069417046245
0.04245349407444861
0.04865222644558599
0.055612958490345574
0.06354292172848282
0.07273714213279853
0.08363988517042278
0.09696658643767699
0.11393008189882298
0.13656011224555797
0.16783194879954608
0.21073314965140824
0.2649744125882861
0.3212408916243932
0.3567395050145488
0.3395369688343117
0.2458192941826795
0.08134613342560043
-0.11216331454663776
-0.2766364753037063
-0.37035414995528887
-0.3875566861354939
-0.35205807274533785
-0.29579159370918695
-0.24155033077230983
-0.19864912992043143
-0.16737729336645402
-0.14474726301971091
-0.12778376755855647
-0.11445706629129547
-0.10355432325367858
-0.09436010284935914
-0.08643013961122262
-0.07946940756645193
-0.07327067519533492
-0.0676822505379315
-0.06258961790067391
-0.05790417292019706
-0.05355591876184413
-0.04948853439636182
-0.045655937110441414
-0.04201982217113644
-0.038547860454837726
-0.035212349645992055
-0.031989184033740105
-0.028857051316946068
-0.025796792657363073
-0.022790880440856198
-0.019822980298110558
-0.016877571996742537
-0.016646130007065645
-0.013128836688934685
-0.009584684442168374
-0.005995139575493108
-0.002340696183131593
0.001399576573101198
0.00524855748406102
0.009231696933974942
0.013377781104338106
0.017719891124504044
0.022296633309299065
0.0271537498582129
0.03234627119633944
0.03794145404180287
0.04402288637052511
0.050696376769469156
0.05809867650139983
0.06641093199540196
0.07588061471156039
0.08686004354158516
0.09987978113519186
0.1157943179450742
0.13605246826763384
0.16307946145633873
0.20043136628061914
0.2516809488679939
0.31648778697304314
0.38372737148008196
0.42616657753163023
0.40564406572688283
0.2936957747278096
0.09719775491103017
-0.13399841718676178
-0.3304964370035232
-0.4424447280025454
-0.46296723980725185
-0.4205280337556859
-0.3532884492486008
-0.28848161114354776
-0.23723202855616948
-0.19988012373189007
-0.17285313054318652
-0.15259498022060905
-0.1366804434107292
-0.12366070581713914
-0.11268127698710265
-0.10321159427094079
-0.0948993387769302
-0.08749703904501624
-0.08082354864606742
-0.07474211631734795
-0.06914693347187387
-0.06395441213375731
-0.05909729558484503
-0.054520553400044997
-0.050178443379885695
-0.04603235920952675
-0.042049219759621156
-0.03820023884864734
-0.03445996609242606
-0.03080552270006298
-0.02721597783338256
-0.02367182558661528
-0.020154532268484814
-0.020206796779645552
-0.015937130429120826
-0.011634859722495151
-0.007277486398790778
-0.0028413320079306373
0.0016990116524820235
0.0063713174425103596
0.01120647993137689
0.016239443083286953
0.02151036459555164
0.027066109319396195
0.03296220453807033
0.03926545276736253
0.04605749838684047
0.053439810829288475
0.06154083394775295
0.07052657424123325
0.08061693209633645
0.09211232738535617
0.10544048601643177
0.12124564864183827
0.1405658597620873
0.16516258618619917
0.19798778339015471
0.24337633313391477
0.3056956947411035
0.38456330866089883
0.46647018258187267
0.5182732776806599
0.4934832578273237
0.3573898569012033
0.11832708512351281
-0.16299955208003278
-0.4020623238576986
-0.5381557247837645
-0.5629457446370485
-0.5111426495382346
-0.4292357756172164
-0.350368161697427
-0.28804880009022493
-0.24266025034646788
-0.20983505314251646
-0.1852383267183806
-0.1659181155981218
-0.1501129529727366
-0.13678479434165045
-0.12528939905263664
-0.11519904119752163
-0.10621330090406034
-0.0981122777855933
-0.09072996534314479
-0.08393791972365858
-0.0776346714943782
-0.0717385762757033
-0.06618283155185514
-0.06091191003959559
-0.0558789468876921
-0.05104378439882883
-0.046371478608788555
-0.04183113494838349
-0.03739498055752469
-0.03303760723381534
-0.028735336527190194
-0.024465670176665177
-0.02406583608075473
-0.018980713703231667
-0.013856759451271378
-0.008667177819602693
-0.0033837676674107163
0.002023732328061134
0.007588399865411162
0.013347030697006122
0.019341243544241066
0.025618866883669256
0.032235717698214664
0.03925793034329582
0.046765068590342046
0.05485437379376686
0.06364670036577502
0.07329503150749675
0.08399709139866714
0.09601480025730355
0.10970600595181915
0.12558031510171033
0.14440586105577358
0.16742252649448464
0.19674104270701928
0.23591465364743924
0.29019209859103245
0.36491979346047776
0.4597888603292065
0.55868876628273
0.6217459191250152
0.5928071253509224
0.4297816877862646
0.1425322791837304
-0.19573621928844803
-0.4829856278909602
-0.6460110654555281
-0.6749498592295646
-0.6118927063872477
-0.5129928004336768
-0.41812373356494903
-0.34339603869547697
-0.28911859375189075
-0.24994498281147987
-0.22062646659892685
-0.1976098011602027
-0.1787842552061621
-0.1629099460562584
-0.14921874036174687
-0.13720103150310264
-0.12649897161194346
-0.11685064047021798
-0.1080583138982171
-0.09996900869478492
-0.0924618704477502
-0.08543965780266786
-0.07882280698812123
-0.07254518364869639
-0.06655097080146918
-0.06079233996987135
-0.05522767243251035
-0.0498201724370481
-0.04453676228485355
-0.03934718065318199
-0.034223226401223134
-0.0291381040237045
-0.024335084982322324
-0.019192875631800235
-0.014011396512056407
-0.008763549883161168
-0.003420816405274571
0.0020474068516659442
0.0076745712125905335
0.013497888357904213
0.019559447861009258
0.02590761984759117
0.0325988541513019
0.03970003596149528
0.04729163375693474
0.05547199662717423
0.06436335869326179
0.07412045427059144
0.08494327888835625
0.09709678250137063
0.1109430439476074
0.12699818118088385
0.14604248499724704
0.16934465589357528
0.19909253772133484
0.2390352712341245
0.29483822048073516
0.3725108313374073
0.47235219264487405
0.5779822813314519
0.6474123443911901
0.6205899587147792
0.4518226693351364
0.1508204015867961
-0.20461978151908056
-0.5056220492673905
-0.6743893386469395
-0.7012117243232888
-0.6317816612635134
-0.5261515725768879
-0.4263102112694066
-0.34863760041272773
-0.2928346511661156
-0.25289191765333774
-0.22314403582555375
-0.19984186492921263
-0.18079756111287085
-0.16474242387958762
-0.15089616243335102
-0.1387426588203301
-0.12791983420257486
-0.11816273862524576
-0.10927137655916441
-0.10109101368891857
-0.09349941589348382
-0.08639823408329626
-0.07970699977958634
-0.07335882779300373
-0.06729726828990595
-0.06147395114459376
-0.05584678678366118
-0.0503785635267241
-0.045035830048837475
-0.03978798341993678
-0.034606504300192686
-0.029464294949672704
-0.006697802939989897
-0.005281629466844048
-0.003854632169323519
-0.002409341849494242
-0.0009378969630513042
0.000568139128304568
0.002117989336279996
0.0037219147284424693
0.005391523290054446
0.007140157602494252
0.008983392313434306
0.01093968578308408
0.013031251369766106
0.015285247586569097
0.017735442282633608
0.02042460278607039
0.023408043328909674
0.026759137228093716
0.030578558649017283
0.035011922154238935
0.040289488761894435
0.04682513148919554
0.05545202871951414
0.06787552175943204
0.08719742547631441
0.11767004329915973
0.16200732612038637
0.21531230009758776
0.2588344758897194
0.2619543448424745
0.19861239500422623
0.07035183130094512
-0.08516002769892723
-0.21342059140217545
-0.27676254124035804
-0.27364267228757566
-0.230120496495406
-0.17681552251817972
-0.13247823969692968
-0.1020056218740836
-0.08268371815719947
-0.07026022511728727
-0.06163332788694999
-0.05509768515965303
-0.04982011855201071
-0.04538675504678216
-0.041567333625856275
-0.03821623972667185
-0.035232799183831195
-0.03254363868039621
-0.030093443984341578
-0.02783944776753204
-0.02574788218085919
-0.02379158871121063
-0.021948354000273097
-0.020199719687835307
-0.018530111126231187
-0.01692618573405847
-0.01537633552608007
-0.013870299434720137
-0.01239885454827996
-0.010953564228450927
-0.009526566930926905
-0.008110393457783145
0.06688505839985967
0.0527553772226479
0.03851782914818139
0.024097982989941383
0.00941750489227372
-0.0056076588137879
-0.021069380766027906
-0.037069855323300926
-0.05372466506883965
-0.07116662907507137
-0.08955073809280303
-0.10906061491423602
-0.12991714555516104
-0.15239025866975442
-0.17681537892202615
-0.20361702403565632
-0.23334372712695206
-0.2667217722797566
-0.3047420095822027
-0.34880808433714483
-0.4010003778189214
-0.4645389339592255
-0.5444855048970152
-0.6483737455934255
-0.7854329996632766
-0.9615039423734844
-1.1666043392208323
-1.3573290675461473
-1.447849213654978
-1.33101368413256
-0.9366246493226984
-0.2959918264103725
0.4438559173195546
1.0844887402318428
1.4788777750416933
1.5957133045640401
1.505193158455164
1.3144684301298026
1.1093680332824327
0.9332970905722108
0.7962378365023478
0.6923495958059234
0.6124030248681487
0.5488644687278454
0.49667217524605556
0.45260610049111605
0.4145858631886759
0.38120781803586556
0.35148111494457457
0.3246794698309405
0.3002543495786587
0.2777812364640774
0.25692470582314103
0.23741482900170702
0.21903071998396825
0.20158875597774023
0.18493394623219578
0.168933471674928
0.15347174972269118
0.1384465860166337
0.12376610791896675
0.10934626176072515
0.09510871368626525
0.0809790325090505
0.27157803517731494
0.21420229575252667
0.1563885060028828
0.09783439746741085
0.03822185051182275
-0.02279048643242121
-0.08557572330593499
-0.15054889452166284
-0.21817941545104477
-0.28900671514928067
-0.36366028539070266
-0.4428859270367916
-0.5275808178336212
-0.6188413745329926
-0.718030111717199
-0.8268715397064976
-0.9475941204965045
-1.0831488764616797
-1.2375637165717994
-1.4165547887206293
-1.6286435932765027
-1.887217329564538
-2.2139488335917417
-2.642699416802632
-3.2184470323896273
-3.977559134262635
-4.892336980430806
-5.784684975115049
-6.271113210505202
-5.847938389867239
-4.164442051392286
-1.342216345706374
1.9426031482788546
4.764828853964543
6.448325192439176
6.871500013076767
6.385071777686301
5.492723783001822
4.577945936833521
3.818833834960457
3.2430862193734136
2.8143356361625043
2.4876041321353015
2.2290303958472553
2.016941591291379
1.8379505191425474
1.683535679032433
1.547980923067244
1.4272583422772533
1.318416914287945
1.219228177103726
1.1279676204043678
1.04327272960752
0.9640470879614389
0.8893935177200081
0.8185662180217708
0.7509356970923846
0.6859625258766651
0.6231772890031562
0.5621649520589209
0.502552405103337
0.4439982965678583
0.3861845068182246
0.32880876739342957
0.7115334083448558
0.5612066680843923
0.4097321943868406
0.25631801433518675
0.100130622055005
-0.05972436034164785
-0.22422452384148606
-0.39445731006421025
-0.5716526503962238
-0.7572239280369503
-0.9528205125202219
-1.1603965338921598
-1.382302773128648
-1.6214120801704295
-1.8812945739335856
-2.1664689433920916
-2.482774463461909
-2.837944011105428
-3.242533632593988
-3.7115309924238673
-4.267314927042395
-4.945184883141535
-5.802737136048477
-6.93107591476832
-8.453536914331828
-10.474691174491603
-12.931424837102554
-15.355839569567651
-16.717574078112012
-15.646618366061386
-11.175800109854062
-3.6195515225416846
5.192565146926666
12.748813734238393
17.219631990444718
18.29058770249425
16.928853193948985
14.504438461483266
12.047704798871962
10.026550538712002
8.504089539148392
7.375750760428504
6.5181985075215465
5.840328551422386
5.284544616803854
4.815547256973974
4.41095763548541
4.055788087841879
3.7394825677720718
3.454308198313563
3.1944257045503868
2.955316397508618
2.733410158272114
2.5258341369001815
2.3302375524169
2.144666274776176
1.9674709344441568
1.7972381482214392
1.632737984721605
1.4728830023249646
1.3166956100447833
1.1632814299931251
1.0118069562955867
0.8614802160351196
1.4623172677830178
1.1533694323584602
0.8420627873966791
0.5267696780377773
0.20577709043503667
-0.12275309415960733
-0.4608300152056062
-0.8106885789393627
-1.1748565392232064
-1.5562386840970692
-1.9582248067794996
-2.384831053500485
-2.840888781554291
-3.3323023260809084
-3.8664090833104785
-4.452496004971778
-5.102564208681736
-5.832506807541665
-6.664020347452519
-7.627916377054512
-8.770233549550497
-10.163722268408627
-11.927499360772616
-14.25100555529747
-17.392814323512287
-21.576486803242247
-26.681163880704727
-31.744125790099336
-34.62403596331083
-32.458404750035264
-23.214478639981543
-7.53452337139019
10.767324909073086
26.44728017766304
35.69120628771458
37.85683750098782
34.976927327774355
29.913965418378403
24.80928834091519
20.62561586118484
17.48380709296983
15.160300898444879
13.396523806080852
12.003035087222692
10.860717914726713
9.89682188512469
9.065308345213833
8.335365746353903
7.685297542643937
7.099210620982628
6.56510386375305
6.073690319226436
5.617632591172617
5.191026344451635
4.789040221769196
4.407658076895333
4.043490116611489
3.693631552877734
3.355554631831743
3.0270244472371104
2.7060318596343764
2.3907387502754602
2.0794321053136873
1.7704842698891325
2.4702013261643936
1.9483137688403964
1.4224416032992284
0.8898353207193002
0.3476012195226792
-0.20736573548966808
-0.778459476550466
-1.369455312928221
-1.984623247584988
-2.62887018982907
-3.3079223461330605
-4.02856399319818
-4.798956508316549
-5.629073804791174
-6.531310606898323
-7.521354944952674
-8.619479791218756
-9.852532816379505
-11.257166084701353
-12.885435217654654
-14.815150538706398
-17.16938560617575
-20.15002600527081
-24.079070332812574
-29.397923113399983
-36.49208473462589
-45.165466640045544
-53.79087346433036
-58.72956953120399
-55.10356619330605
-39.43808723276358
-12.814413716888566
18.275384907478553
44.89905842335114
60.564537383889814
64.19054072178375
59.25184465490669
50.62643783061961
41.95305592519865
34.85889430397211
29.540041523384367
25.610997195842447
22.630356796747332
20.276121729277925
18.346406408226176
16.718137275272838
15.313504006950975
14.080450981790218
12.982326135524143
11.992281797469783
11.09004499536261
10.259927698887982
9.489535183769615
8.768893536704484
8.089841380400488
7.445594438156398
6.830426503499634
6.239430667121876
5.668336926061087
5.11336997104876
4.571135869852139
4.038529587272199
3.5126574217310402
2.990769864407047
3.4857563077346234
2.7493083961231806
2.007237705822089
1.255664337179863
0.4905049164290127
-0.29262214852994894
-1.0985061198824737
-1.93247443085605
-2.800552589843993
-3.709664860447879
-4.667891638010178
-5.684806388639707
-6.771925841415536
-7.943324442721723
-9.216492708594902
-10.613568424114902
-12.163159306148685
-13.903150858950548
-15.885264441637798
-18.18296218615439
-20.906073716822096
-24.228407928675015
-28.43536171912536
-33.98284261062352
-41.497282951170845
-51.52874191990081
-63.8067774106938
-76.03454300099739
-83.06075214891432
-77.96906207788159
-55.824416726858956
-18.14975984393594
25.855859070775644
63.53051595369522
85.67516130471235
90.76685137573936
83.74064222781752
71.51287663751074
59.23484114671591
49.20338217798499
41.68894183743724
36.141460945938874
31.934507155488415
28.61217294363543
25.889061412967724
23.591363668451084
21.60925008576381
19.86925853296194
18.319667650928167
16.922591935408146
15.649423669534933
14.478025068228748
13.390905615452905
12.373990864823377
11.415764087261065
10.506651816657172
9.638573657669237
8.80460534669566
7.998721375343148
7.215594310384184
6.45043488963333
5.698861520991125
4.956790830690023
4.220342919078572
4.135746685726672
3.261972739303323
2.3815275293408127
1.4898076676213128
0.5819683497756216
-0.34718905598738026
-1.3033468702183955
-2.2928259378321023
-3.3227753497134387
-4.401410543758811
-5.538318674635455
-6.744858382078908
-8.034693930686245
-9.424524241699455
-10.935101302102291
-12.59269094468433
-14.431235382046404
-16.495684669798564
-18.84740500355557
-21.573559656587328
-24.80447370696406
-28.746438611420498
-33.73834101436654
-40.321915612946654
-49.24230399974387
-61.155380595574485
-75.74362949578615
-90.2815652418233
-98.64848712980371
-92.62076985612529
-66.3261422983596
-21.569978649737877
30.713037588962507
75.46920123758007
101.76382879533921
107.79154606901076
99.42462418102468
84.88668843498358
70.29843953476973
58.385362938938016
49.46497455214026
42.88139995355991
37.889497550613754
33.94753264615724
30.716618595780474
27.990463942748715
25.63874360899169
23.57429432123948
21.7357498838774
20.078160241295357
18.567583180892495
17.177752869879278
15.887917321271928
14.681377613828472
13.544469482951827
12.465834288906436
11.435884877025106
10.446405809411402
9.490247995180408
8.561090589417393
7.653251271571699
6.761531409852209
5.881086199889685
5.007312253466347
4.135746685726669
3.261972739303314
2.3815275293407927
1.489807667621291
0.5819683497755692
-0.34718905598744687
-1.30334687021847
-2.292825937832177
-3.322775349713538
-4.401410543758932
-5.538318674635587
-6.74485838207906
-8.034693930686402
-9.424524241699636
-10.935101302102506
-12.592690944684577
-14.43123538204665
-16.495684669798866
-18.847405003555895
-21.573559656587662
-24.804473706964437
-28.74643861142092
-33.738341014366995
-40.32191561294722
-49.242303999744564
-61.15538059557529
-75.74362949578715
-90.28156524182452
-98.64848712980503
-92.62076985612654
-66.32614229836048
-21.569978649738204
30.71303758896284
75.469201237581
101.76382879534054
107.79154606901211
99.42462418102588
84.88668843498459
70.2984395347706
58.385362938938684
49.46497455214087
42.881399953560376
37.889497550614166
33.94753264615763
30.716618595780826
27.990463942749017
25.63874360899196
23.574294321239737
21.73574988387763
20.07816024129556
18.567583180892694
17.17775286987945
15.887917321272084
14.681377613828605
13.544469482951955
12.46583428890655
11.435884877025192
10.44640580941147
9.490247995180473
8.561090589417454
7.653251271571743
6.761531409852233
5.881086199889706
5.007312253466358
3.485756307734614
2.7493083961231406
2.007237705822023
1.255664337179767
0.49050491642888927
-0.29262214853009505
-1.0985061198826669
-1.9324744308562662
-2.800552589844247
-3.709664860448144
-4.667891638010509
-5.684806388640058
-6.771925841415921
-7.943324442722162
-9.216492708595384
-10.613568424115456
-12.163159306149273
-13.90315085895121
-15.885264441638535
-18.182962186155237
-20.906073716823023
-24.22840792867607
-28.435361719126597
-33.98284261062494
-41.49728295117254
-51.52874191990289
-63.80677741069642
-76.03454300100044
-83.06075214891767
-77.96906207788479
-55.82441672686133
-18.149759843936806
25.85585907077649
63.530515953697545
85.6751613047155
90.76685137574268
83.7406422278206
71.51287663751332
59.23484114671801
49.203382177986676
41.688941837438634
36.14146094594008
31.93450715548947
28.612172943636374
25.88906141296856
23.591363668451823
21.609250085764486
19.869258532962547
18.3196676509287
16.922591935408633
15.649423669535384
14.478025068229133
13.39090561545325
12.373990864823696
11.415764087261348
10.506651816657422
9.638573657669465
8.804605346695842
7.998721375343305
7.215594310384307
6.450434889633419
5.698861520991185
4.956790830690055
4.220342919078579
2.470201326164375
1.9483137688403414
1.4224416032991352
0.8898353207191532
0.34760121952249845
-0.2073657354898777
-0.7784594765507191
-1.369455312928514
-1.9846232475853358
-2.628870189829467
-3.3079223461335143
-4.02856399319869
-4.7989565083171115
-5.6290738047918065
-6.531310606899023
-7.521354944953463
-8.6194797912196
-9.852532816380462
-11.257166084702408
-12.885435217655859
-14.815150538707735
-17.169385606177272
-20.15002600527255
-24.079070332814595
-29.397923113402463
-36.49208473462892
-45.165466640049246
-53.79087346433474
-58.729569531208796
-55.103566193310584
-39.43808723276687
-12.814413716889774
18.275384907479772
44.8990584233545
60.564537383894375
64.1905407217885
59.25184465491111
50.626437830623324
41.9530559252017
34.85889430397458
29.54004152338644
25.61099719584422
22.630356796748863
20.276121729279282
18.346406408227395
16.71813727527392
15.313504006951941
14.080450981791095
12.982326135524936
11.992281797470497
11.090044995363264
10.259927698888568
9.489535183770137
8.768893536704958
8.089841380400914
7.445594438156771
6.830426503499967
6.23943066712216
5.668336926061324
5.113369971048936
4.571135869852288
4.038529587272306
3.5126574217311006
2.9907698644070653
1.4623172677829948
1.1533694323583992
0.8420627873965818
0.5267696780376274
0.20577709043484416
-0.12275309415982827
-0.46083001520587397
-0.8106885789396656
-1.1748565392235635
-1.556238684097474
-1.9582248067799648
-2.3848310535009993
-2.840888781554869
-3.3323023260815563
-3.8664090833111904
-4.452496004972588
-5.102564208682623
-5.832506807542658
-6.66402034745362
-7.627916377055749
-8.770233549551872
-10.163722268410185
-11.927499360774416
-14.251005555299574
-17.392814323514823
-21.57648680324534
-26.68116388070851
-31.74412579010384
-34.6240359633158
-32.45840475003993
-23.214478639984943
-7.534523371391439
10.767324909074343
26.447280177666464
35.691206287719226
37.856837500992775
34.976927327778895
29.91396541838223
24.809288340918286
20.625615861187352
17.483807092971944
15.160300898446682
13.396523806082419
12.00303508722407
10.86071791472794
9.89682188512581
9.065308345214813
8.335365746354794
7.6852975426447365
7.099210620983353
6.565103863753706
6.073690319227028
5.617632591173143
5.191026344452109
4.78904022176962
4.407658076895707
4.043490116611822
3.6936315528780117
3.3555546318319793
3.0270244472372987
2.7060318596345168
2.390738750275564
2.0794321053137415
1.7704842698891532
0.7115334083448335
0.5612066680843372
0.40973219438675046
0.2563180143350534
0.1001306220548408
-0.05972436034184703
-0.22422452384172586
-0.3944573100644788
-0.5716526503965476
-0.7572239280373211
-0.9528205125206467
-1.160396533892633
-1.3823027731291835
-1.6214120801710221
-1.8812945739342517
-2.1664689433928443
-2.482774463462718
-2.8379440111063428
-3.2425336325949905
-3.711530992424994
-4.267314927043658
-4.945184883142963
-5.802737136050117
-6.931075914770247
-8.453536914334144
-10.474691174494438
-12.931424837106029
-15.355839569571781
-16.717574078116545
-15.646618366065653
-11.175800109857178
-3.6195515225428254
5.192565146927826
12.74881373424153
17.219631990449
18.290587702498783
16.928853193953152
14.504438461486751
12.047704798874802
10.026550538714307
8.504089539150325
7.375750760430153
6.518198507522971
5.840328551423655
5.2845446168049905
4.815547256974984
4.410957635486309
4.0557880878427
3.7394825677728063
3.454308198314223
3.194425704550997
2.9553163975091596
2.7334101582725987
2.525834136900615
2.330237552417287
2.1446662747765153
1.9674709344444576
1.79723814822169
1.632737984721817
1.472883002325128
1.316695610044909
1.1632814299932126
1.0118069562956316
0.8614802160351294
0.2715780351773006
0.21420229575248245
0.15638850600280826
0.0978343974673
0.03822185051168436
-0.022790486432587298
-0.08557572330613322
-0.1505488945218886
-0.21817941545131822
-0.2890067151495954
-0.3636602853910632
-0.4428859270371919
-0.5275808178340717
-0.6188413745334933
-0.718030111717761
-0.8268715397071335
-0.9475941204971894
-1.083148876462449
-1.2375637165726492
-1.416554788721582
-1.6286435932775774
-1.8872173295657428
-2.2139488335931397
-2.6426994168042617
-3.2184470323915946
-3.977559134265031
-4.89233698043374
-5.7846849751185445
-6.271113210509034
-5.84793838987086
-4.16444205139492
-1.3422163457073348
1.9426031482798316
4.764828853967188
6.448325192442766
6.871500013080574
6.385071777689801
5.492723783004776
4.577945936835927
3.818833834962414
3.243086219375056
2.8143356361639045
2.487604132136505
2.2290303958483264
2.0169415912923374
1.837950519143408
1.6835356790331908
1.5479809230679402
1.4272583422778755
1.318416914288505
1.2192281771042377
1.1279676204048252
1.043272729607932
0.9640470879618033
0.8893935177203329
0.8185662180220605
0.7509356970926423
0.6859625258768753
0.6231772890033354
0.5621649520590573
0.5025524051034385
0.443998296567932
0.3861845068182629
0.3288087673934371
0.06688505839984735
0.052755377222615224
0.03851782914811648
0.02409798298985505
0.009417504892163184
-0.005607658813921376
-0.02106938076618768
-0.03706985532348038
-0.05372466506906266
-0.07116662907532198
-0.08955073809309409
-0.10906061491456426
-0.12991714555552775
-0.1523902586701594
-0.17681537892248517
-0.20361702403617518
-0.23334372712751553
-0.2667217722803886
-0.30474200958289155
-0.3488080843379107
-0.401000377819799
-0.46453893396020485
-0.5444855048981394
-0.6483737455947426
-0.7854329996648506
-0.9615039423754175
-1.1666043392231895
-1.3573290675489504
-1.4478492136580556
-1.331013684135471
-0.9366246493248103
-0.2959918264111447
0.44385591732033536
1.0844887402339616
1.478877775044573
1.595713304567114
1.505193158457994
1.3144684301321676
1.1093680332843658
0.9332970905737814
0.7962378365036604
0.6923495958070479
0.6124030248691154
0.5488644687287069
0.49667217524682816
0.45260610049180783
0.4145858631892929
0.38120781803642595
0.35148111494508516
0.32467946983138735
0.30025434957907127
0.27778123646444797
0.25692470582347093
0.23741482900199903
0.21903071998422405
0.20158875597796408
0.18493394623239784
0.16893347167509604
0.15347174972283262
0.13844658601674342
0.12376610791905056
0.10934626176078599
0.09510871368629753
0.08097903250905343
-0.006697802940002303
-0.005281629466868869
-0.003854632169382215
-0.0024093418495593766
-0.000937896963142182
0.0005681391282010752
0.002117989336152107
0.003721914728305904
0.005391523289878658
0.007140157602291407
0.00898339231320022
0.010939685782818223
0.013031251369472798
0.015285247586234889
0.01773544228225165
0.020424602785646555
0.023408043328449542
0.02675913722758353
0.030578558648451562
0.0350119221536155
0.04028948876117866
0.04682513148839635
0.05545202871859761
0.06787552175836262
0.08719742547502807
0.11767004329758896
0.1620073261184734
0.21531230009529972
0.25883447588721564
0.2619543448400983
0.19861239500249755
0.07035183130032
-0.08516002769828851
-0.2134205914004444
-0.27676254123801486
-0.2736426722850669
-0.23012049649307978
-0.176815522516256
-0.13247823969536407
-0.10200562187280082
-0.08268371815612201
-0.07026022511637389
-0.061633327886166364
-0.05509768515895003
-0.04982011855138159
-0.04538675504621864
-0.0415673336253516
-0.03821623972622148
-0.035232799183411934
-0.032543638680030795
-0.03009344398400973
-0.02783944776722851
-0.02574788218058763
-0.02379158871097466
-0.021948354000069434
-0.020199719687657283
-0.01853011112606582
-0.01692618573392916
-0.015376335525967802
-0.013870299434632779
-0.01239885454821513
-0.010953564228398192
-0.009526566930898712
-0.00811039345777972
-0.024335084982332576
-0.019192875631816392
-0.014011396512106932
-0.008763549883211735
-0.0034208164053475335
0.002047406851580464
0.007674571212484414
0.013497888357787445
0.019559447860855894
0.025907619847418316
0.03259885415110129
0.039700035961262356
0.04729163375668332
0.05547199662689401
0.06436335869293736
0.07412045427023711
0.08494327888796391
0.0970967825009352
0.11094304394713689
0.1269981811803615
0.14604248499664113
0.16934465589291353
0.1990925377205715
0.23903527123322676
0.29483822047966224
0.3725108313360912
0.47235219264326783
0.5779822813295438
0.647412344389102
0.6205899587127897
0.4518226693336972
0.15082040158627363
-0.20461978151855342
-0.5056220492659464
-0.6743893386449882
-0.7012117243212156
-0.6317816612615768
-0.5261515725752912
-0.4263102112680922
-0.34863760041166403
-0.29283465116522367
-0.2528919176525675
-0.22314403582491124
-0.19984186492863648
-0.18079756111235196
-0.16474242387912202
-0.15089616243293036
-0.138742658819958
-0.12791983420222017
-0.11816273862493865
-0.10927137655888484
-0.10109101368866387
-0.09349941589325185
-0.0863982340831034
-0.07970699977941559
-0.07335882779285774
-0.06729726828977063
-0.061473951144481204
-0.055846786783565486
-0.05037856352664735
-0.04503583004877852
-0.03978798341988871
-0.034606504300172744
-0.029464294949671274
-0.02406583608076715
-0.018980713703249164
-0.013856759451318038
-0.008667177819644874
-0.003383767667471796
0.0020237323279916966
0.007588399865322889
0.013347030696911216
0.01934124354411512
0.02561886688352244
0.03223571769804538
0.03925793034309809
0.04676506859012785
0.05485437379352284
0.06364670036549476
0.07329503150720071
0.08399709139833256
0.09601480025693696
0.1097060059514133
0.12558031510127163
0.14440586105525957
0.1674225264939152
0.19674104270636159
0.23591465364667036
0.2901920985901052
0.3649197934593635
0.45978886032782407
0.558688766281095
0.6217459191232135
0.5928071253492284
0.4297816877850418
0.14253227918328265
-0.1957362192879879
-0.48298562788972016
-0.6460110654538592
-0.6749498592277726
-0.6118927063855921
-0.5129928004323144
-0.4181237335638283
-0.3433960386945649
-0.2891185937511192
-0.24994498281082192
-0.22062646659837037
-0.19760980115971036
-0.1787842552057162
-0.1629099460558643
-0.14921874036138738
-0.13720103150278848
-0.12649897161164333
-0.1168506404699576
-0.10805831389798033
-0.09996900869456757
-0.09246187044754889
-0.08543965780250298
-0.07882280698797778
-0.07254518364857884
-0.06655097080135068
-0.06079233996978066
-0.0552276724324307
-0.04982017243697823
-0.044536762284804354
-0.039347180653141064
-0.034223226401205134
-0.029138104023701296
-0.02020679677965609
-0.015937130429131714
-0.011634859722533246
-0.007277486398823814
-0.0028413320079856905
0.0016990116524264083
0.006371317442434837
0.011206479931291001
0.01623944308317372
0.0215103645954227
0.027066109319249323
0.03296220453789765
0.03926545276717266
0.04605749838662877
0.053439810829052595
0.061540833947499284
0.07052657424094014
0.08061693209601932
0.09211232738500247
0.10544048601605119
0.12124564864139162
0.14056585976159647
0.1651625861856323
0.19798778338949297
0.2433763331331214
0.30569569474013125
0.3845633086597068
0.4664701825804533
0.5182732776791134
0.49348325782585867
0.3573898569001358
0.11832708512312473
-0.1629995520796463
-0.4020623238566471
-0.5381557247823169
-0.5629457446355116
-0.5111426495368139
-0.4292357756160453
-0.3503681616964535
-0.2880488000894377
-0.2426602503458139
-0.209835053141952
-0.18523832671790663
-0.16591811559769742
-0.15011295297235036
-0.13678479434130972
-0.12528939905232742
-0.11519904119725483
-0.10621330090379813
-0.09811227778536782
-0.09072996534294249
-0.0839379197234747
-0.07763467149420476
-0.07173857627556339
-0.06618283155172938
-0.06091191003949106
-0.055878946887583734
-0.051043784398744685
-0.04637147860871496
-0.04183113494831689
-0.03739498055747887
-0.03303760723377792
-0.02873533652718161
-0.024465670176664202
-0.016646130007077025
-0.013128836688945189
-0.009584684442196643
-0.005995139575522515
-0.0023406961831737953
0.001399576573053625
0.005248557484000186
0.00923169693389968
0.01337778110424338
0.017719891124390534
0.02229663330916982
0.027153749858061366
0.0323462711961707
0.037941454041613955
0.04402288637031219
0.05069637676924605
0.05809867650114065
0.06641093199512202
0.0758806147112504
0.0868600435412544
0.0998797811348022
0.11579431794463424
0.13605246826712844
0.1630794614557478
0.2004313662799081
0.251680948867125
0.31648778697197866
0.3837273714788336
0.4261665775302688
0.40564406572559575
0.29369577472687325
0.09719775491069009
-0.13399841718641015
-0.33049643700258147
-0.4424447280012545
-0.4629672398058844
-0.4205280337544294
-0.35328844924756514
-0.28848161114268717
-0.2372320285554659
-0.1998801237313046
-0.17285313054269086
-0.15259498022018692
-0.1366804434103515
-0.12366070581679156
-0.11268127698679672
-0.10321159427067145
-0.09489933877669188
-0.08749703904478723
-0.08082354864586462
-0.07474211631716694
-0.06914693347171307
-0.06395441213360695
-0.05909729558472171
-0.054520553399937
-0.05017844337980208
-0.046032359209433965
-0.04204921975955113
-0.03820023884858523
-0.03445996609236754
-0.030805522700023034
-0.02721597783335026
-0.02367182558660895
-0.02015453226848684
-0.01393960912415351
-0.010994200822788031
-0.008026300680055857
-0.005020388463562687
-0.001960129803992735
0.0011720029128081209
0.004395168525034392
0.0077306793338751435
0.011202641050158273
0.014838755989456739
0.018671353275355303
0.022738737640822373
0.02708699179916759
0.031772436779625685
0.03686506941686075
0.04245349407425039
0.0486522264453583
0.05561295849009412
0.06354292172820214
0.07273714213249849
0.08363988517007376
0.09696658643729214
0.11393008189837288
0.13656011224503622
0.1678319487989199
0.21073314965064238
0.26497441258733656
0.32124089162328223
0.3567395050133294
0.33953696883315765
0.24581929418184295
0.08134613342530238
-0.11216331454632979
-0.27663647530286634
-0.3703541499541548
-0.3875566861342836
-0.35205807274421563
-0.29579159370825425
-0.24155033077153953
-0.1986491299198077
-0.16737729336592957
-0.14474726301926955
-0.12778376755818122
-0.11445706629096235
-0.10355432325337187
-0.09436010284908646
-0.08643013961097921
-0.07946940756624528
-0.07327067519513095
-0.06768225053774567
-0.06258961790051226
-0.05790417292005035
-0.053555918761706
-0.04948853439624468
-0.04565593711033536
-0.04201982217104845
-0.03854786045474336
-0.03521234964591759
-0.03198918403367293
-0.028857051316882213
-0.02579679265732054
-0.022790880440824966
-0.01982298029810014
-0.01687757199673931
-0.01192213473582093
-0.009403015290001898
-0.0068646592591767655
-0.004293792663062311
-0.001676445215686856
0.0010023739135901332
0.003759050689750439
0.006611812866330585
0.00958127731114119
0.012691136952860968
0.015969041879948312
0.019447752925569772
0.023166683174619875
0.027174002204336634
0.03152957604877264
0.03630918512460224
0.041610770900276636
0.04756407034758007
0.05434632123318861
0.06220984787405526
0.07153461023234955
0.08293247805382722
0.09744069377003708
0.11679508470992048
0.1435400104738097
0.18023019238678725
0.22661783044410588
0.27473645486619996
0.3050932221710559
0.29037897416527064
0.2102284589707123
0.0695677496512301
-0.09592477072092037
-0.23658548004038776
-0.31673599523491575
-0.33145024324067446
-0.3010934759357984
-0.252974851513701
-0.2065872134563662
-0.16989703154338445
-0.14315210577949922
-0.12379771483961677
-0.10928949912340102
-0.09789163130192124
-0.08856686894360699
-0.0807033423027579
-0.07392109141714742
-0.06796779196984704
-0.06266620619416764
-0.057886597118341154
-0.05353102327390895
-0.049523704244184626
-0.045804773995136994
-0.042326062949514215
-0.039048158022422855
-0.03593829838071529
-0.032968833935883915
-0.030116071759314255
-0.027359394983144616
-0.024680575853873805
-0.02206322840650316
-0.019492361810387625
-0.016954005779567266
-0.014434886333755935
-0.010387513175826316
-0.008192656225936509
-0.005981038842064086
-0.003741095683208585
-0.0014606547321810472
0.0008733452067511312
0.0032751808797587927
0.005760733743466093
0.008347966837809162
0.011057523307336198
0.013913494082932493
0.016944422974237767
0.020184649749323425
0.023676143510504205
0.027471064215527856
0.031635437653658414
0.03625459801119152
0.041441582113966244
0.04735081300197451
0.054202134556199336
0.06232659590514403
0.07225730272741757
0.08489797853976669
0.10176101670361526
0.12506329671462837
0.15703078378906088
0.19744771714691628
0.23937316788149177
0.265823273208627
0.2530036416407432
0.18316987586726435
0.06061381351151123
-0.08357814864050776
-0.20613421099625903
-0.27596797676968965
-0.28878760833759387
-0.26233750301044056
-0.22041205227585148
-0.17999511891796585
-0.14802763184353226
-0.12472535183251449
-0.10786231366868075
-0.09522163785630894
-0.08529093103404958
-0.07716646968509258
-0.0703151481308712
-0.06440591724285291
-0.05921893314008743
-0.05459977278255465
-0.050435399344419304
-0.04664047863940096
-0.04314898487821773
-0.03990875810313594
-0.03687782921182852
-0.0340218584362295
-0.03131230196671179
-0.028725068872351222
-0.026239516008654186
-0.023837680335635013
-0.02150368039671051
-0.019223239445690418
-0.016983296286835065
-0.014771678902958277
-0.012576821953080982
-0.0091916537996512
-0.007249479416702492
-0.005292474146284273
-0.0033104041085244736
-0.0012924985912284599
0.0007727999291441655
0.0028981245856971455
0.005097528478657944
0.0073869066479117645
0.009784525688925053
0.012311703054203057
0.014993696433183842
0.01786089220775507
0.020950427757481904
0.02430845808029837
0.02799340767773352
0.03208078652829546
0.036670617909616975
0.04189954658324126
0.04796210630426663
0.05515123315312068
0.06393865796415735
0.07512406505417998
0.09004574907903987
0.11066542267864551
0.13895289616227158
0.17471739150151355
0.21181710374060808
0.23522319467550531
0.2238800072909673
0.1620853304155739
0.053636787737955285
-0.07395736028153185
-0.18240590295914247
-0.2442005798345121
-0.25554376721900973
-0.23213767628409798
-0.19503796404501073
-0.15927346870575143
-0.13098599522214002
-0.11036632162253854
-0.09544463759768201
-0.08425923050764281
-0.0754718056966141
-0.06828267884773183
-0.0622201191267195
-0.05699119045310173
-0.05240135907177382
-0.048313980221215955
-0.04462903062378047
-0.04127100030096832
-0.03818146475123351
-0.03531426897667271
-0.032632275597685556
-0.03010509823240628
-0.027707479191401756
-0.02541810102213539
-0.02321869712918148
-0.02109337247262732
-0.019028073952248127
-0.017010168434962628
-0.015028098397195887
-0.013071093126779515
-0.011128918743845593
-0.00824086980959532
-0.006499594006923013
-0.00474502142700451
-0.0029679767848248724
-0.0011588034932718452
0.000692860457927439
0.0025983414269207233
0.004570238856743214
0.0066228035986300865
0.008772412744032902
0.011038178658427565
0.013442746362752707
0.016013359053548365
0.018783312594572922
0.021793987674308422
0.02509776530966016
0.02876234464309143
0.0328774024078983
0.037565448595847845
0.043000893969992716
0.049446372617658364
0.05732481892065565
0.0673531996118749
0.08073138799897607
0.09921821496176432
0.12457981268916134
0.15664523935756286
0.18990803132904915
0.2108937560884594
0.2007243253347464
0.14532130832341003
0.048089421697212933
-0.06630803551380317
-0.16353992214000376
-0.21894293915130852
-0.22911236990500622
-0.2081266451455938
-0.17486385317408654
-0.14279842650567331
-0.11743682877827877
-0.09895000181548125
-0.0855718134283869
-0.07554343273716242
-0.0676649864341651
-0.06121950778648563
-0.055784062412356075
-0.05109601622439483
-0.04698095845959231
-0.04331637912616418
-0.04001260149081358
-0.03700192641108019
-0.034231972870055236
-0.03166136017926099
-0.029256792474936216
-0.026991026560544383
-0.02484141741514204
-0.02278885267323976
-0.020816955243430926
-0.01891147427443143
-0.017059810323233747
-0.015250637031690351
-0.013473592389507105
-0.011719019809580997
-0.009977744006920558
-0.0074729526264115526
-0.005893936005369975
-0.004302861656940052
-0.00269140928798421
-0.001050822153140841
0.0006282961816031782
0.00235621663590292
0.004144364582444314
0.006005662916385036
0.00795496264026004
0.010009595145037315
0.012190095287665029
0.01452116762063497
0.01703300534649642
0.019763133108004406
0.02275905080870641
0.026082149052033224
0.02981374803446877
0.034064941605733576
0.03899388793404897
0.04483874732271405
0.05198304299782713
0.061076933106542705
0.07320849032329373
0.08997267727775926
0.11297110660461657
0.14204883746543656
0.17221254381961387
0.19124326993422022
0.18202176186930347
0.13178115235043952
0.04360883596735894
-0.060129766396103596
-0.14830208277917867
-0.19854269229802224
-0.20776420036290522
-0.1887334742482931
-0.15856976789410737
-0.12949203703327822
-0.10649360770643457
-0.08972942075196969
-0.07759786353522079
-0.06850397342648853
-0.06135967775138844
-0.05551481836269882
-0.05058587203439598
-0.04633467846314105
-0.042603079480695166
-0.03927998123737268
-0.036284063536671865
-0.03355393577517082
-0.031042098049303253
-0.028711025716336568
-0.02653052557370385
-0.02447589306893099
-0.02252659334505946
-0.020665295011109013
-0.018877147064576775
-0.01714922661027783
-0.015470108275527774
-0.0138295211406916
-0.012218068771734744
-0.010626994423299733
-0.009047977802273732
-0.006845095644120205
-0.005398743772250681
-0.00394134723236257
-0.0024652847810587956
-0.00096253539244883
0.000575507902924024
0.002158253087882504
0.0037961656038485118
0.005501082596291076
0.007286607322842284
0.0091686150328322
0.011165915293283955
0.01330113703774325
0.015601936704557237
0.018102686198790248
0.020846894582868876
0.023890794544950373
0.027308873909053295
0.031202892600379728
0.03571772055258182
0.04107150813899425
0.04761555569800008
0.05594539776925962
0.06705769619069815
0.08241342847936824
0.10347968446902096
0.1301145930800023
0.15774437070169534
0.17517657453851965
0.1667300453728653
0.1207103208576186
0.03994535994280178
-0.05507824700877481
-0.13584320792358748
-0.18186293243880003
-0.19030946160448015
-0.172877257767641
-0.14524748014592667
-0.11861257153492341
-0.09754631554527421
-0.08219058325659151
-0.07107828483516995
-0.06274844276389926
-0.0562043952049014
-0.05085060761848536
-0.046335779666284424
-0.04244176097495145
-0.03902368161085404
-0.03597978164877714
-0.03323557326469898
-0.030734823770470376
-0.028434024103655874
-0.026298802359194226
-0.02430150209873895
-0.02241949438875463
-0.02063396966220519
-0.01892905266975011
-0.017291140153795966
-0.01570839496883442
-0.014170351673464069
-0.01266760228485635
-0.01119153983356301
-0.009734143293657144
-0.008287791421803269
-0.006326902911726249
-0.004990043966611912
-0.0036429764671102047
-0.0022786561202520145
-0.0008896691153444884
0.0005319399441492123
0.00199486682893221
0.0035087847153817695
0.005084634641631294
0.006734990057697185
0.00847452440823375
0.010320623318249013
0.012294202640635441
0.014420825134121107
0.01673226064025009
0.0192687244427498
0.022082192225721282
0.025241512824295112
0.02884074256287299
0.03301378415636946
0.03796227312602325
0.044010915162784645
0.051710161853018466
0.06198122945255221
0.0761745097309136
0.09564605966917376
0.12026478687721504
0.14580316840007188
0.16191599346233573
0.1541090482311485
0.11157300116120208
0.03692169624291314
-0.05090898169435082
-0.12556028661263002
-0.16809633368257496
-0.1759032789137429
-0.15979045385146212
-0.13425207232858422
-0.10963334512053599
-0.0901617951822859
-0.07596851490392534
-0.06569744730438448
-0.057998200614149883
-0.05194955857739707
-0.047001069607733814
-0.042828028014242625
-0.03922879827566696
-0.03606947767709659
-0.03325600989412278
-0.030719546091628684
-0.028408110585504194
-0.02628148809201862
-0.02430790876961933
-0.02246180985960381
-0.020722275509071776
-0.019071920093007587
-0.01749607016674702
-0.015982152280309712
-0.014519225395524884
-0.013097616336038245
-0.011708629331125967
-0.01034430898427911
-0.008997241484765415
-0.007660382539663087
-0.005896239465471244
-0.00465037870041832
-0.0033950042642496518
-0.0021235513600570714
-0.000829110825856307
0.0004957312210478772
0.001859078641078659
0.003269946169437336
0.0047385301010992925
0.00627654802641292
0.00789767458592776
0.009618111985174625
0.011457352358390852
0.01343921843503672
0.015593317516560594
0.0179571274718554
0.020579086047327697
0.023523355593100433
0.02687759008104243
0.030766577531713333
0.035378228217918924
0.04101514538729827
0.04819031265726313
0.05776224377702399
0.07098942207601708
0.0891356223125381
0.1120787046849025
0.13587891734686236
0.15089518282485548
0.14361976545321659
0.10397897903529253
0.03440872362186084
-0.04744391402653392
-0.11701416943996307
-0.15665495585786776
-0.16393037322951043
-0.14891410775151162
-0.12511389508952417
-0.10217081271714526
-0.0840246124806284
-0.07079743418163642
-0.061225503061869066
-0.05405033579190404
-0.04841341862252914
-0.0438017679363176
-0.03991278048565731
-0.036558545997717705
-0.03361427645193846
-0.030992317876468792
-0.028628507921182503
-0.026474408839652408
-0.024492542763006896
-0.02265330238978527
-0.02093286499053926
-0.019311738431023642
-0.0177737205057155
-0.016305136574042957
-0.014894269045698502
-0.013530921625661073
-0.012206079578765447
-0.010911639044560772
-0.009640186140377711
-0.008384811704195683
-0.007138950939151838
-0.005536657078969252
-0.004366775224816136
-0.0031879598920945005
-0.0019940466389472998
-0.0007785476596542142
0.00046549879171474753
0.0017457023603505584
0.0030705280162631786
0.004449550231484954
0.0058937719967472645
0.007416034001657944
0.00903155035634388
0.010758624462048911
0.012619626212050702
0.014642357296639038
0.01686200998261901
0.0193240680189824
0.022088780780945082
0.025238456605693453
0.028890273216352187
0.033220681016307034
0.03851382884333794
0.045251416375623646
0.05423960348623626
0.0666601332062812
0.08369972642530898
0.10524371463886864
0.12759261926481605
0.14169328519420016
0.13486165193475166
0.09763827663129221
0.03231048796498375
-0.04455072674570759
-0.10987851541200822
-0.14710189071544622
-0.15393352397489246
-0.13983285804550083
-0.11748395341954238
-0.09593996520597597
-0.07890037198694766
-0.066479842266903
-0.05749165515628629
-0.05075406762400105
-0.04546091979697084
-0.041130511997013404
-0.037478695386361074
-0.034329019561616075
-0.031564306799650485
-0.029102248763287097
-0.026882596077309626
-0.02485986499271494
-0.02299886324272317
-0.02127178913700435
-0.019656272782321987
-0.01813401077741083
-0.01668978901215068
-0.015310766796920748
-0.013985941141023264
-0.012705737572378263
-0.011461691121017904
-0.010246192141717982
-0.009052278888581716
-0.007873463555847067
-0.006703581701705505
-0.00523573364662408
-0.00412943619961515
-0.003014690819219768
-0.0018856681083297723
-0.0007362328812181183
0.00044019822878427293
0.0016508212734593847
0.002903641141389618
0.004207711920286448
0.005573438574674939
0.007012963886550941
0.008540675059777757
0.010173880682034888
0.011933734813371082
0.013846528084658107
0.015945540014066725
0.01827378224323461
0.020888229502585832
0.023866716538101157
0.02732005225973784
0.03141509667584444
0.036420554711770504
0.04279194543656696
0.051291615085098836
0.06303708416886945
0.07915058763103433
0.09952370696700516
0.12065804008579366
0.13399245034394164
0.12753219612105499
0.09233188705978512
0.03055451901207839
-0.042129487250000375
-0.10390685529770664
-0.13910716435895032
-0.14556741858182834
-0.13223300832368678
-0.11109867520487514
-0.09072555586890138
-0.07461205240673635
-0.06286658332296444
-0.05436691367443046
-0.04799552294963936
-0.04299006491370455
-0.03889502049759652
-0.03544168477597305
-0.032463197740453587
-0.02984875048110292
-0.027520508251937366
-0.025421496322528526
-0.023508703051237305
-0.02174884891990396
-0.020115643297638337
-0.018587932124414876
-0.017148406812538645
-0.015782680158152994
-0.01447860937925078
-0.013225789511329581
-0.012015166466648953
-0.010838735356646444
-0.00968930012953776
-0.008560277418651155
-0.007445532038243718
-0.006339234591246793
-0.004983967553704554
-0.003930867681263295
-0.0028697261043146988
-0.0017949937392366978
-0.0007008304180105692
0.00041903065697667264
0.001571439506713239
0.002764016095035753
0.0040053791328265535
0.00530543324909164
0.006675737325087162
0.008129986737903829
0.009684657769756862
0.011359887260322653
0.013180701620789943
0.015178780078667332
0.017395066000766866
0.01988379440461205
0.02271905723245224
0.026006334965571018
0.029904463867692764
0.03466922780211201
0.0407342419318791
0.04882519583031218
0.060005877922693504
0.07534456997899593
0.0947380808122219
0.11485623742242383
0.12754955093842657
0.12140000212426774
0.08789228773421616
0.02908538253369481
-0.04010375548435248
-0.09891066068487706
-0.1324183750748778
-0.13856792388904599
-0.12587461037303582
-0.10575645376282931
-0.0863629429295952
-0.07102425087328262
-0.05984356878091221
-0.051752614882472875
-0.0456876007527033
-0.04092283681829174
-0.0370247079161644
-0.03373743018305357
-0.03090216735521257
-0.02841343895136545
-0.026197153029271846
-0.024199074571389857
-0.0223782602109176
-0.020703030720357177
-0.019148359688501683
-0.017694110275687125
-0.016323806199688193
-0.01502375208342609
-0.013782389045634062
-0.012589812457314983
-0.011437403607572396
-0.010317542532583057
-0.009223379211361007
-0.008148646846282883
-0.007087505269329239
-0.0060344053968930415
-0.004774022505216216
-0.0037652835181256486
-0.0027488415763951717
-0.001719381346774687
-0.000671308673315189
0.00040137925810282936
0.0015052439171395603
0.0026475842830655585
0.003836656010768459
0.005081946504927437
0.00639452773835036
0.007787518181377566
0.00927670006581623
0.010881361982501244
0.01262547612382493
0.014539387252709715
0.01666231402475968
0.01904620684190564
0.021762036565220175
0.024910840361349055
0.02864476358729804
0.03320881537826479
0.03901834544451727
0.046768475625521846
0.057478187300721365
0.0721707703579341
0.09074739144023877
0.11001816160431568
0.12217686268195807
0.11628640297439773
0.08419012951018956
0.02786027591436853
-0.03841451001837883
-0.0947443636142032
-0.12684063707839047
-0.13273109678594064
-0.12057239570829867
-0.10130162554421268
-0.0827250044618893
-0.06803242140468184
-0.05732270972947256
-0.049572579548467166
-0.0437630494822272
-0.03919899769125612
-0.03546507446530221
-0.032316270669184494
-0.029600440945858314
-0.027216548128713915
-0.025093621356671703
-0.023179710227781404
-0.021435596086454903
-0.019830934169772788
-0.01834175228533439
-0.016948761842311078
-0.015636180608890098
-0.014390890114728914
-0.013201818387032866
-0.012059478021103904
-0.010955613362067728
-0.00988292543064303
-0.00883485275719015
-0.007805392527563265
-0.006788950585828855
-0.005780211598740097
-0.004600200953171414
-0.0036281900416601457
-0.0026487566394680718
-0.0016567789442241392
-0.0006468664827603571
0.00038676499699691336
0.001450438062061593
0.002551185936318932
0.003696963686736359
0.004896913282046475
0.006161703564984252
0.007503975362779259
0.00893893627648754
0.010485172599423373
0.012165783696134868
0.014010009475634348
0.016055640639699102
0.01835273607055388
0.020969682568466187
0.024003838512939905
0.027601809608302975
0.0319996841843054
0.03759768926906856
0.045065638411232935
0.05538541522468018
0.06954305847665851
0.08744334202771771
0.10601252322295474
0.11772859224618096
0.1120526390769368
0.08112495460748206
0.02684595677966082
-0.03701591254543288
-0.09129491037325341
-0.12222259484267117
-0.127898548011908
-0.11618247898867096
-0.09761329779343635
-0.07971301424237348
-0.06555537099038189
-0.05523559417694619
-0.047767645034776124
-0.0421696399500169
-0.0377717653740154
-0.0341737942786505
-0.031139638334179293
-0.028522691836261216
-0.026225596405406032
-0.024179965241351624
-0.022335739461841635
-0.02065512836512765
-0.019108892042198306
-0.017673931128491027
-0.016331659330701492
-0.015066869047763332
-0.013866919452452497
-0.012721141702044012
-0.011620393827782322
-0.01055672076272406
-0.009523089282952903
-0.008513176821500192
-0.007521199126241747
-0.006541765724052835
-0.005569754812539088
-0.004458070903953853
-0.003516091728694353
-0.0025669193919260085
-0.0016055903371932963
-0.0006268806382275591
0.00037481524370690245
0.0014056245302134533
0.0024723631428956545
0.003582740364636493
0.004745615708864529
0.005971328387806232
0.007272128670535347
0.008662754295307117
0.010161217302392615
0.011789903364479439
0.01357714897619441
0.015559577233430204
0.017785700365219054
0.020321792243548197
0.023262203187069508
0.026749009251909272
0.031011004425231727
0.036436050242424224
0.043673266159336005
0.053674201568853525
0.06739443540781392
0.08474169054819602
0.10273719442108398
0.11409132903026087
0.10859077095355477
0.07861861789859634
0.026016566127492327
-0.03587230597294902
-0.08847435774404705
-0.11844651079898551
-0.12394706887567856
-0.11259293426649916
-0.09459743039359683
-0.07725017525321934
-0.0635299414142467
-0.053529006004736646
-0.04629179008782074
-0.04086674427063647
-0.03660474909730827
-0.033117943032466596
-0.030177532088952193
-0.027641440210609894
-0.025415317078822962
-0.023432888821599784
-0.021645643209873
-0.020016957147787055
-0.018518494140703546
-0.017127868515930334
-0.015827068233209035
-0.014601355554269588
-0.013438480210039542
-0.01232810298831321
-0.01126136437562554
-0.010230555089129453
-0.009228859207175874
-0.008250149508222178
-0.00728882045347152
-0.006339648116711987
-0.005397668941445695
-0.0043441983304804265
-0.003426280154388896
-0.0025013525520447537
-0.0015645787513564012
-0.0006108682610537989
0.00036524127502980674
0.0013697205705533637
0.002409211447628466
0.0034912262704611128
0.004624398253334548
0.005818802513236382
0.007086376409650218
0.008441481233516443
0.009901668941834234
0.01148875340762548
0.013230347322994832
0.015162138314882929
0.017331399456278297
0.019802711771898344
0.02266801556626815
0.02606575780815354
0.03021888836328957
0.03550536170435419
0.04255771743487711
0.052303201475044137
0.06567298851465639
0.0825771637901888
0.1001130433036473
0.11117719867027889
0.10581716324853581
0.07661056963567872
0.025352067389979624
-0.03495606191083603
-0.0862145641565332
-0.11542115776937835
-0.12078119319110671
-0.10971703782447445
-0.09218115831098908
-0.0752769830354679
-0.06190719599584126
-0.052161711955673595
-0.045109356225156966
-0.03982288288409584
-0.03566975232895332
-0.03227201008706808
-0.029406706292701514
-0.026935393977068404
-0.024766132835678082
-0.022834341843798643
-0.021092747928419975
-0.01950566346262051
-0.018045475754315074
-0.01669037093044469
-0.015422797034037834
-0.0142283927741374
-0.013095220791262869
-0.012013205968442735
-0.010973715091362028
-0.009969235795853756
-0.008993126259752475
-0.008039415769460634
-0.0071026419687482585
-0.006177714366416989
-0.005259796190316955
-0.004255954144646043
-0.003356681751029411
-0.0024505423145823194
-0.0015327973132338835
-0.0005984596595657605
0.00035782204499483494
0.0013418972301397613
0.0023602728017047252
0.0034203085241180046
0.004530462243888133
0.00570060442057523
0.006942429928164315
0.008270008334286979
0.009700535059988698
0.01125538086909596
0.012961597551713996
0.014854147804527708
0.01697934443168463
0.01940045660670274
0.022207557023421955
0.025536280334268607
0.029605047574432074
0.03478413585351635
0.04169323639317339
0.05124076135204634
0.0643389734806454
0.08089978849404267
0.0980794862527809
0.10891892413888854
0.1036677842148043
0.07505445248414214
0.024837120390402638
-0.03424602789001634
-0.08446335998375658
-0.11307669171439373
-0.1183278316384867
-0.10748839375235766
-0.09030869599361409
-0.07374788098023444
-0.060649668851617954
-0.051102143892738344
-0.04419304335307901
-0.039013955073991906
-0.03494518783383758
-0.031616464522982814
-0.028809364106269636
-0.02638825193124051
-0.024263055304085755
-0.022370505051277387
-0.020664288368655047
-0.019109442559543298
-0.01767891583384887
-0.01635133742771896
-0.015109511920138728
-0.013939369743451963
-0.012829216023685737
-0.01176918030127827
-0.010750804729714205
-0.009766729544578735
-0.008810447840005065
-0.007876110186340535
-0.0069583651849704255
-0.0060522257485415365
-0.0051529533549086876
-0.004191375214772036
-0.003305748192202701
-0.0024133583259580444
-0.0015095389953562978
-0.0005893787860615177
0.0003523924994160328
0.0013215355326629923
0.0023244584849653263
0.0033684094450794197
0.0044617179217349475
0.005614104601949519
0.006837086903788536
0.008144520905732276
0.009553341108433831
0.011084593999223253
0.012764920888545769
0.014628753954145533
0.01672170325562853
0.01910607792680777
0.021870583905662225
0.025148797733852014
0.02915582615487681
0.0342563278225026
0.04106059123217216
0.05046324556198496
0.06336271332374373
0.07967224970058304
0.09659128549358523
0.10726626960646504
0.10209482120412636
0.07391565127669056
0.02446027055173699
-0.03372640931338454
-0.08318179003832932
-0.1113609599657602
-0.11653240836809925
-0.10585742425522623
-0.08893838846219913
-0.07262885208536134
-0.059729384323586536
-0.05032672999377033
-0.04352246658410479
-0.0384219649164766
-0.03441493649544647
-0.031136722667259704
-0.028372216688405692
-0.025987842017214234
-0.023894892715742327
-0.022031059650142064
-0.020350732760815192
-0.01881947987002015
-0.01741065966732963
-0.016103225665376766
-0.014880243363547556
-0.013727856683329348
-0.012634548206679294
-0.011590597246568822
-0.010587674294265596
-0.009618531261028171
-0.008676759975541352
-0.007756599766248853
-0.006852780435620683
-0.005960390569394054
-0.005074763546814451
-0.004149065745837997
-0.0032723786112017804
-0.0023889968998981534
-0.0014943010980893187
-0.0005834293693596573
0.0003488352841820594
0.0013081953834238862
0.0023009944128592605
0.003334407295897992
0.00441667945963224
0.00555743346623611
0.006768070471950772
0.008062306685921564
0.009456905664450711
0.010972701442233918
0.012636066400281344
0.014481085142099198
0.016552907317946085
0.018913213083081727
0.02164981293325259
0.024894935020619
0.028861514700909356
0.033910529644913076
0.0406461080610438
0.049953849064061855
0.06272310756801569
0.0788680162686011
0.09561627667814745
0.10618351702926784
0.10106427903351242
0.07316955432429488
0.024213373558664746
-0.033385976092804526
-0.08234215685843546
-0.11023688156763603
-0.11535611956338598
-0.10478887921223598
-0.0880406188027145
-0.07189571010213876
-0.0591264515981567
-0.049818710595160534
-0.043083132179015576
-0.03803411723501263
-0.03406753755471355
-0.03082241546734641
-0.028085815617175037
-0.0257255098520439
-0.02365368767619462
-0.021808668934377003
-0.02014530397632945
-0.018629508198547216
-0.017234909220016414
-0.015940673006040674
-0.014730036000330092
-0.013589281993724577
-0.012507009829995787
-0.011473596946955673
-0.010480797917529322
-0.00952143781828297
-0.008589173164737217
-0.007678301436005401
-0.006783605634178674
-0.005900223922891364
-0.0050235367882371235
-0.0041281299236049975
-0.0032558664772725076
-0.002376942234574159
-0.0014867609913391594
-0.0005804854435921209
0.00034707508201105037
0.0013015943319008788
0.0022893837818460713
0.003317582151162033
0.004394393261159285
0.0055293911193137245
0.006733919352478463
0.008021624958839648
0.009409186907024532
0.010917334104632886
0.01257230585944876
0.014408014786244108
0.016469382712804105
0.01881777855952295
0.021540569734212867
0.02476931717101319
0.028715881766786806
0.0337394197462716
0.040441011046351664
0.04970178646663554
0.06240661402699969
0.07847006062384979
0.09513381684544508
0.10564774267652886
0.1005543396813734
0.07280036589768803
0.024091202402502516
-0.033217520786082776
-0.0819266842812802
-0.10968065806492602
-0.1147740610601148
-0.10426013522901638
-0.08759637900739811
-0.0715329324105557
-0.05882810485018099
-0.04956732942989339
-0.042865738129803634
-0.03784220015032999
-0.03389563555454981
-0.030666888117731175
-0.02794409694306623
-0.0255957010963261
-0.023534333169774452
-0.021698624242980347
-0.020043652488168813
-0.018535505290562297
-0.017147943342379783
-0.01586023773600851
-0.014655709502842632
-0.01352071164468539
-0.012443900534690973
-0.011415702165373855
-0.010427912715436543
-0.009473393465544967
-0.008545832939939704
-0.007639557392181574
-0.006749376148932744
-0.00587045190625264
-0.0049981884599068875
