0.005611313060193629
0.005103182379362318
0.004591171497784729
0.0040726029285174025
0.0035446587333935594
0.0030043151211697735
0.0024482668893288963
0.0018728373300571548
0.0012738678297564343
0.0006465793059628093
-1.460551784970756e-05
-0.0007162948000812948
-0.0014664385157394828
-0.0022747528987101355
-0.0031533134555669536
-0.004117405752677973
-0.005186785412950766
-0.006387621444594601
-0.0077556640771748175
-0.009341808905460451
-0.011222696185388526
-0.01352174337694699
-0.016448168448621917
-0.02035210248655304
-0.025746777333284898
-0.033147542926910786
-0.042504484513730525
-0.05221074428381046
-0.058334379107202246
-0.05536666137229643
-0.039199461315494406
-0.010826334689574169
0.022555807035791263
0.05092893366172951
0.06709613371851823
0.0700638514534206
0.063940216630016
0.05423395685993551
0.04487701527309595
0.03747624967946895
0.03208157483273008
0.028177640794803484
0.025251215723127305
0.02295216853158163
0.021071281251646503
0.019485136423355223
0.01811709379078003
0.016916257759136993
0.01584687809885961
0.014882785801754542
0.014004225244902007
0.013195910861920667
0.012445767146259966
0.01174407786402539
0.011082893040213695
0.010455604516420683
0.00985663501610863
0.009281205456843527
0.008725157225001863
0.008184813612768111
0.007656869417663628
0.007138300848386138
0.006626289966819557
0.006118159285988748
0.00563977085013211
0.005129063181514626
0.004614455633669924
0.004093257140753218
0.0035626354734106047
0.003019551505188911
0.002460683271220676
0.0018823354172076432
0.0012803282391030497
0.0006498584172464836
-1.4679610105866082e-05
-0.0007199275147472574
-0.0014738755901202612
-0.0022862893461675377
-0.0031693055306545887
-0.004138287231058114
-0.005213090261487481
-0.006420016347103704
-0.007794997026214133
-0.009389186013046065
-0.011279612248579684
-0.013590319108238887
-0.016531585601134876
-0.02045531844238896
-0.025877352133208027
-0.033315649795238066
-0.042720042994530055
-0.052475524560519
-0.058630211428037274
-0.05564744070108938
-0.03939825061666301
-0.010881236175485524
0.02267019457526346
0.0511872090164379
0.06743639910086775
0.07041916982780891
0.06426448296027892
0.05450900139428231
0.04510460819498198
0.03766631053295796
0.032244276842118356
0.028320544000877707
0.0253792775079813
0.023068570648317868
0.02117814441278853
0.01958395542595549
0.01820897474684585
0.017002048661224838
0.015927245630800543
0.014958263930396752
0.014075247745910078
0.013262833989857229
0.012508885914484801
0.011803638009835887
0.011139099982483039
0.010508630160631714
0.009906622982507775
0.00932827512850503
0.008769406894540647
0.008226322926313728
0.007695701258975894
0.007174502766059486
0.006659895218222295
0.006149187549604403
0.005697281559109481
0.005181366023092734
0.004661510839372596
0.004134997500320708
0.003598964895311596
0.0030503429068171745
0.002485775694673362
0.0019015302216984793
0.0012933841618756213
0.0006564852143095762
-1.4829344753063828e-05
-0.0007272689147101528
-0.0014889052690416522
-0.0023096035003346655
-0.0032016241194436747
-0.004180486877259437
-0.0052662500655469985
-0.006485483618934718
-0.007874485484816514
-0.009484931014457406
-0.011394634647458279
-0.013728904679886012
-0.016700164390928376
-0.020663908884821985
-0.026141232402183013
-0.03365537906661167
-0.04315566776065714
-0.053010622161622
-0.05922806236687816
-0.056214870784077525
-0.03979998607753847
-0.010992187142422404
0.022901361663063082
0.05170916059819062
0.06812404530471047
0.07113723688749149
0.06491979668224915
0.05506484228127463
0.045564553587231355
0.038050406922795287
0.03257308340543145
0.028609338911537406
0.025638079200490868
0.023303809168062288
0.02139410553506378
0.01978366000541444
0.01839465813953675
0.01717542458614876
0.01608966139786513
0.015110798640049716
0.014218778020942695
0.013398079789643328
0.012636443435311456
0.011924003865349336
0.011252689306288855
0.010615790358725244
0.010007644298881926
0.00942339882592292
0.008858831613779
0.00831020962527812
0.0077741770202748835
0.007247663681222634
0.006727808497507225
0.006211892961491744
0.005785062855759295
0.005261198306957826
0.0047333334099498164
0.004198707771427417
0.003654416197935274
0.0030973412687903996
0.002524075438385515
0.001930828152377195
0.0013133120288147011
0.0006666000044469331
-1.5057893524498059e-05
-0.0007384744403571486
-0.0015118457763496369
-0.002345188991738036
-0.0032509535028431152
-0.004244898183298052
-0.005347390376079589
-0.0065854093965587454
-0.007995812459705518
-0.009631071116038965
-0.011570198748964658
-0.013940434362593818
-0.01695747413554308
-0.020982290293577233
-0.026544005247572493
-0.03417392372686914
-0.043820582034935676
-0.053827366193404384
-0.06014058942325185
-0.057080964869973966
-0.040413172848010714
-0.011161536445517446
0.023254202478684795
0.05250583888116826
0.0691736309031358
0.072233255456402
0.06592003222652953
0.05591324806805563
0.04626658975999762
0.038636671280698615
0.03307495632669316
0.02905014016865936
0.026033100395713563
0.023662864782087505
0.021723737149157478
0.020088478492822037
0.01867807542967567
0.017440056409193598
0.016337564216419014
0.015343619535959623
0.014437855024860077
0.013604511809466438
0.012831140473474365
0.01210772392663996
0.01142606602866526
0.010779354004306737
0.010161837880720725
0.00956859059473009
0.00899532476432074
0.008438249835171947
0.007893958261678923
0.00735933262316504
0.006831467726158124
0.006307603177362493
0.005905012026067044
0.00537028551066965
0.004831475702566613
0.004285764973574459
0.0037301878930182664
0.0031615624026039785
0.0025764103035750144
0.0019708624469790695
0.0013405425548649345
0.0006804214046023929
-1.5370198496849827e-05
-0.0007537862881309143
-0.0015431929462496972
-0.0023938149610485387
-0.0033183598796216436
-0.00433291332610348
-0.005458264948014901
-0.006721953461151529
-0.008161600294520134
-0.009830764969301554
-0.011810099171994031
-0.01422948013247247
-0.01730907629683085
-0.021417344119153574
-0.02709437610835361
-0.03488249137684394
-0.04472915677867374
-0.054943408836681557
-0.06138751456417264
-0.05826444108652956
-0.041251062993366915
-0.01139294388122336
0.02373634276465371
0.05359446187679384
0.07060783996994888
0.07373091344758895
0.06728680772006597
0.057072555662065996
0.047225890260240176
0.03943777499173512
0.033760743002528334
0.029652475180210875
0.02657287901585485
0.024153498055377857
0.022174163852685815
0.020504999177900073
0.019065352344534034
0.0178016638313956
0.016676312209488137
0.015661758763002784
0.014737213844434091
0.013886591829633851
0.013097185171514049
0.012358769081877784
0.011662977478775548
0.011002856328521935
0.010372536436388363
0.009766988579809186
0.009181836480771043
0.008613210990358462
0.0080576339097991
0.007511923180812992
0.0069731133727078155
0.006438386857318235
0.006059797529379632
0.005511054451648111
0.00495812104748325
0.004398105831329132
0.0038279656408530625
0.0032444350077162013
0.0026439445604945003
0.002022523729720658
0.001375681523749229
0.0006982568908240729
-1.5773210755846978e-05
-0.0007735450982525966
-0.0015836441507448354
-0.0024565631752551794
-0.0034053428175784715
-0.004446490349188223
-0.005601340370449916
-0.006898153462099092
-0.008375537215044495
-0.010088455096539342
-0.012119672902723713
-0.014602472299056358
-0.017762792858313323
-0.021978748857944687
-0.027804588847011022
-0.03579684506187463
-0.045901604156157225
-0.05638357712258629
-0.06299657584808377
-0.059791625605224524
-0.042332294903023426
-0.011691556761150407
0.02435850778237791
0.05499924592423951
0.07245857662644346
0.07566352686928776
0.06905052814377052
0.05856855517733833
0.048463796083063476
0.04047153986819613
0.034645699879121375
0.03042974387949103
0.02726942332023357
0.024786623923904592
0.022755406117717408
0.021042488236223705
0.01956510448328026
0.018268291391628763
0.01711344137036707
0.01607229383875357
0.015123514196435667
0.014250595171927038
0.01344049611943399
0.012682724231938584
0.011968694130348456
0.011291269497437157
0.01064442729144438
0.010023006460688662
0.009422516013456166
0.008838985380320767
0.008268845189840763
0.00770882997369634
0.007155896569529549
0.006607153491804742
0.0062529930509301855
0.005686755200578486
0.005116193429642594
0.00453832406747163
0.00395000693096033
0.0033478724435104914
0.0027282374365258403
0.002087004752512684
0.0014195402199079542
0.0007205182444245508
-1.627623983085913e-05
-0.0007982070673698055
-0.0016341333330256828
-0.0025348823716064136
-0.003513910586118877
-0.004588251527316382
-0.005779919978655513
-0.007118077516935845
-0.008642562611623068
-0.0104100910662796
-0.012506067404677742
-0.015068022540008398
-0.01832909927252166
-0.02267946626308682
-0.028691040830575158
-0.03693809513047555
-0.047364992872031296
-0.058181120057871946
-0.06500492073847436
-0.06169777499995691
-0.04368182947096676
-0.01206426843813898
0.02513506105169111
0.05675262208451528
0.07476856761349054
0.07807571335199319
0.07125191267137522
0.060435785485530455
0.05000888774398275
0.04176183344408258
0.03575025887658176
0.03139989188601841
0.02813881515350646
0.02557686001817873
0.023480883679779303
0.02171335522512182
0.02018887013043656
0.01885071259215234
0.017659044140815955
0.016584703199616555
0.015605674985111255
0.014704925946533848
0.013868999680876355
0.013087068853336766
0.01235027436907176
0.011651252393600573
0.010983787860977085
0.01034255517698076
0.009722920169983083
0.009120785682536695
0.008532468546019658
0.007954599183861072
0.0073840374129173015
0.0068177995625718175
0.006489266419053002
0.005901632891217896
0.005309512060419304
0.0047098075158965086
0.004099260420508205
0.0034743738758034977
0.002831325542018483
0.0021658634476119827
0.0014731783154571998
0.0007477433197780239
-1.6891446228380416e-05
-0.000828368065130757
-0.0016958803794791125
-0.00263066484342395
-0.003646686320980327
-0.004761621989724662
-0.005998318480638609
-0.007387039267082836
-0.00896912815362776
-0.010803444009639418
-0.012978618460455007
-0.01563737914707534
-0.01902167823333893
-0.023536426550893892
-0.029775149750248593
-0.038333815180265955
-0.0491546790550878
-0.06037946615289079
-0.06746106964123334
-0.06402893978338062
-0.04533226940535026
-0.012520082630017849
0.02608476357315561
0.05889695034847223
0.0775936207264952
0.08102575058433444
0.07394414709598264
0.06271935999816866
0.05189849612336303
0.043339830693344156
0.03710110749397844
0.03258635917641983
0.029202060090158924
0.026543299403543955
0.02436812495272358
0.02253380909671279
0.020951720210171394
0.019562999423722607
0.018326302932806966
0.017211367264063672
0.01619534578650901
0.015260561322573245
0.014393049008219798
0.013581572389321513
0.01281693762330055
0.012091502627634159
0.0113988174954664
0.010733355401071287
0.010090307067275595
0.00946542052257316
0.008854873427180054
0.008255168882669719
0.007663048051860403
0.007075414524033745
0.006774641985020015
0.006161166340421769
0.005543006056420407
0.004916928552540424
0.004279531678962871
0.003627164755406668
0.002955837348445612
0.002261110499073974
0.0015379634342346992
0.0007806262767875785
-1.7634525547916696e-05
-0.0008647971288423375
-0.0017704596905609195
-0.0027463528073129167
-0.0038070554724297977
-0.004971022248806132
-0.006262104489536118
-0.007711896560872191
-0.00936356044174753
-0.011278543440474968
-0.013549374942259166
-0.01632505930050003
-0.019858188790178657
-0.024571480058850587
-0.03108455751365887
-0.04001959194784556
-0.051316293543529165
-0.06303466435436898
-0.07042764293770765
-0.06684455254237232
-0.04732569151707654
-0.013070619395158942
0.027231828263106217
0.06148690038501665
0.08100576141029608
0.0845888518056227
0.07719587322226881
0.06547750241142027
0.05418080081575159
0.04524576638156225
0.03873268892674865
0.034019397658070535
0.030486268168390465
0.027710583810160894
0.02543975230836555
0.023524769309642625
0.021873105428766824
0.020423313357428714
0.019132231116696628
0.017968264340323455
0.016907561675211156
0.01593166855846385
0.015026005996741771
0.014178843393450588
0.013380582591100032
0.012623245433661138
0.011900098368813037
0.011205371519451484
0.010534044112478155
0.009881677188925648
0.009244280315345887
0.008618202811477325
0.00800004252746258
0.007386566882872592
0.007116864351724588
0.006472398839344198
0.00582301204166282
0.005165308083469834
0.00449571295435663
0.0038103915588407963
0.0031051518855313865
0.002375330740033977
0.001615653723308283
0.0008200594909507919
-1.8525657068022526e-05
-0.0009084828962644155
-0.001859895238711812
-0.0028850858568738955
-0.003999370208263641
-0.0052221350967058535
-0.006578436738763114
-0.008101465508551592
-0.009836563741638028
-0.011848282805720398
-0.014233826285173239
-0.0171497255718093
-0.020861332547698005
-0.02581271649968849
-0.03265479916106311
-0.04204117386285992
-0.05390849676893599
-0.06621876777822774
-0.07398514129758706
-0.07022101568441513
-0.04971618667615798
-0.013730816516005105
0.02860738164873703
0.06459275180887254
0.08509758081711755
0.08886170643027266
0.08109533291091178
0.06878506190160569
0.056917738995547695
0.047531364293750454
0.04068928163236445
0.03573789768037397
0.03202629070448436
0.029110391417858053
0.026724847938394948
0.024713128874319357
0.022978030641234645
0.02145500187143927
0.020098700229380394
0.018875935340940665
0.017761650989549772
0.016736460371398233
0.01578504802894407
0.014895090789751516
0.01405650564171938
0.013260911409369533
0.012501234392638678
0.011771413247147162
0.011066173573829989
0.010380852178313603
0.009711257049198486
0.009053553091015425
0.008404166293320893
0.007759700780947942
0.007525905649631343
0.006844399492942953
0.006157689199876106
0.005462183717140395
0.004754103617899952
0.004029393384347041
0.0032836200689623524
0.0025118524599113626
0.0017085130116100541
0.0008671920032750167
-1.9590826869524992e-05
-0.0009606983635453269
-0.0019667931415648376
-0.0030509066100476495
-0.004229234485848477
-0.0055222778345060805
-0.0069565329867617475
-0.008567097946926562
-0.010401921124833114
-0.01252926402040852
-0.015051917063039629
-0.018135408345036724
-0.022060340649283777
-0.027296304868240837
-0.034531630426451014
-0.04445746752548488
-0.05700682082549862
-0.07002455275799635
-0.07823721776555687
-0.07425670493065813
-0.052573402026056135
-0.014519907628552367
0.030251502369786534
0.06830499676727692
0.08998829967187105
0.09396881250674775
0.0857561474991911
0.07273841556667579
0.06018906226666846
0.05026322516764019
0.04302789960941618
0.03779193539046092
0.033867003086212696
0.030783511804226362
0.028260858761586995
0.026133515866018715
0.02429869268811173
0.022688127727940724
0.02125387257568484
0.019960829227028486
0.018782501351231294
0.01769838788275209
0.01669229310472585
0.01575118556805242
0.014864402737900281
0.01402308172956785
0.013219742281261906
0.012447974672217362
0.011702201356827325
0.010977491123271904
0.010269411024030888
0.009573905541304488
0.00888719524822357
0.008205689091540026
0.008014681300243666
0.0072889141673677564
0.006557604910833599
0.005816929253186446
0.0050628623093038685
0.004291085172083958
0.003496876992154169
0.0026749862955451204
0.0018194732976798212
0.0009235119922910298
-2.086369537060255e-05
-0.0010230922589938574
-0.00209452872278132
-0.0032490508772554565
-0.004503906288134178
-0.005880927486553868
-0.007408331640225779
-0.009123496240204174
-0.011077483776447869
-0.013342989104044045
-0.016029478552201274
-0.01931323065000199
-0.02349307190739008
-0.029069089544337
-0.0367743119113656
-0.04734476569511487
-0.06070909053282362
-0.07457217723642598
-0.08331811639230974
-0.07907902891100312
-0.05598753877010552
-0.015462802255474825
0.03221609739087012
0.07274083390548969
0.09583232404636491
0.10007141152766129
0.09132547237177717
0.07746238566815994
0.06409806083046254
0.053527607046711154
0.045822384679677336
0.04024636704272822
0.03606652578533702
0.032782773687545855
0.03009628423938199
0.027830778911794928
0.025876791375551076
0.024161626775569288
0.022634222621892908
0.021257201423473454
0.020002346012598225
0.018847823858124172
0.01777638739433532
0.01677415883070955
0.015829783143044597
0.014933821837657908
0.014078308839790131
0.013256418143184538
0.012462209963253819
0.011690432826028786
0.010936365882144455
0.010195690224506445
0.009464380967962996
0.008738613835092196
0.008600076510489479
0.007821299029904307
0.007036574626046327
0.0062417996942161534
0.005432655369523375
0.004604507289537605
0.0037522897914121674
0.0028703678305167703
0.0019523677768905519
0.0009909650485967186
-2.2388276299295864e-05
-0.0010978200853499183
-0.0022475147816890407
-0.0034863637999799253
-0.004832874481848354
-0.006310474025288129
-0.007949440606671871
-0.009789881808883879
-0.011886589789364986
-0.014317569140337933
-0.01720028177839291
-0.020723881796303027
-0.025209021794085983
-0.031192313437709496
-0.03946031899802879
-0.05080281071181621
-0.06514319778344027
-0.08001872944738651
-0.08940333970830312
-0.08485455295993644
-0.06007651916006212
-0.016592064763588474
0.03456902666718931
0.07805348106365177
0.10283151486351322
0.10738030161187014
0.09799569135094266
0.08312015968697511
0.06877977261536117
0.05743728090158024
0.049169275341249874
0.043185983697623456
0.03870084369984054
0.03517724368194007
0.03229453104387925
0.029863551692913187
0.02776684371243339
0.025926402510215642
0.024287435928832243
0.022809836385390064
0.021463325703526895
0.020224476685234957
0.019074781988891475
0.01799935017983799
0.016985996854943425
0.016024594126645232
0.01510659407302127
0.014224672112126902
0.013372454614005321
0.012544306534013332
0.011735162209319173
0.010940387277498074
0.010155662873629942
0.009376885393046798
0.009304449141272219
0.00846188732476388
0.007612891512525778
0.006753022001211258
0.005877606196713613
0.004981630167047314
0.004059613354813607
0.003105459186468487
0.002112272010396765
0.001072127336655692
-2.4222860627117274e-05
-0.0011877359778843643
-0.0024315943633699266
-0.0037719091129513396
-0.005228703386244222
-0.006827323155080516
-0.00860052649329938
-0.01059170595290216
-0.012860141396541904
-0.015490226336283398
-0.01860904334881877
-0.022421238981316788
-0.027273727856844433
-0.03374706898082627
-0.042692237526972224
-0.054963671741833725
-0.07047848354810786
-0.08657220740668448
-0.09672526589904222
-0.09180382013169208
-0.06499647867009962
-0.017950811372900194
0.03740014163938371
0.08444580893657416
0.1112531503981298
0.11617459616548402
0.10602153767312142
0.08992781381453525
0.07441300200825796
0.062141567793392305
0.05319639924724774
0.046723058123259616
0.04187056924773096
0.038058373615235154
0.03493955660270327
0.032309471662962705
0.030041036219332386
0.02804985675972039
0.026276653421502847
0.024678033652661056
0.023221239379376684
0.02188092462978762
0.020637066244302497
0.019473553127041295
0.018377202929760493
0.01733705825602077
0.016343871079949557
0.01538971691160395
0.014467700099374304
0.013571724069702758
0.012696308265202072
0.011836438753898072
0.010987442941653543
0.01014488112514748
0.010157886962239357
0.009238042221163908
0.008311173333300587
0.007372433368453913
0.006416721143957751
0.005438562830366462
0.004431975171988057
0.003390302393437227
0.002306016346441172
0.0011704656749972082
-2.6445913225429246e-05
-0.0012966808720141186
-0.0026546306894086897
-0.004117884239015265
-0.005708301290794889
-0.007453552660749492
-0.00938940114194605
-0.01156321945633051
-0.014039724911428204
-0.016911052040372944
-0.02031594012413629
-0.024477806842408342
-0.02977538652956263
-0.03684248535832435
-0.046608120851770074
-0.060005077935595424
-0.07694283277025614
-0.09451251460417433
-0.10559660363790772
-0.10022360989545262
-0.07095752322483952
-0.019597060711255665
0.040830354187727604
0.09219081670129661
0.12145690337189727
0.12682989711433074
0.11574580808059684
0.09817612624665592
0.08123837141199998
0.06784141432816748
0.05807577883473154
0.051008680005964355
0.04571110031881032
0.041549233600542364
0.03814434551678143
0.03527301838783366
0.03279651293274681
0.03062269461835415
0.028686846137160396
0.026941594767198734
0.025351177715427338
0.023887924165814624
0.022529974348420308
0.021259739389622834
0.020062827801406967
0.018927277129958515
0.01784299108296813
0.016801318304413573
0.015794730646044284
0.01481657233244612
0.013860860107950176
0.01292212014311011
0.011995251255241517
0.011075406514164391
0.011201706796723892
0.01018733909117442
0.009165225438429786
0.008130020838342026
0.007076099911257648
0.0059974263375009804
0.004887402022404907
0.003738687243319919
0.0025429802594351715
0.0012907407010062585
-2.9165220244563306e-05
-0.001429929221703827
-0.002927421663912435
-0.004541038858508364
-0.0062948868943529575
-0.00821948005540803
-0.01035425614478111
-0.012751455950357246
-0.015482447213618987
-0.018648832368731258
-0.022403607802346796
-0.02699314978490513
-0.03283511044168057
-0.0406284202582734
-0.051397545168677894
-0.06617108705632062
-0.0848491738693056
-0.10422400559435682
-0.1164467487936961
-0.11052144003450123
-0.07824815309951987
-0.021610476912107778
0.04502569408590384
0.10166337027331102
0.1339366572082634
0.1398619659674457
0.12763922276808376
0.10826439104303016
0.08958630423003731
0.07481276234239745
0.06404363743199391
0.05625032761540057
0.05040836695862903
0.04581882497606773
0.042064049542453866
0.03889766438733329
0.036166673124090776
0.033769473318503634
0.03163469722913051
0.02971010406806964
0.027956256032239585
0.0263426388376323
0.024845146395425656
0.0234443823939605
0.022124476472712977
0.02087223691428496
0.019676529930403166
0.018527815151309544
0.017417790836224217
0.016339117262462795
0.015285196335377182
0.014249991735295986
0.013227878082548765
0.012213510377001458
0.012494095112555378
0.011362695312546921
0.01022265587932853
0.009068015135128985
0.007892498673856246
0.006689373737181852
0.0054512809769297725
0.00417003385150712
0.002836372808145438
0.0014396567579715337
-3.253264760181597e-05
-0.0015949091207831407
-0.0032651740669014297
-0.005064961651566512
-0.007021159212483068
-0.009167801635570051
-0.011548876890638753
-0.014222653102879795
-0.017268732175822817
-0.020800439134442815
-0.024988422672982416
-0.030107484970422295
-0.036623463367180795
-0.04531591934974942
-0.05732749151379439
-0.07380540489049756
-0.09463819867920388
-0.11624795358002121
-0.12988039659480305
-0.12327118898398073
-0.08727463827549324
-0.024103241020446052
0.050219971085304516
0.11339136834035411
0.14938791904882054
0.15599712665960858
0.14236468364481358
0.12075492874397661
0.09992213495527763
0.08344422157856346
0.07143264941452356
0.06274019343195142
0.05622421503518663
0.05110515273776042
0.0469171691992188
0.043385462240595925
0.04033938316765994
0.03766560695540895
0.03528453170034661
0.03313788927725065
0.031181691716347187
0.029381904131674637
0.027711639185559304
0.026149262712370697
0.024677073306801266
0.023280357256625497
0.0219466962132656
0.020665449087835755
0.019427356327595215
0.01822423139091609
0.017048714929643948
0.015894074185445667
0.014754034752229837
0.01362263495221705
0.014119611235489032
0.012841012911040407
0.011552650908337195
0.010247787915382557
0.00891933320469598
0.007559678063154414
0.006160505665985234
0.004712564373837614
0.0032053899330521003
0.0016269568102961415
-3.676901656278833e-05
-0.001802415570220454
-0.003689987279023324
-0.005723933002573888
-0.007934638236847954
-0.010360565960777893
-0.013051427192154675
-0.01607307104677195
-0.01951545610515864
-0.023506651734701345
-0.028239509239424497
-0.03402458413358482
-0.041388319396750695
-0.05121168974700219
-0.06478596102834085
-0.08340754425631257
-0.10695038331615414
-0.13137102771623585
-0.1467764045137559
-0.1393069350152026
-0.09862746064406872
-0.02723840691095134
0.05675299565577816
0.12814204938888912
0.16882152375998144
0.17629099325853198
0.16088561646098054
0.1364649720608948
0.11292213300104288
0.09430054977307134
0.08072627849173744
0.07090290814148467
0.06353917287831876
0.05775409798415984
0.053021240479435364
0.049030044849880924
0.045587659791516626
0.04256601593689072
0.039875154705512415
0.0374492269815797
0.03523852174731881
0.03320457602375651
0.031317004314955606
0.029551357761295572
0.027887631934436264
0.02630919881168396
0.024802024370900917
0.0233540830787403
0.0219549106815826
0.02059525554003639
0.019266800829350873
0.017961937836394985
0.01667357583369324
0.015394977509242552
0.01620560246135353
0.014738107202882262
0.013259405800105166
0.011761765584027651
0.010237048257007109
0.008676521009188767
0.007070638303463335
0.005408781679612134
0.003678940912616597
0.0018673138355932584
-4.2206939988532685e-05
-0.0020687060397256516
-0.004235143324385168
-0.006569579706806697
-0.009106889817880999
-0.011891219147150255
-0.014979623027889442
-0.018447679179332294
-0.02239863682516316
-0.026979486718955975
-0.03241157298253265
-0.039051334392338106
-0.047502992298346314
-0.05877767266615064
-0.07435738900424575
-0.09573002177001316
-0.12275079716891954
-0.15077883397153222
-0.16845958009026446
-0.15988619800868115
-0.11319701828476333
-0.03126197174039112
0.06513696237437341
0.14707200891873023
0.19376118864261901
0.2023345707241765
0.18465382460543867
0.1566257878027987
0.12960501240388972
0.10823237963811476
0.09265266330003204
0.08137798293222466
0.07292632502620636
0.06628656361641064
0.060854477352832975
0.05627362745903777
0.05232266981322015
0.04885461366176747
0.045766209781029174
0.042981880451757666
0.04044457034069085
0.038110133958262515
0.03594369667360496
0.033917197573863786
0.03200767679828494
0.03019604972126536
0.02846620895427416
0.026804352330409273
0.02519846962469481
0.02363794237687247
0.02211322504985261
0.020615584833769497
0.019136883430993547
0.017669388172516586
0.01894792959123982
0.01723210287882128
0.015503173695072777
0.013752100832378924
0.011969368812612726
0.01014476704004225
0.008267134659088892
0.006324056327030224
0.004301489416530097
0.0021832961186221446
-4.9356696986246895e-05
-0.002418783219726422
-0.00495182866128405
-0.007681302514122884
-0.010647981048738889
-0.01390348027472155
-0.017514510755837143
-0.02156943998922694
-0.026188989941966747
-0.031545027071270715
-0.037896356384850935
-0.045659747903523416
-0.05554171084412453
-0.06872457680858893
-0.08694135268859024
-0.11193200546367907
-0.14352751439666836
-0.17630150007739187
-0.19697702612571055
-0.18695382586046588
-0.13236152184169403
-0.0365556872260162
0.07616303583647849
0.17196887045213888
0.22656117447086338
0.236584374736096
0.21590884868776128
0.18313486300702211
0.1515393540740264
0.12654870129892168
0.1083319254189306
0.09514905945446357
0.08526709651385256
0.07750370499518884
0.07115237568160956
0.06579633855230177
0.06117678859957701
0.05712185936617771
0.05351082888506511
0.050255329659082235
0.04728865112447367
0.04455917727162376
0.04202613183006741
0.039656705307331855
0.03742405249172326
0.035305859193818546
0.03328329228331883
0.031340213951249175
0.02946258157030143
0.027637979797728668
0.02585524777796397
0.024104174915261185
0.02237524573151741
0.020659419019090013
0.022626870435516953
0.020577898276195553
0.01851327964428038
0.016422217872949594
0.01429334993833024
0.012114482731599555
0.009872288376884593
0.007551940933322
0.005136671212657033
0.0026072080317882766
-5.893845522822114e-05
-0.0028884150612975314
-0.005913279401624186
-0.009172711451169747
-0.012715404874805224
-0.01660299784945148
-0.020915154080347553
-0.025757399530336633
-0.03127389764933504
-0.037669890494832284
-0.04525445482312179
-0.05452536518806387
-0.0663265935822127
-0.08207084378486498
-0.10382941787820865
-0.13368310902431957
-0.1714330219723923
-0.2105985618956432
-0.23531649002164823
-0.22335888859993216
-0.15814697579309064
-0.04368673389023707
0.09098426750065931
0.20544450940349557
0.27065642221030284
0.28261402363197796
0.25789609550595594
0.2187305555826798
0.18098064263460326
0.15112695148847982
0.12936837739514387
0.11362412719249365
0.10182289879833295
0.09255198843340176
0.08496742410510395
0.07857143125961163
0.07305493314062636
0.06821268769062735
0.06390053145973039
0.06001293848508715
0.05647024506146106
0.053210813011905195
0.05018594867158202
0.04735647206551258
0.0446903255785029
0.04216086239763067
0.03974559267696875
0.037425245233397006
0.035183050878686846
0.03300418367195146
0.03087531573733301
0.028784253965993867
0.02671963533408052
0.024670663174753957
0.02746684967535461
0.024979601839827694
0.02247336067732145
0.019935020060481288
0.01735078635436059
0.01470585827365728
0.011984057024657165
0.009167385292006325
0.006235486823845497
0.003164968157135954
-7.147136153723768e-05
-0.003506178606632278
-0.00717806873929943
-0.011134702920746788
-0.015435191233209761
-0.02015435749682685
-0.025388907380956116
-0.031266942096635726
-0.03796346904337072
-0.0457276570486911
-0.05493480348901658
-0.06618960723016604
-0.08051816286817948
-0.09963998391334358
-0.12607999202946954
-0.16238179700159186
-0.20832182478738637
-0.2560304372711826
-0.28620199765981325
-0.27175793044007607
-0.1924815059279067
-0.05322809356175163
0.11064275342591301
0.24989616579204244
0.3291725903041649
0.34361665752386894
0.313445097135213
0.26573648465139316
0.21979645686558838
0.18349465189345032
0.15705464377732514
0.13793282273216595
0.12360426709414238
0.1123494633530058
0.103142316912674
0.09537812890735498
0.08868160196063157
0.082803567244947
0.07756901736081595
0.07284985109720352
0.06854936278475154
0.06459272860329021
0.06092083847062493
0.05748613122553456
0.05424969170686918
0.05117917304015374
0.04824727457199411
0.04543060283933621
0.04270880159034036
0.04006387350963386
0.037479639803513404
0.034941299186662125
0.032435058024163216
0.029947810188627945
0.0327124429161424
0.02975022495802878
0.026765386391569813
0.023742318115642886
0.02066459220770974
0.01751458063240837
0.014273014737557155
0.010918460001533275
0.007426672388974612
0.003769790508463225
-8.470056105563256e-05
-0.00417532590226348
-0.008548433616175626
-0.013260669505908675
-0.018382434670958007
-0.024002846185435668
-0.03023708410372968
-0.03723772468375211
-0.045213225145175465
-0.05446044709962548
-0.06542685125560829
-0.07883469929386042
-0.09591351330622763
-0.11873300888185323
-0.15035032210585003
-0.19387912443875016
-0.24913858426329918
-0.30674372851720366
-0.34346897599436
-0.32660770797179695
-0.23164518771960402
-0.06432729583567315
0.1327069115734496
0.30002480345734484
0.39498732370948375
0.4118485917320087
0.3751233442548099
0.3175182000008913
0.26225874017630707
0.2187299378434131
0.18711262461941022
0.1642931290437883
0.14721431503141408
0.13380646699316748
0.12284006283717824
0.11359284088273491
0.10561734042131776
0.09861669984129362
0.09238246192299404
0.08676205040852555
0.08164028524348503
0.07692804935373893
0.07255494163982888
0.06846431629862287
0.06460982522911424
0.06095294334859744
0.05746115573604354
0.05410660100001387
0.05086503510516342
0.047715023529861345
0.04463729762192743
0.041614229345990836
0.038629390779540584
0.035667172821418215
0.03307863317997161
0.030083431331479896
0.0270653558501346
0.024008622996886463
0.020896620985786075
0.01771152439078926
0.014433848665601927
0.011041918948521013
0.007511219123365557
0.0038135748033134437
-8.389463579929618e-05
-0.004220148166921029
-0.008642056713581345
-0.013406906247082549
-0.018585895237240926
-0.024269152815179197
-0.030573171834426316
-0.0376522798460473
-0.045717380256722354
-0.055069101649984645
-0.06616194778603623
-0.07973490398559985
-0.09706229938291688
-0.12032775707956077
-0.1528307606354812
-0.1980707773188729
-0.2562209411163515
-0.31774006542098654
-0.35817287497959605
-0.34254516040253047
-0.244247207750106
-0.06893557206156262
0.13808046846320815
0.3133921041517257
0.411690056804077
0.427317771381098
0.3868849618224425
0.32536583751777565
0.26721567372027577
0.22197565703687633
0.18947265348094952
0.1662071957843203
0.1488798003869952
0.13530684418744154
0.12421399805138089
0.11486227665811975
0.10679717624745069
0.09971806823582927
0.09341404921657934
0.08773079163864904
0.08255180264849757
0.0777869531149803
0.07336504456832926
0.06922879103720696
0.0653313215981069
0.061633677278044724
0.0581029774528962
0.05471104773581235
0.05143337201062212
0.04824827541562684
0.04513627340452587
0.04207954055127182
0.039061465069933715
0.036066263221436065
0.009105194865300443
0.008281474395664599
0.007451458180209055
0.006610801711134318
0.0057549322672679655
0.004878942616267501
0.003977468178841829
0.003044540516958764
0.002073407736751128
0.001056308987222726
-1.581490485059317e-05
-0.001153700481820898
-0.002370268463927185
-0.003681316043189424
-0.005106484917647473
-0.006670651624015403
-0.008405991088532398
-0.010355183178379874
-0.012576789157985137
-0.015155514787018293
-0.018225315650843645
-0.022026993002660433
-0.027045371183416017
-0.03427287699027949
-0.04551472507726578
-0.063245830701808
-0.08904606574738075
-0.12006629943717277
-0.14539544799188944
-0.1472151840916741
-0.11036045855360031
-0.03572878939816154
0.0547608155501226
0.12939248470554215
0.1662472102435629
0.1644274741437261
0.13909832558897609
0.10807809189916313
0.08227785685357411
0.06454675122903131
0.05330490314204543
0.046077397335185566
0.04105901915442515
0.03725734180262032
0.03418754093878488
0.031608815309755
0.029387209330151563
0.027438017240310777
0.025702677775784617
0.024138511069427028
0.02271334219497395
0.02140229461569708
0.02018572663359933
0.01904784105662636
0.017975717164565294
0.01695861841502903
0.015987485634829008
0.015054557972943033
0.014153083535513977
0.013277093884514451
0.012421224440649725
0.011580567971571792
0.01075055175612186
0.009926831286483416
-0.09091305869833435
-0.08267812241032503
-0.07438032013216148
-0.0659762725678949
-0.057420325906632236
-0.04866349277282786
-0.039652228817840696
-0.03032697409176889
-0.020620365856219
-0.010454995779950543
0.0002594663338590514
0.011630037703576249
0.023785452894315634
0.03688302895457607
0.05111825456295273
0.06673854254676043
0.08406358281757513
0.10351665970688141
0.12567524810355024
0.15135740247609492
0.18177558723075116
0.21880649774156405
0.2654003121800723
0.32594823291071906
0.40583056789336075
0.5084538660945189
0.6280033367541236
0.7391824142386803
0.7919627582168801
0.7238817291735951
0.49401321769550405
0.12060293134748651
-0.3106431745681779
-0.6840534609161644
-0.9139219723942402
-0.9820030014374818
-0.9292226574592561
-0.8180435799746639
-0.6984941093150498
-0.5958708111138749
-0.5159884761312322
-0.45544055540056716
-0.4088467409620639
-0.37181583045124206
-0.34139764569659153
-0.315715491324045
-0.2935569029273778
-0.2741038260380642
-0.25677878576725266
-0.24115849778343731
-0.22692327217505692
-0.21382569611480995
-0.20167028092405803
-0.1902997095543436
-0.1795852474405248
-0.1694198773642664
-0.15971326912870637
-0.15038801440263477
-0.1413767504476548
-0.13261991731384737
-0.12406397065258365
-0.11565992308831724
-0.10736212081014869
-0.09912718452213903
-0.36914482936699217
-0.335711296754567
-0.30202250701053945
-0.2679023247115301
-0.23316537777034912
-0.19761275658069477
-0.16102704556292963
-0.12316639926007417
-0.08375728380007119
-0.04248536752809845
0.0010161617940495637
0.04718189104245962
0.0965346161282809
0.149713231784235
0.2075116909294989
0.27093488540415717
0.34128136516762275
0.42027072376432156
0.5102500675195802
0.6145502559420659
0.7381368542631632
0.8888107231738526
1.0792008864419975
1.3290388774029347
1.6645344313268295
2.106880538718534
2.639938536838672
3.1599307546409996
3.4433904484358084
3.1968085240953137
2.2158096133210736
0.571245367521396
-1.3428840614447577
-2.987448307244268
-3.9684472180182473
-4.215029142358426
-3.931569448563378
-3.4115772307608534
-2.8785192326406333
-2.4361731252488497
-2.1006775713249386
-1.8508395803639865
-1.6604494170958328
-1.5097755481851385
-1.386188949864038
-1.281888761441554
-1.1919094176862963
-1.1129200590895842
-1.042573579326125
-0.9791503848514607
-0.921351925706187
-0.8681733100502442
-0.818820584964414
-0.7726548557160053
-0.7291533263938536
-0.6878814101218852
-0.6484722946618725
-0.6106116483590187
-0.5740259373412584
-0.538473316151602
-0.5037363692104215
-0.4696161869114117
-0.4359273971673787
-0.4024938645549538
-0.9671610218529544
-0.8795680477366792
-0.7913063078435925
-0.7019143323199364
-0.6109064507293968
-0.5177615234981121
-0.42190992412609896
-0.32271801792784816
-0.21946914373854798
-0.11133974599496477
0.002631236275993376
0.12358244305095023
0.25288363635766054
0.3922087793145642
0.5436381223069209
0.7098046319978055
0.8941107588399205
1.101062323999058
1.336810162271581
1.6100873358701864
1.9339336053112164
2.328917297941187
2.8285985496265362
3.486061571686335
4.373170494372815
5.550854710637405
6.98233661199408
8.394980383528665
9.188418457725474
8.564381288893316
5.959325075067277
1.5564647624158745
-3.57815839965644
-7.981018712307317
-10.586074926132518
-11.210112094963767
-10.41667402076623
-9.004030249231127
-7.572548347874164
-6.39486413160941
-5.507755208922865
-4.850292186863026
-4.350610935177653
-3.955627242547681
-3.631780973106637
-3.3585037995080365
-3.122755961235507
-2.9158043960763598
-2.7314982692342427
-2.565331759543356
-2.413902416550989
-2.274577273594094
-2.145276080287376
-2.024324873512418
-1.910353891241455
-1.802224493497879
-1.6989756193085703
-1.5997837131103203
-1.5039321137383106
-1.4107871865070254
-1.319779304916484
-1.2303873293928276
-1.1421255894997393
-1.0545326153834609
-1.9876763652612233
-1.80766141796845
-1.626272060714958
-1.44255990618118
-1.2555268308379846
-1.0641018161531604
-0.8671141947782928
-0.6632617516011989
-0.4510716376766817
-0.22885131715890927
0.00537434427741057
0.2539454387315949
0.5196770582048951
0.8060094878563291
1.117218016112149
1.4587138810575613
1.8374897868721134
2.262806191149675
2.7473050436120756
3.308939336694472
3.9745344187338074
4.786479627697505
5.814180049861848
7.168014754182359
8.9986409968986
11.43631103282033
14.410592994000286
17.360538917419206
19.038482046350907
17.776588495524578
12.390485731940682
3.254408443522601
-7.409321152400207
-16.545398440817152
-21.93150120439922
-23.193394755223572
-21.515451626290258
-18.565505702870247
-15.59122374168967
-13.153553705767596
-11.322927463051215
-9.969092758730639
-8.941392336566263
-8.12944712760255
-7.4638520455631925
-6.902217752480789
-6.41771890001838
-5.992402495740804
-5.6136265899262545
-5.272130724980837
-4.960922196725008
-4.674589767073579
-4.408858147600264
-4.160287053146082
-3.926061391709759
-3.7038410711919947
-3.491650957267468
-3.287798514090375
-3.090810892715506
-2.899385878030685
-2.712352802687489
-2.5286406481537096
-2.3472512909002186
-2.1672363436074358
-3.3576599401414717
-3.0535748580847
-2.7471680881893303
-2.4368375905890063
-2.1208973094772623
-1.797538052536277
-1.4647822975202884
-1.1204303074762687
-0.7619941051910355
-0.38661461097522754
0.009044629933775639
0.42893657189141665
0.877816556431398
1.3614960249347412
1.8871969387603196
2.4640601510698175
3.1038979972212237
3.822353655330466
4.6407829742773465
5.589516898134137
6.713892650102093
8.085620385794442
9.822329941447384
12.11163309685929
15.210707716572525
19.344148642044118
24.397678029266114
29.423188088487073
32.30057761839256
30.1877392912529
21.06016494314224
5.5478908688866575
-12.56652728628314
-28.078801360536705
-37.20637570864414
-39.3192140357804
-36.44182450587212
-31.41631444664926
-26.3627850594262
-22.229344133954054
-19.130269514240574
-16.84096635882855
-15.104256803175538
-13.732529067483172
-12.608153315515178
-11.659419391658382
-10.84099007271149
-10.122534414602239
-9.482696568450823
-8.905833356141319
-8.380132442315734
-7.896452973812389
-7.447572989272401
-7.02768104731476
-6.6320218064057475
-6.256642312189944
-5.898206109904699
-5.55385411986069
-5.2210983648446945
-4.897739107903715
-4.581798826791962
-4.271468329191638
-3.965061559296271
-3.660976477239499
-4.7380706737445974
-4.308971866176648
-3.876596889562601
-3.4386850809980247
-2.992857221302277
-2.5365603313297234
-2.067003898781131
-1.5810838404787173
-1.0752893325789268
-0.5455858822698643
0.012734635336130395
0.6052502982352328
1.238671446730037
1.9211987017121803
2.6630230927517564
3.4770434295866943
4.379928296285865
5.393752078967932
6.548650772535358
7.8874278536650095
9.474076607231018
11.409868005090887
13.861088981282725
17.093370616746512
21.471690219598347
27.316509911694975
34.470215117801985
41.59452449828068
45.68808148106112
42.72120097336074
29.81861235405214
7.8676956226033115
-17.77185127220016
-39.722768003646095
-52.6253566229501
-55.5922371306456
-51.49868014786112
-44.37437076737973
-37.220665561271204
-31.375845869173766
-26.997526266321604
-23.765244630857644
-21.314023654665718
-19.378232256805802
-17.791583503239778
-16.452806422110093
-15.297907728542638
-14.284083945860573
-13.381199079161394
-12.567178742326456
-11.825354351286862
-11.142827096304714
-10.50940594780991
-9.916890284910814
-9.358569767304804
-8.82886631699574
-8.32307180909594
-7.837151750793538
-7.367595318244933
-6.911298428272375
-6.465470568576627
-6.027558760012052
-5.595183783398019
-5.166084975830056
-5.621581486908804
-5.112469820432742
-4.599471086293201
-4.079903081713989
-3.5509429407485174
-3.0095616368963007
-2.452448318286714
-1.8759200913895295
-1.2758114780928151
-0.6473356840802165
0.015093327501426224
0.7180937645170395
1.4696272270670496
2.279423484282052
3.1595738594449765
4.125382366654113
5.196625731047768
6.399494496728293
7.7697442200379365
9.358161343565397
11.240680804377273
13.537499400398332
16.44606926877946
20.28202673337477
25.479510167545527
32.420626145443926
40.92032280996371
49.39057204496897
54.265211382682395
50.75291615450973
35.43239563766859
9.355593505849356
-21.10658141580585
-47.183383547621645
-62.50390406445722
-66.01619929262404
-61.14155995490581
-52.67131071989735
-44.17161405537573
-37.23049807747639
-32.03301464330523
-28.197057178709727
-25.288487310328485
-22.991668714307387
-21.109149253495488
-19.52073212996799
-18.15048240665833
-16.947613640977796
-15.87637027658414
-14.91056176937498
-14.030411394212056
-13.22061513699705
-12.46908167444704
-11.766081237431411
-11.103652225849755
-10.475176431837156
-9.875067818540446
-9.298539591643262
-8.741426273033674
-8.200044969181466
-7.671084828215994
-7.151516823636774
-6.638518089497235
-6.129406423021166
-5.621581486908811
-5.112469820432732
-4.599471086293169
-4.079903081713941
-3.5509429407484623
-3.009561636896237
-2.452448318286634
-1.8759200913894354
-1.2758114780927157
-0.6473356840801072
0.015093327501560339
0.7180937645172056
1.4696272270672317
2.279423484282246
3.159573859445179
4.125382366654344
5.196625731048023
6.399494496728585
7.769744220038245
9.358161343565747
11.240680804377671
13.537499400398778
16.446069268779993
20.282026733375396
25.47951016754627
32.420626145444864
40.920322809964865
49.39057204497033
54.265211382683844
50.75291615451111
35.4323956376696
9.355593505849741
-21.106581415806225
-47.18338354762268
-62.503904064458624
-66.0161992926255
-61.141559954907166
-52.6713107198985
-44.171614055376665
-37.23049807747715
-32.03301464330586
-28.19705717871027
-25.288487310328946
-22.991668714307806
-21.10914925349584
-19.52073212996831
-18.15048240665863
-16.947613640978048
-15.876370276584371
-14.910561769375196
-14.030411394212253
-13.220615136997221
-12.469081674447203
-11.766081237431559
-11.10365222584989
-10.475176431837276
-9.87506781854055
-9.298539591643364
-8.741426273033749
-8.20004496918152
-7.671084828216042
-7.15151682363682
-6.6385180894972535
-6.12940642302118
-4.738070673744586
-4.3089718661766
-3.876596889562531
-3.4386850809979217
-2.9928572213021316
-2.5365603313295484
-2.0670038987809205
-1.581083840478474
-1.075289332578631
-0.5455858822695356
0.012734635336502542
0.6052502982356431
1.2386714467304971
1.9211987017126937
2.663023092752324
3.4770434295873223
4.379928296286554
5.393752078968687
6.548650772536219
7.887427853665962
9.474076607232085
11.409868005092092
13.861088981284112
17.093370616748153
21.471690219600298
27.31650991169741
34.470215117804926
41.59452449828422
45.68808148106501
42.721200973364425
29.818612354054814
7.867695622604306
-17.771851272201154
-39.7227680036488
-52.62535662295376
-55.592237130649494
-51.49868014786465
-44.37437076738268
-37.220665561273606
-31.375845869175727
-26.997526266323213
-23.765244630859023
-21.314023654666908
-19.378232256806868
-17.791583503240723
-16.452806422110935
-15.2979077285434
-14.28408394586127
-13.38119907916202
-12.567178742327016
-11.825354351287372
-11.142827096305187
-10.509405947810333
-9.91689028491118
-9.35856976730514
-8.828866316996033
-8.323071809096195
-7.837151750793755
-7.367595318245126
-6.911298428272527
-6.465470568576745
-6.027558760012144
-5.595183783398067
-5.166084975830083
-3.3576599401414646
-3.0535748580846533
-2.747168088189233
-2.436837590588861
-2.120897309477065
-1.7975380525360394
-1.4647822975199953
-1.1204303074759432
-0.7619941051906478
-0.3866146109747923
0.009044629934274795
0.4289365718919691
0.877816556432025
1.361496024935438
1.8871969387610954
2.4640601510706794
3.103897997222168
3.8223536553315376
4.6407829742785385
5.589516898135452
6.713892650103579
8.085620385796126
9.822329941449322
12.111633096861567
15.210707716575268
19.34414864204748
24.397678029270246
29.42318808849199
32.300577618397945
30.18773929125802
21.060164943145956
5.547890868888027
-12.566527286284527
-28.078801360540453
-37.20637570864929
-39.31921403578582
-36.44182450587705
-31.416314446653413
-26.36278505942958
-22.229344133956804
-19.13026951424286
-16.8409663588305
-15.10425680317724
-13.732529067484665
-12.608153315516521
-11.659419391659577
-10.840990072712561
-10.122534414603212
-9.482696568451708
-8.905833356142118
-8.380132442316455
-7.896452973813035
-7.447572989272992
-7.027681047315282
-6.632021806406219
-6.25664231219036
-5.89820610990507
-5.553854119861015
-5.221098364844962
-4.897739107903928
-4.581798826792145
-4.271468329191772
-3.9650615592963603
-3.6609764772395414
-1.9876763652612122
-1.80766141796839
-1.6262720607148489
-1.4425599061810257
-1.2555268308377732
-1.0641018161529023
-0.8671141947779859
-0.6632617516008426
-0.4510716376762596
-0.22885131715843943
0.0053743442779365935
0.2539454387321842
0.5196770582055636
0.8060094878570685
1.1172180161129708
1.458713881058475
1.8374897868731193
2.2628061911507995
2.7473050436133244
3.30893933669586
3.974534418735363
4.786479627699272
5.814180049863883
7.168014754184743
8.99864099690146
11.436311032823845
14.410592994004606
17.360538917424346
19.038482046356524
17.776588495529925
12.390485731944587
3.25440844352404
-7.40932115240166
-16.54539844082105
-21.931501204404526
-23.193394755229214
-21.515451626295402
-18.565505702874574
-15.591223741693181
-13.153553705770468
-11.322927463053595
-9.969092758732664
-8.941392336568022
-8.129447127604102
-7.463852045564577
-6.902217752482029
-6.417718900019498
-5.992402495741818
-5.613626589927172
-5.2721307249816665
-4.960922196725762
-4.674589767074255
-4.408858147600882
-4.160287053146628
-3.9260613917102507
-3.703841071192427
-3.491650957267846
-3.287798514090699
-3.090810892715786
-2.899385878030905
-2.712352802687665
-2.52864064815384
-2.3472512909003003
-2.167236343607483
-0.9671610218529406
-0.8795680477366259
-0.7913063078434946
-0.7019143323197982
-0.610906450729205
-0.5177615234978822
-0.42190992412582906
-0.3227180179275281
-0.21946914373816961
-0.1113397459945411
0.002631236276469995
0.12358244305148547
0.2528836363582636
0.3922087793152358
0.543638122307666
0.7098046319986364
0.8941107588408321
1.1010623240000816
1.336810162272714
1.6100873358714476
1.9339336053126384
2.3289172979427963
2.828598549628393
3.486061571688512
4.373170494375432
5.550854710640615
6.982336611998022
8.394980383533353
9.188418457730602
8.56438128889818
5.959325075070831
1.556464762417186
-3.578158399657755
-7.981018712310872
-10.586074926137375
-11.210112094968917
-10.41667402077092
-9.004030249235075
-7.572548347877367
-6.394864131612033
-5.507755208925033
-4.850292186864879
-4.35061093517927
-3.955627242549099
-3.6317809731078983
-3.358503799509165
-3.122755961236524
-2.915804396077276
-2.7314982692350753
-2.565331759544109
-2.413902416551678
-2.2745772735947054
-2.1452760802879327
-2.0243248735129087
-1.9103538912418994
-1.802224493498267
-1.6989756193089116
-1.5997837131106099
-1.503932113738557
-1.4107871865072252
-1.3197793049166446
-1.2303873293929433
-1.1421255894998164
-1.0545326153834995
-0.36914482936697945
-0.3357112967545247
-0.30202250701045374
-0.26790232471141545
-0.23316537777018576
-0.1976127565804952
-0.16102704556269393
-0.12316639925979567
-0.08375728379974662
-0.042485367527733575
0.0010161617944587364
0.04718189104291781
0.09653461612879882
0.14971323178480656
0.20751169093013733
0.2709348854048636
0.34128136516839824
0.4202707237651903
0.5102500675205373
0.6145502559431353
0.7381368542643613
0.8888107231752141
1.0792008864435623
1.329038877404777
1.6645344313290313
2.106880538721251
2.6399385368419868
3.1599307546449484
3.4433904484401303
3.196808524099403
2.2158096133240655
0.5712453675224974
-1.342884061445866
-2.9874483072472557
-3.9684472180223254
-4.215029142362754
-3.9315694485673207
-3.411577230764181
-2.87851923264334
-2.436173125251064
-2.100677571326775
-1.8508395803655495
-1.660449417097189
-1.5097755481863369
-1.3861889498651025
-1.2818887614425076
-1.191909417687153
-1.1129200590903627
-1.0425735793268283
-0.9791503848521019
-0.9213519257067738
-0.8681733100507663
-0.8188205849648873
-0.772654855716427
-0.7291533263942334
-0.6878814101222174
-0.6484722946621684
-0.6106116483592714
-0.5740259373414722
-0.538473316151772
-0.5037363692105585
-0.4696161869115105
-0.4359273971674449
-0.40249386455498665
-0.09091305869832139
-0.08267812241028567
-0.0743803201320864
-0.0659762725678021
-0.05742032590649966
-0.04866349277266692
-0.03965222881765179
-0.030326974091546388
-0.020620365855959458
-0.01045499577965768
0.0002594663341920489
0.011630037703945328
0.023785452894735132
0.036883028955039504
0.05111825456346779
0.06673854254733474
0.08406358281820003
0.10351665970758407
0.1256752481043198
0.1513574024769651
0.1817755872317195
0.21880649774267297
0.2654003121813365
0.32594823291221675
0.40583056789515815
0.508453866096722
0.6280033367568072
0.7391824142418738
0.7919627582203855
0.7238817291769024
0.49401321769792267
0.12060293134837877
-0.31064317456906415
-0.6840534609185787
-0.9139219723975364
-0.982003001440985
-0.9292226574624438
-0.818043579977352
-0.698494109317245
-0.5958708111156577
-0.5159884761327161
-0.4554405554018357
-0.4088467409631603
-0.3718158304522082
-0.34139764569744535
-0.31571549132481586
-0.2935569029280674
-0.27410382603868594
-0.2567787857678191
-0.2411584977839547
-0.226923272175531
-0.21382569611522806
-0.20167028092444095
-0.19029970955468223
-0.179585247440829
-0.1694198773645279
-0.15971326912893924
-0.1503880144028365
-0.14137675044782055
-0.13261991731398026
-0.1240639706526937
-0.11565992308839693
-0.10736212081020202
-0.09912718452216387
0.009105194865316805
0.008281474395697083
0.00745145818027561
0.0066108017112088465
0.005754932267380292
0.004878942616402947
0.003977468179003454
0.003044540517147613
0.002073407736969176
0.0010563089874673377
-1.5814904574128555e-05
-0.0011537004815166622
-0.0023702684635834286
-0.0036813160428082626
-0.00510648491722641
-0.006670651623545741
-0.00840599108802037
-0.010355183177798695
-0.01257678915735595
-0.015155514786303056
-0.018225315650047202
-0.022026993001757818
-0.027045371182385158
-0.034272876989059425
-0.045514725075806235
-0.0632458307000115
-0.08904606574518405
-0.12006629943457259
-0.14539544798903864
-0.14721518408898396
-0.11036045855162921
-0.03572878939743298
0.05476081554940327
0.12939248470357173
0.16624721024087125
0.16442747414088538
0.13909832558637306
0.10807809189697413
0.08227785685177748
0.06454675122757715
0.05330490314083318
0.04607739733415475
0.04105901915353702
0.03725734180182924
0.03418754093808693
0.03160881530912994
0.029387209329587143
0.027438017239800255
0.0257026777753252
0.02413851106900588
0.022713342194586005
0.021402294615352157
0.02018572663328514
0.019047841056349095
0.017975717164313135
0.01695861841480899
0.015987485634633373
0.015054557972775962
0.014153083535372115
0.013277093884406017
0.012421224440561717
0.011580567971510119
0.010750551756080688
0.009926831286467723
0.03307863317998515
0.030083431331507635
0.02706535585019182
0.02400862299694813
0.020896620985877933
0.017711524390899482
0.014433848665737482
0.011041918948679952
0.007511219123545399
0.0038135748035193415
-8.389463556670446e-05
-0.0042201481666684255
-0.008642056713291862
-0.013406906246763984
-0.018585895236890512
-0.024269152814788624
-0.030573171834001635
-0.0376522798455695
-0.04571738025620412
-0.05506910164939258
-0.06616194778537648
-0.0797349039848455
-0.09706229938206119
-0.12032775707853888
-0.15283076063425904
-0.1980707773173768
-0.2562209411145312
-0.31774006541883193
-0.35817287497721717
-0.342545160400284
-0.24424720774846015
-0.06893557206095374
0.13808046846261451
0.3133921041500892
0.4116900568018447
0.4273177713787245
0.38688496182028353
0.32536583751595766
0.26721567371878513
0.22197565703566363
0.1894726534799427
0.16620719578345963
0.14887980038625384
0.135306844186786
0.12421399805080438
0.11486227665760507
0.106797176246982
0.09971806823540748
0.09341404921619544
0.08773079163829534
0.08255180264816855
0.07778695311469028
0.07336504456805965
0.06922879103697074
0.06533132159788768
0.06163367727785913
0.0581029774527297
0.054711047735667956
0.0514333720105042
0.048248275415535294
0.045136273404451116
0.042079540551223184
0.039061465069898826
0.03606626322142564
0.03271244291615897
0.029750224958052435
0.026765386391621782
0.023742318115695094
0.02066459220778832
0.0175145806325029
0.014273014737676958
0.010918460001669784
0.007426672389128794
0.003769790508640604
-8.470056085589997e-05
-0.004175325902045106
-0.008548433615932334
-0.0132606695056369
-0.0183824346706563
-0.024002846185103177
-0.030237084103366913
-0.03723772468334009
-0.04521322514473148
-0.054460447099111575
-0.06542685125504115
-0.07883469929321951
-0.09591351330549894
-0.11873300888098512
-0.15035032210480617
-0.1938791244374727
-0.24913858426174484
-0.3067437285153633
-0.34346897599233267
-0.3266077079698783
-0.23164518771819645
-0.06432729583515684
0.1327069115729407
0.3000248034559509
0.39498732370757395
0.4118485917299902
0.3751233442529638
0.3175181999993369
0.2622587401750357
0.21872993784237432
0.1871126246185488
0.1642931290430594
0.1472143150307881
0.1338064669926119
0.12284006283668467
0.11359284088229239
0.1056173404209177
0.0986166998409326
0.09238246192266872
0.08676205040822091
0.08164028524320335
0.0769280493534848
0.07255494163959929
0.06846431629841862
0.06460982522892651
0.060952943348434624
0.05746115573589508
0.05410660099988905
0.050865035105057035
0.04771502352978143
0.044637297621864566
0.04161422934595399
0.0386293907795128
0.03566717282141703
0.027466849675368728
0.024979601839852122
0.022473360677368968
0.01993502006052813
0.017350786354426603
0.014705858273735526
0.011984057024761428
0.009167385292123891
0.006235486823975525
0.0031649681572867468
-7.147136136518434e-05
-0.003506178606441805
-0.007178068739085972
-0.011134702920510917
-0.015435191232945303
-0.020154357496537656
-0.02538890738063946
-0.031266942096281336
-0.037963469042981826
-0.045727657048248875
-0.05493480348852516
-0.06618960722960748
-0.08051816286754523
-0.09963998391259017
-0.126079992028559
-0.16238179700048563
-0.20832182478603412
-0.25603043726958497
-0.2862019976580425
-0.2717579304384057
-0.19248150592668245
-0.0532280935613027
0.11064275342547135
0.24989616579083512
0.3291725903025085
0.3436166575221034
0.3134450971336048
0.26573648465004374
0.21979645686447766
0.1834946518925548
0.1570546437765798
0.13793282273153384
0.12360426709360475
0.11234946335252233
0.1031423169122476
0.09537812890697205
0.08868160196028085
0.0828035672446299
0.07756901736052896
0.07284985109693735
0.06854936278450052
0.06459272860306584
0.06092083847042275
0.057486131225355015
0.05424969170670362
0.05117917304001347
0.04824727457186741
0.04543060283922998
0.04270880159025066
0.0400638735095659
0.03747963980345829
0.03494129918662767
0.032435058024137556
0.029947810188628486
0.022626870435529543
0.020577898276214743
0.018513279644318422
0.01642221787298998
0.01429334993838886
0.012114482731664784
0.00987228837697434
0.007551940933421871
0.005136671212770859
0.002607208031920688
-5.893845507508322e-05
-0.0028884150611305157
-0.005913279401437103
-0.009172711450960776
-0.012715404874570228
-0.01660299784919585
-0.020915154080064124
-0.02575739953002191
-0.031273897648987976
-0.03766989049443242
-0.04525445482268323
-0.054525365187571055
-0.06632659358164844
-0.08207084378419521
-0.10382941787740192
-0.13368310902333846
-0.17143302197119248
-0.2105985618942237
-0.23531649002009042
-0.2233588885984666
-0.15814697579201892
-0.0436867338898434
0.09098426750026817
0.20544450940241724
0.2706564222088305
0.28261402363042976
0.2578960955045365
0.21873055558149407
0.18098064263362137
0.15112695148768515
0.1293683773944812
0.11362412719193463
0.10182289879785869
0.09255198843296902
0.08496742410472294
0.07857143125926885
0.07305493314031242
0.06821268769034376
0.06390053145947593
0.06001293848485081
0.056470245061241695
0.05321081301170498
0.05018594867140324
0.04735647206535437
0.04469032557835892
0.04216086239750593
0.039745592676854076
0.0374252452333022
0.03518305087860549
0.033004183671892215
0.03087531573728185
0.028784253965964887
0.02671963533405999
0.024670663174756406
0.01894792959124863
0.017232102878835857
0.015503173695105284
0.013752100832414075
0.01196936881266224
0.010144767040097267
0.008267134659167445
0.006324056327120993
0.004301489416629195
0.0021832961187440124
-4.935669684956456e-05
-0.002418783219575161
-0.004951828661116434
-0.007681302513939232
-0.010647981048530368
-0.013903480274501
-0.017514510755590046
-0.02156943998895598
-0.026188989941660443
-0.03154502707092795
-0.03789635638446501
-0.045659747903079216
-0.055541710843623956
-0.06872457680800045
-0.08694135268787195
-0.1119320054628106
-0.14352751439560169
-0.17630150007613543
-0.1969770261243251
-0.1869538258591521
-0.1323615218407398
-0.036555687225662964
0.07616303583612913
0.17196887045118767
0.22656117446956758
0.23658437473471375
0.21590884868650817
0.183134863005966
0.15153935407315727
0.12654870129821727
0.10833192541834288
0.0951490594539689
0.08526709651343117
0.0775037049948097
0.0711523756812745
0.06579633855200354
0.06117678859930539
0.057121859365931414
0.05351082888483912
0.050255329658875345
0.047288651124284126
0.0445591772714512
0.042026131829908796
0.03965670530719033
0.03742405249159515
0.03530585919370584
0.03328329228321424
0.03134021395116497
0.029462581570228914
0.02763797979767498
0.02585524777791423
0.02410417491523327
0.02237524573149368
0.020659419019091914
0.01620560246135759
0.014738107202893706
0.01325940580013002
0.01176176558405626
0.010237048257050777
0.008676521009235928
0.007070638303534438
0.005408781679692266
0.0036789409127076754
0.0018673138357048445
-4.220693986132888e-05
-0.0020687060395898262
-0.00423514332423428
-0.006569579706640554
-0.009106889817688273
-0.011891219146951532
-0.01497962302766771
-0.018447679179090747
-0.022398636824889143
-0.026979486718643166
-0.032411572982181724
-0.03905133439193877
-0.047502992297888985
-0.058777672665614955
-0.07435738900359312
-0.09573002176922574
-0.12275079716797288
-0.15077883397041103
-0.16845958008902195
-0.1598861980075083
-0.11319701828391224
-0.03126197174008057
0.06513696237406152
0.14707200891787786
0.193761188641447
0.20233457072294408
0.18465382460432114
0.15662578780186517
0.12960501240311306
0.1082323796374773
0.09265266329950006
0.08137798293177709
0.07292632502582683
0.06628656361606135
0.06085447735252867
0.056273627458767864
0.052322669812975536
0.04885461366154731
0.04576620978083076
0.042981880451573876
0.04044457034052577
0.038110133958106904
0.035943696673464094
0.03391719757373989
0.032007676798173
0.03019604972116416
0.028466208954178562
0.026804352330333073
0.025198469624627767
0.023637942376824723
0.02211322504980631
0.02061558483374467
0.019136883430973046
0.017669388172518778
0.014119611235491257
0.012841012911046496
0.011552650908358624
0.010247787915407055
0.008919333204735102
0.007559678063192757
0.0061605056660472765
0.004712564373909071
0.00320538993313115
0.0016269568103908175
-3.6769016453302994e-05
-0.001802415570102996
-0.003689987278890942
-0.0057239330024320845
-0.00793463823667623
-0.010360565960600131
-0.013051427191954176
-0.016073071046557835
-0.019515456104907618
-0.023506651734423414
-0.028239509239110887
-0.03402458413323664
-0.041388319396340925
-0.05121168974653183
-0.0647859610277623
-0.08340754425561236
-0.10695038331528686
-0.13137102771522138
-0.14677640451265248
-0.13930693501414
-0.09862746064329883
-0.027238406910671732
0.05675299565549258
0.1281420493881149
0.16882152375893106
0.17629099325742795
0.16088561645997795
0.13646497206004715
0.1129221330003535
0.09430054977250438
0.08072627849126315
0.07090290814108023
0.06353917287797711
0.05775409798384655
0.05302124047916703
0.0490300448496445
0.045587659791299695
0.042566015936693014
0.03987515470533591
0.037449226981419746
0.03523852174717642
0.033204576023627475
0.03131700431483367
0.029551357761186878
0.027887631934339983
0.026309198811599585
0.02480202437082058
0.02335408307867694
0.021954910681527058
0.020595255539996655
0.01926680082930987
0.01796193783636764
0.016673575833668762
0.015394977509235344
0.01249409511255338
0.011362695312548418
0.010222655879345085
0.0090680151351471
0.007892498673891279
0.006689373737217001
0.0054512809769836044
0.004170033851578285
0.0028363728082190804
0.0014396567580595362
-3.25326475001074e-05
-0.0015949091206747864
-0.003265174066777437
-0.005064961651436953
-0.007021159212324912
-0.009167801635411253
-0.011548876890456654
-0.014222653102685882
-0.01726873217560577
-0.020800439134198996
-0.02498842267270074
-0.030107484970101652
-0.03662346336680892
-0.04531591934932107
-0.05732749151327007
-0.07380540488986065
-0.09463819867842399
-0.11624795357910915
-0.12988039659380796
-0.12327118898304187
-0.08727463827480597
-0.0241032410201931
0.05021997108504929
0.11339136833965445
0.14938791904785165
0.15599712665861454
0.1423646836439042
0.12075492874322101
0.09992213495464816
0.08344422157805165
0.07143264941409744
0.0627401934315865
0.05622421503487626
0.05110515273747364
0.046917169198979106
0.04338546224037727
0.04033938316746643
0.03766560695523977
0.035284531700188554
0.0331378892771089
0.031181691716220677
0.02938190413155657
0.027711639185449267
0.026149262712272574
0.02467707330671517
0.02328035725655552
0.021946696213196074
0.02066544908778116
0.01942735632754548
0.018224231390881716
0.017048714929609493
0.01589407418542355
0.014754034752207844
0.013622634952212014
0.011201706796725018
0.010187339091179349
0.009165225438443506
0.008130020838363065
0.007076099911290242
0.005997426337537115
0.004887402022456416
0.003738687243383391
0.0025429802595043124
0.0012907407010883422
-2.9165220153025417e-05
-0.0014299292216089117
-0.002927421663799912
-0.0045410388583947865
-0.006294886894208301
-0.008219480055264225
-0.010354256144620051
-0.012751455950182957
-0.01548244721341824
-0.01864883236851226
-0.022403607802093217
-0.026993149784620533
-0.03283511044135355
-0.04062842025789096
-0.05139754516821438
-0.06617108705574991
-0.08484917386860816
-0.10422400559353195
-0.11644674879278764
-0.11052144003364381
-0.07824815309890594
-0.021610476911879575
0.04502569408567275
0.10166337027267566
0.1339366572073986
0.13986196596654615
0.12763922276727852
0.10826439104235065
0.08958630422948083
0.0748127623419403
0.06404363743161047
0.05625032761507147
0.05040836695834969
0.04581882497581283
0.04206404954223815
0.038897664387141706
0.03616667312391033
0.03376947331835231
0.03163469722898795
0.029710104067944734
0.027956256032129048
0.02634263883753052
0.02484514639532758
0.023444382393871362
0.022124476472633124
0.020872236914215716
0.019676529930342905
0.01852781515125794
0.01741779083617919
0.01633911726243212
0.01528519633534621
0.01424999173527297
0.013227878082529105
0.012213510376990143
0.010157886962239689
0.009238042221166932
0.00831117333331554
0.007372433368475175
0.006416721143988331
0.005438562830399484
0.004431975172037946
0.003390302393497845
0.0023060163465079206
0.0011704656750704916
-2.6445913137673055e-05
-0.001296680871924423
-0.002654630689304374
-0.0041178842389075244
-0.005708301290663806
-0.0074535526606190824
-0.009389401141799456
-0.01156321945617795
-0.014039724911250773
-0.016911052040177163
-0.02031594012390397
-0.024477806842148953
-0.029775386529257958
-0.03684248535797579
-0.046608120851342805
-0.06000507793507193
-0.07694283276962523
-0.09451251460343206
-0.10559660363709461
-0.10022360989469134
-0.07095752322427384
-0.01959706071104709
0.040830354187519576
0.09219081670073277
0.12145690337112577
0.12682989711353287
0.11574580807985607
0.09817612624604874
0.08123837141149085
0.06784141432775483
0.05807577883438271
0.05100868000566641
0.045711100318551336
0.04154923360031098
0.03814434551658837
0.03527301838765469
0.03279651293258922
0.030622694618218788
0.0286868461370316
0.02694159476707967
0.025351177715325655
0.023887924165719627
0.022529974348331948
0.021259739389541704
0.020062827801338
0.018927277129902345
0.017842991082915958
0.016801318304367145
0.015794730646004358
0.014816572332422399
0.013860860107925858
0.012922120143089083
0.011995251255224815
0.011075406514161078
0.009304449141277503
0.008461887324768108
0.007612891512538739
0.00675302200123511
0.005877606196742288
0.00498163016708089
0.004059613354860644
0.0031054591865220795
0.0021122720104552366
0.001072127336722942
-2.4222860546416203e-05
-0.0011877359778051967
-0.0024315943632797436
-0.003771909112857493
-0.005228703386130205
-0.0068273231549617714
-0.008600526493167308
-0.010591705952762483
-0.012860141396382939
-0.015490226336101844
-0.018609043348612502
-0.022421238981079464
-0.027273727856577876
-0.033747068980517714
-0.042692237526594345
-0.054963671741372476
-0.07047848354753737
-0.08657220740601698
-0.09672526589829675
-0.09180382013098085
-0.0649964786695884
-0.017950811372715175
0.03740014163919185
0.08444580893605397
0.11125315039743736
0.11617459616474632
0.10602153767245118
0.08992781381397894
0.07441300200779966
0.06214156779302299
0.053196399246934846
0.04672305812299908
0.041870569247502994
0.03805837361503518
0.03493955660253032
0.03230947166280141
0.03004103621918954
0.028049856759596793
0.02627665342138639
0.02467803365255715
0.02322123937928777
0.021880924629708018
0.020637066244223568
0.019473553126967927
0.018377202929700402
0.01733705825596634
0.01634387107990371
0.015389716911562953
0.014467700099340154
0.013571724069684085
0.012696308265185374
0.011836438753881256
0.01098744294164131
0.010144881125141409
0.008600076510495928
0.007821299029913546
0.0070365746260595795
0.006241799694239328
0.005432655369550181
0.004604507289570612
0.0037522897914540575
0.00287036783056379
0.0019523677769445
0.0009909650486567452
-2.2388276226978712e-05
-0.0010978200852747987
-0.002247514781605125
-0.0034863637998909635
-0.0048328744817454534
-0.006310474025182058
-0.007949440606555006
-0.009789881808759338
-0.011886589789226281
-0.014317569140173764
-0.017200281778207482
-0.020723881796086197
-0.02520902179384108
-0.031192313437422684
-0.03946031899769168
-0.050802810711387904
-0.06514319778292862
-0.08001872944678519
-0.08940333970762555
-0.08485455295930308
-0.06007651915960331
-0.01659206476341947
0.03456902666701862
0.07805348106318535
0.10283151486287911
0.10738030161121048
0.09799569135033998
0.08312015968648007
0.06877977261494518
0.05743728090123911
0.0491692753409657
0.04318598369738956
0.03870084369963274
0.0351772436817542
0.03229453104372039
0.029863551692764098
0.027766843712305065
0.025926402510103495
0.024287435928727348
0.022809836385291615
0.021463325703445682
0.020224476685158574
0.019074781988820743
0.017999350179772992
0.016985996854889274
0.016024594126599997
0.015106594072984656
0.014224672112090168
0.013372454613976905
0.012544306533998392
0.011735162209307204
0.010940387277486557
0.010155662873622887
0.009376885393047159
0.008014681300250962
0.007288914167379413
0.006557604910848532
0.005816929253215788
0.005062862309335232
0.004291085172122503
0.0034968769921994948
0.0026749862955955583
0.0018194732977317501
0.0009235119923509724
-2.086369530381396e-05
-0.0010230922589275285
-0.002094528722706387
-0.003249050877174652
-0.004503906288041105
-0.005880927486452216
-0.007408331640120605
-0.009123496240087561
-0.011077483776320177
-0.01334298910389574
-0.016029478552039636
-0.019313230649803653
-0.023493071907174312
-0.029069089544085498
-0.036774311911066386
-0.047344765694736
-0.060709090532356805
-0.07457217723588126
-0.08331811639170869
-0.07907902891043349
-0.05598753876969047
-0.015462802255321366
0.032216097390717666
0.07274083390507158
0.09583232404581006
0.10007141152707404
0.09132547237124052
0.0774623856677149
0.06409806083008548
0.05352760704640908
0.045822384679427966
0.04024636704251841
0.03606652578515621
0.032782773687380765
0.030096284239240656
0.02783077891165882
0.025876791375430246
0.024161626775463373
0.02263422262179663
0.02125720142338189
0.020002346012526165
0.01884782385805627
0.017776387394271242
0.016774158830649904
0.015829783142997093
0.014933821837611312
0.01407830883975449
0.013256418143144702
0.012462209963222688
0.01169043282601118
0.010936365882128539
0.010195690224494621
0.009464380967955783
0.008738613835091624
0.007525905649639681
0.006844399492955151
0.006157689199887158
0.005462183717164316
0.0047541036179293405
0.004029393384381866
0.003283620068997687
0.0025118524599538235
0.0017085130116535193
0.0008671920033250877
-1.9590826814825692e-05
-0.0009606983634860315
-0.001966793141498193
-0.003050906609973766
-0.004229234485767278
-0.005522277834414167
-0.00695653298666718
-0.008567097946825947
-0.010401921124718938
-0.012529264020276295
-0.01505191706289525
-0.018135408344859383
-0.022060340649087712
-0.02729630486801228
-0.034531630426179453
-0.04445746752514357
-0.05700682082507687
-0.07002455275750538
-0.0782372177650058
-0.07425670493014744
-0.052573402025683266
-0.014519907628415658
0.030251502369654324
0.06830499676690482
0.08998829967136937
0.09396881250622491
0.08575614749869914
0.0727384155662719
0.06018906226633637
0.05026322516737258
0.043027899609193836
0.03779193539027566
0.033867003086047974
0.030783511804080267
0.028260858761458
0.026133515865895962
0.024298692688006926
0.022688127727848596
0.021253872575600394
0.019960829226948355
0.01878250135116409
0.017698387882689032
0.016692293104672767
0.015751185568004582
0.014864402737861916
0.014023081729531924
0.013219742281234929
0.012447974672186085
0.011702201356804777
0.010977491123255563
0.010269411024018849
0.009573905541292817
0.008887195248220217
0.008205689091541577
0.007116864351731613
0.006472398839359041
0.005823012041674656
0.005165308083497194
0.004495712954388713
0.0038103915588790426
0.0031051518855669934
0.00237533074007771
0.0016156537233533875
0.0008200594910027937
-1.8525657014251302e-05
-0.0009084828962089512
-0.0018598952386502795
-0.00288508585680226
-0.0039993702081882665
-0.00522213509662
-0.006578436738675522
-0.008101465508458486
-0.009836563741535298
-0.01184828280560494
-0.014233826285048158
-0.01714972557164752
-0.020861332547524238
-0.025812716499483152
-0.032654799160828266
-0.04204117386256159
-0.053908496768563983
-0.06621876777779252
-0.0739851412971041
-0.07022101568396251
-0.049716186675820465
-0.013730816515887603
0.028607381648622913
0.06459275180854174
0.08509758081667577
0.08886170642981481
0.0810953329104836
0.06878506190125368
0.05691773899525038
0.047531364293513144
0.04068928163216756
0.03573789768021164
0.03202629070434197
0.02911039141773053
0.02672484793828591
0.024713128874214188
0.02297803064113879
0.02145500187135465
0.020098700229304284
0.018875935340869995
0.017761650989490393
0.016736460371339922
0.01578504802889411
0.014895090789705186
0.014056505641686368
0.013260911409330691
0.012501234392611603
0.011771413247115755
0.011066173573807105
0.01038085217829275
0.009711257049182345
0.00905355309100107
0.008404166293316452
0.007759700780947817
0.006774641985024418
0.0061611663404359165
0.005543006056429616
0.004916928552564264
0.0042795316789906316
0.003627164755441039
0.002955837348470082
0.002261110499109105
0.0015379634342699627
0.0007806262768300914
-1.763452550793739e-05
-0.0008647971288013433
-0.0017704596905111598
-0.0027463528072518137
-0.0038070554723665783
-0.004971022248733099
-0.006262104489462894
-0.007711896560793385
-0.009363560441656016
-0.011278543440371089
-0.013549374942150534
-0.016325059300356028
-0.019858188790024368
-0.024571480058674097
-0.03108455751345001
-0.04001959194758204
-0.051316293543205924
-0.06303466435398139
-0.07042764293727583
-0.06684455254197084
-0.04732569151678102
-0.013070619395059055
0.027231828263004187
0.06148690038472589
0.08100576140991025
0.08458885180520509
0.077195873221891
0.06547750241111096
0.05418080081548919
0.04524576638135984
0.038732688926574874
0.03401939765793108
0.030486268168261714
0.027710583810049462
0.025439752308271144
0.023524769309552773
0.02187310542868592
0.0204233133573552
0.019132231116631898
0.017968264340262836
0.016907561675159073
0.01593166855841311
0.01502600599670346
0.01417884339341773
0.013380582591073772
0.012623245433632356
0.011900098368798562
0.011205371519428745
0.01053404411246252
0.009881677188906791
0.009244280315332126
0.008618202811461764
0.008000042527457774
0.007386566882873904
0.0064892664190569745
0.00590163289122997
0.005309512060427025
0.004709807515920955
0.004099260420533368
0.003474373875835144
0.0028313255420454077
0.0021658634476498066
0.0014731783154917607
0.0007477433198198498
-1.689144618993981e-05
-0.0008283680650898548
-0.0016958803794311248
-0.002630664843368464
-0.0036466863209232434
-0.004761621989656421
-0.005998318480569151
-0.007387039267008787
-0.008969128153543223
-0.010803444009548456
-0.012978618460364298
-0.015637379146952866
-0.01902167823320128
-0.023536426550739925
-0.02977514975007026
-0.03833381518004335
-0.04915467905480052
-0.06037946615255087
-0.0674610696408709
-0.06402893978304613
-0.04533226940509277
-0.012520082629933527
0.026084763573068083
0.058896950348213906
0.07759362072616435
0.08102575058398181
0.07394414709565511
0.06271935999790129
0.051898496123136025
0.04333983069316154
0.037101107493826835
0.032586359176295626
0.02920206009004616
0.026543299403449093
0.02436812495263968
0.022533809096634813
0.020951720210093668
0.019562999423654373
0.018326302932748575
0.017211367264008973
0.01619534578646264
0.015260561322526432
0.014393049008184673
0.01358157238928942
0.01281693762327625
0.012091502627599527
0.011398817495449185
0.010733355401043974
0.010090307067258577
0.009465420522553544
0.008854873427168952
0.008255168882653334
0.007663048051855745
0.007075414524032377
0.0062529930509346325
0.005686755200590664
0.005116193429647808
0.004538324067490775
0.003950006930981275
0.003347872443535205
0.0027282374365416046
0.002087004752543536
0.0014195402199301188
0.0007205182444559258
-1.6276239801635978e-05
-0.0007982070673396924
-0.0016341333329888547
-0.002534882371562874
-0.0035139105860709455
-0.004588251527262515
-0.005779919978594913
-0.0071180775168718634
-0.008642562611549439
-0.010410091066201142
-0.012506067404596005
-0.015068022539902482
-0.018329099272405513
-0.022679466262949755
-0.02869104083041867
-0.03693809513027846
-0.047364992871779726
-0.058181120057575406
-0.0650049207381505
-0.06169777499966364
-0.04368182947074842
-0.01206426843806865
0.025135061051613183
0.05675262208429681
0.07476856761320096
0.07807571335167578
0.07125191267109081
0.06043578548529155
0.05000888774378405
0.04176183344392975
0.03575025887645531
0.03139989188591402
0.028138815153408304
0.025576860018100434
0.023480883679708887
0.021713355225055422
0.020188870130369782
0.018850712592095108
0.0176590441407658
0.016584703199573267
0.01560567498507113
0.014704925946496616
0.013868999680846908
0.013087068853316532
0.01235027436905279
0.011651252393574802
0.010983787860970026
0.010342555176960977
0.009722920169972851
0.009120785682519693
0.008532468546012178
0.007954599183845872
0.0073840374129140905
0.006817799562571907
0.006059797529382145
0.005511054451658583
0.004958121047489568
0.004398105831348406
0.0038279656408745522
0.0032444350077392506
0.0026439445605121303
0.002022523729751172
0.0013756815237715185
0.0006982568908549267
-1.5773210728170332e-05
-0.000773545098224266
-0.001583644150708748
-0.0024565631752194363
-0.0034053428175383838
-0.00444649034914495
-0.005601340370401692
-0.0068981534620494705
-0.008375537214986914
-0.01008845509647487
-0.012119672902657568
-0.014602472298969056
-0.01776279285821459
-0.02197874885782993
-0.02780458884688185
-0.03579684506170959
-0.045901604155948045
-0.056383577122345555
-0.06299657584782459
-0.05979162560499032
-0.04233229490283699
-0.011691556761089857
0.02435850778231508
0.05499924592405186
0.07245857662619255
0.07566352686902783
0.06905052814353985
0.05856855517714202
0.048463796082893404
0.040471539868062324
0.0346456998790146
0.030429743879403153
0.027269423320152055
0.02478662392383932
0.022755406117658104
0.021042488236174356
0.019565104483227225
0.018268291391586176
0.017113441370326884
0.016072293838721424
0.015123514196406436
0.014250595171897803
0.013440496119409368
0.012682724231917603
0.011968694130331133
0.011291269497410616
0.010644427291437174
0.010023006460666666
0.009422516013445813
0.008838985380301527
0.008268845189833993
0.007708829973680578
0.007155896569526705
0.006607153491804284
0.0059050120260708645
0.00537028551068059
0.004831475702571283
0.004285764973589664
0.0037301878930338338
0.003161562402618642
0.002576410303588874
0.0019708624470021058
0.0013405425548780447
0.0006804214046251394
-1.5370198474594192e-05
-0.0007537862881078104
-0.001543192946224986
-0.002393814961024857
-0.003318359879592163
-0.0043329133260734546
-0.00545826494797916
-0.0067219534611114365
-0.00816160029447002
-0.009830764969249041
-0.01181009917193879
-0.014229480132404056
-0.017309076296754374
-0.021417344119061044
-0.02709437610824676
-0.0348824913767127
-0.04472915677850836
-0.054943408836479746
-0.06138751456396854
-0.058264441086336174
-0.04125106299321344
-0.011392943881175465
0.023736342764602174
0.05359446187663859
0.07060783996974493
0.07373091344736198
0.06728680771988271
0.05707255566189922
0.047225890260094196
0.039437774991635755
0.03376074300244611
0.02965247518013865
0.02657287901578556
0.024153498055323772
0.02217416385263414
0.020504999177860653
0.019065352344489188
0.01780166383136295
0.016676312209455098
0.015661758762979462
0.014737213844412119
0.013886591829614455
0.013097185171495019
0.012358769081865133
0.011662977478762063
0.011002856328503091
0.010372536436387192
0.009766988579791868
0.00918183648076517
0.00861321099034524
0.008057633909796174
0.007511923180801498
0.006973113372708956
0.006438386857318352
0.005785062855762232
0.005261198306966473
0.004733333409951296
0.00419870777144066
0.00365441619794788
0.0030973412687994462
0.0025240754383953987
0.001930828152397218
0.001313312028824949
0.0006666000044633219
-1.505789350521921e-05
-0.0007384744403356068
-0.001511845776324008
-0.002345188991715804
-0.0032509535028130395
-0.004244898183272805
-0.005347390376047724
-0.006585409396523887
-0.007995812459663357
-0.009631071115994705
-0.011570198748922563
-0.013940434362544132
-0.016957474135481772
-0.020982290293502667
-0.02654400524749337
-0.0341739237267713
-0.043820582034800534
-0.05382736619324548
-0.0601405894231017
-0.057080964869834716
-0.04041317284789409
-0.011161536445481271
0.023254202478644983
0.05250583888105335
0.06917363090297707
0.07223325545623488
0.06592003222638397
0.05591324806793557
0.04626658975988729
0.03863667128061244
0.03307495632662283
0.029050140168601024
0.026033100395655387
0.023662864782042582
0.02172373714911719
0.02008847849279062
0.018678075429640974
0.01744005640916814
0.016337564216392052
0.015343619535936905
0.01443785502484279
0.01360451180944841
0.012831140473457129
0.012107723926629378
0.01142606602865575
0.010779354004290684
0.010161837880722453
0.009568590594721217
0.008995324764318156
0.00843824983516641
0.007893958261684667
0.007359332623156383
0.0068314677261575715
0.006307603177361394
0.005697281559112474
0.005181366023097257
0.004661510839373139
0.004134997500323507
0.003598964895316239
0.003050342906818375
0.002485775694678536
0.0019015302217108565
0.001293384161879344
0.0006564852143207027
-1.4829344740766373e-05
-0.0007272689146988875
-0.0014889052690305153
-0.002309603500324214
-0.003201624119428285
-0.0041804868772453
-0.00526625006552563
-0.0064854836189084525
-0.007874485484784546
-0.00948493101442284
-0.011394634647421345
-0.01372890467984169
-0.016700164390883093
-0.020663908884771293
-0.026141232402124254
-0.03365537906654818
-0.04315566776057303
-0.053010622161516266
-0.059228062366757525
-0.056214870783963505
-0.039799986077456544
-0.010992187142391434
0.022901361663043508
0.051709160598107456
0.06812404530458625
0.07113723688736913
0.06491979668213688
0.05506484228118182
0.04556455358714395
0.03805040692273047
0.032573083405377394
0.02860933891148558
0.025638079200440804
0.023303809168026355
0.02139410553502627
0.019783660005394343
0.018394658139505485
0.017175424586127915
0.01608966139784522
0.015110798640037636
0.014218778020934271
0.013398079789637158
0.012636443435303249
0.011924003865345367
0.011252689306281483
0.010615790358718841
0.010007644298886287
0.009423398825918295
0.00885883161377957
0.008310209625277499
0.0077741770202807
0.0072476636812200245
0.00672780849750955
0.0062118929614931075
0.005639770850137241
0.005129063181518656
0.004614455633671892
0.004093257140761716
0.003562635473416069
0.003019551505195902
0.002460683271228994
0.0018823354172185
0.001280328239109686
0.0006498584172616936
-1.4679610092839177e-05
-0.0007199275147379046
-0.0014738755901050754
-0.0022862893461575813
-0.003169305530641444
-0.0041382872310509805
-0.0052130902614722805
-0.006420016347099518
-0.0077949970261974215
-0.009389186013034316
-0.011279612248556621
-0.01359031910822725
-0.016531585601111932
-0.020455318442354195
-0.025877352133181465
-0.033315649795201394
-0.04272004299446537
-0.05247552456044537
-0.05863021142798265
-0.055647440701037595
-0.03939825061661325
-0.010881236175465926
0.0226701945752461
0.05118720901639481
0.06743639910080036
0.07041916982772906
0.0642644829602147
0.05450900139422374
0.04510460819494168
0.03766631053292297
0.03224427684209901
0.028320544000857435
0.025379277507959108
0.023068570648294796
0.0211781444127728
0.019583955425938507
0.018208974746835103
0.017002048661214804
0.01592724563078877
0.014958263930390129
0.01407524774590294
0.013262833989845825
0.012508885914474683
0.011803638009834224
0.011139099982474577
0.010508630160621549
0.009906622982508533
0.009328275128501037
0.008769406894535488
0.008226322926309117
0.0076957012589811994
0.0071745027660539695
0.00665989521822286
0.006149187549601226
0.005611313060188201
0.005103182379362669
0.004591171497784655
0.004072602928515825
0.0035446587333961806
0.003004315121166107
0.002448266889331646
0.0018728373300612314
0.001273867829759543
0.0006465793059613279
-1.460551784669261e-05
-0.0007162948000774862
-0.0014664385157379736
-0.0022747528987102795
-0.003153313455562538
-0.0041174057526717385
-0.005186785412947775
-0.006387621444582343
-0.007755664077165093
-0.00934180890545427
-0.011222696185387114
-0.013521743376937345
-0.01644816844860861
-0.020352102486545537
-0.025746777333270437
-0.033147542926889956
-0.04250448451371672
-0.0522107442837933
-0.0583343791071913
-0.05536666137228604
-0.03919946131549125
-0.010826334689566813
0.022555807035791638
0.05092893366171705
0.06709613371850018
0.0700638514533994
0.06394021663000102
0.05423395685991839
0.04487701527306873
0.03747624967946205
0.03208157483272091
0.028177640794796788
0.02525121572311891
0.022952168531569464
0.021071281251638943
0.01948513642335314
0.018117093790766835
0.016916257759131127
0.015846878098857813
0.014882785801753808
0.01400422524489771
0.013195910861922313
0.012445767146261898
0.011744077864025426
0.011082893040214613
0.010455604516418021
0.009856635016106431
0.009281205456839366
0.008725157225008783
0.008184813612774525
0.007656869417665101
0.0071383008483874005
0.006626289966821163
0.006118159285992338
