-0.038236368546336996
-0.03319839012270817
-0.02812194056746814
-0.022980473327958592
-0.01774604931775875
-0.012388688473088896
-0.006875620616596405
-0.0011703921985935783
0.004768228291468744
0.010987624139390258
0.01754309250107309
0.024500151435400817
0.03193762273240165
0.03995184013536196
0.04866252889718153
0.05822124108091939
0.06882384804238109
0.0807298079254854
0.09429357374557684
0.11001976017580539
0.12866823305092445
0.1514626452562065
0.18047735938173282
0.21918392346695764
0.27267114641421386
0.3460490703164928
0.4388233813913552
0.5350626178705953
0.5957814383972488
0.5663596600306207
0.4060635852888176
0.12474366137547134
-0.20624164187053934
-0.48756156578408694
-0.6478576405258518
-0.6772794188923398
-0.6165605983656995
-0.5203213618863731
-0.4275470508116238
-0.35416912690921554
-0.30068190396206773
-0.2619753398768436
-0.23296062575131574
-0.21016621354603277
-0.1915177406709319
-0.17579155424064224
-0.16222778842060095
-0.15032182853744475
-0.13971922157591773
-0.13016050939219825
-0.12144982063034457
-0.11343560322743826
-0.10599813193040383
-0.09904107299608048
-0.09248560463438074
-0.08626620878648111
-0.08032758829636981
-0.07462235987847216
-0.06910929202191253
-0.06375193117732353
-0.05851750716695761
-0.053376039927631735
-0.04829959037230409
-0.04326161194870021
-0.03843028439556197
-0.033366755836451115
-0.02826456103898773
-0.023097018819547913
-0.017836048398191483
-0.012451517667069839
-0.006910490254484036
-0.0011763277361560437
0.0047924105046166995
0.011043348058473616
0.01763206252172611
0.024624404229037763
0.03209959471648297
0.040154456285707685
0.04890932137864507
0.058516510658314556
0.06917288884736056
0.08113922994006989
0.09477178457414642
0.11057772660043141
0.12932077555224242
0.1522307901079356
0.1813926529039105
0.22029551733008024
0.27405399822864424
0.3478040491609081
0.44104884409301903
0.5377761230545546
0.5988028396265944
0.5692318267589
0.4081228296856907
0.12537625642070144
-0.2072875541639611
-0.49003412742885966
-0.651143124502314
-0.6807141373698964
-0.6196874207978575
-0.5229601418362937
-0.42971534690428814
-0.3559652959719488
-0.30220681507329483
-0.26330395064707646
-0.23414208785130505
-0.21123207329549398
-0.19248902434364912
-0.17668308231739085
-0.16305052768333642
-0.15108418659059433
-0.14042780840151337
-0.1308206191218342
-0.12206575402886541
-0.11401089245971921
-0.1065357019722212
-0.09954336026495339
-0.0929546458016842
-0.08670370824780423
-0.08073497000703772
-0.07500080748874985
-0.06945978007608652
-0.0640752493450203
-0.05881427892356015
-0.05364673670424874
-0.0485445419067159
-0.04348101334764881
-0.0388221713969761
-0.03370700824426022
-0.028552784559585973
-0.02333254708159805
-0.018017928680523328
-0.012578489980408059
-0.006980958745365216
-0.0011883229357484634
0.004841280650357042
0.01115596123899517
0.01781186317179617
0.024875508283865512
0.032426925963295924
0.04056392584538107
0.04940806744852014
0.05911322470879285
0.06987826985684617
0.08196663610585661
0.09573820693206275
0.11170532806134584
0.13063950701700947
0.15378314384421454
0.18324238127153888
0.22254195154506318
0.27684862099301855
0.35135070785452194
0.44554630887751856
0.5432598779216051
0.604908824204108
0.5750362207124636
0.4122843792332856
0.126654674356799
-0.20940125017428973
-0.4950309550507683
-0.6577827965300458
-0.6876554000216684
-0.6260064537389403
-0.528292884695032
-0.43409728367200334
-0.35959519681046914
-0.30528852736260464
-0.26598895708907044
-0.23652971966178163
-0.2133860828344798
-0.19445190387882655
-0.17848478274950913
-0.16471321192340263
-0.15262484567433754
-0.14185980052623556
-0.1321546432659653
-0.12331050166287252
-0.11517350178079508
-0.10762208410135499
-0.10055843898930532
-0.09390253705649448
-0.08758785646783776
-0.08155825288171059
-0.07576561707216592
-0.0701680858370439
-0.0647286471369786
-0.05941402873579576
-0.05419379125792683
-0.04903956757317955
-0.04392440442044601
-0.03942032693590462
-0.034226351476242436
-0.02899271365573345
-0.023692044928083807
-0.018295541094160192
-0.012772293780359711
-0.007088518105397429
-0.001206631762929733
0.0049158734606618015
0.011327848039476375
0.01808630136529709
0.025258780216067138
0.03292654704217216
0.0411889184931236
0.05016932703155446
0.06002401742781499
0.07095492606657697
0.08322954505240072
0.09721330283450828
0.11342643921693266
0.13265234890101946
0.15615257441206126
0.18606570874825504
0.2259707897818573
0.2811141849349649
0.35676413875980123
0.4524109979499206
0.5516299848625542
0.61422866617688
0.5838957288714058
0.41863633849443393
0.1286059800290889
-0.21262748000914355
-0.5026578384744906
-0.6679172288514854
-0.6982501661569174
-0.6356514848424948
-0.5364324979299436
-0.44078563873994125
-0.36513568491506077
-0.3099922897620505
-0.2700872087282891
-0.24017407439217525
-0.21667384888104868
-0.19744793919705744
-0.18123480281454288
-0.1672510450325116
-0.15497642604667639
-0.1440455174078548
-0.13419082701159094
-0.12521041847321854
-0.11694804702229761
-0.10928028019618125
-0.10210780134538339
-0.0953493480195636
-0.08893737344074924
-0.082814868217143
-0.07693298187470249
-0.07124920619972017
-0.06572595888593898
-0.060329455051882655
-0.055028786324350334
-0.04979514850376829
-0.04460117304411543
-0.04023767941676617
-0.03493601050313863
-0.029593856856636867
-0.024183282462920452
-0.018674885887287822
-0.013037117891991273
-0.007235493089068998
-0.001231649928419759
0.005017801182939666
0.01156272360115091
0.018461308769999026
0.02578250400550916
0.03360925668219224
0.04204294271645905
0.05120955386489417
0.06126857453613257
0.07242612814351743
0.08495525308431655
0.0992289547646879
0.1157782598930647
0.13540280646786365
0.15939029435329954
0.18992365835742336
0.23065614243008167
0.2869428849542291
0.3641613454778222
0.46179127969623246
0.5630673461022782
0.6269637906907072
0.5960018243728055
0.42731598519558556
0.13127234373407415
-0.21703596990169788
-0.5130796113631789
-0.6817654505404256
-0.7127274168583989
-0.6488309722699002
-0.5475549058638838
-0.4499249716454642
-0.3727065111218608
-0.31641976859772813
-0.2756872845250261
-0.24515392052096885
-0.2211664326354818
-0.20154188606069118
-0.18499258093227422
-0.17071887925195198
-0.1581897543111599
-0.14703220070371306
-0.1369731800325086
-0.12780656888409783
-0.119372882849864
-0.11154613017318224
-0.1042249349376311
-0.09732634976881266
-0.09078142735057675
-0.08453197623923153
-0.07852813307857162
-0.07272650827568042
-0.06708874028036806
-0.06158034370461288
-0.05616976931097781
-0.05082761566445057
-0.045525946750822305
-0.041292412140339574
-0.035851772811914276
-0.030369587540502653
-0.024817188036202698
-0.019164402176177528
-0.013378853734955926
-0.007425153372680342
-0.001263933982776494
0.005149331382373945
0.011865813128277537
0.01894522804921006
0.02645833075195414
0.034490242880822565
0.04314499768380867
0.05255188949713263
0.06287458324303824
0.07432460538607097
0.08718215140484978
0.10183000420996499
0.11881311021608823
0.13895206820193
0.16356833214600303
0.19490205664565813
0.23670224290875724
0.29446438960229504
0.37370688892849646
0.4738958281433435
0.5778263928410974
0.6433974931750589
0.6116238052752785
0.43851639387767305
0.13471307586000925
-0.22272478659933792
-0.5265281046169623
-0.6996355160145886
-0.7314092039143913
-0.6658381035802513
-0.5619075388826992
-0.4617185996678446
-0.3824761003415929
-0.32471395364815314
-0.2829137673849422
-0.25158004288533514
-0.22696377894120134
-0.20682482095543228
-0.18984171494926594
-0.17519386214417065
-0.1623363161254266
-0.1508862939823388
-0.14056360023645642
-0.1311567084231861
-0.12250195362022533
-0.11447004149134539
-0.1069569387885553
-0.09987752386766495
-0.09316104212174967
-0.08674777675657877
-0.08058655736667439
-0.07463285700442412
-0.06884730856319482
-0.06319452270305248
-0.05764212319882914
-0.05215993792738559
-0.04671929859897021
-0.04260887675867105
-0.03699478150466069
-0.03133781575817954
-0.025608397239524086
-0.019775391891379113
-0.01380539128349701
-0.0076618778083391015
-0.0013042292739328457
0.005313500856732246
0.012244114382882844
0.019549231965344235
0.027301863981218463
0.03558984589004152
0.044520527688906596
0.054227325829609596
0.064879123143812
0.07669418991648308
0.08996165474059759
0.10507650432458862
0.12260105897455718
0.1433820796834258
0.16878315064209254
0.2011158452845218
0.24424868395375948
0.3038523550935314
0.38562115409563047
0.4890041054979791
0.5962478660077188
0.6639091696215671
0.6311223213925472
0.4524961338179167
0.139007605863042
-0.22982526330169212
-0.5433137912565131
-0.7219399788312099
-0.7547268270601917
-0.6870655234463108
-0.579821762936632
-0.47643881153430034
-0.3946700125321184
-0.33506634139242136
-0.2919335027232136
-0.259600808080731
-0.23419973712206682
-0.2134187164132095
-0.19589416176321015
-0.1807793121792297
-0.1675118473551199
-0.15569678058243525
-0.14504498326823917
-0.13533818512760537
-0.12640750332874764
-0.11811952141993072
-0.11036688940400821
-0.10306177182159058
-0.09613115829540073
-0.08951342816472613
-0.0831557796303319
-0.07701226615520328
-0.07104226554730073
-0.06520926019905621
-0.059479841680458716
-0.05382287593393589
-0.04820878067994966
-0.044218880586501676
-0.03839265299479043
-0.03252193501904733
-0.026576026592349797
-0.020522617235062962
-0.014327036155824265
-0.007951385903196183
-0.0013535093465322431
0.005514276174392901
0.012706767613482453
0.020287914013981695
0.028333484505031203
0.036934633476302964
0.04620276722837719
0.056276343460451315
0.06733062638125803
0.07959213380540431
0.09336091931022508
0.10904689455769119
0.1272336277113974
0.14879987553432666
0.17516074645354024
0.20871515731927842
0.25347779700251855
0.31533360535084803
0.4001920001351997
0.5074811348698923
0.6187768277137052
0.6889943707173739
0.6549684370220368
0.46959293581061956
0.1442596803595689
-0.23850894156212682
-0.563842197013138
-0.7492176982245142
-0.7832436319200493
-0.7130260889162197
-0.6017303960724236
-0.4944412613377636
-0.40958286655337706
-0.3477270582051111
-0.302964418521831
-0.26941000765608625
-0.24304913673687673
-0.22148288891395657
-0.20329615576021576
-0.1876101805127663
-0.17384139500797363
-0.1615798875837965
-0.1505256046630089
-0.14045202843099863
-0.13118389467895766
-0.1225827457076644
-0.11453717521655919
-0.1069560288160881
-0.09976353737696819
-0.09289575185604937
-0.08629787529936964
-0.0799222250467772
-0.07372664396750434
-0.06767323461012986
-0.0617273261835044
-0.05585660820770362
-0.05003038061602995
-0.04616347449869405
-0.040081029332491615
-0.0339521372454153
-0.02774474808536579
-0.02142513046674044
-0.01495708889355598
-0.008301059311975056
-0.0014130306621921232
0.005756776639813631
0.013265569335018004
0.021180108732776814
0.029579496037540114
0.03855889430833043
0.04823460912950768
0.05875118711907457
0.07029160004025262
0.08309232723923493
0.09746661770963211
0.11384240977574431
0.13282893520031763
0.15534359589722457
0.18286373230221176
0.21789375624692825
0.2646249011495706
0.3292008818166147
0.41779094071899525
0.5297980173965706
0.6459876763639186
0.7192926537751368
0.6837701058500963
0.49024267293835966
0.15060319349956724
-0.24899721243266681
-0.588636691871357
-0.7821641247831382
-0.817686672708245
-0.7443816952969047
-0.6281920363295761
-0.5161849596520748
-0.427594900749629
-0.3630189200826785
-0.3162877751800157
-0.2812577512352706
-0.2537376148302711
-0.23122295413331206
-0.21223642870877524
-0.19586063664260794
-0.18148634617223977
-0.16868561897329304
-0.1571452060521173
-0.14662862806258223
-0.13695291324143347
-0.1279735149706495
-0.11957412766585354
-0.11165958826810984
-0.10415079557288312
-0.09698098827086182
-0.09009295962105474
-0.0834369300394925
-0.07696888846627933
-0.07064927084758926
-0.06444188168758914
-0.05831298960047296
-0.05223054443432163
-0.04849543143455045
-0.042105730142892296
-0.03566723565121399
-0.029146278784822247
-0.022507424207541787
-0.01571264799743479
-0.008720387510590039
-0.0014844084550142689
0.006047583384766679
0.013935684567008673
0.022250028871545396
0.031073713328452615
0.04050670819464066
0.05067119427764439
0.06171902002994222
0.07384240011845773
0.08728975976480331
0.10239017191692382
0.11959319249151858
0.13953882907265028
0.16319082689382766
0.1921011550635134
0.22890073485267642
0.2779925109537873
0.3458305180940908
0.4388955742381556
0.5565603742170658
0.678618823767771
0.7556261921197411
0.718308871244744
0.5150056721444182
0.15821026908625466
-0.26157468133238365
-0.6183700843904563
-0.8216732834908336
-0.8589906043659059
-0.7819832360138719
-0.6599247864630998
-0.5422599864842574
-0.44919493034018165
-0.38135692319991243
-0.332265147098785
-0.29546556730958207
-0.2665552391399218
-0.24290324131872032
-0.22295760473758308
-0.2057545841629969
-0.19065417201090448
-0.17720681236456104
-0.16508343227605593
-0.154035606523788
-0.1438711204408021
-0.13443812557460527
-0.12561444111765577
-0.11730009681311877
-0.10941199563085319
-0.10188000379107659
-0.09464402473547902
-0.08765176424864338
-0.08085698803849942
-0.0742181334611978
-0.06769717659486992
-0.06125868210309651
-0.054868980811507866
-0.05128270305542734
-0.04452575383686606
-0.03771720702741992
-0.030821458315300587
-0.023801035716885056
-0.0166157298834695
-0.009221589355809343
-0.0015697225228401487
0.006395170445135101
0.01473664016167213
0.02352885135335242
0.03285967706291212
0.04283483335309846
0.05358352339553906
0.06526632316538578
0.07808649491749377
0.09230674219209874
0.10827505153594402
0.1264668173224999
0.14755883198810366
0.1725702327020269
0.203142188570454
0.24205683107583553
0.29397015145266125
0.36570708996124834
0.4641208660561892
0.58854801277818
0.7176210568301634
0.7990536204110263
0.7595910487521618
0.5446034083216912
0.16730253176115312
-0.2766078068441648
-0.653908683404647
-0.868896323835114
-0.9083588954939541
-0.8269263319132047
-0.6978532878610989
-0.5734261411391297
-0.4750123650441664
-0.40327542653562964
-0.3513621061588099
-0.3124474636533587
-0.2818755077849379
-0.2568641070710092
-0.23577209240543967
-0.21758032661886909
-0.20161201727501418
-0.18739177000045532
-0.17457159824834606
-0.16288879847851032
-0.15214010843606077
-0.14216495214588776
-0.13283412643629022
-0.12404191524462643
-0.11570044552806727
-0.10773555256007755
-0.100083685727118
-0.092689545199451
-0.08550423936601062
-0.07848381676758119
-0.0715880680555067
-0.06477952124593989
-0.05802257202744994
-0.05461329706941965
-0.04741751230192511
-0.04016677889245947
-0.03282318017560661
-0.02534681051632061
-0.017694849133544327
-0.009820490100455971
-0.0016716664952104165
0.006810513011262925
0.015693726387783727
0.025056955061540737
0.03499377907776557
0.045616780337694236
0.057063553250106945
0.06950510257420897
0.08315789166744034
0.09830168567417315
0.11530707158922793
0.1346803189705545
0.15714217564517863
0.1837779683775493
0.21633545411946004
0.25777744965224997
0.31306231707812754
0.38945819637919865
0.4942632873468035
0.6267708950165753
0.7642257740420302
0.8509460075674955
0.8089199412763811
0.5799702768986936
0.17816700956866321
-0.2945711989368205
-0.6963744662667515
-0.9253241306445092
-0.9673501969356793
-0.880629963410174
-0.7431750843846554
-0.6106674767149065
-0.5058623857473533
-0.42946650644627227
-0.3741816390204073
-0.3327396434875593
-0.3001821577456796
-0.2735463650132427
-0.25108450833867446
-0.2317112609573446
-0.21470587504229638
-0.1995620810355951
-0.18590929194235706
-0.17346774261824283
-0.16202096970583255
-0.15139796844592773
-0.1414611444296343
-0.13209791575593477
-0.12321470237937658
-0.11473252287288968
-0.10658369926763911
-0.0987093402345349
-0.09105737885172904
-0.08358100919245862
-0.07623741047565996
-0.06898667706606432
-0.06179089229864903
-0.05860227192471319
-0.050880903978415326
-0.04310057391315201
-0.03522059561058548
-0.027198148707155492
-0.018987284769096606
-0.01053777913903118
-0.001793761897902181
0.0073079597403411314
0.016840006983967294
0.02688713011321136
0.037549744321210235
0.04894865456905592
0.06123150526204462
0.07458179148115754
0.08923178725160458
0.10548169202608346
0.12372916086549428
0.14451744187820406
0.16861992734644154
0.19720121794484102
0.2321367285612378
0.2766056781166222
0.33592856832124857
0.417904339775648
0.5303641152743193
0.6725494013871995
0.8200428423039277
0.9130958069260535
0.867999399237353
0.6223278376031841
0.19117893840466366
-0.31608533208905
-0.7472342312875825
-0.9929057929216489
-1.0380022006103986
-0.9449492359882856
-0.7974557950715059
-0.6552705089586677
-0.5428107334599868
-0.46083496200560375
-0.40151207180098425
-0.3570431222455356
-0.32210761162919593
-0.29352632103071574
-0.26942383556256844
-0.2486355545498259
-0.23038808571039682
-0.2141381809359758
-0.19948818516550595
-0.18613789894635907
-0.17385504825337977
-0.1624561380055746
-0.15179352379751743
-0.14174640066834113
-0.13221435342464954
-0.12311263178641828
-0.1143686145452738
-0.1059191089151913
-0.09770824497712449
-0.08968579807372659
-0.08180581977120596
-0.0740254897057814
-0.06630412175957823
-0.06340197759128899
-0.05504820531951022
-0.04663064173933428
-0.03810526840662831
-0.02942575783008175
-0.020542398248371695
-0.01140085143909833
-0.0019406715515935744
0.007906509900344444
0.01821926204633971
0.02908927650236294
0.040625192810462785
0.05295771027792373
0.06624656590760836
0.08069028368665832
0.09654016173596294
0.11412098697817437
0.13386298398626512
0.15635389513808953
0.18243045694336213
0.2133526561056438
0.2511495112507095
0.2992606249875145
0.3634422365513571
0.45213195463463063
0.5738021086227838
0.72763184120617
0.8872038617286298
0.9878763594282491
0.9390854306582883
0.6732935046086583
0.20683514613902215
-0.34197175688507286
-0.8084301153546897
-1.0742220414043668
-1.1230129701743676
-1.022340472474725
-0.8627684519521828
-0.7089387193687988
-0.5872685653806735
-0.4985788472973907
-0.434397235733632
-0.38628612199672663
-0.34848926685172943
-0.3175670676893646
-0.2914905058841619
-0.26899959473231183
-0.24925759772420997
-0.23167677248203483
-0.21582689443268943
-0.2013831766536435
-0.18809432102396034
-0.17576180355653379
-0.1642258872483357
-0.15335587279241453
-0.1430431206463375
-0.13319593919442405
-0.12373575930689623
-0.11459421249763223
-0.10571085291592093
-0.09703134233939972
-0.08850596900676201
-0.08008840542640691
-0.07173463315472424
-0.06921743684802792
-0.06009742544381311
-0.05090777154583687
-0.041600419167890465
-0.03212479148127051
-0.022426616968125895
-0.01244657329142835
-0.0021186702688485576
0.008631731614744453
0.01989040816401144
0.03175746132047891
0.04435149548908664
0.057815198258657684
0.07232295838205972
0.08809150931747414
0.10539519935236907
0.12458860633516128
0.14614141706354616
0.17069528457111927
0.1991636952718915
0.23292220867744537
0.2741859544047106
0.3267100223154839
0.39677859686518846
0.49360309374280836
0.6264327017900361
0.7943709442792365
0.968577334247309
1.0784814457129477
1.0252138947924072
0.7350437789083153
0.22580418791326495
-0.373336019399217
-0.882575610394204
-1.1727457262782577
-1.2260132771988184
-1.116109165733367
-0.9419027757650678
-0.7739645332759768
-0.6411349252286925
-0.5443104283510753
-0.4742418538014198
-0.4217177858905946
-0.3804540401634132
-0.3466955267577791
-0.31822711605709597
-0.29367324854948335
-0.27212043782105805
-0.25292703083830625
-0.235623340803383
-0.21985478986794316
-0.20534702974457092
-0.19188332697499094
-0.17928929280636094
-0.16742223964995778
-0.15616356310059804
-0.14541316121705022
-0.13508525819445374
-0.1251052145177488
-0.11540704000465088
-0.10593141231802389
-0.09662405994013215
-0.08743440604203465
-0.07831439463787992
-0.07633018900363187
-0.06627300820856054
-0.056139028467658454
-0.04587525556846539
-0.03542591541374738
-0.024731159550424084
-0.013725569683093006
-0.0023363744818389043
0.009518735523736985
0.021934350462106136
0.035020858757727744
0.04890905262000131
0.06375628224317564
0.07975485661813075
0.09714378081745866
0.1162255953010477
0.1373913145821677
0.16115889091128932
0.18823591440305001
0.2196297428697848
0.25685729084467174
0.3023613165081279
0.36028277326094504
0.4375515525393455
0.5443254618587902
0.6908037788124641
0.8759974480552497
1.0681021985742232
1.1892966099881646
1.1305534374828072
0.8105672615779149
0.24900405445498594
-0.41169619065710594
-0.9732593977799151
-1.2932455736848398
-1.351988746190241
-1.230794334776351
-1.0386895842572956
-0.8534959150144743
-0.7070175980608457
-0.600243688741424
-0.5229749094630538
-0.46505345271015663
-0.41954942704678333
-0.382321879071821
-0.3509280506051974
-0.32385102711340197
-0.3000834507841905
-0.27891773150312577
-0.25983591701951025
-0.24244699282017734
-0.2264484184452073
-0.21160118882206552
-0.19771299495974515
-0.18462648666417522
-0.172210871725718
-0.16035576172019567
-0.14896656651894413
-0.13796097665159265
-0.12726622078831193
-0.1168168806336013
-0.10655310773443138
-0.09641912799344049
-0.08636194719842483
-0.08513672576293493
-0.0739192037589487
-0.0626160221590946
-0.05116807256252498
-0.039513145954430076
-0.027584488885139785
-0.015309135441780614
-0.002605918319639952
0.010616968390919843
0.02446502814149902
0.03906138541319315
0.05455192256712496
0.07111214409139355
0.08895654666626883
0.10835171065616257
0.12963508228163814
0.1532427896444633
0.17975254428244913
0.20995357558197716
0.24496946732105435
0.2864921514783937
0.3372462218447072
0.4018503803313225
0.4880339739651169
0.6071265178566362
0.7705035166359997
0.9770611471157007
1.1913255289308489
1.326497784940787
1.2609744750060268
0.9040725508543063
0.2777274529204595
-0.45919007072713336
-1.0855351686609684
-1.4424370928125292
-1.5079604027473668
-1.372788146737504
-1.1585237649223141
-0.9519661344426258
-0.7885891356632515
-0.6694965917717732
-0.5833129981379398
-0.5187088396513369
-0.46795476928503316
-0.42643208512762487
-0.39141619338861156
-0.36121516208908633
-0.33470540745104427
-0.31109770008826076
-0.28981432846279276
-0.27041916447289094
-0.2525747618979889
-0.23601454037369288
-0.2205240032197385
-0.2059276459481496
-0.19207958619744336
-0.17885669948691169
-0.1661534823647746
-0.15387812892140476
-0.141949471852171
-0.13029454524407807
-0.11884659564754978
-0.10754341404759252
-0.0963258920436511
-0.09621324760217516
-0.08353629257647271
-0.07076253335929066
-0.05782517135130562
-0.044653903937165895
-0.031173292818478443
-0.017300878967765665
-0.0029449349323294044
0.011998289470886964
0.027648024073673297
0.04414341230765889
0.061649316384655456
0.08036407461643587
0.1005300905768894
0.12244862787326039
0.14650103599839814
0.17318018541871952
0.20313895097310447
0.23726924541978278
0.2768408382547801
0.3237657938012596
0.38112319100396425
0.4541326267135084
0.551528959066953
0.6861153743877844
0.870746654719569
1.104174433222301
1.3463092430348311
1.4990609773069878
1.425009074727833
1.0216764849480404
0.3138532744841919
-0.5189246798180892
-1.226747890281824
-1.6300804800616415
-1.7041323826408785
-1.551380648368717
-1.3092458385561732
-1.075818060053408
-0.8911867797216286
-0.7566003644008399
-0.6592040320473591
-0.5861945963378015
-0.5288371991351279
-0.4819122435886117
-0.44234065075370443
-0.4082103563070054
-0.3782515907525533
-0.3515724413322778
-0.32752003320714806
-0.30560149591075975
-0.28543547995025076
-0.2667207217184896
-0.249214817641491
-0.23271942940751905
-0.21706969480464539
-0.20212647040147028
-0.18777052636606983
-0.17389811251533605
-0.1604175013966761
-0.14724623398256564
-0.1343088719745663
-0.12153511275736194
-0.1088581577316844
-0.11042751886993236
-0.09587770254485505
-0.08121678037671187
-0.06636808507722096
-0.051250927663269386
-0.03577872472928935
-0.01985683490633429
-0.003379979093203367
0.01377092076812328
0.03173270933457395
0.05066508688470779
0.07075727215757455
0.09223690574360979
0.11538220370101808
0.1405389381308813
0.16814479898851958
0.19876547350259183
0.23315029276513907
0.2723229423076966
0.31774079147622597
0.3715984025020912
0.4374297751134901
0.5212256658936472
0.6330113811395377
0.7874814111594808
0.999389083254469
1.2673006608386292
1.5452033502955858
1.720516443979046
1.6355204054765067
1.1726022605277768
0.36021547816370325
-0.5955835530858109
-1.4079703354498752
-1.87088848039856
-1.9558845189010872
-1.780571425217793
-1.5026687357606678
-1.234757158176644
-1.0228494860815849
-0.8683794560616207
-0.7565937408156861
-0.6727978500355685
-0.6069664774241914
-0.5531088663982783
-0.5076910172297961
-0.4685183676872857
-0.43413354842467744
-0.4035128739106135
-0.37590701305301377
-0.35075027862310787
-0.327604980665686
-0.30612534707961014
-0.2860331618068046
-0.26710078425669737
-0.24913899569014572
-0.2319880958288514
-0.21551124001572494
-0.19958935019278234
-0.18411714725882444
-0.16899998984489722
-0.15415129454538368
-0.13949037237722867
-0.12494055605217294
-0.12911416538182124
-0.11210220983136625
-0.09496034687307443
-0.07759893541553467
-0.059923632107548655
-0.04183320170093427
-0.023216987386607824
-0.003951894466488637
0.01610130582758204
0.037102615400138275
0.05923875950604979
0.08273097711455715
0.10784543098954523
0.13490741802893383
0.16432122343203834
0.19659860524646638
0.2324009795541508
0.2726044843980263
0.3184060424309507
0.371509658212298
0.4344813077870363
0.511453159946489
0.6094301390277916
0.7401350539186352
0.9207510488916358
1.1685310550033847
1.481801210569758
1.8067607657700977
2.0117685199425264
1.9123990474774946
1.371122281644218
0.4212065187520354
-0.6964038020796011
-1.6463195649717903
-2.1875963308050874
-2.286965803270217
-2.0819580490976266
-1.7569984938974075
-1.4437283383309871
-1.195948332219245
-1.0153323372462102
-0.8846274223553074
-0.7866504432740424
-0.7096785911145825
-0.6467069415398444
-0.5936033257585093
-0.5478017677256426
-0.5075982628817283
-0.4717958885740751
-0.4395185067596813
-0.41010470135652843
-0.38304271431709114
-0.35792826044209497
-0.33443604283366246
-0.31229989872773534
-0.2912985891551014
-0.27124538886102867
-0.2519802959409733
-0.23336408162663985
-0.21527365122000752
-0.19759834791209063
-0.1802369364545096
-0.163095073496203
-0.1460831179457716
-0.15418304216276935
-0.1338680318745895
-0.11339789104179278
-0.09266557363383403
-0.07155841834579002
-0.0499555338089194
-0.027724777751655078
-0.004719155001311343
0.019227596374843087
0.044306544894513966
0.07074067122185243
0.09879417118651496
0.12878488720262224
0.16110127786773742
0.19622612730290906
0.23477056073789263
0.27752442124906374
0.3255339684970456
0.3802285410861755
0.44364305349114963
0.5188419126866667
0.6107604288094457
0.7277664507430668
0.8838669314243608
1.099599294122118
1.3955959944183465
1.7698873475385206
2.158220381085151
2.4033105702857043
2.2847635090716754
1.63819421474779
0.5033193780941417
-0.8319491201580715
-1.9668239568116943
-2.6133932511354905
-2.7319403123496553
-2.486850123148958
-2.0985170896024226
-1.7242257364822902
-1.428229036186071
-1.212496673488261
-1.0563961928069314
-0.9393901708733639
-0.8474716547505692
-0.772272795555039
-0.70885828315006
-0.6541637105610091
-0.606154163312989
-0.5634003028018417
-0.5248558693668919
-0.48973101993166795
-0.4574146292664799
-0.42742391325039786
-0.39937041328580236
-0.3729362869584776
-0.3478573384387359
-0.3239105870625809
-0.3009049643123024
-0.27867420825500905
-0.25707132371810437
-0.23596416843014933
-0.21523185102215192
-0.1947617101893288
-0.1744466999012193
-0.18716340492631114
-0.16250295648736207
-0.13765419395016784
-0.11248717333364361
-0.08686513419371403
-0.060641325489328934
-0.03365533853417005
-0.005728734463746998
0.023340313838087906
0.053783746657145914
0.08587224306548055
0.11992651411111552
0.1563323936950428
0.1955614385431953
0.2381997098794173
0.28498906643605243
0.33688831953503173
0.39516755858527763
0.46156193454764627
0.5385418879355721
0.6298283916991969
0.7414168961758727
0.8834809888912638
1.073069678745123
1.3352181884558982
1.695148171950753
2.1506457824107152
2.6236859837666753
2.922852317108941
2.7796544429575842
1.9936352225117873
0.6129325379439496
-1.011857459003669
-2.3925601435715196
-3.1785793640172777
-3.3217772381687527
-3.022610904826292
-2.549570703470488
-2.094073093010489
-1.734143109515718
-1.4719945998048494
-1.2824059099509593
-1.1403418172355957
-1.0287533127589132
-0.9374668089953097
-0.8604868556073658
-0.7940924796450743
-0.7358132405947998
-0.6839139874958561
-0.6371246309392598
-0.5944863596029757
-0.5552573147547563
-0.518851435170836
-0.4847971641252786
-0.45270866771693724
-0.422265234897827
-0.393196186595978
-0.3652695825256417
-0.33828359557042087
-0.3120597868660161
-0.286437747726193
-0.261270727109591
-0.23642196457240247
-0.21176151613349287
-0.22290763348194928
-0.19353772124893562
-0.16394352940784498
-0.13397029629270835
-0.10345514176230292
-0.07222328676075365
-0.04008368579546698
-0.006823819148519289
0.027796688744614828
0.06405407891002587
0.10227073131293021
0.14282861562041993
0.18618726534597388
0.23290831388189448
0.2836897758937377
0.3394152314844549
0.4012266702795062
0.47063685795743526
0.5497126086177737
0.6413972479678711
0.7501272655285152
0.8830637793780074
1.052397437978136
1.2786496989273939
1.5921331219375596
2.023722243040038
2.5716277091266564
3.142799677612169
3.506953016830532
3.339790716504922
2.3982365234028666
0.739257486717678
-1.2143684231028076
-2.8733474597880324
-3.814901652889982
-3.9820639532157163
-3.6179106139971755
-3.0467386455118115
-2.4988331794251524
-2.06724405832275
-1.7537606353124373
-1.5275083743632432
-1.3581747157631519
-1.2252382019136405
-1.1165081843529991
-1.024823545002881
-0.9457477943426175
-0.8763376066646712
-0.8145261678696569
-0.7588007122789671
-0.7080192502670698
-0.6612982017311229
-0.617939552005571
-0.5773816676981196
-0.5391650152952348
-0.5029076251297664
-0.46828711723664446
-0.4350272505897385
-0.4028876496244288
-0.3716557946228273
-0.341140640092536
-0.31116740697734246
-0.28157321513622613
-0.25220330290327825
-0.22540264659149178
-0.19570465264264966
-0.1657798623845688
-0.13547177712242103
-0.1046156879288914
-0.0730348524191545
-0.040536077736579273
-0.006904453660561083
0.028103101566443883
0.06476594209353609
0.10341008522665068
0.1444218161398751
0.1882658683324745
0.235510242231412
0.28686088294524204
0.3432114360745794
0.40571694751439263
0.47590759956640405
0.5558745315580759
0.6485985192355028
0.7585860341515153
0.8931642531983472
1.0649685192549037
1.295650473906337
1.6179268720256563
2.066499067799076
2.6430879857207366
3.253091960050652
3.6540241075982287
3.4990897069237468
2.5244288326223945
0.7861242125003696
-1.2665524237615409
-3.004857043883537
-3.9795179181848956
-4.13445231885942
-3.733520171311774
-3.1235161969819547
-2.546927279060235
-2.098355083286889
-1.7760786851674655
-1.5453967305160425
-1.373592464459566
-1.2390142454126953
-1.12902673049668
-1.0363027428192353
-0.9563358108276265
-0.8861451587756092
-0.8236396473358434
-0.7672890942065269
-0.7159384534926827
-0.6686940795936795
-0.6248500274010695
-0.5838382964879035
-0.5451941533548017
-0.5085313128276665
-0.473523757600664
-0.4398921335246845
-0.40739335884206307
-0.3758125233322932
-0.3449564341388577
-0.31464834887663673
-0.28472355861852594
-0.2550255646697506
-0.06204296832292653
-0.05387110526074884
-0.045636784324981174
-0.03729690519233192
-0.028806103525752712
-0.020115696437282497
-0.011172463884700438
-0.0019171951913127053
0.00771709265855202
0.017807392116049522
0.028443575723523212
0.039732156454709365
0.05180131550655765
0.0648077701775992
0.07894637718564013
0.09446392530879677
0.11167960647865324
0.13101682543876245
0.1530565340292668
0.17863903624818858
0.20909316899006708
0.24680756659043174
0.2965912226623999
0.3682877092364681
0.4798019894437731
0.6556809494844174
0.9115930655067669
1.2192761606612121
1.4705034347882044
1.4885372740046996
1.1229586704223153
0.3826718696977177
-0.5149089942952956
-1.255195795019874
-1.6207743986022578
-1.602740559385835
-1.3515132852586604
-1.0438301901042952
-0.7879180740820011
-0.6120391140413656
-0.5005248338339245
-0.42882834725997765
-0.37904469118801826
-0.34133029358765776
-0.31087616084575886
-0.28529365862681133
-0.2632539500363909
-0.2439167310762636
-0.22670104990643575
-0.21118350178330364
-0.1970448947752657
-0.1840384401041799
-0.1719692810523329
-0.16068070032117746
-0.15004451671372845
-0.13995421725618173
-0.13031992940632786
-0.1210646607129571
-0.11212142816037209
-0.10343102107182374
-0.09494021940535716
-0.08660034027260684
-0.07836601933679511
-0.07019415627468532
0.6194997482017472
0.5378673111422286
0.45561168705930705
0.3723028594265449
0.2874882645680099
0.20068229335230447
0.11135416360593342
0.018913460802693516
-0.07730757823797219
-0.17807629816762616
-0.28428813747298387
-0.39700395230745045
-0.5174998819039648
-0.6473354024193958
-0.7884483838259363
-0.943291418234593
-1.1150335780972673
-1.3078708645234713
-1.5275277663245035
-1.7821136317692732
-2.083647569188696
-2.4507330798483764
-2.912614586048587
-3.512819835965148
-4.304678218808171
-5.321948659760137
-6.506977790519541
-7.6090005591531575
-8.1321137328018
-7.45718313026378
-5.178565904738074
-1.47713835684395
2.7975639973469315
6.49899154524106
8.7776087707668
9.452539373304774
8.929426199656206
7.827403431022514
6.642374300263186
5.625103859311137
4.833245476468207
4.233040226551633
3.771158720351342
3.404073209691727
3.102539272272293
2.8479534068275294
2.6282965050264604
2.4354592186002604
2.2637170587375297
2.108874024328856
1.9677610429223105
1.8379255224069146
1.7174295928104262
1.6047137779759268
1.4985019386705285
1.397733218740918
1.3015121797002502
1.2090714768970188
1.1197433471506497
1.0329373759349916
0.9481227810763997
0.8648139534436977
0.7825583293608321
0.700925892301255
2.515421143066077
2.18397441536588
1.8499971699014446
1.511743270073354
1.1673750106547298
0.8149204808136243
0.45222430882318143
0.07688893481734027
-0.31379734748626165
-0.7229506974658158
-1.154207546279424
-1.6118762161070617
-2.101139498742534
-2.6283311440120234
-3.201322087698689
-3.830074431391939
-4.527461488587017
-5.310530635232621
-6.202550166817392
-7.236540931408918
-8.461729625096952
-9.955450954715127
-11.842904015540174
-14.31969879071773
-17.64566596156095
-22.030899411844885
-27.315399953818893
-32.47035405697601
-35.28041182731637
-32.83586831198105
-23.110657639703255
-6.807181045419339
12.168632385365441
28.472108979649384
38.197319651927195
40.641863167262514
37.83180539692232
32.67685129376507
27.392350751791135
23.00711730150714
19.681150130664037
17.20435535548637
15.316902294661322
13.823180965043129
12.597992271355151
11.564001506763598
10.671981975178817
9.888912828533226
9.191525771338103
8.562773427644801
7.9897824839581695
7.462590838688639
6.973327556053206
6.515658886225552
6.084402037411926
5.675248687432399
5.284562405128787
4.90922703112296
4.546530859132507
4.194076329291459
3.8497080698727815
3.511454170044741
3.1774769245803745
2.8460301968801356
6.590410379544361
5.722032106800597
4.847023831030216
3.960810637312436
3.058577691240181
2.135158524834556
1.1849059809248832
0.20153833864291304
-0.8220492299478899
-1.8940212813940214
-3.0239055719994763
-4.222990339034588
-5.504855115298038
-6.886095219427116
-8.38733381691916
-10.034673586802366
-11.861845709647557
-13.913519953430374
-16.250674410918958
-18.959886853012478
-22.170430821080153
-26.086216729306038
-31.03995378848527
-37.55791057601872
-46.35253902822266
-58.02788973539589
-72.2193655453746
-86.22410855282827
-94.09017305049481
-87.90363252763615
-62.07758697396069
-18.42838943291418
32.47539374425668
76.12459128530315
101.95063683897877
108.13717736183747
100.27111286417104
86.26636985671738
72.07489404673865
60.39954333956538
51.60491488736144
45.08695809982802
40.133221040648735
36.21743513242288
33.00689116435515
30.29767872226167
27.96052426477309
25.90885002099025
24.081677898145024
22.43433812826179
20.93309953076979
19.551859426640664
18.26999465037725
17.07090988334209
15.941025592736633
14.869053541290487
13.845465972699719
12.862098330417748
11.911845786508087
10.988426620102505
10.086193674030234
9.199980480312455
8.324972204542131
7.456593931798347
13.544383694620986
11.759737961543772
9.961466499667921
8.14016711548791
6.285944536931758
4.388180819976704
2.435270114690642
0.41430242305518483
-1.6893238954355994
-3.8923884297481965
-6.214472414826313
-8.67877523131911
-11.313205349443203
-14.151869326076637
-17.23715183583142
-20.62269921572311
-24.37783625898189
-28.594369981194546
-33.39763108825857
-38.965603319809475
-45.564229984178134
-53.61375450694899
-63.802253479713706
-77.22402109798591
-95.37267790608601
-119.53956865246036
-149.02648246086628
-178.27224772671298
-194.90754336721346
-182.3974554821611
-129.00005270823695
-38.42543125308333
67.29433387005403
157.8689553252077
211.26635809913182
223.7764459841846
207.14115034368427
177.89538507783737
148.40847126943152
124.24158052305717
106.09292371495701
92.67115609668484
82.48265712392009
74.43313260114923
67.83450593678063
62.26653370522972
57.46327259816564
53.246738875952964
49.491601832694165
46.10605445280248
43.02077194304775
40.18210796641423
37.54767784829018
35.08337503179734
32.76129104671925
30.558226512406584
28.45460019391585
26.433632502280364
24.480721796994388
22.582958080039305
20.728735501483154
18.907436117303135
17.109164655427314
15.324518922350114
22.879695323408495
19.865019475579736
16.827326595745916
13.750734185747554
10.61852681999072
7.4127683071783785
4.1138536463339825
0.6999748173455345
-2.8535337911568774
-6.575016871258967
-10.49755177387203
-14.660327778170124
-19.110488966306516
-23.905649510529823
-29.117407365890834
-34.836384227426606
-41.17968665002929
-48.30239985417692
-56.41624401805652
-65.82191772361588
-76.96889085696947
-90.5680937545524
-107.7857057355734
-130.4817155905319
-161.20581388019468
-202.18470346769897
-252.28553680729806
-302.10884609404087
-330.6358833898291
-309.6897465058746
-219.19915584678213
-65.41019210445383
114.17663930436706
267.96560304669515
358.456193705788
379.40233058974303
350.87529329395454
301.051984007212
250.95115066761306
209.9722610801086
179.24816279044592
156.55215293548738
139.33454095446626
125.73533805688325
114.58836492352978
105.18269121797037
97.06884705409082
89.94613384994315
83.60283142734042
77.88385456580468
72.67209671044368
67.87693616622029
63.426774978083955
59.26399897378577
55.34146407117278
51.61998099107063
48.06647238256828
44.65259355357979
41.35367889273544
38.147920379923065
35.015713014166224
31.939120604167854
28.90142772433408
25.886751876505336
32.28605922274105
28.03199587062482
23.745452749502267
19.404017765322624
14.984103463372026
10.46039974182456
5.805241607732796
0.98785534306705
-4.026565175584253
-9.278017697943149
-14.813178326224268
-20.68734783124045
-26.96705217152554
-33.73359186697384
-41.08800024106104
-49.15815540163189
-58.10930879066225
-68.16030466887003
-79.60990963458414
-92.88247503600272
-108.61242717802055
-127.80376327815867
-152.10505286271407
-184.14977994593698
-227.5563878622669
-285.5020596490649
-356.4243640874026
-427.0556522445051
-467.6402701564402
-438.2273801422193
-310.3109578413623
-92.68835824279239
161.50378830961026
379.1263879081804
507.0428102090378
536.455700223259
495.871082311324
425.23979415422156
354.3174897158839
296.37181792908586
252.96521001275573
220.92048292953294
196.61919334497756
177.42785724483934
161.6979051028216
148.425339701403
136.97573473568875
126.92473885748112
117.97358546845072
109.90343030787974
102.54902193379263
95.7824822383443
89.50277789805918
83.62860839304301
78.0934477647618
72.84199524240294
67.8275747237517
63.01018845908594
58.35503032499422
53.831326603446634
49.4114123014961
45.0699773173164
40.78343419619394
36.52937084407765
38.30645873970404
33.259146046205565
28.173297121043806
23.022320714397907
17.778231047562024
12.410998474590084
6.88779934444031
1.172121600434231
-4.777331137656091
-11.008014953088718
-17.575309586292093
-24.54482767785136
-31.995500202358215
-40.023787687123715
-48.74956300619048
-58.32454951114028
-68.9448128139999
-80.87000484075224
-94.45460461869547
-110.20210675896203
-128.8653273825315
-151.63589517534533
-180.47135429609477
-218.50094916018264
-270.02880603273974
-338.8432864426579
-423.10998369192396
-507.08525650430414
-555.4138655417673
-520.5938763374961
-368.7058237321691
-110.17852757639183
191.826001156488
450.3532973122651
602.2413499175926
637.0613391218645
588.7327300844013
504.7574572720215
420.49076002275564
351.6762796128371
300.1484227402798
262.1188278761921
233.2833687554425
210.51280096262866
191.84958033905917
176.1020781987926
162.5174784208495
150.59228639409707
139.97202309123736
130.39703658628764
121.67126126722081
113.64297378245533
106.19230125794846
99.22278316638918
92.6554885331858
86.42480471775313
80.47535197966292
74.7596742356568
69.23647510550713
63.86924253253504
58.62515286569918
53.474176459053226
48.38832753389149
43.34101484039294
38.306458739704084
33.25914604620553
28.173297121043873
23.022320714397885
17.77823104756193
12.41099847459002
6.8877993444402605
1.1721216004341883
-4.777331137656105
-11.008014953088669
-17.575309586292157
-24.544827677851323
-31.995500202358148
-40.023787687123715
-48.74956300619055
-58.32454951114027
-68.94481281400003
-80.87000484075239
-94.45460461869544
-110.20210675896206
-128.86532738253163
-151.6358951753455
-180.47135429609492
-218.5009491601828
-270.02880603274014
-338.84328644265844
-423.1099836919244
-507.08525650430425
-555.4138655417678
-520.5938763374968
-368.7058237321693
-110.17852757639184
191.82600115648802
450.3532973122654
602.2413499175934
637.0613391218649
588.7327300844016
504.7574572720217
420.4907600227558
351.6762796128375
300.1484227402801
262.1188278761921
233.28336875544278
210.5128009626289
191.84958033905934
176.10207819879275
162.5174784208496
150.5922863940972
139.9720230912375
130.39703658628778
121.67126126722093
113.64297378245539
106.19230125794857
99.22278316638916
92.65548853318586
86.42480471775329
80.47535197966299
74.75967423565692
69.23647510550721
63.86924253253512
58.62515286569929
53.4741764590533
48.38832753389158
43.34101484039296
32.28605922274101
28.031995870624794
23.745452749502267
19.40401776532262
14.984103463372001
10.46039974182455
5.8052416077327464
0.9878553430670465
-4.026565175584235
-9.278017697943156
-14.813178326224254
-20.68734783124046
-26.967052171525516
-33.733591866973775
-41.08800024106099
-49.15815540163187
-58.1093087906622
-68.16030466886997
-79.60990963458414
-92.88247503600272
-108.61242717802048
-127.8037632781587
-152.10505286271396
-184.1497799459369
-227.55638786226692
-285.5020596490648
-356.4243640874023
-427.0556522445046
-467.6402701564402
-438.22738014221926
-310.3109578413623
-92.68835824279242
161.5037883096103
379.12638790818016
507.0428102090374
536.4557002232589
495.8710823113237
425.2397941542215
354.31748971588377
296.37181792908575
252.9652100127557
220.92048292953282
196.6191933449776
177.42785724483923
161.6979051028215
148.42533970140292
136.97573473568877
126.92473885748099
117.97358546845066
109.90343030787972
102.5490219337926
95.78248223834427
89.50277789805915
83.62860839304298
78.09344776476183
72.84199524240297
67.82757472375168
63.01018845908598
58.35503032499422
53.83132660344667
49.41141230149613
45.069977317316415
40.783434196193866
36.52937084407762
22.879695323408555
19.86501947557976
16.82732659574597
13.7507341857476
10.618526819990755
7.412768307178403
4.1138536463339115
0.6999748173455664
-2.853533791156888
-6.575016871258995
-10.497551773872065
-14.660327778170146
-19.11048896630651
-23.905649510529987
-29.117407365890998
-34.836384227426734
-41.17968665002948
-48.30239985417718
-56.41624401805666
-65.82191772361614
-76.96889085696967
-90.56809375455268
-107.78570573557383
-130.48171559053236
-161.20581388019522
-202.1847034676997
-252.2855368072988
-302.10884609404195
-330.63588338983004
-309.68974650587563
-219.1991558467827
-65.41019210445398
114.17663930436736
267.96560304669595
358.4561937057891
379.4023305897442
350.87529329395585
301.05198400721304
250.95115066761394
209.97226108010938
179.24816279044634
156.55215293548792
139.33454095446683
125.73533805688362
114.5883649235301
105.1826912179707
97.06884705409108
89.94613384994345
83.60283142734066
77.88385456580488
72.67209671044395
67.87693616622056
63.426774978084204
59.263998973786016
55.34146407117296
51.61998099107086
48.06647238256842
44.65259355357999
41.35367889273563
38.147920379923136
35.01571301416639
31.93912060416795
28.901427724334127
25.88675187650534
13.54438369462097
11.759737961543786
9.961466499667981
8.140167115487928
6.285944536931757
4.3881808199767125
2.4352701146906295
0.4143024230552097
-1.689323895435539
-3.8923884297481877
-6.214472414826313
-8.678775231319072
-11.313205349443155
-14.151869326076639
-17.23715183583139
-20.62269921572313
-24.37783625898188
-28.594369981194568
-33.397631088258684
-38.965603319809574
-45.56422998417814
-53.613754506949135
-63.80225347971388
-77.224021097986
-95.37267790608612
-119.53956865246047
-149.0264824608665
-178.27224772671335
-194.90754336721375
-182.39745548216138
-129.0000527082372
-38.42543125308338
67.29433387005417
157.86895532520782
211.26635809913222
223.77644598418496
207.14115034368447
177.89538507783772
148.4084712694318
124.24158052305734
106.09292371495715
92.67115609668504
82.48265712392029
74.43313260114925
67.83450593678073
62.26653370522975
57.463272598165695
53.246738875952964
49.49160183269424
46.10605445280253
43.020771943047805
40.18210796641429
37.54767784829021
35.08337503179742
32.76129104671929
30.558226512406666
28.454600193915866
26.43363250228043
24.480721796994402
22.582958080039287
20.728735501483143
18.907436117303142
17.10916465542727
15.324518922350066
6.590410379544377
5.722032106800567
4.847023831030215
3.9608106373124317
3.058577691240149
2.1351585248345897
1.1849059809248157
0.20153833864293969
-0.8220492299478526
-1.8940212813939654
-3.023905571999456
-4.222990339034545
-5.504855115297982
-6.886095219427084
-8.387333816919156
-10.03467358680236
-11.861845709647604
-13.913519953430438
-16.250674410919032
-18.95988685301249
-22.170430821080256
-26.086216729306166
-31.039953788485434
-37.55791057601885
-46.35253902822283
-58.027889735396144
-72.21936554537488
-86.22410855282851
-94.0901730504951
-87.90363252763643
-62.077586973960834
-18.42838943291426
32.47539374425679
76.12459128530344
101.95063683897902
108.13717736183791
100.27111286417127
86.26636985671763
72.07489404673893
60.39954333956566
51.60491488736155
45.08695809982816
40.13322104064893
36.21743513242291
33.00689116435524
30.29767872226174
27.96052426477317
25.908850020990272
24.081677898145074
22.434338128261857
20.93309953076989
19.551859426640746
18.269994650377306
17.07090988334218
15.941025592736692
14.86905354129058
13.845465972699753
12.86209833041783
11.911845786508117
10.988426620102507
10.086193674030255
9.1999804803125
8.324972204542053
7.45659393179827
2.515421143066078
2.1839744153658285
1.849997169901458
1.511743270073381
1.1673750106547165
0.8149204808136301
0.4522243088231219
0.07688893481737091
-0.3137973474862541
-0.7229506974657807
-1.1542075462794115
-1.6118762161069817
-2.101139498742439
-2.62833114401197
-3.20132208769862
-3.8300744313919353
-4.527461488587057
-5.3105306352326895
-6.202550166817472
-7.236540931408995
-8.461729625096982
-9.955450954715241
-11.842904015540363
-14.31969879071788
-17.6456659615611
-22.03089941184509
-27.31539995381916
-32.47035405697633
-35.280411827316584
-32.835868311981415
-23.11065763970341
-6.807181045419345
12.16863238536556
28.472108979649605
38.19731965192763
40.64186316726292
37.83180539692254
32.67685129376538
27.392350751791362
23.007117301507392
19.681150130664115
17.20435535548655
15.316902294661489
13.823180965043193
12.597992271355212
11.56400150676366
10.671981975178891
9.888912828533247
9.19152577133814
8.562773427644835
7.989782483958292
7.462590838688685
6.9733275560532135
6.515658886225626
6.084402037411985
5.675248687432447
5.2845624051287885
4.90922703112299
4.54653085913251
4.194076329291458
3.8497080698727806
3.5114541700447166
3.1774769245802896
2.8460301968800747
0.6194997482017448
0.5378673111422068
0.45561168705933736
0.3723028594266089
0.28748826456803545
0.2006822933523359
0.11135416360589057
0.018913460802738036
-0.07730757823794754
-0.17807629816755888
-0.2842881374729911
-0.39700395230741636
-0.5174998819039305
-0.6473354024193634
-0.7884483838258778
-0.9432914182345521
-1.1150335780972667
-1.3078708645234882
-1.527527766324539
-1.7821136317692867
-2.0836475691887175
-2.450733079848408
-2.912614586048661
-3.512819835965168
-4.304678218808178
-5.321948659760198
-6.506977790519562
-7.609000559153202
-8.132113732801754
-7.457183130263825
-5.1785659047380825
-1.4771383568439085
2.7975639973469466
6.49899154524107
8.777608770766893
9.452539373304766
8.92942619965614
7.827403431022562
6.642374300263227
5.625103859311238
4.833245476468174
4.233040226551692
3.771158720351408
3.4040732096916777
3.102539272272269
2.847953406827527
2.6282965050264693
2.4354592186002475
2.263717058737521
2.1088740243288786
1.9677610429224295
1.8379255224069428
1.7174295928104444
1.6047137779759728
1.4985019386705587
1.3977332187409317
1.3015121797002118
1.209071476896988
1.1197433471505507
1.0329373759349276
0.9481227810763229
0.8648139534436045
0.7825583293606746
0.7009258923011761
-0.06204296832292544
-0.053871105260770574
-0.04563678432498326
-0.03729690519227992
-0.028806103525756757
-0.020115696437283365
-0.011172463884719451
-0.0019171951912752491
0.007717092658558793
0.017807392116116344
0.028443575723550704
0.03973215645474046
0.05180131550659745
0.06480777017766505
0.07894637718573512
0.0944639253088212
0.11167960647867117
0.1310168254387578
0.15305653402925387
0.17863903624816535
0.2090931689900749
0.246807566590392
0.2965912226623144
0.3682877092364539
0.4798019894437323
0.6556809494844695
0.9115930655067156
1.2192761606611586
1.4705034347882984
1.4885372740047678
1.1229586704222978
0.3826718696977922
-0.5149089942952773
-1.2551957950198485
-1.6207743986021776
-1.6027405593858137
-1.3515132852587697
-1.0438301901042992
-0.7879180740820056
-0.6120391140412974
-0.5005248338339903
-0.42882834725991015
-0.37904469118801976
-0.34133029358767
-0.3108761608457646
-0.2852936586268431
-0.2632539500363746
-0.243916731076243
-0.22670104990642553
-0.21118350178330808
-0.19704489477517673
-0.18403844010420484
-0.17196928105233417
-0.16068070032115483
-0.15004451671369806
-0.13995421725619447
-0.1303199294063584
-0.1210646607129933
-0.11212142816045961
-0.10343102107186426
-0.09494021940539132
-0.08660034027267441
-0.07836601933691525
-0.07019415627473137
-0.22540264659147086
-0.1957046526426305
-0.16577986238453535
-0.13547177712233613
-0.10461568792885137
-0.07303485241915364
-0.04053607773657811
-0.00690445366052897
0.02810310156646409
0.06476594209360262
0.10341008522665385
0.1444218161398802
0.18826586833250547
0.23551024223145894
0.2868608829453775
0.3432114360746331
0.4057169475144288
0.47590759956640466
0.5558745315580702
0.6485985192355166
0.7585860341515496
0.8931642531983668
1.0649685192549154
1.2956504739063779
1.6179268720256887
2.0664990677991586
2.6430879857207863
3.253091960050635
3.6540241075984166
3.4990897069238196
2.5244288326224176
0.7861242125004613
-1.2665524237615589
-3.00485704388346
-3.979517918184874
-4.134452318859463
-3.73352017131199
-3.1235161969819534
-2.546927279060295
-2.098355083286889
-1.7760786851675654
-1.5453967305160623
-1.3735924644595374
-1.239014245412711
-1.1290267304967077
-1.036302742819244
-0.9563358108276218
-0.8861451587756157
-0.8236396473358267
-0.7672890942065014
-0.715938453492575
-0.6686940795936706
-0.6248500274010422
-0.5838382964878736
-0.5451941533547606
-0.5085313128276787
-0.47352375760071785
-0.4398921335247275
-0.40739335884219774
-0.3758125233323305
-0.3449564341389061
-0.3146483488767232
-0.28472355861863646
-0.2550255646697908
-0.22290763348190457
-0.19353772124889912
-0.1639435294078065
-0.13397029629262847
-0.103455141762294
-0.0722232867607708
-0.04008368579545321
-0.006823819148473492
0.02779668874461999
0.06405407891008835
0.1022707313129512
0.1428286156204625
0.18618726534598407
0.23290831388193245
0.2836897758938807
0.33941523148451014
0.4012266702795554
0.4706368579574563
0.5497126086178428
0.6413972479678944
0.7501272655285409
0.8830637793779947
1.052397437978112
1.2786496989273939
1.5921331219375716
2.023722243040112
2.5716277091266706
3.1427996776121416
3.506953016830649
3.339790716504972
2.39823652340287
0.7392574867177808
-1.2143684231027851
-2.8733474597879303
-3.814901652889956
-3.982063953215712
-3.6179106139973123
-3.0467386455117853
-2.4988331794252256
-2.0672440583227063
-1.7537606353125064
-1.5275083743632363
-1.3581747157631567
-1.2252382019136692
-1.1165081843530127
-1.0248235450029264
-0.9457477943425936
-0.8763376066646635
-0.8145261678696412
-0.7588007122789691
-0.7080192502670234
-0.6612982017311362
-0.6179395520055678
-0.5773816676981223
-0.5391650152951789
-0.5029076251297758
-0.4682871172366827
-0.4350272505897598
-0.40288764962452855
-0.3716557946228379
-0.3411406400925614
-0.3111674069773871
-0.28157321513629935
-0.2522033029032833
-0.1871634049262737
-0.1625029564873128
-0.13765419395012182
-0.11248717333354727
-0.08686513419369704
-0.06064132548933854
-0.03365533853414843
-0.005728734463736285
0.023340313838075638
0.05378374665718316
0.08587224306549016
0.11992651411115676
0.15633239369503418
0.19556143854320104
0.23819970987952813
0.2849890664360786
0.3368883195350607
0.39516755858527763
0.4615619345476933
0.5385418879356064
0.62982839169923
0.7414168961758549
0.8834809888912956
1.0730696787451641
1.3352181884559884
1.6951481719508847
2.1506457824107814
2.6236859837666264
2.922852317109066
2.7796544429577534
1.993635222511886
0.6129325379440282
-1.011857459003695
-2.392560143571518
-3.178579364017388
-3.321777238168815
-3.0226109048264895
-2.5495707034705215
-2.094073093010634
-1.7341431095157145
-1.4719945998049324
-1.28240590995102
-1.1403418172356043
-1.0287533127589463
-0.9374668089953032
-0.860486855607356
-0.7940924796450153
-0.735813240594808
-0.6839139874958127
-0.6371246309392068
-0.5944863596029065
-0.5552573147547819
-0.5188514351708171
-0.48479716412528817
-0.4527086677168787
-0.4222652348978182
-0.3931961865960269
-0.3652695825256438
-0.33828359557053245
-0.312059786866022
-0.28643774772621616
-0.26127072710965016
-0.2364219645724746
-0.2117615161335109
-0.15418304216273546
-0.13386803187456947
-0.1133978910417319
-0.09266557363377208
-0.07155841834579017
-0.04995553380891937
-0.02772477775162349
-0.004719155001282671
0.019227596374830708
0.04430654489457342
0.07074067122185462
0.09879417118655998
0.12878488720259346
0.16110127786776135
0.19622612730301456
0.23477056073792096
0.2775244212490886
0.3255339684970695
0.38022854108624815
0.4436430534911556
0.5188419126866822
0.610760428809442
0.7277664507430585
0.8838669314243606
1.0995992941221326
1.395595994418425
1.7698873475385377
2.158220381085119
2.4033105702858646
2.284763509071706
1.6381942147478585
0.5033193780942216
-0.8319491201580707
-1.9668239568116892
-2.613393251135603
-2.731940312349723
-2.486850123149136
-2.0985170896024803
-1.7242257364823637
-1.4282290361860916
-1.2124966734883151
-1.0563961928069503
-0.9393901708733425
-0.8474716547505755
-0.7722727955550328
-0.7088582831500647
-0.6541637105609379
-0.6061541633129703
-0.5634003028017984
-0.5248558693668772
-0.4897310199316417
-0.4574146292665204
-0.4274239132503783
-0.3993704132858259
-0.3729362869584308
-0.34785733843872446
-0.3239105870626268
-0.30090496431231856
-0.27867420825510625
-0.2570713237181089
-0.23596416843017598
-0.21523185102219666
-0.19476171018937571
-0.1744466999012067
-0.12911416538180082
-0.11210220983132864
-0.09496034687301166
-0.07759893541547763
-0.059923632107532
-0.04183320170092636
-0.023216987386582844
-0.003951894466461575
0.01610130582757756
0.03710261540019741
0.059238759506075545
0.08273097711463237
0.10784543098955347
0.13490741802901
0.16432122343215663
0.19659860524651745
0.23240097955419142
0.27260448439808355
0.3184060424310189
0.3715096582123208
0.4344813077870423
0.5114531599464741
0.6094301390278247
0.7401350539186727
0.9207510488916502
1.1685310550034815
1.4818012105698422
1.8067607657701514
2.011768519942594
1.9123990474776462
1.3711222816442965
0.421206518752091
-0.6964038020796374
-1.646319564971806
-2.1875963308052273
-2.2869658032701894
-2.0819580490978797
-1.7569984938974856
-1.4437283383310757
-1.19594833221928
-1.0153323372462792
-0.884627422355376
-0.7866504432740535
-0.7096785911145694
-0.6467069415398528
-0.593603325758493
-0.5478017677255874
-0.5075982628817216
-0.4717958885740331
-0.4395185067596551
-0.4101047013565031
-0.383042714317142
-0.3579282604421047
-0.3344360428336906
-0.3122998987277121
-0.2912985891551249
-0.2712453888611098
-0.25198029594098514
-0.2333640816267064
-0.21527365122002368
-0.1975983479121101
-0.18023693645454275
-0.16309507349623045
-0.1460831179458068
-0.11042751886988363
-0.09587770254482302
-0.0812167803766386
-0.06636808507719452
-0.051250927663244614
-0.03577872472926431
-0.019856834906310114
-0.003379979093148869
0.013770920768128858
0.0317327093346734
0.05066508688472389
0.07075727215765404
0.09223690574365348
0.11538220370112473
0.140538938130978
0.16814479898859824
0.1987654735026714
0.23315029276524202
0.27232294230781917
0.3177407914762299
0.3715984025021377
0.4374297751134729
0.5212256658936698
0.6330113811395883
0.7874814111594926
0.9993890832545593
1.2673006608386435
1.5452033502956941
1.720516443979043
1.6355204054765875
1.1726022605278148
0.36021547816375227
-0.5955835530858544
-1.4079703354498951
-1.870888480398663
-1.955884518901201
-1.7805714252178846
-1.5026687357607844
-1.2347571581767067
-1.0228494860816657
-0.8683794560617064
-0.7565937408157054
-0.6727978500355534
-0.6069664774241947
-0.5531088663982935
-0.5076910172298068
-0.468518367687259
-0.43413354842469687
-0.40351287391063506
-0.375907013053034
-0.3507502786231509
-0.32760498066575827
-0.30612534707964784
-0.2860331618068777
-0.2671007842567009
-0.2491389956901931
-0.23198809582893956
-0.21551124001577576
-0.1995893501928604
-0.18411714725884532
-0.16899998984493786
-0.15415129454542129
-0.1394903723772396
-0.12494055605220261
-0.0962132476021131
-0.0835362925764545
-0.0707625333592565
-0.05782517135133655
-0.04465390393717783
-0.031173292818507628
-0.017300878967785635
-0.002944934932323645
0.0119982894708517
0.027648024073713598
0.04414341230767156
0.061649316384735184
0.0803640746164763
0.10053009057699097
0.12244862787334865
0.14650103599843717
0.1731801854187291
0.20313895097320242
0.23726924541984865
0.276840838254809
0.32376579380129017
0.38112319100398806
0.45413262671357857
0.5515289590669916
0.6861153743877533
0.870746654719539
1.1041744332223136
1.3463092430348373
1.4990609773069623
1.425009074727844
1.021676484947975
0.3138532744842271
-0.5189246798181006
-1.2267478902819187
-1.6300804800616895
-1.7041323826408767
-1.551380648368753
-1.3092458385562948
-1.0758180600534362
-0.8911867797216402
-0.7566003644008101
-0.6592040320474275
-0.5861945963377944
-0.5288371991350833
-0.48191224358861595
-0.4423406507536417
-0.40821035630694935
-0.3782515907525227
-0.3515724413322491
-0.3275200332071336
-0.30560149591078045
-0.2854354799503495
-0.2667207217185362
-0.24921481764157027
-0.2327194294075473
-0.21706969480471888
-0.20212647040157422
-0.18777052636608654
-0.17389811251536158
-0.16041750139668579
-0.14724623398256242
-0.13430887197456542
-0.12153511275732552
-0.10885815773170732
-0.08513672576289619
-0.07391920375892758
-0.06261602215899711
-0.05116807256255393
-0.03951314595444873
-0.02758448888518772
-0.015309135441799626
-0.0026059183196481817
0.01061696839088501
0.024465028141590545
0.03906138541318939
0.05455192256717953
0.07111214409142347
0.08895654666636349
0.1083517106562515
0.1296350822816968
0.15324278964453253
0.1797525442825455
0.20995357558207423
0.24496946732109515
0.2864921514784404
0.33724622184472697
0.40185038033137443
0.48803397396517867
0.6071265178565692
0.7705035166360281
0.9770611471157772
1.1913255289308282
1.3264977849407964
1.2609744750060417
0.9040725508543095
0.27772745292051915
-0.45919007072712154
-1.085535168660908
-1.4424370928126358
-1.5079604027473028
-1.3727881467374585
-1.1585237649223665
-0.951966134442598
-0.7885891356632335
-0.6694965917717377
-0.5833129981379244
-0.518708839651318
-0.467954769285042
-0.42643208512764863
-0.3914161933886099
-0.36121516208903937
-0.3347054074510525
-0.31109770008827414
-0.289814328462799
-0.2704191644729279
-0.25257476189806366
-0.2360145403737403
-0.22052400321981588
-0.20592764594814605
-0.19207958619748264
-0.1788566994870033
-0.16615348236480254
-0.15387812892140884
-0.14194947185220536
-0.1302945452440928
-0.11884659564754764
-0.10754341404757235
-0.09632589204368194
-0.07633018900355067
-0.06627300820854212
-0.05613902846760778
-0.04587525556849595
-0.035425915413773365
-0.02473115955046537
-0.013725569683127797
-0.002336374481849257
0.009518735523678143
0.02193435046211746
0.035020858757711715
0.048909052619998714
0.06375628224321646
0.07975485661819011
0.09714378081752299
0.11622559530110751
0.13739131458217851
0.16115889091139823
0.18823591440312662
0.21962974286984038
0.25685729084466297
0.3023613165081218
0.36028277326106617
0.4375515525393281
0.5443254618587463
0.6908037788124276
0.8759974480552434
1.0681021985742891
1.1892966099881566
1.1305534374827093
0.8105672615779487
0.2490040544550228
-0.41169619065710883
-0.9732593977799244
-1.293245573684778
-1.3519887461901
-1.2307943347763124
-1.0386895842573927
-0.853495915014446
-0.7070175980608691
-0.6002436887413619
-0.5229749094630737
-0.4650534527101714
-0.4195494270467226
-0.382321879071842
-0.350928050605129
-0.32385102711335845
-0.30008345078418935
-0.2789177315031168
-0.2598359170195121
-0.24244699282020027
-0.22644841844530791
-0.21160118882207835
-0.1977129949598158
-0.18462648666418974
-0.1722108717257869
-0.16035576172028576
-0.14896656651895687
-0.13796097665159002
-0.12726622078834493
-0.1168168806336051
-0.10655310773443334
-0.09641912799342689
-0.08636194719845888
-0.06921743684796931
-0.06009742544376557
-0.05090777154575494
-0.04160041916793771
-0.03212479148130581
-0.022426616968189192
-0.012446573291470163
-0.0021186702688796855
0.008631731614700142
0.019890408164037088
0.0317574613204656
0.04435149548905871
0.057815198258669605
0.07232295838208685
0.08809150931750759
0.1053951993524011
0.12458860633518723
0.14614141706363698
0.1706952845712395
0.19916369527193914
0.23292220867748004
0.2741859544047392
0.3267100223155933
0.39677859686525735
0.4936030937427538
0.6264327017900928
0.7943709442792979
0.9685773342473907
1.0784814457129395
1.0252138947924252
0.7350437789083143
0.2258041879133053
-0.37333601939924693
-0.8825756103941945
-1.1727457262783243
-1.2260132771987053
-1.116109165733297
-0.9419027757651384
-0.7739645332759262
-0.6411349252286942
-0.5443104283511009
-0.47424185380142103
-0.4217177858906047
-0.38045404016342665
-0.3466955267578064
-0.31822711605711707
-0.29367324854948257
-0.2721204378210646
-0.25292703083834106
-0.23562334080338757
-0.21985478986799353
-0.20534702974465405
-0.1918833269750217
-0.1792892928064002
-0.16742223964995012
-0.1561635631006454
-0.1454131612171201
-0.13508525819446976
-0.12510521451772405
-0.11540704000466415
-0.1059314123180238
-0.09662405994011924
-0.08743440604202905
-0.07831439463791315
-0.063401977591213
-0.0550482053194942
-0.04663064173929791
-0.03810526840668735
-0.029425757830096877
-0.02054239824843332
-0.011400851439167158
-0.0019406715516309472
0.007906509900294421
0.018219262046318963
0.02908927650232604
0.040625192810427826
0.05295771027791182
0.06624656590763435
0.0806902836866881
0.0965401617359706
0.11412098697813072
0.1338629839863093
0.15635389513811304
0.18243045694335508
0.2133526561056602
0.2511495112507409
0.2992606249875932
0.36344223655133456
0.45213195463458133
0.5738021086227636
0.7276318412061229
0.8872038617286716
0.9878763594281416
0.9390854306583518
0.6732935046086517
0.2068351461390041
-0.34197175688506914
-0.8084301153547302
-1.0742220414043624
-1.123012970174086
-1.0223404724746494
-0.8627684519522288
-0.7089387193687569
-0.5872685653806287
-0.49857884729726754
-0.434397235733591
-0.386286121996679
-0.3484892668516746
-0.31756706768933973
-0.2914905058841146
-0.26899959473229135
-0.2492575977241732
-0.2316767724820314
-0.2158268944326892
-0.20138317665365696
-0.18809432102400736
-0.1757618035565786
-0.16422588724838733
-0.15335587279239896
-0.14304312064638755
-0.13319593919451095
-0.12373575930691591
-0.11459421249760614
-0.10571085291594642
-0.09703134233938224
-0.08850596900674146
-0.08008840542643325
-0.07173463315473952
-0.05860227192468812
-0.050880903978396654
-0.043100573913124565
-0.03522059561062593
-0.027198148707188605
-0.018987284769145296
-0.010537779139074187
-0.0017937618979400813
0.0073079597402863
0.016840006983959217
0.026887130113186143
0.037549744321169344
0.04894865456905484
0.06123150526204822
0.07458179148118474
0.08923178725161074
0.10548169202601576
0.12372916086549768
0.14451744187825485
0.1686199273464315
0.19720121794482454
0.23213672856122342
0.2766056781166936
0.3359285683212666
0.4179043397756728
0.5303641152743312
0.6725494013872
0.8200428423039946
0.9130958069259383
0.8679993992373383
0.6223278376032042
0.19117893840468558
-0.31608533208904505
-0.747234231287492
-0.9929057929216984
-1.0380022006101703
-0.9449492359882555
-0.7974557950714568
-0.6552705089586117
-0.5428107334599155
-0.4608349620055376
-0.40151207180095366
-0.35704312224550927
-0.322107611629186
-0.29352632103075305
-0.26942383556256766
-0.24863555454983807
-0.2303880857103875
-0.21413818093599618
-0.19948818516550698
-0.1861378989463613
-0.1738550482534531
-0.16245613800560926
-0.1517935237975505
-0.1417464006683042
-0.13221435342466314
-0.12311263178646878
-0.11436861454526046
-0.1059191089151567
-0.09770824497712144
-0.08968579807369108
-0.08180581977117311
-0.07402548970581782
-0.06630412175958751
-0.054613297069399935
-0.047417512301914266
-0.04016677889245896
-0.03282318017564146
-0.025346810516336832
-0.017694849133583657
-0.009820490100481333
-0.0016716664952628052
0.006810513011221923
0.015693726387733906
0.02505695506148113
0.03499377907767208
0.045616780337650834
0.057063553250087794
0.06950510257421665
0.08315789166741913
0.09830168567409532
0.11530707158918956
0.13468031897053767
0.1571421756451334
0.18377796837751623
0.21633545411942567
0.25777744965234006
0.31306231707816345
0.38945819637925455
0.49426328734682
0.6267708950165871
0.7642257740420739
0.8509460075674875
0.8089199412763128
0.5799702768986609
0.17816700956868745
-0.2945711989367872
-0.6963744662667041
-0.925324130644486
-0.9673501969354678
-0.8806299634101287
-0.7431750843846855
-0.6106674767149152
-0.5058623857473361
-0.4294665064462361
-0.3741816390203836
-0.3327396434875288
-0.3001821577456964
-0.2735463650132889
-0.2510845083386704
-0.23171126095733968
-0.2147058750422699
-0.19956208103559087
-0.18590929194234007
-0.1734677426182207
-0.16202096970585655
-0.15139796844592746
-0.14146114442965113
-0.1320979157558852
-0.12321470237936995
-0.11473252287290331
-0.106583699267624
-0.09870934023451666
-0.09105737885176149
-0.08358100919246486
-0.0762374104756437
-0.06898667706612614
-0.06179089229867587
-0.05128270305544693
-0.04452575383686581
-0.03771720702741435
-0.03082145831531427
-0.023801035716885847
-0.016615729883503717
-0.009221589355801703
-0.0015697225228832531
0.006395170445104376
0.01473664016163069
0.023528851353329633
0.032859677062838745
0.042834833353115
0.05358352339559594
0.06526632316541714
0.07808649491747839
0.09230674219202378
0.10827505153590762
0.12646681732248496
0.14755883198808764
0.17257023270197874
0.20314218857042995
0.24205683107588988
0.29397015145273286
0.36570708996126744
0.4641208660561925
0.5885480127782327
0.7176210568302619
0.7990536204109302
0.759591048752113
0.5446034083217126
0.16730253176119825
-0.276607806844112
-0.6539086834045877
-0.8688963238350864
-0.9083588954937007
-0.8269263319131328
-0.697853287861036
-0.5734261411390633
-0.47501236504409183
-0.40327542653556514
-0.35136210615878344
-0.31244746365332565
-0.28187550778495807
-0.25686410707104235
-0.23577209240544098
-0.217580326618877
-0.20161201727501465
-0.18739177000046936
-0.17457159824836194
-0.16288879847850554
-0.15214010843612896
-0.14216495214589686
-0.13283412643630868
-0.12404191524456593
-0.11570044552806127
-0.10773555256005683
-0.10008368572709518
-0.09268954519940834
-0.08550423936601007
-0.07848381676756071
-0.07158806805548598
-0.06477952124600413
-0.058022572027468654
-0.04849543143455849
-0.04210573014292177
-0.03566723565126397
-0.029146278784849017
-0.022507424207564672
-0.015712647997481746
-0.008720387510577222
-0.0014844084550420245
0.0060475833847535715
0.013935684566997675
0.02225002887153653
0.031073713328391775
0.04050670819464356
0.05067119427766655
0.06171902002993639
0.07384240011840289
0.08728975976470829
0.10239017191684936
0.11959319249144723
0.13953882907264295
0.16319082689383052
0.19210115506352443
0.22890073485273166
0.2779925109539034
0.34583051809411286
0.4388955742382521
0.5565603742170318
0.6786188237677391
0.755626192119742
0.718308871244651
0.5150056721443713
0.15821026908628727
-0.2615746813323152
-0.6183700843903513
-0.8216732834907048
-0.8589906043656901
-0.7819832360137523
-0.6599247864630633
-0.5422599864842423
-0.44919493034017255
-0.38135692319990877
-0.33226514709876503
-0.2954655673095673
-0.2665552391399483
-0.2429032413187341
-0.22295760473756768
-0.20575458416297598
-0.19065417201086066
-0.17720681236451977
-0.165083432276025
-0.1540356065237069
-0.14387112044079825
-0.1344381255745567
-0.12561444111764888
-0.1173000968130763
-0.10941199563085739
-0.10188000379101164
-0.09464402473546119
-0.0876517642485917
-0.08085698803848172
-0.07421813346115075
-0.06769717659482202
-0.06125868210312934
-0.05486898081149363
-0.04616347449872994
-0.040081029332511765
-0.033952137245492
-0.027744748085398716
-0.021425130466756724
-0.014957088893612254
-0.008301059311959617
-0.0014130306622054528
0.005756776639836807
0.013265569335021384
0.02118010873280994
0.029579496037528186
0.03855889430837442
0.0482346091295621
0.05875118711912533
0.0702916000402431
0.08309232723916168
0.09746661770956137
0.11384240977570059
0.13282893520029126
0.15534359589720004
0.18286373230224473
0.21789375624693036
0.2646249011496798
0.3292008818165787
0.41779094071903944
0.5297980173965358
0.6459876763639368
0.7192926537752329
0.6837701058500346
0.4902426729383511
0.15060319349965284
-0.24899721243261147
-0.5886366918713093
-0.7821641247830504
-0.8176866727079908
-0.7443816952969673
-0.6281920363294873
-0.5161849596520348
-0.4275949007495622
-0.36301892008262615
-0.3162877751799908
-0.2812577512351934
-0.2537376148303051
-0.23122295413333427
-0.2122364287088033
-0.19586063664264738
-0.18148634617225567
-0.16868561897327944
-0.15714520605214274
-0.14662862806253843
-0.1369529132414753
-0.12797351497062948
-0.11957412766589548
-0.1116595882680554
-0.10415079557291118
-0.09698098827079343
-0.09009295962105603
-0.08343693003943527
-0.07696888846626143
-0.07064927084755715
-0.06444188168754872
-0.0583129896005094
-0.052230544434302674
-0.04421888058652083
-0.03839265299481129
-0.03252193501907872
-0.026576026592322714
-0.020522617235023827
-0.014327036155820379
-0.007951385903145203
-0.0013535093465271014
0.005514276174415932
0.012706767613500196
0.02028791401397665
0.028333484505019643
0.03693463347632624
0.04620276722844094
0.05627634346048813
0.06733062638124704
0.07959213380536997
0.09336091931018167
0.10904689455765178
0.1272336277114191
0.14879987553436425
0.17516074645363
0.20871515731927398
0.2534777970026732
0.31533360535083266
0.400192000135287
0.5074811348698208
0.6187768277136456
0.6889943707174613
0.6549684370218625
0.46959293581062533
0.144259680359647
-0.23850894156207147
-0.563842197013087
-0.7492176982244099
-0.7832436319198179
-0.7130260889161792
-0.6017303960723468
-0.4944412613377368
-0.4095828665533913
-0.34772705820509886
-0.3029644185218371
-0.2694100076560666
-0.24304913673695538
-0.22148288891398404
-0.2032961557602428
-0.18761018051278233
-0.17384139500797025
-0.16157988758376604
-0.15052560466300563
-0.1404520284309098
-0.13118389467894062
-0.12258274570758915
-0.11453717521653808
-0.10695602881601048
-0.09976353737697506
-0.09289575185594202
-0.08629787529937286
-0.07992222504674829
-0.07372664396748396
-0.06767323461013922
-0.06172732618349576
-0.05585660820773683
-0.05003038061600551
-0.042608876758686215
-0.03699478150466333
-0.031337815758208085
-0.02560839723950717
-0.019775391891333857
-0.013805391283488677
-0.0076618778082762
-0.0013042292739059436
0.005313500856797326
0.01224411438292404
0.01954923196538507
0.027301863981251936
0.03558984589011271
0.04452052768901437
0.05422732582969431
0.06487912314385233
0.07669418991652341
0.08996165474059627
0.10507650432458117
0.12260105897455133
0.1433820796834291
0.16878315064214836
0.20111584528449283
0.24424868395382016
0.30385235509344516
0.38562115409562836
0.4890041054979447
0.5962478660077082
0.6639091696215829
0.6311223213925359
0.452496133817904
0.13900760586313743
-0.2298252633016807
-0.5433137912564829
-0.7219399788311577
-0.7547268270600195
-0.687065523446345
-0.5798217629365428
-0.4764388115342268
-0.39467001253205025
-0.3350663413923798
-0.2919335027231851
-0.25960080808067276
-0.23419973712211278
-0.21341871641317206
-0.19589416176323698
-0.1807793121792488
-0.16751184735517938
-0.15569678058242806
-0.1450449832682681
-0.13533818512756032
-0.12640750332877987
-0.11811952141987642
-0.11036688940402706
-0.10306177182152315
-0.09613115829544296
-0.0895134281646748
-0.08315577963034537
-0.07701226615516885
-0.07104226554729726
-0.06520926019904077
-0.05947984168045234
-0.05382287593395059
-0.048208780679928113
-0.04129241214034715
-0.03585177281193131
-0.030369587540536702
-0.024817188036196813
-0.01916440217614805
-0.013378853734959291
-0.007425153372624102
-0.0012639339827317728
0.005149331382446158
0.011865813128327574
0.018945228049214495
0.026458330751994455
0.03449024288084285
0.04314499768387354
0.052551889497179614
0.06287458324307586
0.07432460538613078
0.087182151404887
0.10183000420998586
0.11881311021614616
0.13895206820196693
0.16356833214611127
0.1949020566456535
0.23670224290888758
0.29446438960228005
0.37370688892863346
0.4738958281433464
0.5778263928409768
0.6433974931750814
0.6116238052752867
0.43851639387769176
0.1347130758601065
-0.22272478659932565
-0.5265281046169281
-0.6996355160145953
-0.7314092039142974
-0.6658381035803347
-0.5619075388826874
-0.46171859966783113
-0.38247610034161994
-0.32471395364815475
-0.28291376738497853
-0.2515800428853363
-0.22696377894128653
-0.20682482095541813
-0.18984171494931487
-0.17519386214418595
-0.1623363161254334
-0.15088629398230843
-0.14056360023643688
-0.13115670842308724
-0.12250195362017938
-0.11447004149125678
-0.10695693878848796
-0.09987752386756522
-0.09316104212175931
-0.08674777675652032
-0.0805865573666708
-0.07463285700439456
-0.06884730856318222
-0.06319452270303547
-0.05764212319880811
-0.052159937927361275
-0.046719298598929884
-0.04023767941677559
-0.03493601050314118
-0.029593856856642897
-0.024183282462912466
-0.018674885887245717
-0.013037117891953609
-0.007235493089014937
-0.0012316499283360621
0.0050178011830039615
0.01156272360121579
0.018461308770030035
0.02578250400558916
0.03360925668224455
0.042042942716534734
0.05120955386495719
0.06126857453620085
0.0724261281436232
0.08495525308435489
0.09922895476471731
0.11577825989306015
0.13540280646788372
0.1593902943533863
0.18992365835738248
0.23065614243014604
0.2869428849542385
0.3641613454778996
0.46179127969625094
0.5630673461022909
0.6269637906908334
0.5960018243728308
0.4273159851956096
0.13127234373416066
-0.2170359699017227
-0.5130796113632424
-0.6817654505404855
-0.7127274168583944
-0.6488309722699631
-0.547554905863933
-0.4499249716454904
-0.37270651112190883
-0.31641976859770843
-0.27568728452503855
-0.24515392052090657
-0.22116643263551106
-0.20154188606065837
-0.18499258093231624
-0.17071887925195947
-0.1581897543111957
-0.14703220070372489
-0.13697318003251213
-0.12780656888404968
-0.1193728828498477
-0.11154613017314491
-0.10422493493759233
-0.09732634976876386
-0.09078142735060832
-0.0845319762392187
-0.07852813307858994
-0.0727265082756943
-0.06708874028038553
-0.06158034370463353
-0.056169769310976767
-0.05082761566443565
-0.04552594675081564
-0.0394203269359128
-0.03422635147626259
-0.02899271365572382
-0.02369204492808858
-0.018295541094141363
-0.012772293780349858
-0.007088518105349009
-0.001206631762861607
0.004915873460688981
0.011327848039519917
0.018086301365296313
0.025258780216128346
0.03292654704219962
0.041188918493185636
0.05016932703159034
0.060024017427866394
0.07095492606666479
0.08322954505246043
0.09721330283453808
0.1134264392169704
0.1326523489010517
0.15615257441216673
0.1860657087482031
0.22597078978194404
0.28111418493499657
0.3567641387599445
0.45241099794984974
0.551629984862459
0.6142286661769063
0.5838957288713725
0.4186363384944468
0.12860598002914211
-0.21262748000917414
-0.5026578384745182
-0.6679172288515027
-0.6982501661569791
-0.6356514848425853
-0.5364324979299826
-0.4407856387399114
-0.3651356849150519
-0.30999228976197013
-0.2700872087283456
-0.2401740743921436
-0.21667384888111654
-0.19744793919700887
-0.1812348028145727
-0.16725104503248317
-0.1549764260466817
-0.1440455174078458
-0.13419082701159313
-0.12521041847315148
-0.11694804702222976
-0.10928028019611769
-0.10210780134530212
-0.09534934801947728
-0.08893737344072217
-0.0828148682171061
-0.0769329818746875
-0.071249206199728
-0.0657259588859304
-0.060329455051895145
-0.05502878632434199
-0.049795148503774526
-0.04460117304412069
-0.038822171396997104
-0.03370700824427534
-0.02855278455957013
-0.02333254708160041
-0.01801792868050444
-0.012578489980407531
-0.006980958745339952
-0.0011883229356910094
0.0048412806504230105
0.011155961239049321
0.017811863171816912
0.024875508283934165
0.03242692596331157
0.04056392584542592
0.04940806744852861
0.059113224708835004
0.06987826985693713
0.08196663610588362
0.09573820693203326
0.1117053280613084
0.1306395070170247
0.15378314384428315
0.18324238127154704
0.22254195154511341
0.27684862099297597
0.3513507078544602
0.4455463088775346
0.5432598779214457
0.6049088242040643
0.575036220712691
0.41228437923333394
0.12665467435685568
-0.20940125017433436
-0.49503095505087685
-0.6577827965302392
-0.6876554000215803
-0.6260064537389994
-0.5282928846950898
-0.43409728367200157
-0.35959519681058294
-0.3052885273626541
-0.2659889570890981
-0.23652971966176162
-0.21338608283451535
-0.1944519038788114
-0.17848478274951007
-0.16471321192340777
-0.15262484567436
-0.14185980052626268
-0.13215464326593931
-0.12331050166283222
-0.1151735017807543
-0.10762208410134452
-0.10055843898922934
-0.09390253705646635
-0.08758785646786713
-0.08155825288173475
-0.07576561707216095
-0.0701680858370802
-0.06472864713699925
-0.059414028735797556
-0.054193791257935775
-0.0490395675731819
-0.04392440442048473
-0.038430284395544405
-0.03336675583645396
-0.028264561039008887
-0.023097018819560076
-0.017836048398214052
-0.012451517667076556
-0.0069104902544758
-0.0011763277361422839
0.004792410504596771
0.01104334805846257
0.0176320625217172
0.02462440422902766
0.032099594716502394
0.04015445628569955
0.04890932137869118
0.05851651065840071
0.06917288884745285
0.08113922994010905
0.0947717845742209
0.11057772660051693
0.12932077555234445
0.15223079010797824
0.18139265290380177
0.22029551733004124
0.2740539982286791
0.3478040491610352
0.4410488440929605
0.5377761230545787
0.5988028396266147
0.5692318267588878
0.40812282968569713
0.12537625642071482
-0.20728755416390454
-0.49003412742895713
-0.6511431245023076
-0.6807141373699237
-0.6196874207977442
-0.5229601418363158
-0.42971534690420377
-0.35596529597186877
-0.3022068150733048
-0.2633039506471114
-0.23414208785121232
-0.21123207329552618
-0.19248902434368087
-0.17668308231741214
-0.16305052768331407
-0.15108418659059636
-0.14042780840152883
-0.13082061912183046
-0.12206575402882255
-0.11401089245964866
-0.1065357019721718
-0.0995433602648824
-0.09295464580162059
-0.0867037082477711
-0.08073497000698361
-0.07500080748874663
-0.06945978007609446
-0.06407524934502912
-0.05881427892356491
-0.053646736704245655
-0.048544541906725816
-0.04348101334763821
-0.03823636854634339
-0.033198390122731555
-0.0281219405674423
-0.02298047332798337
-0.017746049317738214
-0.012388688473059642
-0.006875620616577698
-0.0011703921985799295
0.004768228291513708
0.010987624139397932
0.017543092501076316
0.024500151435422217
0.03193762273242348
0.039951840135394275
0.0486625288971448
0.05822124108090161
0.06882384804237446
0.08072980792549017
0.09429357374553526
0.11001976017582218
0.1286682330509228
0.15146264525619632
0.18047735938175183
0.21918392346700385
0.2726711464141542
0.34604907031636434
0.43882338139127197
0.5350626178705016
0.5957814383972166
0.5663596600306178
0.40606358528894254
0.12474366137546572
-0.20624164187056543
-0.48756156578396237
-0.647857640525864
-0.6772794188923621
-0.6165605983656874
-0.520321361886435
-0.4275470508116144
-0.3541691269093111
-0.30068190396204175
-0.2619753398768033
-0.2329606257513763
-0.21016621354599896
-0.19151774067087132
-0.1757915542406191
-0.16222778842055488
-0.15032182853741968
-0.13971922157594258
-0.1301605093921679
-0.12144982063037163
-0.11343560322746292
-0.10599813193040922
-0.09904107299611106
-0.09248560463441557
-0.08626620878651438
-0.08032758829643641
-0.07462235987848609
-0.06910929202194446
-0.06375193117732143
-0.058517507166983784
-0.05337603992763456
-0.04829959037228877
-0.04326161194872785
