-3.0785431177278135e-15
-1.605792279836118e-15
-1.7882887994231454e-15
-3.049275245603749e-15
-4.415915635689898e-16
-1.0615906570568553e-15
3.3202630030384807e-15
-3.3806968383829587e-15
1.1994916319946247e-15
-3.6152589411256585e-15
3.527788558642386e-15
-3.0242812647793186e-15
1.8563074917463034e-15
-2.1277547160026074e-15
3.369145965152336e-15
-1.5753041939616936e-15
-1.979474912257797e-15
-2.8797907314670534e-15
-1.2315826947084698e-15
-8.372326640968725e-17
-2.586117758645745e-15
1.9347107446026264e-15
-5.555614332669874e-16
2.0762555496873992e-15
-1.2051824087503401e-15
-8.886616841847598e-17
-4.011799723949944e-15
-7.01395480783144e-15
-2.0133983767814962e-14
-2.6248239883201674e-14
-3.743893961187529e-14
-5.3695032002807795e-14
-2.0785940761360518e-14
-2.6105018801377164e-14
-1.0987548971529731e-14
-8.710374510265845e-15
-3.428973730136957e-15
-3.960387858766202e-15
-5.778400652808904e-16
7.293962393139548e-16
1.769378539206207e-15
9.755965752460025e-16
3.026895802534526e-16
1.4620134543427704e-16
-9.97339190549044e-16
-1.0018388083671565e-15
-4.296631735486943e-15
-4.300804661401134e-15
-6.073571024989888e-15
-4.044368056618141e-15
-6.179736286250228e-15
7.345416067289287e-16
-3.737763795010362e-15
-9.071775208110669e-16
-2.0963095400412784e-16
-1.103294435335472e-15
-3.6856580682922624e-15
-1.1209641412501959e-15
-4.7895597302507936e-18
-1.2516528322683305e-15
-1.896543243340077e-15
-1.8908096701996494e-15
-4.649394436474276e-15
-3.2484124740134634e-15
-4.944760615981437e-15
-2.340878526584479e-15
-9.825113486220762e-16
-2.377201286463881e-15
-1.586891442047288e-16
-2.7406328344416677e-16
3.4840467642739226e-15
-3.584437727889426e-15
6.688942749742481e-16
-4.398346480018574e-15
1.4565434090914e-15
-5.282216558187907e-15
-6.702624285942173e-16
-4.587283991368285e-15
4.091785183894069e-16
-1.7128717001399742e-15
-2.3012681024634887e-15
-8.3223839067980935e-16
1.8235175371963396e-16
2.5395954217494936e-15
6.597435836917934e-18
3.3859379206945024e-15
8.343933653424046e-16
2.243154729942426e-15
-1.3493472027676237e-15
-2.1939331091748164e-15
-8.15166904536387e-15
-2.12231067849191e-14
-4.130360151099849e-14
-6.08342653518874e-14
-7.161298078900756e-14
-1.0535854649304606e-13
-1.0096113709758309e-13
-9.513518736766993e-14
-6.23808506681091e-14
-3.772971635225225e-14
-1.516665842298732e-14
-7.331802102131795e-15
-2.1183941932451885e-15
5.091403041564467e-16
1.926056724353198e-15
2.38368688077509e-15
2.609982852813848e-15
2.130228511514499e-15
3.48344941808307e-16
1.0373962373084884e-15
-1.6894870222909198e-15
-2.0216547879353455e-15
-6.175707670641454e-15
-3.2610351686074387e-15
-6.525151380750075e-15
-7.29911916669366e-16
-6.306492502651669e-15
-2.6046889258180605e-15
-2.0863857883151512e-15
-2.68609523843601e-15
-3.9327347391690836e-15
-1.5997806429096813e-15
-3.2886301620577807e-16
-7.825374408977245e-16
-2.2627334694599692e-15
-2.195465403081986e-15
-3.7626400043431005e-15
-3.967341364238384e-15
-4.1035721871248475e-15
2.3868856377603714e-17
1.6245342243745584e-15
-2.5948558410523117e-16
1.8835532422852295e-16
4.534476470762856e-16
3.16056883902364e-15
-2.288395583011066e-15
1.7093323007830784e-15
-1.5345692671447435e-15
3.4211622718296762e-15
-2.037797461842761e-15
1.8387740514156264e-15
-1.8542046100065744e-15
1.839664002780995e-15
1.1289681388420179e-15
-1.084248585909161e-15
7.992906428072754e-16
-5.144373285575542e-16
1.4959785792130507e-15
-1.2193540401398442e-15
7.262471144771107e-16
-1.4055464882798568e-15
-1.005884280156895e-15
-3.7296601037390665e-15
-5.5528409155012765e-15
-1.632220361873003e-14
-3.597430652819525e-14
-6.44678225723848e-14
-9.829952769119149e-14
-1.2306274912654173e-13
-1.7673737839920238e-13
-1.515765529751637e-13
-1.392065103769313e-13
-9.356574987862688e-14
-6.621753813228656e-14
-3.056489269120129e-14
-1.4715315852225505e-14
-4.113134837017407e-15
-1.4411650318585498e-15
3.502938598696381e-17
9.067628554731245e-16
2.3129771532946473e-15
8.103225810242172e-16
-8.917936530379625e-16
5.093508820691551e-16
-7.265226633002404e-16
1.6896007933395732e-16
-5.469781572263659e-15
1.3079331732786453e-16
-3.3028778464645113e-15
2.2211908586051503e-15
-4.117585385616547e-15
3.863540447912186e-17
-7.546668461000429e-16
-2.410260094815402e-15
-3.128251525351813e-15
-2.3041959771727034e-15
-1.3471158277168352e-15
-1.23725036999834e-15
-2.3366419026309123e-15
-1.377159405898131e-15
-9.654240780244804e-16
-1.676381033574362e-15
-6.66811616650129e-15
-4.892383680960137e-16
1.6111440044101879e-15
1.4370490292137093e-15
1.3109080362307439e-15
2.6245418522407897e-15
3.7654273604723634e-15
-1.1154992189137594e-16
1.5863017532733253e-15
-6.351601951371415e-16
2.0882299356940154e-15
-2.571962632531521e-15
-4.854669090327026e-16
-3.595103938831566e-15
-8.20077314330516e-16
2.830818117306097e-16
-2.2612125252110833e-15
1.2691223720147823e-15
-6.415358460342177e-16
2.0633844912412584e-15
4.720466396045437e-16
1.0131107792490851e-15
-9.713728129208633e-16
-2.8787717955553925e-15
-4.8773612759530045e-15
-1.0494314353952789e-14
-2.4741432772369747e-14
-4.8251343226925086e-14
-8.856143022604615e-14
-1.4524960619359648e-13
-1.8993699402373193e-13
-2.3679514647472535e-13
-2.2842538803220023e-13
-2.0951102265768393e-13
-1.3599862563313814e-13
-8.21095863698292e-14
-4.61628188551138e-14
-2.1699605535163967e-14
-7.872205018674319e-15
-4.591589818183236e-15
-1.7505754321358576e-15
1.6441406384843022e-17
3.714003510301199e-15
1.499439823027446e-15
5.415181531766237e-16
1.505211900700112e-15
8.171535177900027e-16
2.041527537619155e-15
-6.266001871283991e-15
4.644758168174298e-16
-4.480155099461662e-15
-3.953681515300757e-16
-7.23776482594942e-15
-2.5207888620667358e-15
-3.3242604555444095e-15
-4.5648247054008185e-15
-2.7427895033492784e-15
-2.300572311499724e-15
-6.559784982718151e-16
-5.644553078533085e-16
-1.5327843059188506e-15
-1.2655046768313448e-15
-6.051587312078158e-16
-2.4231854283515267e-15
-6.692530412861116e-15
2.062071302272716e-16
1.0520422621783647e-15
1.851576054164936e-15
4.954503144067004e-16
2.095926423220699e-15
1.961954090859868e-15
7.549380441684376e-16
1.2735388533132767e-15
1.7057711981507628e-15
3.987712708461771e-15
1.3204939982287607e-15
2.1367584663622878e-15
-7.756475711343287e-17
1.224399672034602e-15
2.5340891071650866e-15
-1.569229278773828e-15
1.46438586973449e-15
-2.1763689798798223e-15
1.2514470625330655e-16
-6.875689642140441e-17
-2.8842160044178436e-16
-8.577701005816067e-16
-4.029244943244732e-15
-3.814213451134567e-15
-1.2972741727910923e-14
-2.986385078086643e-14
-6.277257724231063e-14
-1.1825543575190929e-13
-1.9485764732666058e-13
-2.620121328365816e-13
-3.1906245698939335e-13
-2.9781734451714955e-13
-2.651152193697166e-13
-1.770850636906572e-13
-1.185075152807465e-13
-5.878594633134462e-14
-2.894534617236203e-14
-8.0023391261373e-15
-4.2037803829166315e-15
-5.194124358728902e-16
5.395599157445786e-16
4.80752416510109e-15
8.231398589148227e-16
2.5685298616518294e-16
-2.745838678571421e-17
7.115472263258141e-17
2.6400868838070175e-15
-6.262784921942992e-15
2.7387118516575553e-15
-1.929473975921829e-15
1.4816818026501669e-15
-4.689417129096982e-15
-5.049178237241927e-16
-2.0980485222506735e-15
-4.526033535833132e-15
-1.7472449458198987e-15
-2.948296858457364e-15
-1.0230395850419765e-15
-1.6234169563167682e-15
-1.5771324252178798e-15
-1.5120232377447952e-15
1.0677596545545542e-16
-1.7759295286267406e-15
-5.274210943704674e-15
9.32221885448683e-16
4.502484051662971e-16
2.6015625477400973e-15
8.292085831903552e-16
2.442197149485795e-15
1.2556879575661267e-15
2.040734523193935e-15
9.6011842464252e-16
2.723902578986031e-15
3.960121612447329e-15
2.153753146345916e-15
1.4570483445039777e-15
8.629238226234622e-17
4.485466290019957e-16
2.6126569795686066e-15
-9.956390879253766e-16
2.147076806656309e-15
-1.8833932385110115e-15
2.5350702398246054e-16
1.2921308868991528e-15
-2.163207660069772e-16
-5.5075481148898526e-17
-4.842893279660699e-15
-2.7284716086331605e-15
-1.5531483617926712e-14
-3.367973073879356e-14
-7.50628979610667e-14
-1.403472147254651e-13
-2.3354113601373903e-13
-3.2230120221427514e-13
-3.8514350630472263e-13
-3.779146951433514e-13
-3.232206806938008e-13
-2.308245904466057e-13
-1.472618890811981e-13
-7.348649919529247e-14
-3.457464864086523e-14
-9.781316548095827e-15
-4.65373365994192e-15
-6.057989234945285e-16
1.881855857073144e-16
5.054774389648838e-15
6.417395835135156e-16
1.2710412388240867e-15
-1.1520550487351303e-16
6.243027269005558e-16
4.028546053193195e-15
-5.522025027163248e-15
3.808456433576097e-15
-1.6367054819964647e-15
-1.0302218885465684e-16
-5.153473750257972e-15
-1.6936730937345135e-15
-2.6360439560326136e-15
-4.95480820028296e-15
-5.221103352333597e-16
-2.323957228814598e-15
4.943670549899621e-16
-1.2486651813768935e-15
-3.2359005425382267e-16
-1.208233783919886e-15
7.733903134413139e-16
-1.2124093285946376e-15
-4.022869258688291e-15
7.9490682071099e-17
-1.3864455819099148e-15
2.045226546870588e-15
3.7670509426164913e-16
1.705828779109592e-15
-1.4313552493925536e-16
2.3383357685244917e-15
6.278253062786682e-16
3.5395130090310327e-15
4.438422207023885e-15
3.603895260939509e-15
2.3327422893259433e-15
1.7208146651865435e-15
9.80675553977829e-16
3.2973551174711104e-15
4.449200959099725e-16
2.205819754630929e-15
-2.3026312733781042e-15
-4.544259073136777e-16
1.6759480932080566e-15
-7.234877302823239e-16
-2.496506265020029e-17
-6.07822756813921e-15
-3.5063199670387753e-15
-2.0096010091331163e-14
-4.212080244972188e-14
-9.441950412675806e-14
-1.7063238114914287e-13
-2.821996437895202e-13
-3.801936861369936e-13
-4.677609927372797e-13
-4.4307254996643366e-13
-3.7727491602666513e-13
-2.7166859427711584e-13
-1.8042686887427998e-13
-9.26698723705921e-14
-4.299868010141293e-14
-1.4428575982085706e-14
-7.398986009089312e-15
-2.5485381543277317e-15
-1.585926008687524e-15
3.1697367231702717e-15
-1.0752950625148137e-15
4.748514970719669e-16
-1.725167518363778e-15
-1.644764854618253e-16
4.477532004888044e-15
-4.22171494811713e-15
5.558453049182235e-15
2.64985427661526e-16
6.02335049039814e-16
-2.5701498047673608e-15
-3.6706046166574775e-16
-9.967981063216888e-16
-4.045113831235303e-15
3.0950802740168765e-16
-2.639070036378771e-15
7.173931130708797e-16
-2.2440785899180123e-15
-2.1474533786501407e-16
-1.8659920071304414e-15
1.322063959447125e-16
-1.968857797974573e-15
-2.1609436543701834e-15
-3.878855471122349e-16
-1.9135625301117147e-15
2.741924548406917e-15
1.722469911900062e-15
2.7866906515890497e-15
2.4967240819420936e-16
3.1672596551179795e-15
5.39365060187405e-16
2.9516804123076242e-15
2.670862183568793e-15
1.8665293396151756e-15
2.8317917956622417e-16
-8.499678694791687e-17
-1.719177609194223e-15
1.1159617080966177e-15
6.277028968945352e-16
1.386235286295358e-15
-2.210619587056759e-15
2.5831305765087783e-16
3.4085043011174582e-15
5.015693219365215e-16
1.4395567396950418e-15
-4.77460936343777e-15
-2.373300492806205e-15
-2.140280070864963e-14
-4.750776968763104e-14
-1.0634150287851144e-13
-1.9242540861625124e-13
-3.233992345454941e-13
-4.453004767204027e-13
-5.296314697510804e-13
-5.232284360917839e-13
-4.385914018175989e-13
-3.2112081151715904e-13
-2.0859629462996992e-13
-1.0803652000104681e-13
-4.9527381075012445e-14
-1.7278675756145918e-14
-7.090658941171855e-15
-2.803566937994353e-15
-1.4643125136083798e-15
2.572749428848261e-15
-9.672445275537647e-16
7.521211463047332e-16
-2.3699852146150317e-15
-1.038342751920013e-15
3.705281731551566e-15
-4.297447754790406e-15
4.6313603510319984e-15
-1.1338365863884718e-15
-2.2440603749702958e-15
-3.8516769880140695e-15
-2.829138881174378e-15
-2.3433047515590554e-15
-4.595145570996359e-15
8.243168985800109e-16
-1.5728777175832694e-15
3.011237467974188e-15
-9.390536975866815e-16
1.2752473261612966e-15
-1.6040539717537827e-15
-5.632661137153026e-16
-2.6196283966888232e-15
1.9428082004527758e-17
-2.323110545179435e-16
-1.5235811099759088e-15
3.2170997968347767e-15
2.3730314096968518e-15
3.026665485486235e-15
2.6641610073589265e-16
3.713415524096341e-15
1.8293116574286876e-15
4.424348747513777e-15
3.850591282246455e-15
3.1652355798949404e-15
1.7228272512859213e-15
5.563571470285291e-16
-2.4937726524133178e-15
-2.573506669835521e-16
1.050789067059898e-15
-3.3565447130328403e-16
-3.2843788807816146e-15
-4.459672499272957e-16
3.2170099354154968e-15
2.798257909707482e-16
1.243126166026695e-15
-4.1833310339638816e-15
-3.154779017117291e-15
-2.3983059234893546e-14
-5.4580338165517036e-14
-1.2021455303093709e-13
-2.305692626796061e-13
-3.7196363355966587e-13
-5.001382927343363e-13
-6.002788817465742e-13
-5.948589249400953e-13
-5.023310240868008e-13
-3.593524214943118e-13
-2.324254367207238e-13
-1.2109493658073275e-13
-5.532017030409012e-14
-2.0903973452023605e-14
-7.485758108279054e-15
-4.002646407154283e-15
-2.5358622021010807e-15
-7.063861075377824e-17
-2.965674591241205e-15
-1.7386043915264978e-15
-4.8231644257212674e-15
-3.40395067830905e-15
1.6980983112794987e-15
-4.401946129302031e-15
3.986450152674042e-15
-1.1512219250682556e-15
-2.1556161028752115e-15
-1.6454446442150701e-15
-1.3280761723309769e-15
-4.860805632218049e-16
-3.175256425588738e-15
1.4575021147310163e-15
-1.7094388976216195e-15
3.1625088721190516e-15
-1.062108798104981e-15
1.5750171438512296e-15
-1.1678386046006864e-15
-7.703603886789265e-16
-2.153676597521808e-15
9.685066954228455e-16
-2.2323456513699166e-16
-5.606341392207666e-16
3.709093213809573e-15
3.2397249203935994e-15
3.903597188567935e-15
1.180262700416803e-15
3.992316523411977e-15
2.5859921918145162e-15
4.554248059186834e-15
3.673586043013436e-15
2.9117741119342598e-15
2.6431802431970695e-15
9.360083781670731e-16
-1.9803000466975903e-15
1.0832837795628802e-16
3.6974063121868646e-15
6.302239997732276e-16
-1.2613118513122193e-15
1.613321618529295e-15
4.95942253425697e-15
1.725309696563024e-15
1.9811636848764555e-15
-2.508104223018356e-15
-3.463502912812229e-15
-2.4467012699328023e-14
-6.216096419224968e-14
-1.3660298434101476e-13
-2.515973235937854e-13
-4.2100683348231483e-13
-5.862209615256737e-13
-6.853099252211797e-13
-6.802060496901252e-13
-5.728124773939399e-13
-4.211954555774984e-13
-2.7027308305308065e-13
-1.4075733519911698e-13
-6.295611802888844e-14
-2.459404679493194e-14
-7.347544728500368e-15
-4.476105441706468e-15
-2.227140414918244e-15
-8.142572765374655e-16
-2.38340372294639e-15
-1.8944083795739988e-15
-4.199822591938385e-15
-2.9737988084893678e-15
1.7926642817941882e-15
-2.4129465077371613e-15
4.413823944472776e-15
-7.811700562489265e-16
-2.4699753646991734e-15
-1.373577735256699e-15
-2.0083033618444184e-15
-1.1337243714356839e-15
-3.7994653213333006e-15
8.49191969894026e-16
-2.3497376555113876e-15
3.0488408987976153e-15
-4.615998641822698e-16
2.094962197376603e-15
-2.5157974564525517e-16
-6.301253448644596e-16
-1.4115203577366828e-15
-3.74671973992075e-16
-1.4022045709906852e-15
-1.7467372849948662e-16
2.8928941140178615e-15
2.6396826610498104e-15
3.734633558982051e-15
1.7748360988417542e-15
3.69466448894456e-15
3.368864516007714e-15
4.96410008058315e-15
4.374508169805829e-15
3.133890209124449e-15
4.288067411011734e-15
1.625064168569945e-15
-2.4219616925906493e-16
1.274795844217439e-15
6.343723670800651e-15
1.8927419612253555e-15
1.0707962641274735e-15
3.7660027717284474e-15
6.6074434285936575e-15
3.289364951191208e-15
2.3155920609987482e-15
-1.7100535451224334e-15
-6.060774103326231e-15
-2.7605065589125682e-14
-7.03448026913042e-14
-1.531730643631621e-13
-2.855993385428931e-13
-4.709513438620591e-13
-6.416696228533837e-13
-7.562194917655597e-13
-7.469458844723382e-13
-6.382277306145581e-13
-4.616626948312953e-13
-2.926748772720604e-13
-1.5476194181622654e-13
-6.833498103894287e-14
-2.923531763356676e-14
-8.871191664016625e-15
-6.11613750776187e-15
-2.8284693354063274e-15
-2.102424353334496e-15
-1.7570834960769891e-15
-2.00327456416506e-15
-2.6469055200962555e-15
-1.5687406750837394e-15
2.2961568664779124e-15
-1.792067491115389e-16
4.797393573043825e-15
2.6700026208979642e-17
-2.0900264386558512e-15
-7.630491000524023e-16
-1.778710943414014e-15
-1.1291294650899887e-15
-3.953027155940841e-15
5.154588259764297e-16
-3.1777386487228706e-15
1.9359610757372956e-15
-7.404033644879095e-16
1.1013110280605748e-15
-9.208503226205489e-16
-1.5958597476808893e-15
-2.0383419712752855e-15
2.294501986092672e-16
-6.104717475280469e-16
2.258132379623508e-15
3.4524409509792174e-15
2.9114477571682895e-15
4.3941995126374574e-15
3.068620962667703e-15
3.0495718146917834e-15
3.031058647275958e-15
3.5758794506694464e-15
3.038841231521635e-15
5.92205070363978e-16
2.7650623537929572e-15
-9.115987546770552e-16
-8.414687630088864e-16
5.098777745655565e-16
6.439828325906866e-15
2.0003086550189254e-15
2.3301225977160556e-15
4.9547669454683085e-15
7.264415626380757e-15
4.618128145667892e-15
3.2296385935096284e-15
9.829848500016795e-16
-3.8134265331987426e-15
-1.883347213158908e-14
-5.425955870444281e-14
-1.1891736447313356e-13
-2.1752468042018448e-13
-3.613775954038483e-13
-5.124271270283977e-13
-5.968510627680671e-13
-5.882349735919531e-13
-4.955038747704041e-13
-3.611219150078499e-13
-2.309172057674036e-13
-1.181026692337749e-13
-5.161410222897005e-14
-2.2599610745602743e-14
-4.142162232068555e-15
-3.848324068959345e-15
-6.291651028045346e-16
-1.2901508748746876e-15
5.179306317401049e-16
-1.5037624799164665e-15
-9.651879560928415e-16
-7.986029975767676e-16
1.1684952607270702e-15
-5.436674740808028e-16
2.359001865388741e-15
-1.7605529966880206e-15
-4.6308810522861306e-15
-3.6486564838121335e-15
-4.409910752347558e-15
-3.672723142764822e-15
-5.756022911709644e-15
-3.6214715777847174e-16
-3.5026210461609764e-15
1.806698899506114e-15
4.458703244507615e-16
1.7783269916578196e-15
-7.79591153909957e-18
-7.822708653067466e-17
-7.134808594956308e-16
-3.1882201258478e-16
-1.5935069206078066e-15
3.029451046579021e-15
2.7462571693157455e-15
1.8836189084678497e-15
4.194471384583981e-15
4.003671935705646e-15
2.7359317367453216e-15
3.72104530133361e-15
4.381779537092679e-15
4.806672593833839e-15
1.811648829990843e-15
4.235891877645977e-15
-5.735509172289421e-16
4.0681762948718776e-16
1.1188225685943672e-15
5.555583864765402e-15
1.7112069270326542e-15
1.934230236050499e-15
4.182783387079984e-15
5.323911961531985e-15
4.073096548844464e-15
5.402266022145532e-15
1.8408550538429785e-14
6.092571789005359e-14
1.8926303072548348e-13
4.933413456928924e-13
1.1030407559273072e-12
2.090327906481904e-12
3.380438730114095e-12
4.6700416852853494e-12
5.467742614745581e-12
5.473458679170923e-12
4.667039235579108e-12
3.3843916752562095e-12
2.0950900884371376e-12
1.1021917602277813e-12
4.954532091386339e-13
1.8540379396171173e-13
6.246075073849651e-14
1.2738174816869248e-14
2.0842724838851445e-15
-3.198132087386057e-15
-1.1820917616816076e-16
-3.551240502998743e-15
-8.937828033357918e-16
-5.494637465955609e-16
3.652947955295643e-16
-5.839603735895061e-16
1.4009816261776812e-15
-9.511022228641206e-16
-4.092135805022976e-15
-3.322398353010922e-15
-3.32443702099461e-15
-3.100221707235738e-15
-5.261401192815747e-15
-9.281140585709142e-17
-3.4901127926167515e-15
1.3413133270152604e-15
5.196991397567657e-16
1.4656261213974886e-15
-6.854049932808484e-16
1.5125484118355874e-16
-1.5020609567178456e-15
6.727669373666386e-16
-2.1877365435255477e-15
3.341665275910973e-15
2.101803698076894e-15
4.892942718395831e-16
3.438438274273182e-15
4.059302198461334e-15
1.9617731338073044e-15
3.683106926268914e-15
4.773913066020922e-15
5.941806267793225e-15
3.3125659701640437e-15
5.086451141560588e-15
6.879373225211012e-17
9.760687516868606e-16
1.7808426687215656e-15
3.3393194616633322e-15
1.6307444432127091e-15
1.3431906356059589e-15
4.530330173804475e-15
7.429145261882136e-15
2.3687874104346985e-14
1.0087968249003364e-13
4.2183580942375565e-13
1.507352854233241e-12
4.623480352050761e-12
1.207162847335353e-11
2.686894573255473e-11
5.096445725250396e-11
8.235477305106735e-11
1.1340586045795165e-10
1.3306900324428252e-10
1.3308546512114488e-10
1.1341863271818737e-10
8.235325253454472e-11
5.095951875344835e-11
2.6869194308920174e-11
1.2074728433881522e-11
4.618505984253878e-12
1.5100066861762934e-12
4.1603539733665724e-13
9.919057997764017e-14
1.670954411282598e-14
5.325429597837643e-15
-2.811800399645583e-15
5.429315592560332e-16
3.7226215717615787e-16
-1.1244145194501667e-16
-1.0710804647967953e-15
8.427972946819714e-16
8.322679842085522e-16
-2.650513715342432e-15
-2.5267055427642526e-15
-1.928486950197704e-15
-2.48123179043955e-15
-4.622112129144117e-15
2.2141275021433753e-16
-3.2856619477008983e-15
1.1153665761271852e-15
1.0423410791608091e-16
1.3067382638774023e-15
-1.1741092751376063e-15
8.543900139578657e-16
-1.9324028464938954e-15
2.5306803032288675e-15
-1.867744398611518e-15
4.120874594611356e-15
3.4310431669995057e-15
8.362810520528293e-16
3.495098333106186e-15
3.4064744932738405e-15
3.3907746604672656e-19
1.212859385633236e-15
2.2762439919703014e-15
3.325943631706195e-15
2.1978595789748495e-15
3.007387697240928e-15
-2.5621455616357954e-16
5.646740753471436e-16
3.0444920233684324e-15
1.6708054985112633e-15
3.417105435379981e-15
3.2128551668606523e-15
1.4998165622645932e-14
6.661493701991301e-14
3.65737529678721e-13
1.7858839083367078e-12
7.529915548823559e-12
2.7067995421930247e-11
8.29632512163471e-11
2.166726712673242e-10
4.822168979885144e-10
9.145167267105711e-10
1.4779256627466919e-09
2.035280620360986e-09
2.3884461267828074e-09
2.3884563899371914e-09
2.0352829003334168e-09
1.477938805366507e-09
9.145166632414438e-10
4.8221851087194e-10
2.1667463300904684e-10
8.295845278640149e-11
2.707018304850081e-11
7.522484711230975e-12
1.7840891097229049e-12
3.577726703200499e-13
6.673713186058185e-14
7.793035830353844e-15
4.604103792062745e-15
3.040620044246929e-15
9.182548722352786e-16
-9.773506905617201e-16
4.507619455227208e-16
2.000651122866083e-15
-2.5748401609867417e-15
-3.6779873354169305e-15
-2.9663264312874905e-15
-4.328272546571657e-15
-6.294985618751892e-15
-1.6458560757992112e-15
-4.314444696385937e-15
8.976908716145364e-16
8.254721959778412e-17
2.5792327352254566e-15
-1.964024084111842e-17
2.3373126394483713e-15
-1.7159893670903864e-15
4.421805305995408e-15
-9.21666637993009e-16
3.939899322529004e-15
4.522833597748301e-15
1.2977372232692723e-15
4.2381352323116835e-15
4.047209703070417e-15
8.316500811500961e-16
1.7644904191582609e-15
2.8434676340815447e-15
2.7932548028535715e-15
3.068793572358015e-15
1.571567056628927e-15
-2.893583759455438e-16
-1.1468807880629434e-15
2.1827907093696674e-15
-2.3593794351367757e-15
3.6553208117745034e-15
1.657106472178383e-14
1.4213759644537331e-13
9.426492715006102e-13
5.472233805205547e-12
2.708277909081859e-11
1.1430569056890784e-10
4.1110360994007346e-10
1.2599762985556888e-09
3.290674709654302e-09
7.3235310234051145e-09
1.3888934588242232e-08
2.244556341426053e-08
3.0910406197274636e-08
3.6273698949133916e-08
3.6273702723844686e-08
3.0910400960772695e-08
2.2445560768562634e-08
1.3888938119803446e-08
7.3235333261260894e-09
3.290678146209106e-09
1.2599729524870761e-09
4.111061649668503e-10
1.142991000882184e-10
2.7083140838492135e-11
5.465636554148377e-12
9.45871056817269e-13
1.361513530437712e-13
2.019124206084337e-14
3.66448476109075e-15
-1.203965865409166e-15
-3.5386081214801993e-15
-1.7270282380318862e-15
2.3562689320201853e-15
-1.905987791500054e-15
-3.032826809388327e-15
-1.6270979306499568e-15
-2.8091657231322557e-15
-4.181062427471802e-15
-1.726356162695306e-16
-2.2758537898092663e-15
2.9937451592782446e-15
1.0454849360550236e-15
4.134331793376345e-15
1.6128244787233975e-15
3.770002057888425e-15
-5.300613656185655e-16
2.883664769555568e-15
-1.7011231072838099e-15
1.2902181283764026e-15
3.3959388817863056e-15
-3.9651155032273096e-16
2.622264413464641e-15
2.2575121014986913e-15
8.235622697259315e-17
1.0846816373116378e-15
2.734071149437899e-15
1.8821742611317247e-15
4.1633098072903924e-15
1.2374850416545226e-15
1.4713488386025123e-15
-2.793354991452388e-16
4.179243918697617e-15
-1.8268142659448568e-16
2.7550472393073937e-14
2.2315981062772649e-13
1.7896818768877025e-12
1.2171102395523226e-11
7.073612221218945e-11
3.503328636334599e-10
1.4786465152180898e-09
5.318146486765652e-09
1.6299348459838627e-08
4.2568950514126294e-08
9.473894281659242e-08
1.796705970026408e-07
2.9036105270557703e-07
3.9986427338896354e-07
4.692450776654392e-07
4.6924506242381117e-07
3.998642928934327e-07
2.903610494428918e-07
1.796706040061758e-07
9.473894562051534e-08
4.256895278533464e-08
1.6299344813777213e-08
5.318147872548917e-09
1.478638957051808e-09
3.503330289834973e-10
7.072886517332123e-11
1.2174456276155448e-11
1.7836491972529933e-12
2.274602792763318e-13
2.726726169113944e-14
2.0080336332413385e-15
-2.04269683776853e-15
-5.528938765554817e-16
5.006818104545803e-15
7.782381436801185e-16
-8.722261085871434e-16
3.078031420831235e-16
-1.1770869458158464e-15
-2.7728381778815577e-15
-5.888179359807824e-16
-2.136920165321928e-15
3.036168656141433e-15
-1.6111748836043426e-16
3.0357871097851483e-15
1.0153720071231738e-15
2.5128792569339068e-15
-1.173999763320451e-15
2.5829481294187048e-15
-3.261650483915036e-16
2.6355190908514934e-16
2.9603707133321503e-15
-1.6126831646976022e-15
9.676575985291145e-16
3.558815527841346e-17
-1.0874835415877652e-15
-4.222397137812955e-16
1.6284561311396223e-15
-2.092244979759232e-16
3.3564755167603696e-15
-6.030430092757221e-16
6.766773868600217e-16
-1.9453410882672473e-15
4.287828383223195e-15
1.971661113467347e-14
2.644932544932618e-13
2.4562245110236147e-12
1.967158264912979e-11
1.3414262356795713e-10
7.796864594721684e-10
3.861781439052363e-09
1.6299397890128333e-08
5.862304625006757e-08
1.7967108868200856e-07
4.6924634853706096e-07
1.0443269544515256e-06
1.9805460970950584e-06
3.200709860151191e-06
4.407786414984538e-06
5.17258527888081e-06
5.172585283983387e-06
4.407786413048155e-06
3.200709865814996e-06
1.980546104420838e-06
1.0443269576135457e-06
4.6924635386391257e-07
1.7967108762120384e-07
5.862304774224762e-08
1.6299391364901504e-08
3.861782119798172e-09
7.796795970181316e-10
1.3414600705784277e-10
1.9666497666555775e-11
2.4610356581199e-12
2.6379737624164424e-13
2.163824552179686e-14
-2.1384425767091394e-15
-2.4676210190231033e-15
3.978746119994641e-15
5.336008013352978e-16
-1.0362216021824003e-15
5.871619982134986e-16
-4.701946129933431e-16
-1.7919512090649352e-15
-1.6305768507091429e-15
-2.1417888884691687e-15
2.8012385974790072e-15
-1.2743547989095534e-15
1.8368043940521045e-15
1.16634481198775e-15
2.6782928249657665e-15
4.864592552585631e-16
2.5847004949941043e-15
1.2659607022601692e-15
4.0320162680711953e-16
3.3471702430853197e-15
-1.234362168725034e-15
1.2816746547444926e-15
2.309317982556933e-16
5.896440338658424e-16
6.412555622402191e-16
2.825726869893802e-15
-3.7002237179254817e-16
3.599167652076693e-15
-3.43224155234943e-16
1.7248748655566367e-15
-1.263872414856694e-16
2.1017103785918785e-14
2.210848328753094e-13
2.461223570340245e-12
2.307804325551919e-11
1.8473366432451253e-10
1.2600233754714228e-09
7.323797359846262e-09
3.6274978558452904e-08
1.531056461647705e-07
5.506658383785278e-07
1.6877105110113647e-06
4.407787591303125e-06
9.809711693732317e-06
1.8603930660940028e-05
3.0065336115911238e-05
4.1403809091337903e-05
4.858782010071416e-05
4.8587820105079144e-05
4.140380911119624e-05
3.0065336122481334e-05
1.8603930656948846e-05
9.809711697890566e-06
4.407787595154518e-06
1.6877105100594564e-06
5.506658393994039e-07
1.5310564007938672e-07
3.6274978449565025e-08
7.323789749195952e-09
1.2600247276518726e-09
1.8472856098391918e-10
2.3082134490803342e-11
2.4595589222646255e-12
2.2203014312138978e-13
1.4994217781697574e-14
6.228604171877487e-17
5.264886655149886e-15
2.0991683604644604e-15
1.3133221332736255e-16
2.2152023437205376e-15
1.676520755593709e-15
1.2722179350975817e-15
-7.882871133135067e-17
1.0074974896484283e-15
5.408421039988296e-15
5.620303555684221e-16
2.6926840681561262e-15
2.604592897036154e-15
3.8154293725662015e-15
2.4337792608993933e-15
5.530324256565553e-16
-4.689671166946112e-16
-1.5390529561451179e-15
1.4766320813097392e-15
-2.591379278390477e-15
-2.213845333085654e-16
-1.5345500864746229e-15
2.8148597329330096e-16
-3.5678558064560064e-16
2.4670459333768063e-15
-1.556433053145706e-15
2.5932300920129065e-15
-6.662553397580599e-16
1.6783736036551439e-15
6.570116445933963e-15
1.4088405598298557e-13
1.7822350748095644e-12
1.966905448505961e-11
1.847262935745474e-10
1.4786526943455485e-09
1.0085800050066555e-08
5.86230690344624e-08
2.9036193679972054e-07
1.2255294045126693e-06
4.407787730595619e-06
1.3509226753711725e-05
3.52819998716406e-05
7.852153476012606e-05
0.00014891458928545934
0.000240657055846606
0.00033141551330123436
0.00038891970766868157
0.0003889197076752869
0.0003314155133200114
0.0002406570558582063
0.00014891458928945232
7.852153476065641e-05
3.52819998778674e-05
1.3509226753954188e-05
4.407787732176282e-06
1.2255294001734494e-06
2.903619367055828e-07
5.8623062087529825e-08
1.0085800354716534e-08
1.4786490468194485e-09
1.8473053000107919e-10
1.96669236627383e-11
1.7819308623510709e-12
1.3420380447325674e-13
6.767900426858775e-15
3.9217414962565105e-15
1.0102092625254033e-15
-7.083774542630544e-16
2.3782121147856886e-15
2.2711955563343187e-15
2.6761061995253612e-15
-1.5891621474094076e-16
1.871273492123551e-15
5.17665338064972e-15
1.4013075249966753e-16
1.443967637460956e-15
1.492498932349621e-15
2.4175470416708683e-15
9.837277351982588e-16
2.854238863345501e-15
3.6671001480304253e-16
-7.458560436149094e-16
1.675704737890236e-15
-2.328728935945778e-15
-5.393240767601064e-16
-2.336004062635921e-15
7.428381404069453e-16
-5.871400204774852e-16
3.1929603653799754e-15
-1.1015173816736657e-15
3.3086229328295813e-15
1.490552085877057e-15
6.789366842642696e-15
6.110130614018186e-14
9.465275020015137e-13
1.217056579042665e-11
1.341454003224359e-10
1.2600208100460843e-09
1.0085802509504067e-08
6.879480794674075e-08
3.9986548875533283e-07
1.9805467070201586e-06
8.359285189374597e-06
3.006533718089157e-05
9.214587503249169e-05
0.00024065705686492702
0.0005355921297876521
0.001015740233247079
0.0016415117902222626
0.0022605714618076965
0.002652805185100331
0.002652805185086483
0.002260571461827219
0.0016415117902349526
0.0010157402332498255
0.0005355921297916876
0.00024065705687036025
9.214587503293318e-05
3.0065337182465845e-05
8.359285185741393e-06
1.980546705514566e-06
3.998654812273098e-07
6.879480549887843e-08
1.00857988689998e-08
1.260023959252825e-09
1.3414259293751504e-10
1.2169498518437368e-11
9.394293296929662e-13
6.258135119490908e-14
8.685870417768348e-15
2.6975278513950743e-15
7.204701705850788e-16
3.9675520918017914e-15
3.5939810311860105e-15
4.315891732500326e-15
7.491127713765887e-16
3.184235676841612e-15
5.497197261459887e-15
1.1817228703143503e-15
2.3977787460726827e-15
2.5160677211843842e-15
3.4231456189364897e-15
1.8630605618405437e-15
3.8061461308242015e-15
-7.830550033373696e-16
-1.5425873137949321e-15
1.144673489053891e-15
-2.497047593701234e-15
-1.1976564438340672e-15
-3.747731496193102e-15
-3.6862092712017885e-16
-2.7167110917057363e-15
1.7285253150759414e-15
-2.487147526098914e-15
1.7860770867072368e-15
1.5755245491909874e-15
2.2800540967623266e-14
3.5803851315089083e-13
5.4735646868740285e-12
7.073303842970237e-11
7.796849495871149e-10
7.323791332481013e-09
5.862306800273448e-08
3.9986548984095214e-07
2.3241930936440347e-06
1.151180373379328e-05
4.858782184726176e-05
0.00017475289022595634
0.0005355921301449221
0.0013988040774928052
0.0031130957254097962
0.005903926518680894
0.009541184519265083
0.013139430106134971
0.015419264068197339
0.015419264068196145
0.013139430106163747
0.009541184519274812
0.0059039265186860285
0.0031130957254104775
0.001398804077500637
0.0005355921301464658
0.00017475289022793076
4.858782184469003e-05
1.1511803731952504e-05
2.3241930874253644e-06
3.998654864924687e-07
5.8623065786108474e-08
7.3237941730982655e-09
7.79682669012394e-10
7.073191645502308e-11
5.465995640407797e-12
3.6037934222544903e-13
2.3852287972543417e-14
1.4475494137672227e-15
-8.045004566642565e-16
2.4198714142227122e-15
2.1380011650645847e-15
3.0379263967975173e-15
1.185331515130224e-16
2.63076014032541e-15
4.477407528305748e-15
1.4263666838114418e-15
2.727344267967532e-15
2.2569326730436286e-15
2.2504848921903442e-15
4.141125282727779e-16
6.1882110047332524e-15
-4.905407163300474e-16
-1.898773928709324e-15
1.187766657562913e-15
-2.1189166431420747e-15
-7.189293616550289e-16
-3.214865766930174e-15
2.973648751195773e-16
-2.501159225707053e-15
2.4082632153189578e-15
-1.2272531647664252e-15
2.5909524609183145e-15
6.4139120254546716e-15
1.0387222073883342e-13
1.782819566797656e-12
2.7089340438518745e-11
3.503362100946511e-10
3.86178470259267e-09
3.6274977189507345e-08
2.9036193730560356e-07
1.9805467102024394e-06
1.1511803732218075e-05
5.701833714362029e-05
0.00024065705705864201
0.0008655567316522344
0.002652805187191307
0.006928321952068604
0.015419264070105574
0.029242339481905112
0.047257796296942184
0.06508002336184396
0.07637211489955573
0.07637211489952213
0.065080023361868
0.047257796296943315
0.029242339481911107
0.015419264070110489
0.006928321952077031
0.0026528051871946463
0.0008655567316552234
0.0002406570570577647
5.7018337142512714e-05
1.1511803728557575e-05
1.980546706944653e-06
2.903619365805149e-07
3.627497916743912e-08
3.861783356447354e-09
3.503351150138846e-10
2.7081981667770496e-11
1.7857975344001145e-12
1.0438921969784242e-13
4.806162707387832e-15
-7.940926182221264e-16
1.4770056032949303e-15
1.6642397263075542e-15
2.4600949302554474e-15
1.4331511903241132e-15
3.6948563888390375e-15
5.341402286833087e-15
3.231806238747604e-15
4.232042389006369e-15
3.0386495223202954e-15
1.7962460245072032e-15
6.579929322181063e-16
7.141632794844882e-15
-4.2612536938632866e-16
-3.130746191369286e-15
3.1096370405841676e-16
-2.9274143770275934e-15
-1.5676835280148724e-15
-3.663299391707548e-15
-2.805893861014928e-16
-2.5478657442301066e-15
3.0888714870393e-15
8.907684996672655e-16
4.573603835881847e-15
2.3054215722724222e-14
4.2726265580582593e-13
7.52931822501186e-12
1.1431289301496014e-10
1.478651408677152e-09
1.6299401453413883e-08
1.5310564705646823e-07
1.2255294069300243e-06
8.359285197907273e-06
4.8587821852128474e-05
0.00024065705706775728
0.0010157402340813567
0.0036532516767558464
0.01119668375719147
0.029242339482697072
0.06508002336361919
0.12342301993382188
0.19946078315639001
0.2746829823808722
0.3223434659004244
0.32234346590043167
0.2746829823808993
0.19946078315641363
0.12342301993383811
0.06508002336362598
0.0292423394827099
0.01119668375719893
0.0036532516767609907
0.0010157402340829741
0.0002406570570685121
4.858782185249258e-05
8.359285196918906e-06
1.2255294095192316e-06
1.5310564990563753e-07
1.6299403410086236e-08
1.4786516187028729e-09
1.1430736986933399e-10
7.532605444184567e-12
4.2777762311306846e-13
2.0751881469196498e-14
1.5504332541041696e-15
2.261246449584578e-15
2.8587891070526904e-15
1.8162514012200207e-15
1.6376590864802648e-15
2.247405936743198e-15
3.504500720981348e-15
2.323350974875071e-15
3.4054426705946417e-15
2.4060860676157917e-15
1.8553216775452428e-16
7.944630464763312e-16
5.971767629687797e-15
-7.389437247306435e-16
-4.6550905570598945e-15
-8.36717224393084e-16
-3.4597318248181735e-15
-1.9811892746615928e-15
-3.4441234431315863e-15
-9.975562168958082e-16
-3.337701943380831e-15
1.7088362017984343e-15
1.5284348692932352e-16
4.47043539475387e-15
7.29254392552329e-14
1.5217829636787155e-12
2.7079332974554646e-11
4.1112178912441447e-10
5.318165467703219e-09
5.862306349560865e-08
5.506658556686385e-07
4.40778774907229e-06
3.0065337206947333e-05
0.00017475289024943133
0.0008655567316809578
0.003653251676776605
0.013139430108210535
0.04027043759603376
0.10517415985278501
0.23406939737219296
0.44390813654679895
0.717388576398445
0.9879357263757569
1.1593533147431616
1.1593533147431574
0.9879357263757897
0.7173885763984755
0.44390813654683703
0.23406939737221777
0.10517415985281042
0.04027043759605449
0.013139430108226205
0.0036532516767877688
0.000865556731689488
0.00017475289025816615
3.0065337212599787e-05
4.40778775839489e-06
5.506658630274983e-07
5.86230724000615e-08
5.31817020918927e-09
4.111219723006449e-10
2.708539921038599e-11
1.5250628098321906e-12
7.202068242409614e-14
3.4474471710979143e-15
1.1150293442879675e-15
2.890943708515955e-15
8.011148493734335e-16
2.3816842875814677e-15
2.5651753933524968e-15
3.961827507994019e-15
3.2022206692514504e-15
3.138792429510319e-15
1.7437052116638242e-15
-1.9689383961732636e-15
4.84873440187662e-16
5.0083547724046154e-15
1.0909012724423585e-16
-5.201318262491288e-15
-2.276860434586038e-15
-4.351872616557303e-15
-3.626790017626748e-15
-4.334722103551977e-15
-2.830937320807042e-15
-4.6572089512755676e-15
-1.1753192995931007e-16
-6.610466004570473e-16
8.552410306616436e-15
2.2080741536249157e-13
4.657514393543953e-12
8.299708154569649e-11
1.2600165397927547e-09
1.6299393149668755e-08
1.7967113487477625e-07
1.6877105617033906e-06
1.3509226808658735e-05
9.214587509961359e-05
0.0005355921302161307
0.002652805187274395
0.011196683757276138
0.040270437596105095
0.12342301993491131
0.32234346590328466
0.7173885763999099
1.360513718174262
2.1986913937737214
3.027878963572354
3.55324887979961
3.5532488797996304
3.0278789635724253
2.1986913937738164
1.3605137181743503
0.7173885763999859
0.32234346590335605
0.12342301993496924
0.04027043759615094
0.011196683757313773
0.002652805187305618
0.0005355921302448572
9.214587512285403e-05
1.3509226833292549e-05
1.6877105816625273e-06
1.796711567964099e-07
1.629940842584857e-08
1.2600280557024504e-09
8.301112039064728e-11
4.669209148718677e-12
2.2695520089226975e-13
1.513139150134492e-14
5.2851665059806855e-15
6.765564936473297e-15
2.425027926598783e-15
4.143473387014823e-15
3.62297733967199e-15
5.021484917894951e-15
4.7542708540288875e-15
3.836308064991419e-15
2.4909121045316703e-15
-1.969064915084219e-15
2.120269301702814e-15
3.553170571074356e-15
-8.744412296329253e-17
-5.999185335690165e-15
-5.754866156432111e-15
-7.166474494340137e-15
-9.01208774272506e-15
-8.580431663141015e-15
-9.302958683084767e-15
-1.049893677537794e-14
-7.885069801690648e-15
-8.268247028367537e-15
1.278545398097541e-14
5.692254002614668e-13
1.2154779934299501e-11
2.1676115244601998e-10
3.290772657873654e-09
4.2569061604785507e-08
4.6924646636792135e-07
4.407787724888848e-06
3.5282000019114496e-05
0.0002406570570344946
0.0013988040776823582
0.006928321952284265
0.02924233948293596
0.10517415985303136
0.32234346590348045
0.8418632931312089
1.8736012150590429
3.5532488798020827
5.7423145592688
7.907900811119717
9.280007568574016
9.280007568574058
7.907900811119868
5.742314559269006
3.5532488798023056
1.8736012150592445
0.8418632931313843
0.3223434659036235
0.10517415985314892
0.02924233948303414
0.006928321952368074
0.0013988040777563053
0.00024065705709766
3.528200007888696e-05
4.4077877755947135e-06
4.6924651782699285e-07
4.256910254114987e-08
3.2908094653599213e-09
2.1679578362292978e-10
1.218599243912402e-11
5.921987442974185e-13
3.553587787024946e-14
1.0766302725621976e-14
1.1828274196428278e-14
6.269060812829688e-15
7.813672401120798e-15
6.606633726802804e-15
7.556025265894234e-15
6.803486726958281e-15
5.424474693017178e-15
3.13964711980172e-15
-6.672634055155572e-16
3.6061473112345856e-15
1.0164925166414275e-15
-1.788399176096041e-15
-8.457844839186668e-15
-1.1416725550816524e-14
-1.2472608819516176e-14
-1.700901083511041e-14
-1.6246464543575593e-14
-1.952167881652046e-14
-2.0538110916610217e-14
-1.9650693306463347e-14
-1.9839439852944766e-14
2.771458513021356e-14
1.2669834421687684e-12
2.705008184469473e-11
4.82415666857502e-10
7.323750936391308e-09
9.47391891062482e-08
1.0443272217732044e-06
9.8097119914708e-06
7.852153509024353e-05
0.0005355921301625965
0.003113095725830356
0.015419264070586147
0.06508002336416778
0.23406939737280247
0.717388576400529
1.8736012150595127
4.169776187788361
7.907900811121907
12.779756075934687
17.599356913610958
20.653036660587464
20.653036660587567
17.59935691361128
12.779756075935145
7.907900811122387
4.169776187788797
1.8736012150598966
0.7173885764008421
0.2340693973730591
0.06508002336438475
0.015419264070771287
0.0031130957259914507
0.0005355921303046855
7.852153521724589e-05
9.8097121041308e-06
1.0443273278470093e-06
9.473928159101001e-08
7.323834209717984e-09
4.824911476373507e-10
2.711909144200968e-11
1.3243081904342122e-12
8.198363095471964e-14
2.6933378431197495e-14
2.5468207279599027e-14
1.7160593912293043e-14
1.6148753654364466e-14
1.454295528258039e-14
1.2280911508050924e-14
1.1745284667922008e-14
8.728497476297876e-15
5.298437187553116e-15
1.1596165751888132e-15
4.810301990402508e-15
-2.0314583440353982e-15
-5.2010812613605195e-15
-9.995007154546442e-15
-2.0931977834216453e-14
-2.02510033691777e-14
-2.8204457129336482e-14
-2.6675494062690792e-14
-3.476795864639624e-14
-3.7887608900729994e-14
-4.2168309819634754e-14
-4.1303014619245945e-14
4.897762503530742e-14
2.3974503070343304e-12
5.1295221682161564e-11
9.148892562111343e-10
1.388934902637715e-08
1.7967105662778595e-07
1.9805466069743833e-06
1.8603931224437478e-05
0.00014891458991290449
0.0010157402339590485
0.005903926519485438
0.02924233948282201
0.12342301993488398
0.4439081365480164
1.3605137181756017
3.5532488798033977
7.907900811122854
14.997182683734964
24.236563040194902
33.37684387473138
39.16808912639392
39.16808912639414
33.376843874731975
24.23656304019577
14.99718268373587
7.907900811123682
3.5532488798041255
1.3605137181761864
0.4439081365485031
0.12342301993529016
0.02924233948317491
0.00590392651978537
0.001015740234226386
0.0001489145901528702
1.8603931438498326e-05
1.9805468033125107e-06
1.7967122954107345e-07
1.3889508643979265e-08
9.150308820985991e-10
5.1425490843719085e-11
2.5106173334375582e-12
1.5150757186275677e-13
4.942600452419254e-14
4.386606000651914e-14
3.458034217988693e-14
3.040712663332073e-14
2.7921565599941604e-14
2.5188854623832484e-14
2.0837447267114022e-14
1.503954186465975e-14
9.396798142594812e-15
7.428931160506131e-15
3.8899567465407514e-15
-6.591280209060511e-15
-5.165653878763574e-15
-1.7856510208858564e-14
-2.664262104205164e-14
-3.3538881691857237e-14
-4.01802425691127e-14
-4.890642437845456e-14
-5.718753976566668e-14
-6.342424518223407e-14
-6.61725965445275e-14
-6.649420854907478e-14
7.915208297456485e-14
3.875092460585122e-12
8.289817313707527e-11
1.4785346608060914e-09
2.2446224463387525e-08
2.9036179444840215e-07
3.2007106749408225e-06
3.006533703353175e-05
0.0002406570568709269
0.0016415117913774315
0.00954118452056641
0.04725779629842637
0.19946078315812157
0.7173885764004532
2.1986913937760395
5.742314559271291
12.77975607593705
24.236563040196486
39.16808912639638
53.93946301194623
63.29854621997991
63.29854621998029
53.93946301194717
39.168089126397795
24.23656304019792
12.779756075938392
5.74231455927246
2.1986913937769827
0.7173885764012328
0.19946078315878035
0.047257796298997595
0.009541184521053441
0.001641511791804683
0.00024065705725812058
3.0065337372703814e-05
3.2007109880965594e-06
2.9036207264400594e-07
2.244647934480429e-08
1.4787579222687771e-09
8.310871869187683e-11
4.062442194688631e-12
2.441426409232064e-13
8.237170981929364e-14
6.758430585811381e-14
5.578572795265534e-14
4.461205669523496e-14
4.55967857732605e-14
3.336363187198248e-14
3.20745853429142e-14
2.0948427339040077e-14
1.874583971382128e-14
8.30979769789945e-15
7.991285937194496e-15
-4.482512725074203e-15
-1.0541877404689104e-14
-2.5434442297862228e-14
-4.0148907738974016e-14
-4.321777435752233e-14
-5.761343722159706e-14
-6.784860309358415e-14
-7.878369831430046e-14
-8.565059086652931e-14
-9.389259703568286e-14
-9.41340834336129e-14
1.052638631502549e-13
5.334100259190417e-12
1.141602546871605e-10
2.0361272129398093e-09
3.091132159213879e-08
3.998652850037323e-07
4.407787538955573e-06
4.140381037617316e-05
0.00033141551470899585
0.002260571463390954
0.013139430107929962
0.06508002336390777
0.27468298238326205
0.9879357263785644
3.0278789635756587
7.907900811123495
17.599356913614944
33.376843874734966
53.9394630119485
74.28153210712733
87.17018544164162
87.17018544164215
74.28153210712864
53.93946301195043
33.376843874736956
17.5993569136168
7.907900811125099
3.027878963576968
0.9879357263796362
0.27468298238416544
0.06508002336468155
0.013139430108599491
0.0022605714639854233
0.00033141551523198387
4.1403810847370296e-05
4.407787965405212e-06
3.9986567536288636e-07
3.0911664416682755e-08
2.0364386202074367e-09
1.1444675973130079e-10
5.592863802380148e-12
3.3299824482526325e-13
1.0780408602180665e-13
8.85139400150754e-14
7.659612373256975e-14
6.264110812978939e-14
6.099811617721757e-14
4.690383425859317e-14
3.9862044888826966e-14
3.2116774944786035e-14
2.559358122964637e-14
1.6312930510138795e-14
3.573932518228149e-15
-9.256964661229913e-15
-1.7823059225425307e-14
-2.8218781804431912e-14
-4.2901098496586706e-14
-5.1827263158791824e-14
-6.389756812225209e-14
-7.50763115134783e-14
-8.808208693392206e-14
-9.88679465606373e-14
-1.0887050678306654e-13
-1.1360626998641354e-13
1.2341494485036002e-13
6.265714506219157e-12
1.3397453290268562e-10
2.3894238593535948e-09
3.627477373875639e-08
4.692462667171071e-07
5.172586595859645e-06
4.858782158472465e-05
0.00038891970932564905
0.0026528051869482774
0.015419264070292074
0.0763721149019479
0.3223434659032228
1.1593533147464803
3.553248879803585
9.280007568578725
20.653036660592782
39.16808912639935
63.29854621998459
87.17018544164438
102.29516024214233
102.29516024214293
87.17018544164587
63.29854621998686
39.16808912640171
20.653036660594957
9.280007568580602
3.553248879805116
1.1593533147477415
0.3223434659042832
0.07637211490285792
0.015419264071079783
0.0026528051876440984
0.00038891970994535635
4.85878221335622e-05
5.172587099862562e-06
4.692467176864475e-07
3.627518305290429e-08
2.3897872958515766e-09
1.3431164994327897e-10
6.565972358010672e-12
3.9541912613503654e-13
1.3041569250363027e-13
1.0596592159392451e-13
9.090809449218577e-14
7.427815097396288e-14
7.091854342435806e-14
5.206563740367832e-14
4.196231407126739e-14
3.4950440263634703e-14
2.6161264567722426e-14
1.9724315705949046e-14
4.964114252281877e-15
-3.445205761078745e-15
-1.1872935299804352e-14
-2.1443689702280915e-14
-4.034231857961158e-14
-4.389063463040104e-14
-6.264438491167368e-14
-7.143078746710193e-14
-8.289237285534685e-14
-9.558524197898462e-14
-1.1330337776232268e-13
-1.110699723370072e-13
1.2897522412502728e-13
6.261548903025491e-12
1.3396741885897547e-10
2.3894209107953266e-09
3.6274773556922094e-08
4.692462640771071e-07
5.172586593211702e-06
4.858782158073736e-05
0.0003889197093266958
0.0026528051869481005
0.015419264070292711
0.07637211490195128
0.32234346590323215
1.159353314746524
3.55324887980371
9.280007568579052
20.653036660593507
39.16808912640073
63.29854621998682
87.17018544164742
102.29516024214587
102.29516024214647
87.17018544164895
63.29854621998906
39.16808912640305
20.65303666059568
9.280007568580935
3.5532488798052393
1.159353314747776
0.3223434659042952
0.07637211490285936
0.01541926407107911
0.002652805187643377
0.000388919709943089
4.8587822132898185e-05
5.172587096551375e-06
4.6924671782058657e-07
3.627517933530079e-08
2.389782567172624e-09
1.343121726420789e-10
6.569256565524239e-12
3.9286901860028355e-13
1.2615958653113952e-13
1.0506382048419455e-13
9.925481932075253e-14
7.858903127157623e-14
6.747309681395692e-14
5.946279851290714e-14
4.5729247086007985e-14
4.1095487545465e-14
2.7783449330617282e-14
1.991816239022922e-14
5.2971779463513615e-15
-6.72870702142085e-15
-1.443973374899853e-14
-2.7462772020038695e-14
-3.7584886475685644e-14
-4.2701916396490685e-14
-5.626416362996294e-14
-6.828663251471251e-14
-7.695262784116669e-14
-8.34553269725168e-14
-9.241959168772889e-14
-9.279732625577171e-14
1.0910989079296345e-13
5.337650393808336e-12
1.1416356983282062e-10
2.0361311257062824e-09
3.091132572358322e-08
3.9986528896924747e-07
4.407787541939683e-06
4.1403810378470305e-05
0.00033141551470778334
0.00226057146339271
0.013139430107931586
0.06508002336391618
0.2746829823832943
0.9879357263786742
3.027878963575995
7.907900811124369
17.599356913616884
33.37684387473863
53.93946301195442
74.28153210713552
87.17018544165121
87.17018544165174
74.2815321071368
53.93946301195636
33.376843874740636
17.59935691361873
7.9079008111259705
3.0278789635773036
0.987935726379745
0.27468298238419575
0.06508002336468893
0.013139430108602277
0.0022605714639856757
0.00033141551523302025
4.140381085036375e-05
4.407787968333961e-06
3.9986567762040344e-07
3.091166640746948e-08
2.0364409095332672e-09
1.144517589514497e-10
5.59962213218932e-12
3.361927185999143e-13
1.1189703059910585e-13
9.054526079770831e-14
7.965829473947804e-14
6.428522013827968e-14
6.182755152843826e-14
4.623835975750216e-14
3.698862661374028e-14
2.959161638600432e-14
2.358506962721005e-14
1.2780321125413153e-14
-1.7808562687211155e-15
-5.020451760912699e-15
-1.7926446818194797e-14
-1.3177848507262351e-14
-2.536065869712802e-14
-2.8360737487496944e-14
-4.214529051787154e-14
-4.6886381776215595e-14
-5.3969314291462755e-14
-5.6676064192806396e-14
-6.781596529528561e-14
-6.902869280373722e-14
8.009651366769222e-14
3.875792170807056e-12
8.289450097786837e-11
1.4785288909356714e-09
2.2446227252180175e-08
2.9036179385009683e-07
3.200710677728764e-06
3.0065337033009656e-05
0.0002406570568739627
0.001641511791380931
0.00954118452057363
0.04725779629844616
0.19946078315817117
0.7173885764006112
2.198691393776507
5.7423145592725175
12.779756075939765
24.236563040201638
39.16808912640474
53.93946301195772
63.298546219993376
63.29854621999374
53.93946301195862
39.16808912640613
24.236563040203073
12.779756075941112
5.742314559273679
2.198691393777459
0.717388576401389
0.199460783158826
0.04725779629900673
0.009541184521060645
0.0016415117918098796
0.0002406570572592925
3.0065337378167972e-05
3.2007109872554735e-06
2.9036207649962003e-07
2.2446475131874252e-08
1.478757027706267e-09
8.310490468896865e-11
4.066464688364677e-12
2.4443060258861305e-13
8.196501967584906e-14
6.554027666540259e-14
6.069891468894511e-14
5.036284420061387e-14
4.554157820327127e-14
3.6771820350457665e-14
2.8214792097830903e-14
2.2477874773840773e-14
1.33843123060574e-14
1.2634761204793273e-14
-3.2332826381217382e-15
-8.309450797997929e-15
-1.0098079596383705e-14
-1.2925592273576381e-14
-1.9109804752367976e-14
-2.2469170073719e-14
-2.8777971538853476e-14
-3.172611202621276e-14
-3.6529887018986845e-14
-3.6180130517455815e-14
-4.3000085578773504e-14
-4.247031094504735e-14
5.174855850757556e-14
2.401710742107501e-12
5.1298597213412505e-11
9.148923981648908e-10
1.3889351633651978e-08
1.7967105904960378e-07
1.980546608356143e-06
1.8603931227083578e-05
0.0001489145899125612
0.001015740233962299
0.005903926519489371
0.029242339482837318
0.12342301993493432
0.44390813654818406
1.3605137181761082
3.553248879804711
7.907900811125764
14.997182683740476
24.2365630402038
33.376843874743656
39.16808912640829
39.16808912640851
33.37684387474422
24.236563040204672
14.997182683741375
7.907900811126588
3.5532488798054294
1.3605137181766924
0.4439081365486663
0.12342301993533825
0.029242339483186976
0.005903926519789342
0.0010157402342283587
0.0001489145901525092
1.8603931441794514e-05
1.9805468040935957e-06
1.7967123049263424e-07
1.3889508014311336e-08
9.150316881251041e-10
5.14317377219519e-11
2.518671414450866e-12
1.5621874500691485e-13
5.295391239332938e-14
4.216606145654636e-14
3.640323016853751e-14
2.820142555809781e-14
2.5152874922258728e-14
1.9134516888162997e-14
1.3152386472443371e-14
8.504481437631804e-15
6.415105817489771e-15
3.733746243071939e-15
-3.4649520026697685e-15
-6.666784163012856e-15
-7.483269201097186e-15
-8.760058052115772e-15
-1.1798393789891599e-14
-1.170406459688936e-14
-1.6684811490000522e-14
-1.6304420126658885e-14
-1.9308779954687048e-14
-1.8218283422420004e-14
-2.2608341559390532e-14
-2.3648585995424794e-14
2.7515162293093468e-14
1.2629950546163873e-12
2.704692896582242e-11
4.824112417942308e-10
7.323746908683148e-09
9.473918692537243e-08
1.044327220401738e-06
9.809711992524878e-06
7.852153509005743e-05
0.0005355921301658438
0.0031130957258371046
0.015419264070599072
0.06508002336421748
0.23406939737295984
0.717388576401004
1.8736012150607355
4.169776187791076
7.907900811127062
12.77975607594302
17.599356913622415
20.6530366606009
20.65303666060102
17.59935691362272
12.779756075943473
7.907900811127526
4.169776187791516
1.8736012150611145
0.717388576401309
0.23406939737321192
0.06508002336442845
0.015419264070783298
0.0031130957259941027
0.0005355921303061134
7.852153521708828e-05
9.809712107851545e-06
1.044327327853437e-06
9.473927844225595e-08
7.323830101153467e-09
4.824867276921233e-10
2.7118857278787482e-11
1.327549597149948e-12
7.959778974593172e-14
2.7806537833136597e-14
2.217910922304899e-14
1.977208159371709e-14
1.3939428843585733e-14
1.3744816278866822e-14
1.0437446101362006e-14
4.951414130449056e-15
3.744185681488668e-15
1.796109994148053e-15
-1.5397912237581975e-15
-2.8658245746824926e-15
-5.357409718338466e-15
-5.171839092141817e-15
-5.319919520956543e-15
-7.036682812974438e-15
-5.879675325667899e-15
-9.79499790299425e-15
-6.601994540103067e-15
-8.7442481703835e-15
-7.567003080557865e-15
-8.801004356348158e-15
-1.0854448572919792e-14
1.4898355545160054e-14
5.687271758617109e-13
1.2155287272109515e-11
2.167584671965892e-10
3.290771505669239e-09
4.2569061130206e-08
4.692464666418803e-07
4.407787726498499e-06
3.528200002278384e-05
0.0002406570570383042
0.0013988040776910281
0.006928321952296014
0.029242339482979725
0.10517415985316805
0.32234346590389124
0.8418632931322632
1.87360121506139
3.553248879806529
5.742314559275972
7.907900811129604
9.280007568585589
9.280007568585642
7.907900811129743
5.742314559276185
3.553248879806742
1.873601215061583
0.8418632931324318
0.3223434659040252
0.10517415985327834
0.02924233948307328
0.0069283219523770855
0.0013988040777598953
0.00024065705710086155
3.5282000079962924e-05
4.4077877806001835e-06
4.6924651761043374e-07
4.256910313174887e-08
3.2908082939907723e-09
2.167961571625569e-10
1.2188071698172398e-11
5.988752169231872e-13
3.7225761005511496e-14
1.472521915404798e-14
1.025631107907283e-14
9.361259374476495e-15
3.8801990611804455e-15
5.3161305368123746e-15
3.3588476945406737e-15
-4.361771073715597e-16
3.384805589001246e-16
-1.5481866034182761e-15
-1.9897725769252532e-15
-2.734803142409335e-15
-4.082828421711905e-15
-2.643698363594905e-15
-2.4595877078355832e-15
-4.463236652568831e-15
-2.7199170516199448e-15
-6.4600253004551746e-15
-1.9855248943489514e-15
-4.189003476514936e-15
-2.2575883834662512e-15
-2.2012971834799844e-15
-4.871120733655186e-15
7.161764836812707e-15
2.1663159939241476e-13
4.6547542970695885e-12
8.299028131809642e-11
1.2600104218542576e-09
1.629938846844086e-08
1.79671130928368e-07
1.68771056075255e-06
1.3509226812409768e-05
9.214587510127364e-05
0.0005355921302249102
0.00265280518728451
0.011196683757314614
0.040270437596220204
0.12342301993525487
0.32234346590416074
0.7173885764018555
1.3605137181779527
2.1986913937796873
3.0278789635805516
3.5532488798092094
3.553248879809231
3.0278789635805974
2.1986913937797645
1.3605137181780258
0.7173885764019301
0.3223434659042229
0.12342301993530334
0.040270437596259215
0.011196683757348797
0.0026528051873137603
0.0005355921302484139
9.214587512555813e-05
1.3509226833644345e-05
1.68771058442501e-06
1.7967115383805924e-07
1.629940681359261e-08
1.2600245680653137e-09
8.30085833915021e-11
4.667040498242415e-12
2.281886903106813e-13
1.2485714073039688e-14
5.322442621838118e-15
2.9536542926380706e-15
2.697899385698887e-15
-7.553616731348803e-16
1.0407623872470456e-15
1.2299982349813109e-15
-2.9410958219156733e-15
-1.5267630841957743e-15
-2.222145266652064e-15
-2.08310463706503e-15
-1.4811416105959497e-15
-1.3502459470453981e-15
1.2966940493410953e-15
7.692375075100403e-16
-1.0601758507539518e-15
3.15530931434062e-16
-4.080123951058029e-15
6.519630367005858e-16
-1.5653838505269783e-15
4.679884658531e-16
1.3811320107982587e-15
-1.2773705884440736e-15
4.743149785943421e-15
7.102151104897407e-14
1.5211374528801258e-12
2.7073871822699803e-11
4.11114653687822e-10
5.318159118352989e-09
5.862305695202233e-08
5.506658523405757e-07
4.407787751509801e-06
3.0065337205099636e-05
0.00017475289025658842
0.0008655567316881493
0.003653251676808485
0.013139430108304886
0.040270437596317016
0.10517415985350831
0.23406939737380072
0.4439081365498504
0.7173885764033701
0.9879357263825224
1.1593533147510955
1.1593533147511041
0.987935726382552
0.7173885764034013
0.4439081365498734
0.23406939737382257
0.10517415985352423
0.04027043759632892
0.013139430108313921
0.0036532516768162837
0.000865556731694851
0.00017475289026039825
3.0065337213430584e-05
4.407787757182269e-06
5.506658628441067e-07
5.8623067522942623e-08
5.3181683249863395e-09
4.111193283350464e-10
2.7084046074708935e-11
1.5236607194162441e-12
7.457774183903397e-14
3.2319435895297493e-15
2.8134399762700343e-15
6.077901240484771e-16
-2.760951973255379e-16
-3.02259013314795e-15
-1.633877349956569e-15
-4.799156766840346e-16
-3.923246927984309e-15
-1.6048581995317804e-15
-5.060076179998796e-16
-7.636301090667232e-17
1.9546868650449844e-15
-1.1018588720452283e-15
3.2625958325844635e-15
1.8253947931993668e-15
9.98706306427637e-16
2.822410938248339e-15
-1.8914734758419975e-15
2.772294235637712e-15
1.6094547260461342e-16
1.7669344131576405e-15
1.697276273703922e-15
-1.4741292862231755e-15
7.960405504605478e-16
1.7331858012791866e-14
4.2295198262219814e-13
7.521675269927624e-12
1.1430282847361644e-10
1.47864352313219e-09
1.6299393939304874e-08
1.5310564487211036e-07
1.2255294100272187e-06
8.359285195966982e-06
4.8587821858586206e-05
0.00024065705707328498
0.0010157402341074416
0.0036532516768339246
0.011196683757429195
0.02924233948330495
0.06508002336496849
0.12342301993638931
0.19946078316053692
0.27468298238656746
0.3223434659071019
0.3223434659071051
0.2746829823865713
0.19946078316054777
0.12342301993638974
0.06508002336497595
0.02924233948330708
0.011196683757429226
0.0036532516768331344
0.0010157402341059182
0.0002406570570720435
4.8587821855304346e-05
8.359285197746911e-06
1.2255294097377261e-06
1.5310564958971524e-07
1.629939948997218e-08
1.4786500979415843e-09
1.1430478701486489e-10
7.529032697003845e-12
4.220600434307249e-13
1.8205538068827124e-14
-3.0775719227251666e-15
-4.011296601767383e-16
-1.5539847767325505e-15
-2.3957645053040563e-15
-3.286432196011709e-15
-1.987489484481043e-15
8.555697804209733e-17
-2.8419635511349566e-15
-9.246390660870296e-16
5.693904010123337e-16
5.269298027259634e-17
3.4087516914079567e-15
4.227426178512489e-16
6.4486367408681245e-15
3.0892301393848816e-15
2.8141921184485738e-15
4.4722867669962864e-15
-6.080685926732141e-16
3.02322911907053e-15
2.1748907418380948e-16
2.037252467402409e-15
1.5184528072095926e-15
-6.071928797337815e-16
8.885912440402593e-17
2.8866865120356806e-15
1.0112934539891639e-13
1.7772497857378807e-12
2.7079400586954656e-11
3.503275484056813e-10
3.861775399653497e-09
3.6274973960128304e-08
2.9036193737512633e-07
1.9805467067515284e-06
1.1511803736018357e-05
5.701833714793667e-05
0.00024065705708046337
0.0008655567317186612
0.0026528051873938602
0.0069283219525901225
0.015419264071261677
0.029242339484100155
0.047257796300491844
0.06508002336672457
0.07637211490527014
0.07637211490526383
0.0650800233667318
0.04725779630049802
0.029242339484097407
0.015419264071262578
0.006928321952585805
0.002652805187391323
0.0008655567317161336
0.0002406570570759578
5.701833714443028e-05
1.1511803730791392e-05
1.980546705219484e-06
2.9036193442152064e-07
3.627497520596873e-08
3.861777643046785e-09
3.503322251869014e-10
2.7079822985631524e-11
1.78264144899749e-12
9.922880358640006e-14
3.609599312545281e-15
-3.332379622499176e-15
1.5504005678838124e-16
-1.4539954870639938e-15
-3.5209600288945782e-15
-4.02613239101513e-15
-3.3878084418139498e-15
-7.577092768344069e-16
-2.2811077605993885e-15
-5.645755405037454e-16
2.0382412725145414e-15
1.0940390124705385e-15
6.2489426810467045e-15
2.111237529084659e-15
9.271064430489618e-15
3.961663679517296e-15
4.092420967855999e-15
5.375310606541934e-15
3.7856469933265614e-16
2.387676053095293e-15
-8.193568706454789e-16
9.455689014137655e-16
-4.700230946909071e-16
-1.5395319800362237e-15
-2.0067156696419553e-15
-1.7216538207904678e-15
2.0293270422090818e-14
3.544675672951802e-13
5.4661530884856045e-12
7.072652602947375e-11
7.796772235186512e-10
7.3237890651649285e-09
5.862306576363029e-08
3.9986548589817343e-07
2.3241930938534017e-06
1.1511803736610627e-05
4.8587821865225745e-05
0.000174752890284707
0.0005355921303223007
0.0013988040779479636
0.003113095726417924
0.005903926520595981
0.009541184522356291
0.01313943011038905
0.01541926407317552
0.015419264073183375
0.013139430110387994
0.009541184522361374
0.005903926520588363
0.0031130957264152723
0.0013988040779449764
0.0005355921303193261
0.00017475289028163191
4.858782185926701e-05
1.1511803732452597e-05
2.3241930880612693e-06
3.9986548165888884e-07
5.862306070499922e-08
7.323787667269522e-09
7.79676607204883e-10
7.072955120340245e-11
5.4658702080032945e-12
3.587208434395244e-13
1.866391389933187e-14
-7.783567337148922e-16
-5.40368772803416e-15
-1.729634773046631e-15
-3.2372395788834843e-15
-5.2009119893567076e-15
-4.794411864889756e-15
-4.131033785528106e-15
-1.0183386137804733e-15
-1.2588038714739014e-15
-2.5130455231033795e-16
2.9993375843878573e-15
1.888437763440396e-15
8.609091027875891e-15
2.2258226969093722e-15
9.27318469690379e-15
2.6639272281244678e-15
3.515495504032814e-15
4.517018853538537e-15
6.224610479163261e-16
1.2366684823602094e-15
-1.9124256630817224e-15
1.4128804860425768e-17
-1.8003576441946692e-15
-1.6363357951991882e-15
-2.969052977017839e-15
-2.7754254725963434e-15
2.5547335224675484e-15
5.6744759504596324e-14
9.393972418069865e-13
1.2164488040273336e-11
1.3413833892255684e-10
1.2600190438013437e-09
1.0085799203574888e-08
6.879480627221582e-08
3.9986548809417475e-07
1.9805467111282146e-06
8.359285205839562e-06
3.0065337235128743e-05
9.214587519052624e-05
0.0002406570572687528
0.0005355921306775036
0.0010157402349371472
0.001641511792963342
0.0022605714655589883
0.0026528051895028013
0.002652805189493174
0.00226057146556226
0.0016415117929585435
0.0010157402349325194
0.0005355921306785152
0.00024065705726241006
9.214587518661672e-05
3.0065337230959538e-05
8.359285198490433e-06
1.980546706637222e-06
3.9986548237097964e-07
6.87948002891603e-08
1.0085792885323414e-08
1.2600162956299879e-09
1.3413535577113794e-10
1.2165299962713673e-11
9.379508225817732e-13
5.939156570040751e-14
1.3166232837943157e-15
-1.1323250166282938e-15
-5.587088952818744e-15
-1.7960205790479907e-15
-3.585160869233155e-15
-5.515625435800928e-15
-5.473042745817574e-15
-5.091977988920842e-15
-2.266560363491396e-15
-1.6123774215637503e-15
-1.6157596037518727e-15
2.0755404189383748e-15
1.0395802073303162e-15
8.537612123059384e-15
4.9730351246454545e-15
1.0692352370920166e-14
3.1616850666065965e-15
4.33942437625396e-15
4.0903226280889435e-15
1.2318102601312735e-15
2.4058426814366817e-16
-2.7772920607532165e-15
-9.193495418289025e-16
-2.452717332040298e-15
-8.021586917392865e-16
-2.0011780667575263e-15
-7.734351402501581e-16
1.549826848779306e-15
7.273411158934722e-15
1.3967370707404263e-13
1.7827913108154247e-12
1.966753337675843e-11
1.847289014948995e-10
1.478651750329549e-09
1.0085802400900535e-08
5.862306826253131e-08
2.903619414868643e-07
1.2255294183051038e-06
4.407787780048803e-06
1.3509226894808586e-05
3.528200023124022e-05
7.852153555228374e-05
0.00014891459078266944
0.00024065705828440093
0.0003314155166374163
0.00038891971159373006
0.0003889197115956144
0.00033141551663137266
0.00024065705827581275
0.0001489145907825927
7.852153554894394e-05
3.52820002252645e-05
1.3509226889947223e-05
4.407787775087417e-06
1.2255294100139844e-06
2.9036193643631487e-07
5.862306212308276e-08
1.0085794347911026e-08
1.4786434402657872e-09
1.8472438910794384e-10
1.966206128745775e-11
1.7802355082254173e-12
1.3660172617734686e-13
7.734992483248395e-15
3.446485562039777e-16
1.566209314853099e-15
-3.288255769906368e-15
5.10966856646293e-17
-2.497662813669086e-15
-4.068553869376263e-15
-5.078463492499081e-15
-4.4477521388034914e-15
-2.309248912701759e-15
-8.70535930738732e-16
-1.8277776665463046e-15
2.4913191511999554e-15
1.992487325377289e-15
9.879954481179609e-15
5.3180870451248035e-15
9.329491254805143e-15
1.7406064377509121e-15
3.873305995518996e-15
2.438473553508039e-15
8.897267501199256e-16
-1.416676728212719e-15
-4.186603283513608e-15
-3.0221157990178542e-15
-4.176159630381127e-15
-1.86265666682414e-15
-3.039303872327875e-15
-1.3495141530827001e-15
1.512359461026256e-16
-8.146043566894097e-16
1.837400037864351e-14
2.2271226608373533e-13
2.45956389663881e-12
2.3081082161255665e-11
1.84732747566145e-10
1.2600276926489438e-09
7.3237964884611344e-09
3.6274984140443595e-08
1.5310565863960654e-07
5.506658851792862e-07
1.6877106385058686e-06
4.407787915082754e-06
9.809712404927297e-06
1.860393200262765e-05
3.0065338301376266e-05
4.140381210818942e-05
4.8587823623468344e-05
4.858782361044169e-05
4.140381210005314e-05
3.006533829223262e-05
1.8603931999335524e-05
9.809712402249074e-06
4.407787909880426e-06
1.6877106341484391e-06
5.506658802401926e-07
1.5310565082308915e-07
3.627497938106463e-08
7.323790715138172e-09
1.2600182896287177e-09
1.847225544602438e-10
2.3074533068512595e-11
2.4527462794407267e-12
2.171324874502659e-13
1.513624434298738e-14
-1.5964639304405672e-15
-7.822049563495113e-16
1.2694492409399793e-15
-3.395952487414281e-15
-3.616831195833373e-16
-3.2666144605102286e-15
-3.74413008389348e-15
-5.882003118460025e-15
-4.268123461042973e-15
-3.1257717542229038e-15
-1.1348082041447885e-15
-3.0871880903566495e-15
1.3800128548106844e-15
9.596219676177734e-16
8.405284606890972e-15
8.10097340816055e-15
1.0418251759457277e-14
2.5657302808781772e-15
5.3979227727390594e-15
2.4426651732296017e-15
1.89648516630433e-15
-1.1716110480681618e-15
-3.247369187455691e-15
-3.040000159481203e-15
-3.7639355127154164e-15
-1.6952293826559943e-15
-2.825012440401271e-15
-9.529403563898676e-16
5.537405617962636e-16
-9.427875456327037e-16
2.7490773851562924e-15
2.549385835333598e-14
2.64417738293425e-13
2.4611444843850506e-12
1.967090431321381e-11
1.3414695296983982e-10
7.796839456101079e-10
3.8617853472635835e-09
1.629940690874937e-08
5.862308820691212e-08
1.7967120231610426e-07
4.692466373544192e-07
1.0443275960382986e-06
1.980547310522672e-06
3.2007118134315363e-06
4.407789092878547e-06
5.17258842273562e-06
5.172588427048676e-06
4.407789094159328e-06
3.200711801392922e-06
1.980547308420916e-06
1.0443275911607263e-06
4.6924663431452987e-07
1.7967119824605002e-07
5.862308327965885e-08
1.6299399772373568e-08
3.861780802391328e-09
7.796790253878636e-10
1.341372107185579e-10
1.9659970408825586e-11
2.4528091622903382e-12
2.577213559936318e-13
1.7261590428021426e-14
9.878211277366178e-17
-2.525489839142023e-15
-1.5430670114304223e-16
1.4267498549293344e-15
-2.924681813102007e-15
-6.159399730682038e-16
-3.5190179793605546e-15
-2.532394230595602e-15
-5.246811140449439e-15
-2.032610726016551e-15
-1.806760650949817e-15
6.604797350818665e-16
-1.5677974928614344e-15
2.967696361165112e-15
2.7149545964791123e-15
9.588206231700173e-15
8.02080326615331e-15
9.436189863739997e-15
1.5466010793154645e-15
5.479867227951722e-15
1.7179940341485834e-15
2.277758279939513e-15
-6.894811856669966e-16
-1.6932574186839728e-15
-2.3626606814854337e-15
-2.3668023483061516e-15
-8.805594681467466e-16
-1.8499554370718148e-15
-5.549473374384635e-16
6.519932336525688e-16
-1.5318579710465364e-15
-1.476771834467418e-15
3.8707122389051775e-15
2.4336069286223675e-14
2.2720017681426748e-13
1.7881111824408707e-12
1.2174900651392467e-11
7.073331411649001e-11
3.503363097381861e-10
1.478653754058541e-09
5.3181856185600185e-09
1.629945029709086e-08
4.2569212734303725e-08
9.473952683887757e-08
1.79671690885547e-07
2.90362823333727e-07
3.99866696532405e-07
4.6924790770097167e-07
4.6924790392616617e-07
3.9986668409766876e-07
2.9036281562177015e-07
1.7967168425293075e-07
9.473952145178723e-08
4.2569209968680874e-08
1.629944811504953e-08
5.318182419496075e-09
1.4786492826345626e-09
3.5033339646474216e-10
7.073052342827496e-11
1.2166021756068101e-11
1.7779289822157353e-12
2.177622727441126e-13
1.9418700954343764e-14
-5.544974634070828e-15
-2.8526988421523192e-15
-3.726385060028652e-15
-4.039059259211034e-16
1.1132312187603685e-15
-1.6212273756842964e-15
4.599519509486285e-16
-1.762311127186688e-15
3.1947867644987355e-17
-3.4373578424223188e-15
2.3697945495673735e-16
-1.144030358953457e-15
8.334163462979987e-16
-1.3176891092748525e-15
2.57798888186862e-15
2.1908725707477103e-15
8.393842938610248e-15
8.601518762891908e-15
9.593657084885574e-15
1.6039882551404722e-15
6.2480952206478386e-15
1.6604691852763645e-15
2.5670089514928247e-15
-2.1122407535238768e-16
-5.264684701695666e-16
-2.1665000493895045e-15
-1.3284840464670193e-15
-1.8802014744326692e-16
-2.5764964395215253e-16
8.264606898748175e-16
2.483739983180006e-15
2.374697352527932e-16
-2.0248587097398966e-15
3.9147897699390785e-15
1.8162938675958567e-15
2.2953784020785866e-14
1.415867508034482e-13
9.459337300559376e-13
5.4684569129366824e-12
2.7083694573641107e-11
1.1430867300409534e-10
4.1113608983171956e-10
1.260064014287689e-09
3.2909073131885107e-09
7.324051844820737e-09
1.3889916336078762e-08
2.244715300358906e-08
3.091257688147716e-08
3.62762731464404e-08
3.6276253182894846e-08
3.091257398719608e-08
2.2447146226353014e-08
1.3889917344408362e-08
7.324049799323177e-09
3.2909096490144264e-09
1.260063767416198e-09
4.1113432486866e-10
1.1430640289110272e-10
2.7081281097556458e-11
5.466473532584764e-12
9.368496273097005e-13
1.3210878200172437e-13
1.2328140694610939e-14
-8.59763678030121e-16
-4.690703508807456e-15
-6.534438361348907e-16
-6.62049145045873e-16
2.5171717183598575e-15
3.2430401025376093e-15
1.3498977613154525e-15
2.020893660295521e-15
-1.5821378868422337e-16
1.0231482350711545e-15
-2.8665527397234225e-15
8.628433389318908e-16
-1.1828675682245883e-15
5.75574238381817e-16
-3.276531549872551e-16
2.8744349702678273e-15
2.3879227006685398e-15
8.093439840171807e-15
9.765623551934012e-15
1.0101284308383914e-14
2.1374029838249706e-15
7.019147676465633e-15
1.6283782481927835e-15
2.3438358297642243e-15
-1.1950996907203397e-16
-1.6836819887420461e-16
-2.7492617332864124e-15
-1.197961002932787e-15
-4.638580994291741e-16
-4.8429237869887234e-17
2.1359803961631316e-17
1.1429586999822902e-15
-1.3819695625542262e-15
-6.225044719970616e-15
1.857089677148798e-15
-3.665922939227581e-15
5.56760974512976e-15
1.0523133233255659e-14
6.596730859026279e-14
3.596705294146421e-13
1.7848694716107017e-12
7.531307614755942e-12
2.709752155403679e-11
8.304219476233156e-11
2.1688579324425057e-10
4.82691317561818e-10
9.154087794762918e-10
1.4793680144625574e-09
2.0372760281411834e-09
2.390756333042224e-09
2.390758299236669e-09
2.0372689769171727e-09
1.4793640167129752e-09
9.154035219926604e-10
4.826891164553893e-10
2.1688701323601039e-10
8.304476036127599e-11
2.709812870622153e-11
7.53232154771459e-12
1.7845797657557505e-12
3.600913397884797e-13
5.850187163075206e-14
4.073405709069494e-15
-4.253789275456884e-15
-3.4339938693715355e-15
-4.183939226685705e-15
-1.5095697169647893e-15
-4.329867546159815e-16
2.1561779371562616e-15
2.8016833598274824e-15
2.2412671982657934e-15
1.9748264591959397e-15
5.160920217478577e-16
7.07341442168663e-16
-3.080174724020262e-15
1.6702300636081558e-17
-2.203460289676338e-15
-7.582721991734204e-16
2.5794251408978305e-16
3.1568710797207292e-15
2.844859125685536e-15
8.212887575673487e-15
8.88185529340908e-15
8.146489043549195e-15
1.2458061197786728e-15
6.64552665383748e-15
1.2836282725564326e-15
2.270410188389421e-15
9.936584345162647e-16
1.4030659328895747e-15
-1.7724643345865407e-15
6.337088851986504e-17
1.5740473556675415e-16
6.548580505801968e-16
1.0788252661126697e-16
1.001937210229661e-15
-4.576668310164764e-16
-7.108906433448373e-15
3.044812234371319e-15
-4.355587564817333e-15
4.948294388926957e-15
7.151478777840463e-16
6.521136765485604e-15
1.7604519017944272e-14
9.890003740883108e-14
4.2122434636452655e-13
1.531298869488272e-12
4.690790433106769e-12
1.226213106721544e-11
2.7291280141573654e-11
5.175771510640083e-11
8.364680720937834e-11
1.1519735660372141e-10
1.351697208956038e-10
1.3517831511183237e-10
1.1518844620568522e-10
8.363664751878821e-11
5.1759658291860967e-11
2.729195668766741e-11
1.2265590314393908e-11
4.69424008738294e-12
1.5328949286784857e-12
4.239264051428076e-13
9.917274350825605e-14
1.8664745341205727e-14
-5.318740022056844e-16
-3.1133517784575518e-15
-3.2166305347986885e-15
-1.297130855695713e-15
8.331208003030806e-16
1.9856959028152054e-15
3.755384025652414e-15
4.6040085633849516e-15
4.5738553866520954e-15
4.464667562801974e-15
2.8040794088412356e-15
2.1516336570491013e-15
1.2353758639265849e-15
-1.9478838894028426e-15
2.2619903967201726e-16
-1.9933648098953695e-15
-1.6039242179754992e-15
5.122518590713157e-16
2.6298963743098692e-15
1.8210756710132895e-15
6.0856640654279906e-15
1.0045534607666754e-14
7.604163454609493e-15
2.4132483734002455e-15
7.845105704103986e-15
2.457021655523031e-15
3.0559364135575347e-15
2.442907465758906e-15
2.415247216285771e-15
-1.5472317589852282e-15
-2.0300530354148945e-16
-8.97861774557364e-16
-8.618081830229221e-16
-2.094594426953135e-15
-2.2942754471028053e-15
-3.0983571980818396e-15
-1.152300716951353e-14
1.790576936815762e-16
-8.18941231650987e-15
2.069132966134674e-15
-2.4429007427679825e-15
2.150164256603942e-15
-2.825234224722987e-15
3.471084221625928e-15
1.8694952614768964e-14
8.288706084024194e-14
2.51168421668959e-13
6.681364340456762e-13
1.486025938707066e-12
2.8165648797375136e-12
4.550568040371445e-12
6.2688278220332844e-12
7.362438728638537e-12
7.362797100388137e-12
6.2542853588414134e-12
4.548727632707392e-12
2.812833896789763e-12
1.4860085087790564e-12
6.719889192472623e-13
2.570253701586032e-13
8.629758766241858e-14
2.3451565379624388e-14
5.467339869038747e-15
1.8767510973576672e-16
-2.641667407231858e-15
-2.4132865569050293e-15
-2.470510761772507e-15
-2.364703346802396e-15
1.297369261918719e-15
8.353470944635815e-16
3.0815744823974604e-15
2.8122408673012776e-15
2.8946018331518218e-15
3.826190672349624e-15
1.5156431684438659e-15
2.256638509124539e-15
5.297278092575211e-16
-1.721359317965668e-15
-7.375597473901634e-17
-1.4169514044604288e-15
-1.5979613331879224e-15
1.878843849906881e-15
4.049834664852872e-15
3.167622448417622e-15
5.931596854194958e-15
7.988705557921393e-15
3.924892510575692e-15
1.1559565121875766e-15
6.238183394048624e-15
1.2737403573054898e-15
1.4852160114828375e-15
1.911057802059592e-15
1.878807218700435e-15
-1.458931660792361e-15
-1.774669030109077e-16
-6.97288892928437e-16
-6.279677077908954e-16
-1.741660348073191e-15
-2.7050766594356087e-15
-2.924246802211312e-15
-1.2161769575574368e-14
4.719483053568732e-16
-8.757830602148338e-15
1.0886740882252685e-15
-3.1165470229785537e-15
1.876512108576957e-15
-4.5696649888510115e-15
-1.4522129867351824e-15
-1.8277136723117754e-15
1.0281802688837036e-14
3.25391931760108e-14
9.888716132507887e-14
2.1888832080460893e-13
4.1859571785375284e-13
6.860943173858955e-13
9.49658707018596e-13
1.0980207542074716e-12
1.0963643109450786e-12
9.376107118325229e-13
6.788946629612413e-13
4.2204862201094814e-13
2.2196073816678726e-13
1.03861635044047e-13
3.8290238030842235e-14
1.4011944476343486e-14
2.7600135335229347e-15
2.7051906162746746e-16
-1.8426089729144107e-15
-2.5594739744801657e-15
-2.0810254685208265e-15
-8.257803220785768e-16
-1.2914293350710441e-15
4.271842481221855e-15
3.53808772585202e-15
5.914757122434346e-15
4.763445142282812e-15
4.259399088098417e-15
5.165648015589779e-15
1.5485054726841758e-15
2.6500698138187598e-15
-7.538397588221952e-16
-3.0122813112966206e-15
-2.1718400531121255e-15
-2.77240196301736e-15
-3.878569995049977e-15
3.414083658764334e-16
2.55749990173525e-15
1.832494156792575e-15
2.7704312125298167e-15
8.286468820582195e-15
2.816087512318455e-15
2.2555036536807372e-15
5.87808664335621e-15
1.4245992049688468e-15
9.203765463123758e-16
2.2658664790128535e-15
2.0264818490465096e-15
-1.2136094003714134e-16
6.168193337503419e-16
4.121797071553078e-16
4.1964049819298074e-16
-7.172355041046024e-16
-2.7409447979499973e-15
-3.731100403053773e-15
-1.342322501384434e-14
-8.351839419503426e-16
-1.0355046338724223e-14
-1.1314552378748976e-15
-3.655360373587642e-15
1.7987130522562757e-15
-4.46241099934516e-15
-5.462098622128541e-16
-1.4842115026947483e-15
7.4029766748867e-15
2.216251453256358e-14
6.930959283082846e-14
1.520303925315078e-13
2.916544777528775e-13
4.663529292409571e-13
6.471431933387741e-13
7.688535413474628e-13
7.779103173716446e-13
6.462818280956937e-13
4.689102055089524e-13
2.9253684332057404e-13
1.5447653828004996e-13
7.295809189519312e-14
2.835001487745725e-14
1.1404463447822602e-14
2.9801655101422834e-15
1.776819692673072e-15
-8.309261753074193e-16
-6.79630170217694e-16
-1.3385647206036046e-15
5.19462995372422e-16
-1.0239625289780052e-15
4.7602545274540074e-15
4.168016773468189e-15
6.4384597499872135e-15
5.542739332088373e-15
4.9245190749664395e-15
5.846051734031308e-15
1.8866614124085583e-15
3.529857493625803e-15
-1.0258449109902368e-15
-3.3862010723405896e-15
-2.946102964183685e-15
-2.8580405646149697e-15
-4.816600483801146e-15
9.878325930056457e-17
2.72625808959595e-15
3.0681670399327126e-15
2.5066507083148524e-15
5.5398467200087115e-15
-4.999453332589349e-16
1.6314177271258082e-15
3.877960726902459e-15
8.747310612256979e-16
-1.776341289991508e-16
1.9466806941789616e-15
1.1356384817078753e-15
1.292477564178978e-16
-3.4957441115493228e-16
-4.543663067141399e-16
-4.970653121221838e-16
-1.2468852037727751e-15
-3.044445566724074e-15
-3.9934419365974916e-15
-1.2092998242960837e-14
5.159504120946039e-16
-8.638238410691665e-15
-7.161840489780439e-16
-1.857121708398685e-15
2.745156045326608e-15
-3.642914349200153e-15
-1.141596694177687e-16
-1.8934149915387935e-15
4.915160101784425e-15
1.8154562652425426e-14
5.870855619342802e-14
1.3286898983538862e-13
2.5326387979964814e-13
4.1315254525760943e-13
5.750867876832209e-13
6.648160185265489e-13
6.611193979004209e-13
5.689576738237233e-13
4.1400524723688743e-13
2.5533229856497846e-13
1.3494708063970906e-13
6.281642288949303e-14
2.3486829212574152e-14
8.283224908213966e-15
8.101928349687245e-16
5.921946255029973e-16
-1.3478412468502133e-15
3.2301715848834686e-16
-4.381058408303103e-16
2.857746042080585e-15
1.6122232422675264e-15
6.905457653770116e-15
6.469918602427758e-15
7.47659452973982e-15
6.1925539457224294e-15
4.624725904027805e-15
4.483455666578753e-15
8.513943657089231e-16
2.880984178373078e-15
-2.1837409109440698e-15
-4.717947868594634e-15
-3.993491168554264e-15
-3.2820678539822098e-15
-5.767096000068299e-15
-6.036515651735993e-16
1.5968960806395941e-15
2.5289848965135734e-15
2.0368825313560957e-17
4.635942962310057e-15
-1.6039429172316777e-15
2.6059296507348726e-15
2.883258722082531e-15
1.476478939699532e-15
3.0607830360974975e-17
2.9336047167137247e-15
1.5259225042434093e-15
1.2878053956244459e-15
-6.221404739909296e-16
-8.777520630527103e-16
-1.2675476367084853e-15
-2.1321147455377355e-15
-4.140482463007193e-15
-5.602725234624073e-15
-1.2348395954120062e-14
-7.820962573235505e-16
-9.31516972825211e-15
-2.574061894240292e-15
-2.150611928347742e-15
2.0594540221402357e-15
-3.1147472280407698e-15
4.845072196997356e-16
-4.574316323597432e-16
5.536425084157728e-15
1.8755411357555875e-14
5.474260347955075e-14
1.186077071628507e-13
2.2484549522987657e-13
3.6087072010507484e-13
4.957920062514837e-13
6.043241013088814e-13
6.030609582469675e-13
5.054083692798074e-13
3.600053905140709e-13
2.2955843014741074e-13
1.216443245038951e-13
5.805250306750266e-14
2.4331347393521672e-14
9.220148623798197e-15
2.8421675712919375e-15
2.009429511031136e-15
2.370604698124172e-16
1.6584318012039178e-15
-3.238142720663297e-18
3.0335107884423485e-15
1.8194625270211146e-15
5.679466418065993e-15
5.6841154781474814e-15
5.92374702898921e-15
4.780331146459532e-15
2.7132922977697403e-15
9.396536294902455e-16
-1.5976014212047424e-15
8.785263483854775e-16
-3.2810937840666824e-15
-5.2662964631370295e-15
-3.0127692297941093e-15
-1.817105855457297e-15
-4.457119469594037e-15
5.014593858245302e-16
1.7888474668924883e-15
3.3275125638256285e-15
-5.963790807350975e-16
1.3595342237552969e-15
-4.792917281369803e-15
1.1365552259474809e-15
-1.8995614679500047e-16
1.6382061955829386e-16
-1.1872618704492515e-15
2.9168517194509612e-15
1.9678765330181303e-15
3.0608436972752977e-15
1.2695509419121625e-15
1.7567352396690597e-15
1.4087967843302442e-15
3.566604090637198e-16
-2.481173061760293e-15
-4.478857085887592e-15
-1.08642651377374e-14
-1.4646704944579635e-15
-9.775692170868371e-15
-4.470840240618843e-15
-3.3843928459720936e-15
5.67418355248344e-16
-3.07213486958956e-15
-3.3068212768304304e-16
-5.081441058091493e-16
4.0798040839197084e-15
1.6594921946898433e-14
4.635774938864332e-14
1.0157990245210853e-13
1.9626198007425106e-13
3.225892441570175e-13
4.4425540832461264e-13
5.196392012482682e-13
5.127547129393985e-13
4.4499249075273325e-13
3.090522916426153e-13
2.001249609728649e-13
1.0585696733160566e-13
4.9541733342454736e-14
2.1774843409303356e-14
7.466633454100675e-15
2.523802186711882e-15
6.477727385912784e-16
-2.1835521674893178e-16
7.592821505229053e-16
-6.856324204506137e-16
1.8551883513840513e-15
1.3645132281170598e-15
4.098582414518053e-15
4.8261747908052945e-15
5.252801353356521e-15
4.87701505182137e-15
3.72735037633758e-15
6.665566740009922e-16
-3.2272262130624945e-16
1.622505770693933e-15
-2.284354470284982e-15
-5.426769535414078e-15
-2.660216441251021e-15
-2.3448580880929835e-15
-5.010637677423174e-15
-3.96929132047389e-16
-2.120099755958991e-16
1.3882437693927364e-15
-3.66800430434163e-15
-1.2250005471325268e-15
-7.206441835614093e-15
-3.2955844961676596e-16
-2.4048029763263665e-15
-4.322571147605988e-16
-1.5089688102652773e-15
3.153821582885042e-15
2.1553647522019493e-15
3.0996831793769247e-15
1.3308288503382637e-15
2.3549686115730817e-15
2.141891516578126e-15
1.56842881194043e-15
-1.5542112677732003e-15
-2.3043026357095282e-15
-8.208901334144441e-15
-2.5987745625510714e-16
-7.780541916872382e-15
-3.2557591595932263e-15
-2.3015132887980675e-15
1.358528223360143e-15
-8.418086557187548e-16
2.645318540224937e-16
1.1002323409991285e-15
4.2902373667678836e-15
1.5740128225554852e-14
4.1913709708746775e-14
8.91391933776788e-14
1.6940468676060986e-13
2.682918211549592e-13
3.654938423997791e-13
4.583834109171428e-13
4.447273362576806e-13
3.769399205993141e-13
2.687613097784743e-13
1.726331451072022e-13
9.224554118080466e-14
4.302395309882479e-14
1.983377460282439e-14
6.004828375513545e-15
3.3797142587344398e-15
6.156525316364466e-16
1.4088980919008896e-15
2.043824384035001e-15
1.5659418434337486e-15
2.9637280546544932e-15
2.749728206245328e-15
4.409835031784095e-15
4.975221379165128e-15
5.24695421468344e-15
4.080373435197005e-15
3.3236175978393855e-15
-1.9686633506818426e-15
-1.977237397400923e-15
-7.046378907837056e-16
-3.3490379369781106e-15
-6.803034778308235e-15
-2.5091328087638894e-15
-2.591121792797191e-15
-4.573251166643873e-15
-1.4637036338473116e-16
-1.1025715557346865e-15
-3.5212985509045315e-16
-6.024891118577187e-15
-4.0724126135540446e-15
-9.374759232620199e-15
-2.6230461023812687e-15
-4.553158484779917e-15
-1.567826128250029e-15
-2.1610282232761455e-15
3.014027124629787e-15
2.6661951604552346e-15
3.786725499239192e-15
3.053924322030447e-15
5.130377842773825e-15
4.983678601807557e-15
4.950776710092599e-15
1.2436487670531328e-15
2.104076905289052e-15
-4.674307336481795e-15
1.5340661520849611e-15
-5.920607817297523e-15
-2.1529512421702555e-15
-2.0395660344780644e-15
1.3835346543095394e-15
9.855585618265998e-16
4.373980301255718e-16
2.305729287269102e-15
3.854441915352671e-15
1.3541594708435455e-14
3.4859722099558767e-14
7.403081475100596e-14
1.4221744196987275e-13
2.3127072029739794e-13
3.1406330150511037e-13
3.637691695018385e-13
3.7204769604115277e-13
3.164708648713849e-13
2.278446051907725e-13
1.4661948427907148e-13
7.80723618099846e-14
3.4765391938196e-14
1.6817235521746863e-14
4.5612354945115475e-15
3.81645082910648e-15
2.416405370211295e-16
2.181949037048578e-15
2.172733766797713e-15
2.844111150117806e-15
3.109873856935249e-15
2.944616649985333e-15
4.483539884703918e-15
4.7836478953793765e-15
5.6272796713810796e-15
3.8059027178038705e-15
4.916172276780245e-15
-1.4440615863441158e-15
-4.654966085383596e-16
-8.048066598700379e-17
-2.0585892145840257e-15
-6.6899987822133146e-15
-2.1514402506875468e-15
-3.3501776105108888e-15
-5.18885771249556e-15
-9.90732866490646e-16
-2.744056503082506e-15
-3.4771739887899463e-15
-8.599232582360641e-15
-4.957629095508413e-15
-8.824893243968969e-15
-3.1911958853851955e-15
-3.9457559113706005e-15
-3.5033319756466917e-16
-5.333008896846135e-16
4.1950569223704155e-15
3.296232848361052e-15
3.281893483690211e-15
2.2149110697112463e-15
4.470484859440191e-15
3.3676153900325832e-15
3.697310990379001e-15
-3.5817428465489236e-16
2.7368202468474177e-15
-4.7515729442555996e-15
1.0638621970940525e-15
-5.35173842390629e-15
-1.0211105263867607e-15
-1.3245221481557853e-15
1.5827331993265496e-15
2.7642532964261533e-15
4.862878409427934e-16
3.106006066798607e-15
3.2574731104180074e-15
1.1320994124356494e-14
2.7726807454446147e-14
5.859004002696517e-14
1.1352276271194293e-13
1.803611975678202e-13
2.504636116527575e-13
3.095813386072548e-13
3.0808442359929284e-13
2.525757948728606e-13
1.8608418425901068e-13
1.1336650274707797e-13
6.064961620077109e-14
2.6342189587099664e-14
1.2636504316518367e-14
2.4492269779094874e-15
3.3815333257328176e-15
-3.3918266279496696e-16
2.662154974577945e-15
2.5871099829434905e-15
4.302222776590449e-15
3.2881798493761883e-15
1.8806657922830674e-15
2.911654311281838e-15
1.861347145214267e-15
2.3924142496491133e-15
-1.0415192055365323e-15
1.761331336110528e-15
-5.197225491876416e-15
-3.4652180463764237e-15
-2.985661499101106e-15
-3.1767346290924694e-15
-7.0254317243330204e-15
-1.1989266817748482e-15
-2.0029639512253303e-15
-3.5748860191298934e-15
3.0916989483858335e-16
-2.1662029677578252e-15
-5.155165107332118e-15
-8.772064149116628e-15
-6.438970850164999e-15
-8.616397593037674e-15
-5.3923870336327334e-15
-5.198307988721366e-15
-1.6373214945667786e-15
-1.303871184630283e-15
3.5556104541079365e-15
2.9351375955159456e-15
3.745718000318284e-15
3.370722185424726e-15
7.312803187309253e-15
5.667237795862864e-15
6.843863493533072e-15
2.5285609558617296e-15
6.832932081880532e-15
-2.491102173763029e-15
1.6095157855630705e-15
-5.0819502228414735e-15
-1.1377690752751238e-15
-2.1359590437415916e-15
-1.2662905960464818e-16
3.1126704920124075e-15
5.595556552084537e-16
4.5052014546491735e-15
4.413754891111812e-15
1.134759657760228e-14
2.3582617037549408e-14
4.346213746399037e-14
8.870975641776265e-14
1.411533725425627e-13
1.9170945776974973e-13
2.342850889084651e-13
2.3125107869610744e-13
1.9319878804405445e-13
1.4307399071539089e-13
9.683899810857816e-14
5.063595972546778e-14
2.297797150126321e-14
1.2057784249784918e-14
3.687251144779169e-15
5.107578429373665e-15
7.114350141801342e-16
2.8082565512722723e-15
1.798304741777254e-15
3.3835476606140367e-15
1.487362400517644e-15
-8.458216148943768e-16
8.787909815365398e-16
8.759383444658135e-17
1.4198401605129988e-15
-2.0781882949234524e-15
3.2327979063840434e-15
-3.0754938013306655e-15
-1.104053631616167e-15
-1.0113476339262067e-15
-1.2720260456796788e-15
-5.756967215324353e-15
-9.905402869953795e-16
-2.236976941787319e-15
-4.5841878029876076e-15
-1.2741523641435794e-15
-3.623339094945769e-15
-8.181067229212974e-15
-9.227408916968308e-15
-6.406805719119475e-15
-7.003628989954205e-15
-6.0786461391334625e-15
-5.0658506437987565e-15
-1.4772632170861153e-15
-9.587716418991762e-16
3.65226069061896e-15
1.7956858094190558e-15
2.8783850461029683e-15
1.2040155765235805e-15
5.93560689791694e-15
2.735320136076659e-15
5.03420424985031e-15
1.4352587159401376e-15
7.667842425881729e-15
-1.2084496598559321e-15
2.5739496526323444e-15
-2.730703050786572e-15
1.4396663478472245e-15
3.427370233759652e-16
6.205163758773699e-16
4.574659564312722e-15
1.2016064096401375e-15
5.117202367944652e-15
4.2643405921309966e-15
9.54783627838866e-15
1.8247453729372528e-14
3.523161038675219e-14
6.48916480546968e-14
1.0033755107637749e-13
1.5327900632255255e-13
1.718904995797598e-13
1.7464242313050392e-13
1.285803721152058e-13
1.120681535055553e-13
6.918621469963968e-14
3.4948494006496565e-14
1.7111978470280643e-14
9.57235878037791e-15
3.125040412579501e-15
4.881117423726757e-15
9.92793498810755e-16
2.7735291480757786e-15
2.458421494979358e-15
4.4230538754353984e-15
2.6903834206716286e-15
-5.877826381890617e-16
7.605523594544495e-16
-5.538637816280764e-16
-1.8779789075850948e-16
-4.624159280946745e-15
1.2222529928347268e-15
-4.841279380000627e-15
-3.0576357520327633e-15
-2.4572527595499443e-15
-2.0050304212763163e-15
-5.31521089513261e-15
-4.977903878520119e-16
-6.625422378258275e-16
-3.2248557934863393e-15
-7.716705673311732e-16
-2.9286146471053617e-15
-8.762396789338838e-15
-7.866920605381394e-15
-4.5784506878222934e-15
-4.115518112380037e-15
-5.011227328474937e-15
-4.550343642610553e-15
-1.4613819616721859e-15
-1.3688953991612192e-15
3.3519773158533954e-15
2.4946410394325343e-16
3.0993605602764625e-15
6.982740304500352e-16
7.064991312764976e-15
2.4099371370469394e-15
5.513655445604002e-15
1.516342144551773e-15
7.582008873688045e-15
-1.2461072660133957e-15
7.262730900825418e-16
-3.649091434188935e-15
-1.384665281042358e-16
-8.393099421720609e-16
-1.7881100730944747e-15
3.142722876320492e-15
2.225227140288107e-16
4.256817441273525e-15
2.8832507351352127e-15
7.245634124984324e-15
1.2324672979627427e-14
1.76026780047723e-14
3.8308958271791607e-14
6.650715147903568e-14
1.028265435511312e-13
9.072771715039784e-14
1.1039307277288183e-13
8.90945846137086e-14
6.477711956748684e-14
4.2625340654756883e-14
2.37031826369041e-14
1.0123837296635865e-14
6.888367324414002e-15
3.0853134893991915e-15
4.681375257197044e-15
1.3274291608962755e-15
1.6209491190201137e-15
1.0934843797390399e-15
1.9301918503487822e-15
2.602435686355769e-16
-3.572980025389396e-15
-2.5236637189103446e-15
-3.2164112082854316e-15
-2.449310240006087e-15
-5.605675356739613e-15
1.63504596054729e-15
-2.8648563391077846e-15
-6.478381601749573e-16
2.99355504947113e-16
1.008555332570381e-16
-3.4935636863415685e-15
-1.9912249442736223e-16
-2.642561811577413e-16
-3.1536540457661054e-15
-1.7055273214580583e-15
-2.858749702669634e-15
-8.104304582370504e-15
-5.5407756996863135e-15
-5.236212176372435e-15
-4.102406361518194e-15
-4.8050966955245094e-15
-4.559888985273839e-15
-1.0139413846381525e-15
-9.57418282471866e-16
3.821401404591848e-15
-1.5826948035349047e-15
1.7875468734128704e-15
-2.849948854941602e-15
3.529807537425446e-15
-3.028257061821844e-15
7.530262568634309e-16
-3.3360289978136673e-15
2.8121237693854897e-15
-3.886637764424532e-15
-2.4308157163393134e-15
-4.1415748429890404e-15
-4.648975585387117e-16
3.9392264202333535e-16
-1.2541250883285032e-15
3.687295572227721e-15
6.88815059251097e-16
3.736980679430117e-15
1.1358339903161059e-15
2.9091784500288088e-15
5.751755035469626e-15
4.774677052980684e-15
9.568253676579192e-15
2.2512821434820156e-14
3.953052887033363e-14
2.990209765433412e-14
2.39389381746955e-14
1.4848427222621477e-14
2.1413629435211097e-14
1.2659737140106984e-14
1.1659182114284766e-14
4.933412550147833e-15
2.7841660107631034e-15
1.3825773508712197e-15
3.003305873304824e-15
1.0882147933475572e-15
9.927326943163108e-16
1.2049085667046345e-15
1.2763615584559884e-15
2.33765869414594e-16
-4.029921996053907e-15
-4.362317807561835e-15
-6.044107957675322e-15
-5.794905727592e-15
-8.821812608147856e-15
-1.8598334980878835e-15
-5.950118431043022e-15
-3.226099140529507e-15
-1.6108086238746224e-15
-1.4359014478399474e-15
-3.847776804166929e-15
-4.46347527683568e-16
4.2976135641784027e-16
-1.9910111840463837e-15
-2.1130722702447747e-15
-3.1668071642981595e-15
-7.889437477620766e-15
-5.7380276559729064e-15
