1.332641763022111e-16
-4.4545314163804955e-15
2.1463651328595647e-15
-7.199266996880513e-16
3.6303768962757445e-15
-1.2129275331432342e-15
5.2176032841414894e-15
4.971854277421175e-16
-9.128968585437293e-16
6.960700925194141e-16
3.235268722615397e-15
-5.579106673593353e-16
8.524750229291629e-16
1.3508144964742433e-15
4.45603651384159e-15
-7.986864730749784e-16
4.777412348275618e-15
-6.027549710453256e-16
3.4016613482912175e-15
1.4121808446012654e-15
1.1441458576093068e-15
1.1309929346054805e-15
3.901709182697973e-16
9.14940528911389e-16
1.97965799729569e-15
-9.427190322930276e-16
-3.1426752398787403e-15
3.4193537886206774e-15
-4.9735160922292826e-15
-1.7764916951415114e-14
-1.9079722404815338e-14
-8.632124818955514e-15
-1.448965565170744e-14
-1.7393186973989722e-14
-7.248209280607311e-16
-5.757029360869745e-15
-1.4731042342884974e-15
-3.684465039601058e-15
-3.65590974976461e-15
-1.486346401511426e-15
-1.869358718764427e-15
1.693432611714096e-15
-8.243838965616325e-17
3.966766043564931e-15
-1.8007420448079666e-15
3.608355725194298e-16
-3.923052155647042e-15
1.7793599741520745e-15
-2.7473105806786026e-15
3.915715124739406e-15
-1.7375784262625486e-15
3.870346495625616e-15
2.021501772107557e-15
3.597361039702433e-15
2.2387879767006877e-15
1.1554489067579052e-16
-2.2560237301451986e-15
-1.18327176279175e-15
9.008889172760445e-17
1.7852832174058253e-15
-2.349483584731399e-15
5.407045012275379e-15
4.930998088785168e-16
-1.0222053077016614e-15
-1.6759249028391508e-15
-7.03173143556785e-15
2.0105638924343303e-15
-1.856381230570412e-15
3.3343182174623883e-15
-7.81848396679713e-16
5.720745245493398e-15
5.729663103858025e-16
-1.0358603179056244e-15
7.461179066155222e-16
2.5870289977116194e-15
-1.2280608261147414e-15
1.7803214636288503e-15
6.130825672217414e-16
6.691360886389783e-15
4.2642935450176514e-16
6.327222921597792e-15
-2.921325877930076e-16
4.832460207231263e-15
3.273553360045993e-16
8.805416582381206e-16
2.7659550466168183e-16
7.387508469831471e-16
7.303449115938065e-16
3.400565392783904e-15
-2.9049278187251815e-15
-5.890273020791651e-15
-2.067469166167446e-16
-1.3493710269311035e-14
-3.163709146667066e-14
-5.699797551050933e-14
-4.6398405466817036e-14
-4.9470880077619397e-14
-4.777937100924109e-14
-4.771072342477296e-14
-1.8483459810284016e-14
-5.89649434536201e-15
-3.8733704875356245e-15
-3.322509134311328e-15
1.225851491234339e-16
4.345150127317345e-17
2.748105655033346e-15
7.140586618671508e-16
2.7676848959098717e-15
-2.188025061525807e-15
-1.0666741563216555e-15
-4.572566601175147e-15
1.4095752937305958e-15
-1.381548940085658e-15
4.689077346820047e-15
-1.7486579523180467e-15
4.279364305641579e-15
1.937320172726667e-15
2.827990428093217e-15
6.884615060704561e-16
-1.2216596170136097e-15
-3.518855547624023e-15
-2.4258160704408754e-15
-1.1854045577022165e-15
1.1234164273913986e-15
-3.702681120153182e-15
3.4083663154235837e-15
-7.996942838841706e-16
-3.884097903888259e-15
8.027017663297993e-16
-4.876404231797438e-15
5.645674516024797e-15
-6.545762377382529e-16
4.7011609192940396e-15
1.0295904634997127e-15
7.645168765931079e-15
3.053949981233629e-15
1.5989773093146123e-15
4.370435791056162e-15
5.659749662462854e-15
1.517455340913161e-15
5.383762572878013e-15
1.120450544374887e-15
8.85935176959843e-15
1.1395531255717344e-15
7.122997731904579e-15
7.633893842534884e-16
7.638514335279802e-15
1.430818241946415e-15
2.2855988518962474e-15
-2.594582343874014e-16
6.403044289770846e-17
-1.5966827879539749e-15
2.199934734227553e-15
-5.551185815252323e-15
-9.777093768686232e-15
-1.3597028430087668e-14
-2.821942493405697e-14
-5.871415819400952e-14
-8.143592526486088e-14
-8.742486674414682e-14
-9.7054917998374e-14
-7.343908526095792e-14
-5.819971376212476e-14
-2.748011703980637e-14
-1.2440476423576252e-14
-7.665460404308685e-15
-5.690998776696857e-15
-1.9223091728023972e-15
-1.782223794125452e-15
5.982326472661925e-16
-5.542117423524728e-17
1.481472129262936e-15
-8.417002229493941e-16
1.650471762027856e-16
-2.2696192359818748e-15
2.7532821748320626e-15
1.3025385542212463e-15
5.5390793264206385e-15
-1.2239828001038649e-15
5.6265173896500355e-15
4.0221032659302885e-15
4.952096218459587e-15
2.5722792898425128e-15
1.4085769763785716e-15
-1.2304100492044391e-15
-4.572843058080853e-16
-6.085229777623392e-16
1.9288951223708796e-15
-3.3779122677343975e-15
2.885136557912308e-15
6.773034036507591e-16
-2.8699538787317342e-15
7.577737842349059e-16
-5.4482083473493695e-15
6.104408606800543e-15
-2.4697107456328648e-15
3.667106969524494e-15
4.528768180550411e-16
7.159411871090512e-15
3.5385538657656305e-15
2.2497003319893544e-15
5.958621331827404e-15
6.9667767045018026e-15
3.211569659464173e-15
8.400215683868948e-15
2.576404612987628e-15
1.1866061577007787e-14
2.779100632775153e-15
7.019110387063873e-15
1.88985575163616e-17
6.591824088143656e-15
-9.73037730756812e-16
4.674168653728545e-16
-2.0716140754747205e-15
-2.790897986215429e-16
-1.7588553154771145e-15
3.0173894172174872e-15
-6.111364982269777e-15
-9.361943591874767e-15
-2.3208166666773262e-14
-3.963495371527746e-14
-7.760907764051574e-14
-1.1075851059887773e-13
-1.302023964830258e-13
-1.1793603039603243e-13
-1.201927239012952e-13
-8.115542553361476e-14
-4.571484872240054e-14
-2.1123557610668772e-14
-9.18642505333716e-15
-5.172999411181049e-15
-1.3066808493562497e-15
-1.033614775635621e-15
1.8863391529960598e-16
-4.024215763328401e-16
-8.32837838323878e-16
-2.2313645882632785e-15
-1.6628644766464668e-15
-2.82871361090043e-15
2.1826594074768327e-15
3.629747222873827e-15
7.079482103153227e-15
1.0000470579289556e-15
8.033150168787854e-15
6.648250303207158e-15
6.3140876549253805e-15
2.8885997104608373e-15
2.182771538373263e-15
-1.0329852835258804e-15
-4.651679350542298e-16
-2.5363682194798422e-15
5.92390863772687e-16
-4.461415907379035e-15
5.791358095520802e-16
3.2346689125679236e-16
-3.9520809841443746e-15
2.0675516313807605e-15
-4.749973168174507e-15
7.622438096957e-15
-2.9531040559557936e-15
4.1249663282400296e-15
4.984340118711273e-16
6.515207266432713e-15
3.0189959039937072e-15
1.0819471278087188e-15
4.3151220456056916e-15
4.24788849894669e-15
2.659264170374125e-16
5.259996726772983e-15
-1.3723506599527135e-15
8.650739286854552e-15
2.0909750274684063e-16
4.345405063851631e-15
2.998145372002526e-16
8.254656958821247e-15
2.0679297527774634e-15
3.8275134910930866e-15
1.003467754909328e-15
2.388662613486008e-15
4.1479218834737484e-16
4.168491550255368e-15
-5.3368084122587055e-15
-1.3282826778887905e-14
-2.7846160489464475e-14
-5.276583162413998e-14
-1.0173185518098538e-13
-1.4192600581645128e-13
-1.6197893622499969e-13
-1.5319936876076282e-13
-1.3993350497344715e-13
-9.549085612954192e-14
-5.991451381703333e-14
-3.132921205546694e-14
-1.1093001156898542e-14
-5.279066392592091e-15
-2.5855803955105646e-16
3.993671396307864e-16
2.067747675549323e-15
2.8955954308129914e-15
2.3734130620620787e-15
1.69814731252163e-15
2.0246900637963996e-15
8.892579864254434e-17
2.767196547621991e-15
3.900100270019433e-15
4.657536500679463e-15
-1.7182673153442308e-15
4.4830806377430604e-15
3.9557867083235784e-15
2.7989617160456147e-15
-4.0760604913973915e-16
7.932723824009269e-17
-2.583720007678943e-15
-1.4060787971631607e-15
-4.690915544677927e-15
-2.460641486287254e-16
-4.011041166819815e-15
-2.8593993648397287e-16
1.2606138496375077e-15
-3.8671548898547546e-15
2.3182243881885754e-15
-5.481420101308817e-15
7.809787253266213e-15
-3.76882552360857e-15
5.14805735290198e-15
1.4752999661822835e-15
7.445136849289994e-15
4.18732602931795e-15
1.7951540156135686e-15
3.8236946790527764e-15
2.440252212175418e-15
-1.8527893337954922e-15
2.0190426024547727e-15
-4.046368726296086e-15
5.547025986142324e-15
-1.440548553122829e-15
1.3289200674383126e-15
-5.0020896526362675e-16
6.244805745520944e-15
1.0682582908348511e-15
1.8532536003212554e-15
-8.789082638854897e-16
1.8028440939864762e-16
-5.505281312055836e-16
1.644843145769735e-15
-6.776670915070052e-15
-1.6352281513616582e-14
-4.0615661177180204e-14
-7.711684963009205e-14
-1.2598668792088474e-13
-1.7169789508909445e-13
-1.9872642029563668e-13
-2.0336576830119033e-13
-1.7536496869538193e-13
-1.3018046087231694e-13
-7.3375738882393e-14
-3.724641438145472e-14
-1.4196420103020264e-14
-6.088365245372547e-15
-1.381579686057739e-15
-1.6155902547604827e-15
-3.0020101868684344e-16
6.140721934712195e-16
3.0693041920513553e-16
-3.8134773581600126e-16
1.324336170343367e-15
-2.731804031067963e-16
2.287478818047067e-15
3.8822968334705365e-15
3.679794958181251e-15
-2.3767608495499125e-15
2.03999499072693e-15
2.228764045055839e-15
-3.218662826559955e-16
-2.5910536730710113e-15
-1.1613156521456988e-15
-2.3395020960202124e-15
-5.638976993206111e-16
-4.583031547340287e-15
5.754504593747534e-16
-2.0133635770391587e-15
-3.404441179822004e-16
2.153458422508862e-15
-4.6203309234977545e-15
2.8253523957506193e-15
-5.8707089605419195e-15
8.018792397705883e-15
-4.687015699701949e-15
5.061872064338078e-15
7.215018195164212e-16
6.759869949684278e-15
4.129050663133662e-15
2.785143828855927e-15
5.192844916643965e-15
4.507534904298538e-15
1.4727664950621e-15
4.1338668969718864e-15
-7.675102923734286e-16
6.375184820399526e-15
7.144437827617648e-16
1.0246738908753724e-15
1.2782096377914736e-15
6.01095209555082e-15
2.4154598950343297e-15
1.856199148850272e-15
-6.974993489491656e-16
-5.491460178895405e-16
2.395829410940768e-16
-1.8639693565159732e-17
-6.042258055892488e-15
-2.1010124275680037e-14
-4.731966211678839e-14
-8.672235651490082e-14
-1.473316679756809e-13
-2.0786557969666682e-13
-2.3823625353042196e-13
-2.348576439338924e-13
-2.1517606348778052e-13
-1.4354105698370662e-13
-8.81748258334315e-14
-4.583348817999753e-14
-1.808777129112117e-14
-7.20513459148944e-15
-1.1737224407143317e-15
-2.3900880801882263e-15
-3.228679815332719e-16
5.054258634360101e-16
1.4751630095418508e-15
2.0628795277481589e-16
3.3868515941159e-15
1.5872058404579365e-15
4.3798122681857186e-15
5.95186237270978e-15
6.137558596607573e-15
1.4076199106538428e-15
4.168403277046192e-15
5.672540066693363e-15
1.316447957923841e-15
-1.9397649452718072e-16
4.09329901175603e-17
-6.201406198066632e-16
8.423574941551712e-17
-4.603788010799749e-15
2.681680329434918e-16
-1.176163177397934e-15
-1.3277578817028504e-15
2.3289423920340975e-15
-5.697636872719361e-15
3.644287159567118e-15
-5.968181434329432e-15
8.702377530255829e-15
-3.750069771028065e-15
7.045951232638155e-15
2.893269236639269e-15
8.967609412062844e-15
5.911936365029339e-15
4.372805236584661e-15
5.515385472695341e-15
4.180111043055143e-15
1.4859691387585652e-15
2.226368702850881e-15
-8.615751250819221e-16
3.754866925684154e-15
4.4144496896290796e-16
-1.5236571109004829e-15
6.884857985963928e-16
3.2443058481323915e-15
1.4379501502482762e-15
-9.844561907464215e-17
-1.6362491436499208e-15
-2.0730327302921207e-15
8.669024168176469e-16
-1.6393518214459112e-15
-5.676200081518931e-15
-2.263250553816627e-14
-5.506336409211648e-14
-1.0560384421557236e-13
-1.81182094474501e-13
-2.4022312381238154e-13
-2.9184419127464404e-13
-2.8504589313422753e-13
-2.289897220187927e-13
-1.821103102808065e-13
-1.0209085587072118e-13
-5.240711924195127e-14
-2.031139603393265e-14
-8.52553559040973e-15
-1.3375877115603686e-15
-3.8006688718518554e-15
-1.19118715734202e-15
-1.7496686330351245e-15
5.402066258026226e-16
-1.6704121771507443e-15
2.7041495312130192e-15
9.277635503467648e-16
4.50994714831986e-15
5.694764273303591e-15
6.32221250163031e-15
2.429383626627669e-15
2.883490976577892e-15
5.6891466503066085e-15
-1.3625868066727536e-16
2.70395226330032e-16
-1.5089844010456887e-16
1.2703270631426992e-15
1.9378315801250687e-15
-1.4546168416334948e-15
3.061160292222602e-15
2.461357034024364e-15
2.777334275669771e-16
4.0760945108892146e-15
-5.806885311992262e-15
4.936779511195047e-15
-5.318592800151569e-15
9.202583222321922e-15
-3.2125212271156928e-15
6.5398307110956776e-15
1.8325835760683145e-15
6.804698065735815e-15
2.7502339957281105e-15
1.357205601884381e-15
2.004112403963184e-15
9.803060827869025e-16
-6.324362820122303e-16
-1.3710733477463757e-15
-2.292902743516394e-15
1.0632095633429486e-16
-2.1263165290059073e-16
-3.438918893974922e-15
1.1805100057547134e-15
2.5316838210262132e-15
2.3779265178143356e-15
-4.536162281569294e-16
-1.4657192018415838e-15
-3.5619468852701896e-15
4.654857303316326e-16
-4.876396949667121e-15
-7.311548274539636e-15
-2.95973892612408e-14
-6.196173842359295e-14
-1.2385216246176724e-13
-2.0855555230657358e-13
-2.777467003111274e-13
-3.0942538233406087e-13
-3.0656394759185077e-13
-2.6822266608961435e-13
-1.9123395303586626e-13
-1.2164522674682467e-13
-6.416786636273827e-14
-2.6854440838616126e-14
-1.238496950844347e-14
-2.121014336555888e-15
-5.211214283163721e-15
-1.2639049187186345e-15
-3.0498068221288898e-15
1.358575661541559e-15
-1.3130615026779335e-15
3.123611210983888e-15
7.975836445176003e-16
4.334210475237418e-15
4.487664283371635e-15
4.951246606321232e-15
1.6475612664867354e-15
2.0552697273075105e-16
4.387135981982819e-15
-2.6313160281774693e-15
-7.82871278578336e-16
-2.8188873979859435e-15
-5.154761179460379e-16
-6.192526812168131e-16
-2.413726388522445e-15
1.7179688527267308e-15
2.4903575572457526e-15
7.609132315934639e-17
4.6799878518983655e-15
-5.540952927690789e-15
1.9927653210825403e-15
-8.294908691334644e-15
6.61029317620813e-15
-3.185432570728857e-15
6.898136239951362e-15
4.045743604585862e-15
8.897442587832955e-15
4.2284795459939124e-15
2.4651713725439635e-15
1.6347116037827606e-15
-3.9034901474622986e-16
-2.203063451960094e-15
-5.161877485754269e-15
-4.656410771801246e-15
-4.489248840649591e-15
-2.2495506831809644e-15
-6.714297685924202e-15
-7.651161441464088e-16
-8.476649131791985e-16
-1.4008884322462562e-17
-3.945986305127596e-15
-3.5100744166471055e-15
-6.268078994473982e-15
-1.4046830415801878e-16
-6.196112200345057e-15
-6.831759128016106e-15
-2.989384121825973e-14
-7.115108323708897e-14
-1.4014112021797577e-13
-2.328793976729137e-13
-3.0534385193681633e-13
-3.8063149461025655e-13
-3.7332224552853263e-13
-2.9631625675328574e-13
-2.3187825487719353e-13
-1.3331725380974796e-13
-7.012253124644632e-14
-2.6293949303066214e-14
-1.1962065743667516e-14
-6.260697097323998e-16
-4.631634331855657e-15
-1.1190733770714435e-15
-5.530297340583587e-15
-1.1078742468919673e-18
-3.132582849992926e-15
4.530970465382708e-16
-1.883668519490943e-15
1.6519357554239336e-15
1.67186850483219e-15
1.757682830535759e-15
-8.239319373351253e-16
-3.3972715624622713e-15
2.1161713516039865e-15
-4.776395022829899e-15
-7.274799944630205e-16
-2.785763088889357e-15
8.3907400525436555e-16
7.692286548485315e-16
3.076933910025123e-16
2.887549941730305e-15
3.238698663302535e-15
-4.180858215906846e-16
2.5413017607952796e-15
-8.346613674211783e-15
4.242089791629807e-15
-5.911958762909014e-15
7.822158955135711e-15
-4.792348889582081e-16
7.483551052214504e-15
4.826853138754285e-15
8.078828001286924e-15
2.8428366101796466e-15
1.333268298184641e-15
1.0083105665377355e-15
-1.5155868873510017e-16
-5.78533324928936e-16
-4.468314336354709e-15
-2.5121675799769822e-15
-4.586771264635555e-15
-7.59404125099452e-16
-6.772716096507617e-15
-4.0146354830670817e-16
-2.1970617028364878e-15
-6.392537602551949e-16
-5.957360203584163e-15
-4.6019742785691335e-15
-8.842631200715676e-15
-2.230316429896489e-15
-1.0292845774200918e-14
-1.0946394224294407e-14
-3.80875483344355e-14
-8.10929572184213e-14
-1.5693032082231193e-13
-2.4307706454851504e-13
-3.43801572704008e-13
-4.0064673085190453e-13
-4.0155592400712066e-13
-3.476207554140582e-13
-2.4010484594590934e-13
-1.5274664815439947e-13
-8.161415819099286e-14
-3.371454224333122e-14
-1.7473025708836888e-14
-3.5219776994870204e-15
-6.642628845260531e-15
-2.3966853058989e-15
-7.557353687847733e-15
-8.244478897920308e-17
-2.579728327056615e-15
-4.4598794964016696e-17
-1.777066020757577e-15
1.322972240515464e-15
2.3041015176316418e-15
2.0397438511128204e-15
9.009427060066842e-16
-2.0565190013256673e-15
3.676458947445132e-15
-3.4757277024121416e-15
6.664115441761242e-16
-2.4777335824130382e-15
5.443570826593351e-16
4.846766961718895e-16
1.200571806841446e-15
2.981069291081744e-15
4.0929495508961086e-15
1.2053387816640883e-15
3.3155885397248735e-15
-6.117806223514764e-15
1.0363186420113276e-15
-8.497616692375074e-15
4.609218977660699e-15
-9.045400504570805e-16
6.1145790285852484e-15
4.73242850302822e-15
7.12362116562317e-15
1.977282397298875e-15
-1.892239321594547e-16
-3.995392767003809e-16
-1.8139609828957875e-15
-1.6276981279492876e-15
-6.2744276508563055e-15
-2.664895647614486e-15
-5.803083250956176e-15
9.959925029227022e-17
-6.720858463301586e-15
3.6666285503390426e-17
-3.851465724461605e-15
-1.1748627449289546e-15
-7.210146799916174e-15
-4.016805093437714e-15
-8.050257858109394e-15
3.958584161225744e-16
-6.018168537693788e-15
-1.5486078956494093e-15
-1.4418097424623736e-14
-3.0275507350543804e-14
-6.588324988976857e-14
-1.0589276931230795e-13
-1.3451810325631137e-13
-1.6581757155738204e-13
-1.7013727609496313e-13
-1.354779213280387e-13
-1.0432905552604781e-13
-5.2104653960157805e-14
-3.3017834128980064e-14
-1.0137965643908606e-14
-7.222642296750708e-15
1.122465639234655e-15
-3.4551682775071013e-15
-5.617926641974929e-16
-7.123410151370294e-15
6.164867826488796e-16
-1.7445622725008595e-15
-5.041444702921719e-16
-9.228108670515353e-16
1.1032069100537027e-15
3.2735394219364583e-15
1.67687094428423e-15
1.3538766005120974e-15
-2.4475130899244942e-15
2.4317704200035858e-15
-3.9637336144300854e-15
4.640028763683016e-16
-2.266726742705938e-15
3.0426256019059774e-16
8.54396324542153e-16
1.9126023394648738e-15
1.9853159016025623e-15
2.8627221382244426e-15
-3.8889073629337074e-16
-3.851054089284846e-16
-8.825859260056368e-15
1.891760199116384e-15
-7.438725337435174e-15
4.488642892151547e-15
7.250988281922588e-16
6.156798787512012e-15
4.97160537936048e-15
5.9103972858989224e-15
7.965505082141343e-16
-2.6028626068532892e-15
-2.0681839174519182e-15
-3.6189809512178136e-15
-2.999835684063724e-15
-8.285926792152068e-15
-3.705175477831738e-15
-7.51554315185388e-15
2.418393904988359e-16
-6.473352887100281e-15
1.7397428933645488e-15
-3.57771929244379e-15
9.786364758409596e-16
-5.8644446346361555e-15
-1.5934633771117205e-15
-2.955086980927733e-15
2.126832234576789e-14
7.015625148859828e-14
2.369022071372807e-13
6.158672819204256e-13
1.3742496562008483e-12
2.6104984198914e-12
4.223592304150229e-12
5.812744441987636e-12
6.8169568468556295e-12
6.8175819081947e-12
5.806169663655011e-12
4.233892204100472e-12
2.61318511174808e-12
1.3760937839743123e-12
6.218131837874698e-13
2.3287832498666823e-13
7.783194612620506e-14
1.7215499220242553e-14
3.4920269549650458e-15
-6.2065214398809264e-15
1.7540991781715316e-15
5.774002376492967e-16
1.2382161339642435e-15
2.375137935615748e-15
2.0740167732558916e-15
4.641463790589217e-15
1.437797446217211e-15
1.996849959792941e-15
-2.2444627884855958e-15
1.3645572067699798e-15
-3.745850606930737e-15
1.4537367330394744e-16
-2.0536610500038514e-15
-2.834230610811603e-16
1.1496005073025277e-15
2.827555841286123e-15
2.020202807414828e-15
3.930381682140719e-15
1.029502963104846e-15
2.7965917266242867e-16
-7.345273863796422e-15
-8.278863346324161e-16
-9.88724227119382e-15
1.2491481891703626e-15
-1.1295002998906669e-15
3.510869480149114e-15
3.063488453905516e-15
3.7814661168493205e-15
-1.97358423861951e-16
-4.349194479913665e-15
-2.7906100704408926e-15
-4.543825572948074e-15
-4.174887549290842e-15
-9.793672371213759e-15
-4.9440653714906725e-15
-8.75898151303371e-15
-3.6802674116191005e-16
-7.295175436169003e-15
1.618923445084786e-15
-5.303984026980568e-15
1.754965952655359e-15
-1.7364412123346075e-15
2.1958328768266063e-14
1.0809370142452067e-13
4.835541230868189e-13
1.7275148655110297e-12
5.309227420534174e-12
1.3860029949183418e-11
3.0847117671812634e-11
5.849581602830492e-11
9.454275872576586e-11
1.3019638468169684e-10
1.5277644926168864e-10
1.5276864512754168e-10
1.301994632971675e-10
9.454174079781831e-11
5.85080146749398e-11
3.0848639085740985e-11
1.3866279134581286e-11
5.307414512449708e-12
1.7357358137151799e-12
4.809669973907977e-13
1.148260346381187e-13
1.7796178456667038e-14
6.1527791337238786e-15
1.8151720058474542e-15
1.0639609511055543e-15
3.772555418096307e-15
1.450505341424602e-15
4.473903595467407e-15
1.0134296838268846e-15
2.682296129168874e-15
-1.321720787706e-15
9.241420124405653e-16
-2.4508759536846948e-15
5.863805143664344e-16
-8.972165532293236e-16
9.777428074667186e-17
1.6649538863265278e-15
3.202255566422712e-15
4.632688858046567e-16
2.4957504121360345e-15
-1.2167424996952053e-15
-1.91338293169572e-15
-9.695032132873332e-15
1.345028828677195e-15
-7.77934423060077e-15
2.676932280964228e-15
7.672548763553608e-16
4.431231252945006e-15
3.653874181154547e-15
3.431663612112105e-15
-2.402911658239005e-16
-5.085940900707068e-15
-2.6460534469897796e-15
-3.580209433452401e-15
-3.133456717881708e-15
-7.662238377352042e-15
-3.1626001719268272e-15
-6.213024805915637e-15
1.1710296753882873e-15
-5.857817857761706e-15
2.815816767803894e-15
-4.464134056203797e-15
1.2154156362038817e-14
6.551453709650427e-14
4.1085519334357824e-13
2.0328576982579877e-12
8.607132019045792e-12
3.0948276290664256e-11
9.486947139421641e-11
2.4776979836295063e-10
5.514184313549321e-10
1.0457631131161659e-09
1.6900320135029278e-09
2.327384662942855e-09
2.7312206488068455e-09
2.7312039601657688e-09
2.3273876223159737e-09
1.6900426494801558e-09
1.0457665691348615e-09
5.514268304299732e-10
2.4777439573723945e-10
9.486836093219694e-11
3.095635277058086e-11
8.604818182407257e-12
2.038552226673112e-12
4.0635128639541557e-13
7.219372742671787e-14
1.17145602034361e-14
2.3060360560263177e-15
5.813376230067644e-15
2.4715115615913387e-15
5.6389483182900795e-15
3.453969850021387e-15
5.889047594333259e-15
2.761186297205029e-15
3.3088152942822455e-15
1.1902905968130354e-15
2.6881547399239184e-15
1.4231784284515385e-15
2.2618952347345175e-15
3.988689500631848e-15
6.5928871959147736e-15
2.9220463398660432e-15
5.812152339363895e-15
1.4978311100120717e-15
2.0281181187849525e-15
-6.979404089604901e-15
3.676186413517258e-15
-5.684882668262976e-15
3.6981602026564135e-15
7.885863914454688e-16
3.041786762746469e-15
1.3608529550344538e-15
5.502936992404353e-16
-2.4785785539796104e-15
-6.875974296481154e-15
-4.1999766890297475e-15
-4.29006359949983e-15
-4.630622305753713e-15
-7.35891698511328e-15
-3.813698184876416e-15
-4.6167775389990764e-15
1.5363358252392303e-15
-3.4686246642720446e-15
6.666583496193639e-15
1.6236459253416292e-14
1.6240723425931458e-13
1.0736766202302304e-12
6.253284754335348e-12
3.095744684815046e-11
1.3067768709064444e-10
4.699876082845724e-10
1.4404566285547607e-09
3.762034869007057e-09
8.37256521728579e-09
1.587840699432118e-08
2.5660693859462976e-08
3.533805241622593e-08
4.14695814921484e-08
4.1469604856567864e-08
3.533806049278341e-08
2.5660694966592868e-08
1.5878417944489265e-08
8.372568012769372e-09
3.762038412263189e-09
1.4404571069898273e-09
4.699959856663472e-10
1.3067644804670913e-10
3.096242967253487e-11
6.2485827823445355e-12
1.0786746015441753e-12
1.6116723422963162e-13
2.2420810077001666e-14
1.0020138764226513e-14
4.310407350194061e-15
5.710192771003936e-15
4.7978876574472406e-15
6.267330658843716e-15
4.1706475418370856e-15
2.9768001754272373e-15
2.3163883205999256e-15
2.758622509831274e-15
1.2003225942042713e-15
2.087499167161786e-15
2.920735928507756e-15
6.545205876276364e-15
1.8605978454167488e-15
5.5472798806150856e-15
1.3047115355187139e-15
4.57867669888627e-15
-4.915735974987681e-15
5.4463540408582474e-15
-4.305157222770183e-15
4.717858683864793e-15
1.0632087990129985e-15
2.8631383397253404e-15
4.45710722288251e-16
-6.985396931476487e-16
-3.295607178137827e-15
-6.704772778672267e-15
-4.539816946081911e-15
-3.617054462080841e-15
-4.726876720860289e-15
-5.042688728207056e-15
-3.389710704156887e-15
-2.2946492153241797e-15
1.2833132287144322e-15
3.653264821595665e-16
3.150060858387249e-14
2.5223767934276114e-13
2.0447352806777085e-12
1.391139805671738e-11
8.086419913644992e-11
4.0050460244952424e-10
1.6904193125675517e-09
6.079819215387666e-09
1.863377329481477e-08
4.866576441518688e-08
1.083076507362839e-07
2.0540339583034145e-07
3.319471842748384e-07
4.5713366661976583e-07
5.364513177663319e-07
5.364513111195021e-07
4.5713365833250924e-07
3.319471697004673e-07
2.0540340046653894e-07
1.0830765389879838e-07
4.8665764836494625e-08
1.8633773495418017e-08
6.079827040400735e-09
1.690418873509847e-09
4.005084817234365e-10
8.085923384458502e-11
1.391516743431724e-11
2.0434202778089797e-12
2.577660683578073e-13
3.476711223271972e-14
7.012891711772727e-15
4.4867930524844006e-15
5.976430721958801e-15
6.5379566550578054e-15
6.5903234106492565e-15
3.717674547226613e-15
4.186629856275567e-15
3.5134061096511944e-15
6.449741963757454e-16
1.690294396686766e-15
1.442799005408323e-15
6.427353126630285e-15
1.062018470791957e-15
5.138339815153507e-15
1.0801593804383849e-15
6.565387259513405e-15
-3.4533010569541407e-15
5.602010893756296e-15
-4.540498852007261e-15
4.8328314695490214e-15
6.065107524324109e-16
2.7784099393662723e-15
1.2363441373908906e-16
-5.836526382448837e-16
-2.44841965499731e-15
-4.574433254136872e-15
-3.839891135926644e-15
-2.947132454726646e-15
-5.2094650485413196e-15
-3.3905057997272497e-15
-3.611837415440763e-15
-4.395229955523919e-16
2.6316720819377994e-15
2.678398276710348e-14
3.027588466609097e-13
2.8066409385801617e-12
2.2486162536101745e-11
1.5335068096794672e-10
8.913476954371728e-10
4.414861794290519e-09
1.863380003285642e-08
6.701906001151965e-08
2.0540365975273172e-07
5.364520180857533e-07
1.1938959259219687e-06
2.264200789710497e-06
3.6591169482185035e-06
5.039071533461804e-06
5.913405226480869e-06
5.913405244680335e-06
5.0390715519911094e-06
3.65911694633828e-06
2.264200798189801e-06
1.1938959283542063e-06
5.36452021058612e-07
2.0540366136813126e-07
6.701906796972092e-08
1.8633800934444695e-08
4.414865200010146e-09
8.91342693849805e-10
1.533537425637483e-10
2.248499528810069e-11
2.811278568232427e-12
3.051847189619912e-13
3.2073118025021585e-14
4.637476559932397e-15
6.390847065109896e-15
4.923227855794467e-15
6.804059314788354e-15
1.8251943615151454e-15
3.5095610887115905e-15
2.576934393596024e-15
-1.4650044460654049e-15
4.9127581652075415e-17
-7.329727712603013e-16
5.502257379469659e-15
-3.2619403008922386e-16
3.4190365528215388e-15
-4.572347932535226e-16
6.146741145695615e-15
-3.9868438290149194e-15
8.195353006239115e-15
-2.547707586087236e-15
7.155858086604721e-15
1.851359500399865e-15
4.282665083953585e-15
1.1822403100469065e-15
9.718236634813097e-16
-1.1130754796702802e-16
-6.664059793297164e-16
-1.0853082852988085e-15
-5.723001059625525e-16
-3.6671016054898184e-15
-8.412427893603103e-16
-3.10924901313047e-15
1.851065655727248e-15
1.9590478490799276e-14
2.554434840960772e-13
2.81190277576932e-12
2.638246169829302e-11
2.1118809110910433e-10
1.440482126124324e-09
8.3727100292899e-09
4.147028901034062e-08
1.7503347796417714e-07
6.295323539580454e-07
1.9294248881624624e-06
5.039072180631962e-06
1.121466137893654e-05
2.1268390879817494e-05
3.437130208092923e-05
4.733367438176042e-05
5.554658148093155e-05
5.554658144945267e-05
4.73336743934692e-05
3.437130207923351e-05
2.1268390884027918e-05
1.121466138435705e-05
5.039072184433362e-06
1.9294248887577694e-06
6.295323607075976e-07
1.750334795647722e-07
4.147029233396756e-08
8.37270550099968e-09
1.4404854862530758e-09
2.11187748415657e-10
2.6386541926006354e-11
2.8126586558368456e-12
2.5872366822359923e-13
1.892433097391807e-14
5.7517840028732285e-15
2.081546814504517e-15
6.722240161084192e-15
7.12675308752569e-16
4.16387378974743e-15
3.633403117152411e-15
-1.6774948579969608e-15
-6.901198476168891e-16
-1.9165161814525506e-15
4.562989775024758e-15
-1.5046615101437798e-15
1.826687282978033e-15
-1.0302126990174254e-15
6.600216111240522e-15
-2.6000568098573026e-15
6.879005079857098e-15
-4.4647835751638725e-15
5.8230800433385784e-15
-8.756563600001053e-17
3.2100702584427543e-15
6.364284852145533e-17
3.5873375594027677e-16
-2.9470154251684016e-16
2.493439746925962e-16
-1.0800425766268158e-15
-8.985442867136909e-16
-3.563578857272316e-15
2.9020627476771746e-16
-1.7760340778919407e-15
1.2723163783500083e-14
1.5959871599743829e-13
2.0429275073702736e-12
2.24877779123931e-11
2.1118671374491014e-10
1.6904245152734481e-09
1.1530289753179853e-08
6.701907670256523e-08
3.3194764670055537e-07
1.4010500459281147e-06
5.039072251684615e-06
1.544402177900366e-05
4.0335097223011366e-05
8.976740973169426e-05
0.0001702421761447632
0.0002751240230543631
0.00037888093077650487
0.00044462089108583864
0.0004446208910685826
0.0003788809307844761
0.00027512402304994137
0.0001702421761473425
8.976740973827025e-05
4.0335097231019215e-05
1.544402178016434e-05
5.03907225839721e-06
1.4010500476745857e-06
3.319476499423044e-07
6.701907184020306e-08
1.1530292380207658e-08
1.6904238600413361e-09
2.1118941152558663e-10
2.2486059143958036e-11
2.0446847071283485e-12
1.5657408592752526e-13
1.418817867596978e-14
-8.746665048188203e-17
4.8012136080950065e-15
-3.1529908968110584e-15
5.799312479369049e-16
5.323929787746119e-16
-5.2400316176056176e-15
-4.691944115364759e-15
-4.734894131922178e-15
2.052326108903513e-15
-3.575013388730346e-15
-8.755515211851599e-16
-3.2727641587108707e-15
4.1616107336355776e-15
-4.678575288528703e-15
1.0370520771522751e-14
-1.5656631670629913e-15
8.002977895936274e-15
3.7482016689588027e-16
3.335070093168903e-15
-6.190930863904948e-16
-1.64190735398419e-16
-2.5245807102829234e-16
1.5487328439699166e-15
2.4294970953564155e-17
1.2817611260829794e-17
-1.934237738677217e-15
1.934971475746225e-15
3.2502791655248708e-15
7.474877277445443e-14
1.0797167080527671e-12
1.391602145953406e-11
1.5335776738588476e-10
1.4404837778520513e-09
1.1530289457063525e-08
7.864761302369432e-08
4.5713432236656846e-07
2.264201118906286e-06
9.556504199960555e-06
3.4371302645183085e-05
0.00010534303139247869
0.00027512402359254227
0.0006122997749239161
0.001161214815550725
0.0018766095388767624
0.002584331098792232
0.003032740638682627
0.0030327406386650452
0.0025843310987971125
0.0018766095388610565
0.0011612148155591897
0.0006122997749320638
0.00027512402360128956
0.00010534303139301328
3.437130265161301e-05
9.556504201245616e-06
2.2642011233594395e-06
4.57134318404957e-07
7.864761549611615e-08
1.1530288506524591e-08
1.4404843865967572e-09
1.5335241963612027e-10
1.3915427037177619e-11
1.0733273910800457e-12
7.326802640036401e-14
1.6077194079808783e-15
3.849543868853977e-15
-4.61432395394259e-15
-1.415995325726362e-15
-6.473336217014863e-16
-6.442448594153466e-15
-7.0486608168715625e-15
-5.9270412088314e-15
2.935216026231614e-16
-4.657922625610975e-15
-1.821000641238641e-15
-2.863495446641201e-15
5.609748052385372e-15
-1.9906500793165996e-15
9.473352080199991e-15
-1.988266386368194e-15
7.393965080697135e-15
-3.679061073719947e-16
3.111871658001459e-15
-1.1876867089786584e-15
-4.4200598746129414e-16
1.321492926596914e-16
3.0706448261042787e-15
1.756930204573638e-15
1.8969893009405023e-15
1.0171408455413125e-15
5.269612796824082e-15
2.5563168158257108e-14
4.1845702435700653e-13
6.2593291913006175e-12
8.08672904319333e-11
8.913554116337482e-10
8.372712362833525e-09
6.701907722284004e-08
4.571343244871523e-07
2.6570646306423917e-06
1.3160527267148936e-05
5.554658239770058e-05
0.00019978104487122295
0.0006122997751186613
0.0015991411633564825
0.0035589541094973834
0.006749488418991301
0.010907675461828715
0.015021262722854728
0.017627615101288
0.017627615101291336
0.015021262722849664
0.010907675461828813
0.00674948841898969
0.0035589541095039246
0.001599141163366704
0.0006122997751181082
0.0001997810448768119
5.554658239703918e-05
1.3160527272311054e-05
2.6570646273279293e-06
4.5713432631470094e-07
6.701907572915366e-08
8.372710682767357e-09
8.913467166207086e-10
8.086455694201141e-11
6.249534561711261e-12
4.135832759953629e-13
2.0461929117455976e-14
3.75175391724185e-15
-4.604106473161502e-15
-2.9915355145898354e-15
-9.809377495210144e-16
-6.366035969954612e-15
-7.961948349054532e-15
-5.947734370347954e-15
-5.911664130341101e-16
-5.068932904021879e-15
-2.4978215029752218e-15
-3.4786548982967465e-15
4.8269165999406774e-15
-2.6791519701994085e-15
1.0005929319712096e-14
-7.177688932621502e-16
7.28463196659329e-15
-6.782240996149916e-16
2.7703656382770707e-15
-2.112022075034377e-15
-1.138518639181338e-15
2.980360532535932e-17
3.721245446429616e-15
2.3452911278680806e-15
2.233184791148144e-15
1.9550523187395482e-15
9.507493384437572e-15
1.1758058751200566e-13
2.0464153702081688e-12
3.097089241781783e-11
4.005125865180388e-10
4.414874939234417e-09
4.147029499619477e-08
3.319476502195039e-07
2.2642011238718894e-06
1.3160527271078608e-05
6.518451829249892e-05
0.00027512402370320917
0.0009895219931000624
0.003032740639806213
0.007920598033780686
0.01762761510232346
0.03343043498930691
0.054026070240397746
0.07440080132600846
0.087310149166579
0.08731014916656266
0.07440080132600907
0.05402607024038532
0.03343043498930107
0.01762761510232242
0.007920598033785819
0.0030327406398008125
0.0009895219931015608
0.00027512402369798137
6.518451829617082e-05
1.3160527266861488e-05
2.2642011234479858e-06
3.3194764667298757e-07
4.14702897917341e-08
4.41486218228989e-09
4.0050666172603385e-10
3.09571617544582e-11
2.0379368743807874e-12
1.1008845507595734e-13
5.0162150489731226e-15
-5.2749597051903254e-15
-5.9195531883376554e-15
-2.253820072322946e-15
-6.899103473267869e-15
-8.321858440200025e-15
-6.024836577814466e-15
-1.2615847941897128e-15
-5.177584088278886e-15
-2.5171094169540184e-15
-2.9720092554198752e-15
5.578573744451124e-15
-1.2020421965448558e-15
3.662775361607232e-15
-5.493793537589835e-15
1.5097026400939072e-15
-5.129990759526162e-15
-1.1498378486790177e-15
-5.845136478342855e-15
-3.9049056825374e-15
-1.5416278843443055e-15
3.4645167483459586e-15
2.6780254829698766e-15
2.7742892717275e-15
3.6997919494450984e-15
2.7860019447941482e-14
4.88030325738879e-13
8.617346213560716e-12
1.3069113456393174e-10
1.6904285513303942e-09
1.8633817412991994e-08
1.7503348958902616e-07
1.401050056431978e-06
9.556504210504411e-06
5.554658240633075e-05
0.00027512402370446766
0.0011612148160118035
0.004176471337164067
0.01280027573263315
0.03343043498974177
0.07440080132697133
0.14109969712155704
0.2280276086753062
0.31402315094190214
0.3685095813734035
0.36850958137340867
0.31402315094186684
0.2280276086752776
0.1410996971215248
0.07440080132694621
0.033430434989723444
0.01280027573261033
0.004176471337150349
0.0011612148159928582
0.0002751240236976341
5.554658239349045e-05
9.556504201038594e-06
1.4010500447041407e-06
1.7503347637442716e-07
1.863379738706223e-08
1.6904166414747832e-09
1.3067161087262626e-10
8.603324654993246e-12
4.764287410259079e-13
1.773976962166927e-14
-7.17324182684137e-15
-1.0606721861363371e-14
-5.202996031689143e-15
-9.350413678426857e-15
-9.43454830420221e-15
-8.165255069373738e-15
-3.938197149859048e-15
-7.900623892252096e-15
-6.042028465307043e-15
-6.741152423235299e-15
5.033094580003394e-16
-5.710056642531852e-15
2.3754963495531213e-15
-4.604126334468876e-15
1.5999283077927732e-15
-2.810928428011163e-15
1.3888769114616955e-15
-2.847558964273902e-15
-5.929682750718561e-16
2.374087773867353e-15
7.903570594548836e-15
7.537194859710913e-15
7.802725996051315e-15
1.1950730315509641e-14
9.433857406165299e-14
1.750148118211585e-12
3.0978182153244996e-11
4.700220339260182e-10
6.079849755003048e-09
6.701909837176477e-08
6.295323870754125e-07
5.0390722856760135e-06
3.43713026805725e-05
0.0001997810449092612
0.0009895219931345127
0.004176471337202682
0.015021262724005696
0.04603798019838314
0.12023723052757421
0.2675928776676567
0.5074847759348601
0.8201331558908821
1.1294281394297698
1.3253961996248529
1.3253961996248194
1.1294281394296792
0.8201331558907545
0.5074847759347325
0.2675928776675481
0.12023723052748223
0.04603798019829939
0.015021262723939817
0.004176471337139734
0.0009895219930903714
0.00019978104486510542
3.43713026430035e-05
5.039072249100887e-06
6.295323517426151e-07
6.701905826773112e-08
6.079819436557673e-09
4.69985768901186e-10
3.0948488491078777e-11
1.7255852573054443e-12
7.091878083909136e-14
-9.151774903616192e-15
-1.6189481667606298e-14
-9.118280446755844e-15
-1.2549839297016668e-14
-9.450144754194374e-15
-9.142647004634623e-15
-4.166891611764053e-15
-7.107185406687573e-15
-5.778528556193374e-15
-5.809001307073618e-15
-5.674687130961197e-16
-5.1948741018584096e-15
5.765981943924071e-15
8.270930302960883e-16
6.624613622502017e-15
3.538372648308319e-15
7.269549048679618e-15
3.783299864907757e-15
6.381225732827478e-15
1.0742813068895401e-14
1.763615968387109e-14
1.980189255633956e-14
2.2056745084387823e-14
3.542248531929406e-14
2.846092098150215e-13
5.3590842351804545e-12
9.493108664101428e-11
1.440526860848013e-09
1.8633845465740196e-08
2.054037438348598e-07
1.9294249738650163e-06
1.5444021873908145e-05
0.00010534303149481715
0.0006122997752331866
0.003032740639925753
0.01280027573276774
0.04603798019848967
0.14109969712227313
0.36850958137512246
0.8201331558918026
1.5553668486326855
2.513588550094577
3.461532580452096
4.062146113452757
4.0621461134526715
3.4615325804518235
2.5135885500942186
1.5553668486322945
0.8201331558914424
0.3685095813748127
0.14109969712201054
0.04603798019827404
0.012800275732580524
0.003032740639775321
0.0006122997750975462
0.00010534303137680522
1.5444021765628633e-05
1.929424875171479e-06
2.0540364631121954e-07
1.863376325525017e-08
1.4404441351064556e-09
9.485881263659785e-11
5.296997241271856e-12
2.2654900176841462e-13
-1.5226386613040447e-14
-2.899980116571166e-14
-2.0408427302155446e-14
-2.341781448414234e-14
-1.6826535620274645e-14
-1.7337840750165308e-14
-1.0538550691751305e-14
-1.1248516757803727e-14
-8.63270674803464e-15
-5.837514255527128e-15
-2.826748012512993e-16
-1.9587106581770242e-15
3.618728061438409e-15
3.2899115983951985e-15
1.1219125325984423e-14
1.344642175431298e-14
1.8469232328364792e-14
1.953956801375521e-14
2.4328410822425742e-14
3.270773082984494e-14
4.2680423947170806e-14
4.8485850003621307e-14
5.4690726963373226e-14
8.844659464803159e-14
7.364232244161392e-13
1.3989526454777958e-11
2.4791704036519244e-10
3.762199229782895e-09
4.866594121363668e-08
5.36452215961161e-07
5.039072393817109e-06
4.033509746274877e-05
0.00027512402385911376
0.0015991411636596857
0.007920598034119491
0.03343043499012671
0.12023723052797058
0.3685095813754401
0.9624351741003788
2.141938870980738
4.062146113454617
6.564730351921
9.040472433009075
10.609092679037644
10.609092679037396
9.040472433008384
6.56473035192006
4.0621461134535926
2.1419388709797866
0.9624351740995607
0.3685095813747551
0.12023723052740215
0.0334304349896445
0.007920598033714584
0.0015991411633044417
0.00027512402354737685
4.033509718265743e-05
5.03907214262825e-06
5.36451981478752e-07
4.866573542339654e-08
3.762006539392769e-09
2.4774494189515035e-10
1.3836058435145575e-11
5.955777367492468e-13
-3.399182563230876e-14
-6.110391099141242e-14
-4.954932211194e-14
-4.917258452858552e-14
-3.6879756498986395e-14
-3.68165510990136e-14
-2.7110977272675942e-14
-2.4333867253454588e-14
-2.023506819692333e-14
-1.3870587790909023e-14
-8.967052823105722e-15
-5.289270096786751e-15
5.1567195977597936e-15
1.103968002816105e-14
2.5056459908857358e-14
3.3403760231076715e-14
4.5364539563587284e-14
5.4290030950242544e-14
6.460342579555087e-14
7.963790254364664e-14
9.486894773420612e-14
1.0899628933998565e-13
1.227091039214243e-13
1.9620577386810917e-13
1.6320218089054236e-12
3.11293164106501e-11
5.517392921944867e-10
8.372915017385458e-09
1.0830803840312916e-07
1.1938963521790486e-06
1.1214661852665726e-05
8.976741026084978e-05
0.0006122997755157189
0.003558954110167714
0.017627615103082795
0.07440080132784352
0.2675928776686257
0.8201331558927858
2.1419388709814804
4.766972623697249
9.040472433011121
14.610076082718997
20.11994141257237
23.610969971371375
23.610969971370828
20.11994141257085
14.610076082716908
9.040472433008857
4.766972623695126
2.1419388709796485
0.820133155891259
0.2675928776673583
0.07440080132677618
0.01762761510217568
0.0035589541093752567
0.0006122997748186041
8.976740963867366e-05
1.1214661295794938e-05
1.1938958441832072e-06
1.0830758718297225e-07
8.372500713741582e-09
5.513662943024774e-10
3.079282618727866e-11
1.3289046563441893e-12
-7.432533791971513e-14
-1.2399875220541024e-13
-1.0664618893740729e-13
-9.955090874311505e-14
-7.948133304890068e-14
-7.424118050748738e-14
-5.782697456125456e-14
-4.95920688658679e-14
-3.932137101610655e-14
-2.614849508380652e-14
-1.8650706333653627e-14
-9.895500150913127e-15
1.0520149465618609e-14
2.5425146448859673e-14
4.949641152657269e-14
6.927589885902359e-14
8.767745681113431e-14
1.0984571729395876e-13
1.2676587626361695e-13
1.5243829521322013e-13
1.7690233669584506e-13
2.0378556554283944e-13
2.2985623126864356e-13
3.719719438467439e-13
3.0954574966024202e-12
5.903600520769198e-11
1.0463592137764526e-09
1.5879070486211012e-08
2.054041237601729e-07
2.264201600506242e-06
2.1268391771139246e-05
0.0001702421771430628
0.0011612148166704607
0.006749488420255761
0.03343043499075166
0.14109969712322762
0.5074847759367762
1.5553668486347993
4.062146113456693
9.040472433012617
17.145083109090297
27.70772993606908
38.15708418168199
44.77775309255229
44.77775309255122
38.157084181679096
27.7077299360651
17.145083109085988
9.040472433008583
4.062146113453217
1.5553668486319019
0.5074847759343678
0.14109969712120962
0.03343043498902573
0.006749488418752128
0.0011612148153427048
0.00017024217596346388
2.1268390714693326e-05
2.26420064499242e-06
2.0540326953045092e-07
1.5878291854370173e-08
1.0456577293884535e-09
5.840119462693362e-11
2.5230448158378403e-12
-1.3829924374031081e-13
-2.2925746900090475e-13
-2.0263458207616598e-13
-1.8342382217383654e-13
-1.5189520349168526e-13
-1.3569312958875543e-13
-1.1293863430827461e-13
-9.118661211850918e-14
-7.253778112550956e-14
-4.813631115993068e-14
-3.221969507113632e-14
-1.4591859395514515e-14
2.2714884952835432e-14
4.4259553483072276e-14
8.537570748810418e-14
1.134687924747021e-13
1.5013674520608137e-13
1.8208367228644965e-13
2.0769403801047185e-13
2.4960470137258895e-13
2.89837171808103e-13
3.2639486240632055e-13
3.738993398186294e-13
5.972264929044211e-13
4.9998710825313514e-12
9.540355358851986e-11
1.6909941725237367e-09
2.566175650835633e-08
3.319483464429693e-07
3.65911824152763e-06
3.4371303520683745e-05
0.00027512402466002133
0.0018766095406692294
0.01090767546387573
0.05402607024273558
0.228027608678031
0.8201331558940496
2.5135885500982287
6.56473035192495
14.610076082722724
27.707729936071573
44.777753092556615
61.664687008337864
72.36418056059006
72.36418056058835
61.66468700833322
44.77775309255021
27.70772993606463
14.610076082716205
6.564730351919338
2.5135885500935373
0.8201331558901616
0.22802760867476402
0.05402607023994714
0.010907675461438901
0.0018766095385267367
0.00027512402274993585
3.4371301806737425e-05
3.659116704973341e-06
3.319469623015012e-07
2.5660501782390973e-08
1.6898562987545707e-09
9.438509695210926e-11
4.078937401681674e-12
-2.2436424814092207e-13
-3.6761855471113253e-13
-3.2637289832057255e-13
-2.9130345766387715e-13
-2.4348703718424164e-13
-2.1617803061675774e-13
-1.7936912601159198e-13
-1.4515977480728338e-13
-1.0910830283378661e-13
-7.635593799970788e-14
-4.8248285457724994e-14
-2.229679584049435e-14
2.3328664376038805e-14
7.028068134929106e-14
1.1418941436254145e-13
1.5647690047431392e-13
2.0053650285897285e-13
2.5568969119198457e-13
2.836199913231499e-13
3.475838684716491e-13
3.9015652572222323e-13
4.550377693718024e-13
5.109665443689448e-13
8.290955805065268e-13
6.879772761947793e-12
1.3138244250263063e-10
2.32871148101794e-09
3.533951084541717e-08
4.5713527781770686e-07
5.039073322169446e-06
4.733367637788583e-05
0.0003788809329933909
0.002584331101278558
0.01502126272566978
0.07440080132924443
0.3140231509456599
1.1294281394341938
3.461532580457308
9.04047243301503
20.11994141257868
38.15708418168766
61.66468700834146
84.92015255827103
99.65472219341132
99.65472219340903
84.92015255826453
61.66468700833268
38.15708418167809
20.119941412569695
9.0404724330073
3.46153258045086
1.1294281394288377
0.3140231509411636
0.07440080132539081
0.015021262722325925
0.0025843310983212496
0.00037888093036416977
4.73336740085554e-05
5.039071209594388e-06
4.571333693911731e-07
3.533778315909942e-08
2.327145394499556e-09
1.2997751510399738e-10
5.620203478908333e-12
-3.127122534543893e-13
-5.021169309033598e-13
-4.571703894773445e-13
-3.969780012050885e-13
-3.439273969368397e-13
-2.888440969551292e-13
-2.511535951238055e-13
-1.96576621789579e-13
-1.550252599239106e-13
-9.984196745928261e-14
-6.675730098383283e-14
-2.6668057084236588e-14
2.5244745667135842e-14
6.551352308435656e-14
1.3484878607015165e-13
1.7073784822212326e-13
2.340657417412713e-13
2.81309439819616e-13
3.4331110591112374e-13
3.995454971589478e-13
4.647131902564859e-13
5.231988756516671e-13
6.101118602639466e-13
9.712333553909913e-13
8.074294744370999e-12
1.5417354789883437e-10
2.732768543672104e-09
4.147129787477123e-08
5.364532231064274e-07
5.913407326468566e-06
5.554658378839148e-05
0.0004446208936788432
0.003032740641595148
0.017627615104605254
0.08731014917036738
0.36850958137784057
1.3253961996301078
4.062146113459072
10.609092679045098
23.610969971379816
44.77775309256091
72.36418056059743
99.6547221934157
116.94589983963907
116.94589983963635
99.65472219340813
72.36418056058709
44.77775309254967
23.61096997136928
10.609092679036031
4.062146113451488
1.3253961996238208
0.3685095813725693
0.08731014916586302
0.017627615100662967
0.003032740638120859
0.00044462089059294386
5.554658101794519e-05
5.913404840496297e-06
5.364509746178873e-07
4.1469276375187746e-08
2.7309318961976984e-09
1.525265748980871e-10
6.5884531022680505e-12
-3.6759820399293485e-13
-5.92803019648555e-13
-5.306756255819936e-13
-4.644615461343247e-13
-3.9933685569618087e-13
-3.5336383337920663e-13
-2.865672036762058e-13
-2.4102659167199365e-13
-1.820749738269135e-13
-1.3845491686658257e-13
-7.370624678451109e-14
-4.025459308923705e-14
2.4584818746901834e-14
6.717650589586787e-14
1.2437376322109561e-13
1.7785071644238243e-13
2.315371660793409e-13
2.9072386388954827e-13
3.431499191519594e-13
4.0468470502134986e-13
4.660153812194994e-13
5.3053800231384e-13
6.035443391108084e-13
9.722689783577758e-13
8.07444789472376e-12
1.5418001170434922e-10
2.7327684579393777e-09
4.147130239688044e-08
5.364532156996815e-07
5.913407329034179e-06
5.554658378585309e-05
0.0004446208936842037
0.0030327406415928057
0.01762761510460749
0.0873101491703773
0.3685095813778517
1.3253961996301338
4.0621461134591375
10.609092679045286
23.610969971380204
44.77775309256165
72.36418056059865
99.6547221934174
116.945899839641
116.94589983963826
99.65472219340982
72.36418056058832
44.77775309255041
23.61096997136968
10.609092679036218
4.062146113451563
1.3253961996238468
0.36850958137257883
0.08731014916586571
0.017627615100670582
0.003032740638129122
0.0004446208905890065
5.554658101281697e-05
5.913404841212818e-06
5.364509733138428e-07
4.146926956062225e-08
2.730930985649502e-09
1.52527003979739e-10
6.5906206594648805e-12
-3.6621953750504044e-13
-5.83478715512403e-13
-5.307292307471663e-13
-4.599792729183982e-13
-3.9941851701740355e-13
-3.374199865116181e-13
-2.9249543728313036e-13
-2.3296852958889736e-13
-1.818199263037202e-13
-1.339084722711818e-13
-8.060769907503543e-14
-3.957738747670062e-14
2.5174353558025778e-14
7.170245869761701e-14
1.1598564789903804e-13
1.5697200782370782e-13
2.0033960966941365e-13
2.574333090124174e-13
2.8792079883361506e-13
3.4887022256677804e-13
3.915145060191727e-13
4.552675114561842e-13
5.12725379487746e-13
8.318187374546132e-13
6.878707618962828e-12
1.31382270518145e-10
2.32871099344723e-09
3.5339511082347945e-08
4.5713527711168235e-07
5.039073322862063e-06
4.73336763815094e-05
0.00037888093299506045
0.002584331101280246
0.015021262725671843
0.07440080132925042
0.3140231509456758
1.129428139434252
3.461532580457488
9.0404724330155
20.119941412579713
38.157084181689655
61.66468700834467
84.92015255827542
99.6547221934165
99.65472219341414
84.92015255826894
61.66468700833589
38.15708418168006
20.119941412570746
9.04047243300777
3.4615325804510397
1.1294281394288943
0.31402315094118105
0.074400801325393
0.015021262722327303
0.0025843310983203714
0.00037888093036390983
4.7333674005238844e-05
5.039071211676382e-06
4.571333663562493e-07
3.5337781160368055e-08
2.3271443433126795e-09
1.299781242329435e-10
5.620986338675152e-12
-3.1300772587143225e-13
-4.959763730686015e-13
-4.564675511665266e-13
-3.8873762622375016e-13
-3.430024060490532e-13
-2.820500167922919e-13
-2.487843121662578e-13
-1.930408573040512e-13
-1.495339980049258e-13
-9.702615134908887e-14
-6.092448639007568e-14
-2.545158007314682e-14
1.8563576273323528e-14
4.659409286535896e-14
8.137661857222788e-14
1.0871955492733352e-13
1.4536454056158777e-13
1.855875569578774e-13
2.1636016596470077e-13
2.5132024726548956e-13
2.89890146515425e-13
3.2752391029823346e-13
3.744081946636053e-13
6.004064556741756e-13
4.995307247304802e-12
9.540214961672955e-11
1.6909902079084787e-09
2.5661748574185878e-08
3.3194834531585243e-07
3.659118243668491e-06
3.437130352501806e-05
0.00027512402465819656
0.0018766095406760309
0.0109076754638846
0.05402607024274705
0.22802760867806154
0.8201331558941383
2.513588550098477
6.564730351925622
14.610076082724213
27.707729936074387
44.777753092561156
61.6646870083442
72.36418056059739
72.36418056059571
61.664687008339456
44.77775309255479
27.707729936067437
14.610076082717697
6.564730351920003
2.513588550093796
0.8201331558902476
0.2280276086747963
0.054026070239949944
0.01090767546144995
0.001876609538527241
0.0002751240227545728
3.4371301806225824e-05
3.65911670745078e-06
3.3194695419677906e-07
2.566050169722294e-08
1.6898557499682885e-09
9.438297747358066e-11
4.077956681590991e-12
-2.3005286405094563e-13
-3.616486346200551e-13
-3.28253770650948e-13
-2.817746920981041e-13
-2.453478304722686e-13
-2.0675128781862315e-13
-1.7720570046008453e-13
-1.4313386473072837e-13
-1.0381181347593812e-13
-7.247762875640743e-14
-4.167644637744828e-14
-2.2175095064982183e-14
1.1501314434015302e-14
2.84659652239857e-14
5.0200633496529756e-14
7.225080541501266e-14
8.91156338908449e-14
1.1281378784086411e-13
1.3263946365291678e-13
1.5680577485786852e-13
1.7545031716940742e-13
2.031660110493834e-13
2.327521635629132e-13
3.7309927268174013e-13
3.088834675579148e-12
5.903109407638648e-11
1.046356348734028e-09
1.5879063480710103e-08
2.0540412332707537e-07
2.264201596068249e-06
2.12683917780459e-05
0.0001702421771481531
0.001161214816675724
0.0067494884202639865
0.03343043499076729
0.14109969712325746
0.5074847759368668
1.5553668486350745
4.062146113457404
9.04047243301419
17.145083109093285
27.70772993607391
38.157084181688646
44.77775309256008
44.777753092558996
38.15708418168573
27.70772993606997
17.145083109088972
9.040472433010157
4.062146113453929
1.5553668486321792
0.5074847759344581
0.14109969712124015
0.03343043498903583
0.006749488418760011
0.0011612148153493196
0.00017024217596770644
2.1268390714491682e-05
2.2642006514406365e-06
2.0540326710874645e-07
1.5878293347551994e-08
1.0456569746048787e-09
5.840327992152304e-11
2.5247357359739034e-12
-1.412779527196294e-13
-2.2206604753761042e-13
-2.05498390405089e-13
-1.7220495651874635e-13
-1.545225520027288e-13
-1.2576105962317124e-13
-1.1094044187328011e-13
-8.272209384884682e-14
-6.080960607528566e-14
-4.314766583031911e-14
-2.5002704559298696e-14
-1.1514854026540646e-14
4.010185355520327e-15
1.242075527782317e-14
2.5528247883731034e-14
3.510140996122142e-14
4.576678694083497e-14
6.116714338916703e-14
7.230135641404637e-14
8.1979497501708e-14
9.345774036485101e-14
1.0765029595681427e-13
1.2355933906214993e-13
1.9708213298922852e-13
1.6272514127942026e-12
3.1125693041584937e-11
5.517360186101026e-10
8.372904843129182e-09
1.0830803645396558e-07
1.1938963440109055e-06
1.1214661855901175e-05
8.976741026130386e-05
0.0006122997755180994
0.00355895411017203
0.017627615103094442
0.07440080132786778
0.267592877668712
0.8201331558930391
2.141938870982142
4.766972623698717
9.040472433013912
14.6100760827235
20.11994141257859
23.61096997137865
23.61096997137811
20.119941412577056
14.610076082721417
9.040472433011644
4.766972623696595
2.1419388709803115
0.8201331558915121
0.26759287766744
0.07440080132680468
0.01762761510218292
0.003558954109381075
0.0006122997748218647
8.976740964180799e-05
1.1214661295749847e-05
1.1938958501059413e-06
1.0830758699218387e-07
8.372503135531434e-09
5.513683511923594e-10
3.0796270697930525e-11
1.3320482529795587e-12
-7.459078136098527e-14
-1.1514663240726237e-13
-1.0836431517593637e-13
-9.051777260007717e-14
-7.92982305206471e-14
-6.476613432930372e-14
-5.757101453553157e-14
-4.217547071384425e-14
-2.881284847060358e-14
-2.1907683751907308e-14
-1.1782960671839775e-14
-7.460497425776354e-15
3.558138019189949e-15
9.337909403440002e-15
1.2054644839960031e-14
1.8111992126823583e-14
2.1702800191289526e-14
2.991535690794575e-14
3.553956385928843e-14
3.9617560091515574e-14
4.305661362051577e-14
4.9952082833403534e-14
5.81593133390643e-14
9.008362779863914e-14
7.310124966567347e-13
1.398413630486059e-11
2.4790939102362685e-10
3.762181704908411e-09
4.866593639008957e-08
5.364522018212827e-07
5.039072394915065e-06
4.0335097461566194e-05
0.000275124023861873
0.0015991411636645794
0.007920598034133159
0.03343043499014706
0.12023723052804654
0.36850958137565965
0.962435174100955
2.141938870982008
4.062146113457025
6.564730351924887
9.040472433014424
10.609092679043918
10.609092679043664
9.040472433013733
6.564730351923962
4.062146113456004
2.1419388709810505
0.9624351741001327
0.3685095813749746
0.12023723052747237
0.0334304349896703
0.00792059803372148
0.0015991411633130537
0.0002751240235516685
4.033509718825751e-05
5.03907214381678e-06
5.364519863993004e-07
4.866573468232241e-08
3.762007395691726e-09
2.4774613995200855e-10
1.383680665171125e-11
6.009122843618629e-13
-3.374606342515283e-14
-4.8641495872070165e-14
-4.9105882328451226e-14
-3.809451327477488e-14
-3.434246670204042e-14
-2.6296359736145172e-14
-2.43317562909398e-14
-1.421880658165157e-14
-7.977630134042909e-15
-5.637938387802582e-15
-1.921532826995135e-15
1.3281105958606505e-15
2.697238791862799e-16
5.0674837510147135e-15
2.1409888482552506e-15
7.49927402961638e-15
9.29827777649073e-15
1.4851214064990142e-14
1.776434071570228e-14
1.7345114380406752e-14
1.7915519388938838e-14
2.0018797027713616e-14
2.4081529270947792e-14
3.3714326823208256e-14
2.780012425227134e-13
5.350522930202913e-12
9.492037892023439e-11
1.440505068810249e-09
1.863383983532512e-08
2.0540372620798115e-07
1.929424972785797e-06
1.5444021871476835e-05
0.00010534303149639548
0.0006122997752371149
0.00303274063993965
0.012800275732785995
0.04603798019855441
0.14109969712245518
0.368509581375601
0.8201331558928502
1.55536684863467
2.513588550097799
3.4615325804565154
4.062146113457938
4.062146113457853
3.461532580456266
2.513588550097441
1.5553668486342846
0.8201331558924858
0.368509581375285
0.14109969712219406
0.0460379801983328
0.01280027573260357
0.003032740639779822
0.0006122997751059525
0.00010534303138020942
1.544402176998893e-05
1.9294248765526925e-06
2.0540364986780527e-07
1.8633763842993282e-08
1.4404459263396013e-09
9.486096557587591e-11
5.296061791634333e-12
2.310018212485518e-13
-1.5194867221952292e-14
-1.7476605263880565e-14
-2.146778874828569e-14
-1.3989009963237429e-14
-1.2591451435340365e-14
-7.524233922330214e-15
-7.653002396932156e-15
-9.064212393058927e-16
1.822893600147645e-15
1.9974176196563845e-15
4.927020752804311e-16
3.3317368583909136e-15
-3.9442227947415766e-15
1.472006434951488e-15
-5.371811106403949e-15
1.1199795056505797e-15
1.5313303225559493e-15
5.654625528197322e-15
8.800910953690912e-15
7.066622415949653e-15
7.470859777673963e-15
7.706832988434493e-15
1.0704735662055114e-14
1.0816866163043057e-14
9.003502345001624e-14
1.7431224019784596e-12
3.0968931778224084e-11
4.700008788125982e-10
6.079844536781298e-09
6.701908059206179e-08
6.295323849416819e-07
5.039072281832148e-06
3.4371302679868704e-05
0.00019978104491056266
0.0009895219931451349
0.004176471337215432
0.015021262724057691
0.0460379801985331
0.12023723052797156
0.2675928776685291
0.507484775936502
0.8201331558935357
1.1294281394334267
1.3253961996291221
1.3253961996290937
1.129428139433335
0.8201331558934162
0.5074847759363748
0.26759287766840656
0.12023723052786761
0.04603798019844972
0.015021262723984097
0.0041764713371564245
0.0009895219930901378
0.0001997810448718874
3.4371302643649575e-05
5.039072252319672e-06
6.295323532148319e-07
6.701906053035128e-08
6.0798207474628605e-09
4.69988281491516e-10
3.095225453726497e-11
1.7252003831021196e-12
7.717660039584086e-14
-6.696286508896219e-15
-3.583277757104581e-15
-8.552339659538403e-15
-4.420978052956618e-15
-4.454487577175719e-15
-1.520632791168303e-15
-2.3387650423476667e-15
1.8008746333697317e-15
2.6481932838523726e-15
2.530434574851801e-15
-2.172432345152716e-15
2.4323883828704147e-15
-5.82906160193418e-15
9.704379219228441e-16
-7.366384167796742e-15
1.4233834039413168e-15
1.681391293402561e-15
5.361901536578046e-15
8.575134348000127e-15
6.334836607946625e-15
6.506349532254301e-15
4.938739235020374e-15
6.590065282706582e-15
3.058924296263982e-15
2.4984537927579043e-14
4.824248089190192e-13
8.609739733269789e-12
1.3067206576182083e-10
1.6904223653435892e-09
1.863379926461695e-08
1.7503348521410784e-07
1.4010500508885514e-06
9.556504207975127e-06
5.554658240682688e-05
0.000275124023713892
0.001161214816023669
0.004176471337207658
0.012800275732760807
0.03343043499007703
0.07440080132770205
0.14109969712293663
0.22802760867754357
0.3140231509449811
0.3685095813770121
0.3685095813770167
0.31402315094495836
0.2280276086775197
0.14109969712290532
0.07440080132766932
0.03343043499004543
0.012800275732739412
0.004176471337186544
0.0011612148160072386
0.00027512402369521806
5.554658239990651e-05
9.556504198815538e-06
1.401050045862916e-06
1.7503347596784749e-07
1.8633797780088636e-08
1.6904173162895342e-09
1.306747830391866e-10
8.607798667473868e-12
4.765189511766968e-13
2.3285575156364326e-14
-3.621341765431398e-15
8.794369443682265e-16
-3.1801278409861525e-15
-3.9286627930474305e-16
2.605967866117869e-16
2.8277240851592893e-15
3.0923044718108998e-15
5.056593071774693e-15
4.861432241109789e-15
4.016671667728508e-15
-3.075796101263932e-15
2.394974729351028e-15
-3.499060817373202e-15
4.080798937607248e-15
-6.037677439044897e-15
3.2049346293138758e-15
1.7420343317834138e-15
3.957579488934397e-15
6.039955890998892e-15
4.441652243241073e-15
5.0079574378177984e-15
3.313705542921725e-15
4.3222034570352825e-15
9.235012003212416e-16
7.059538753562909e-15
1.1323792609535078e-13
2.04079592402848e-12
3.09559922982406e-11
4.005074603064156e-10
4.4148603884679975e-09
4.147029199868824e-08
3.3194764552037764e-07
2.2642011201844246e-06
1.316052726914515e-05
6.518451829730066e-05
0.0002751240237114018
0.0009895219931341476
0.0030327406399148545
0.007920598034067347
0.017627615102953506
0.03343043499049078
0.05402607024230721
0.0744008013286516
0.08731014916965506
0.08731014916965607
0.0744008013286393
0.05402607024230149
0.03343043499048361
0.0176276151029408
0.007920598034058774
0.0030327406399100875
0.0009895219931280446
0.00027512402370639987
6.518451828884005e-05
1.316052727037277e-05
2.2642011177685193e-06
3.319476463150225e-07
4.147028862515889e-08
4.414862667420731e-09
4.005075205033911e-10
3.09617609404765e-11
2.0420682107570034e-12
1.1028144563066532e-13
7.818706608358626e-15
-1.7337683252343921e-15
1.6808088433938263e-15
-1.6127770520027463e-15
-1.209213541632979e-15
-3.8444359478858225e-16
1.4261591348384112e-15
3.1603830360640398e-15
3.963341414899302e-15
4.481983317779711e-15
4.5762329109425855e-15
-2.205777813422206e-15
5.052812461397547e-15
-5.8398311686730214e-15
2.5964738400915346e-15
-7.412752873495905e-15
3.2503875869566468e-15
2.0452816174332664e-15
4.111577684590597e-15
5.651050224568711e-15
5.876375867323062e-15
6.356501103862774e-15
4.538669387361333e-15
3.5015970837660887e-15
5.552159960130677e-16
2.7681831913413733e-15
2.1827684124420092e-14
4.1350648942883803e-13
6.246854154782958e-12
8.08606088799267e-11
8.913413382219904e-10
8.372708026081762e-09
6.701907147089015e-08
4.571343200443848e-07
2.6570646286932274e-06
1.3160527271978055e-05
5.554658240811236e-05
0.00019978104490253832
0.0006122997752166578
0.0015991411636066695
0.0035589541100403627
0.0067494884200134005
0.010907675463493631
0.015021262725142436
0.017627615103972406
0.017627615103975758
0.015021262725141392
0.010907675463504027
0.006749488420017498
0.0035589541100377988
0.0015991411636049856
0.0006122997752156416
0.0001997810449015276
5.5546582406097985e-05
1.3160527266592667e-05
2.657064630493746e-06
4.571343183464202e-07
6.701907212136695e-08
8.372705522297284e-09
8.913430463271761e-10
8.086104393305051e-11
6.252019694511805e-12
4.1402737043472194e-13
1.951887804097152e-14
3.225797553393626e-15
-5.444005621039678e-16
1.9252814213449654e-15
7.568029845537331e-16
-5.02220744969912e-16
9.195235457877768e-16
1.6248918594556524e-15
4.139294773674988e-15
2.8958682829040587e-15
2.853671449671427e-15
2.2002216746056206e-15
-4.7641604401833695e-15
2.6454223169450504e-15
-9.673769657671907e-15
-9.002525658442684e-16
-1.029674110805777e-14
1.3142658237462562e-15
1.2576743458930982e-15
3.2915148879327865e-15
4.361727248836925e-15
6.558950392233297e-15
6.3566074072667084e-15
4.8278998983207686e-15
1.4366434450041906e-15
-7.333125303580253e-16
4.497096623503373e-16
1.5138284014566702e-15
7.188976608799487e-14
1.0715154785563749e-12
1.3911143087675997e-11
1.53347823961347e-10
1.440482550648619e-09
1.1530285975253717e-08
7.864760995062541e-08
4.571343200743314e-07
2.2642011219556984e-06
9.556504208456963e-06
3.4371302671239905e-05
0.00010534303147900195
0.0002751240238128658
0.0006122997754075469
0.001161214816461057
0.0018766095403350382
0.0025843311008214194
0.003032740641042091
0.003032740641048687
0.002584331100801592
0.0018766095403465125
0.001161214816465578
0.0006122997754033226
0.0002751240238114273
0.00010534303147758677
3.4371302672854675e-05
9.556504207361946e-06
2.264201117590421e-06
4.5713431970714716e-07
7.864760744233285e-08
1.1530284855693475e-08
1.4404799558470126e-09
1.5334838023673836e-10
1.3910740075847881e-11
1.075555736482772e-12
7.03354017731895e-14
-7.428619361496331e-16
-4.37677918517353e-16
-1.927594747241027e-15
-3.720945927979104e-16
9.079383028138698e-16
-1.5037112228790699e-15
1.1522637836104318e-15
1.1537589985004656e-15
4.750217561638094e-15
1.793187634266551e-15
7.333015378525713e-16
-1.0967925241319045e-15
-8.100751577774155e-15
-1.4306228942446852e-15
-5.565164002813327e-15
2.737455631461556e-15
-7.380551173927285e-15
2.5327182802463275e-15
2.0625408152350865e-15
2.383056913128591e-15
2.2467748331717122e-15
5.721393526915661e-15
4.7312482192491985e-15
4.589370020136652e-15
-3.9571776603640275e-17
-8.715985606061797e-16
-6.323095940222987e-17
-1.6195187838108456e-15
1.1411679406234509e-14
1.5408499705103086e-13
2.03821007095401e-12
2.2478494095921686e-11
2.1118453491157677e-10
1.6904184589542615e-09
1.1530284132093439e-08
6.701907153249603e-08
3.3194764802714497e-07
1.4010500529749105e-06
5.039072275475561e-06
1.5444021857541398e-05
4.0335097420015725e-05
8.976741016194999e-05
0.00017024217695414884
0.0002751240243550386
0.00037888093257953774
0.00044462089318997224
0.0004446208931932386
0.0003788809325647539
0.00027512402436860573
0.0001702421769571052
8.976741016139095e-05
4.033509741915748e-05
1.5444021855266826e-05
5.039072278716486e-06
1.4010500527031766e-06
3.3194764507490454e-07
6.701906957661248e-08
1.15302822106536e-08
1.6904166627601946e-09
2.1118281907753786e-10
2.2478219059536863e-11
2.0368642660108016e-12
1.5688866574057192e-13
7.553492130991634e-15
-3.584714989818935e-15
-1.3853472010864074e-15
-1.895460134630123e-15
-1.371086325750986e-15
1.3441666515236301e-15
-2.6678537820623004e-15
7.76991268716772e-16
-2.895150535830797e-16
4.483424911944008e-15
1.0828841669849527e-15
2.5160599147632507e-16
-6.406061431757038e-16
-5.447864208007278e-15
1.6930443124031792e-15
-8.115664761716645e-15
-8.480608573555502e-17
-9.913625037879292e-15
-7.892009433167557e-16
-2.913823061298393e-16
-4.951248485489487e-16
-5.405672135763156e-16
4.429618191011525e-15
3.3896880892897787e-15
5.5859666765037576e-15
8.697318036044306e-16
1.138751609975925e-15
1.267473167524807e-15
-1.7729802640292158e-16
3.2197642624707077e-15
1.7357573807667633e-14
2.5288431258756507e-13
2.805192156725435e-12
2.6381951745902578e-11
2.1118199956690088e-10
1.4404763240943839e-09
8.37270326795363e-09
4.1470288688709684e-08
1.7503348092166271e-07
6.295323730440474e-07
1.9294249552167868e-06
5.0390723553312385e-06
1.121466176335209e-05
2.126839160819448e-05
3.4371303247604314e-05
4.73336760172977e-05
5.554658334737682e-05
5.5546583382748244e-05
4.733367599354802e-05
3.437130327093766e-05
2.1268391610075524e-05
1.1214661765703225e-05
5.039072355059676e-06
1.929424953556924e-06
6.295323790676968e-07
1.7503348309705535e-07
4.147028816493482e-08
8.372700943911376e-09
1.4404760466256963e-09
2.1118053120570867e-10
2.6381758214926368e-11
2.804088290661225e-12
2.5094268737823953e-13
1.8669059772496355e-14
-3.0551891717936875e-15
-2.520157233761949e-15
-3.6742528592631213e-16
-3.1347226022315034e-17
3.485695939073477e-16
3.96552167085285e-15
-1.4907413016486917e-15
1.9736982601338248e-15
-1.3284304775092903e-15
3.2164531150466712e-15
-1.0300170754060064e-15
-2.738410149243945e-15
-3.780652968739159e-15
-7.818680841024578e-15
-1.341176164502929e-15
-4.3925599758307365e-15
2.896205098231619e-15
-7.080308416761848e-15
7.751728572138408e-16
2.0517618329259215e-15
1.6077497982932698e-15
1.570547791826427e-15
6.3286006979635266e-15
3.956104117954073e-15
7.041737480224345e-15
1.8853365518705653e-15
2.335885567752238e-15
1.5481818417974146e-15
7.387835552150475e-16
1.824796999280501e-15
-1.0954962803776652e-16
2.2781576482634924e-14
2.9408651456470255e-13
2.8037927177543547e-12
2.2477159682579103e-11
1.533438682440692e-10
8.91340707258621e-10
4.414863265197775e-09
1.8633803221081502e-08
6.701908016663833e-08
2.0540372108517943e-07
5.364521781955623e-07
1.1938962703047518e-06
2.2642014485514926e-06
3.6591180040195672e-06
5.039072993193805e-06
5.913406931788151e-06
5.913406924019461e-06
5.039072971056073e-06
3.6591180200973817e-06
2.264201455165152e-06
1.193896273627385e-06
5.364521768347118e-07
2.0540371896375998e-07
6.701908736838963e-08
1.863380776884334e-08
4.414865358996629e-09
8.913396401501436e-10
1.533464351152309e-10
2.2477739953363354e-11
2.8060394382128525e-12
2.927424658301197e-13
2.1356402716290187e-14
3.9144585874693354e-16
-5.243081182177066e-15
-8.99922612116712e-16
1.2143390271310288e-15
1.7296281265391832e-15
1.8455195821105833e-15
5.660633307839887e-15
3.4232024267655256e-16
5.212158338958798e-15
1.3729411088128191e-15
6.531028141629812e-15
2.9823618683074306e-15
9.981559793918635e-16
-1.689409152511869e-16
-3.800712931566006e-15
2.170835592542244e-15
-3.036173770669312e-15
3.192431244476313e-15
-7.248458046130161e-15
-1.65156074742152e-15
-7.495842287831878e-16
-1.8301106016186826e-15
-1.840326167055539e-15
2.7138601995554657e-15
4.3880831835757644e-16
5.452471178667172e-15
1.3776950472900687e-15
2.5827197546036593e-15
1.1924911219596348e-15
1.1073227322837852e-15
1.5690555728005733e-15
-7.946372379012611e-16
-1.8828135119427132e-15
2.4455868220265654e-14
2.5089974541482505e-13
2.036210935884511e-12
1.3905795173875726e-11
8.085753069736325e-11
4.0050665200753096e-10
1.6904204212649244e-09
6.079838149179403e-09
1.8633827381109277e-08
4.8665908365718047e-08
1.0830796382527401e-07
2.0540399313460315e-07
3.3194813059155145e-07
4.5713500193116285e-07
5.364528625285905e-07
5.364528595026618e-07
4.5713497838110985e-07
3.319481374718419e-07
2.0540399648364752e-07
1.0830797284451256e-07
4.866591118722148e-08
1.8633826967300744e-08
6.079846644360223e-09
1.690428293199151e-09
4.0051075430593555e-10
8.085800768405863e-11
1.3910368149446661e-11
2.0391565153789084e-12
2.556019880793687e-13
2.4135918403386054e-14
-6.933184416667214e-16
6.452095625826132e-16
-4.546855772872152e-15
-4.364500966382174e-17
1.3724829346434363e-15
1.8242069832906223e-15
1.708174907939212e-15
4.918616557495002e-15
-1.279948185157904e-16
4.830761122898654e-15
-3.0657862623666627e-16
4.271877889147627e-15
2.0009724776032317e-15
7.086405028564878e-16
-7.936566523325388e-17
-3.020398688680202e-15
3.1900262702243258e-15
-1.7232073236957502e-15
3.3973753495538314e-15
-6.658536679388132e-15
-3.176207222631529e-15
-2.3025732429779255e-15
-3.4236479051095893e-15
-3.158817790480566e-15
9.440377239005686e-16
-1.2417641329348526e-15
4.743825226817118e-15
1.4920764794620452e-15
3.773345686257587e-15
2.022277121396806e-15
2.220583422288083e-15
1.9663450226605204e-15
-1.4325790169181108e-16
-5.003806726549322e-15
-3.7941469779571864e-16
1.468237294870326e-14
1.535577349752897e-13
1.0691012958828379e-12
6.247390174528448e-12
3.096051842956962e-11
1.306768536878851e-10
4.700043223178547e-10
1.4405025942561843e-09
3.762164577833141e-09
8.372846447997204e-09
1.5878943203653188e-08
2.5661559580829153e-08
3.533924449257189e-08
4.147099987744462e-08
4.1470986534582005e-08
3.5339247085500385e-08
2.56615653304775e-08
1.587894958498163e-08
8.372857118394074e-09
3.762167144125767e-09
1.4405046440740793e-09
4.700132177632505e-10
1.3068709209671865e-10
3.0965897371582663e-11
6.250308521241618e-12
1.0756884327140276e-12
1.5941530382155124e-13
2.1088150094367e-14
9.331541657168046e-17
-1.4688672810453577e-15
2.176759893629454e-15
-2.1434652008015728e-15
2.2815991955032767e-15
3.783421884250694e-15
4.32538229761955e-15
3.390118339079334e-15
5.086739315808302e-15
4.490338793878828e-16
4.890543709156585e-15
-1.0386320351189982e-15
2.571474261120596e-15
1.7381812671751831e-15
1.3919497752808758e-15
4.609706615074164e-16
-2.223799476124248e-15
4.1152163805763454e-15
-1.9846685804264904e-15
2.332954622506575e-15
-5.7883312290193825e-15
-3.953438979033857e-15
-2.378342936311741e-15
-2.8279994531646823e-15
-2.0164195691427234e-15
2.0565827099714206e-15
-1.8079626222725468e-16
5.2899325489722214e-15
1.257075569213902e-15
3.977624847167998e-15
1.3365045878321817e-15
1.4691182598589832e-15
9.343113319503637e-16
-3.4684512373472607e-16
-6.194231158044961e-15
-2.637693031270794e-15
-5.067260862699348e-15
4.613904545263974e-15
6.30026600829491e-14
4.0708051515387284e-13
2.0389073548918645e-12
8.607201910717789e-12
3.0966780549578715e-11
9.491201031436497e-11
2.4788853017929044e-10
5.516778469932018e-10
1.0462487427651289e-09
1.6908216857029252e-09
2.328478341262001e-09
2.7324766193095034e-09
2.7324644073358406e-09
2.3284645899592796e-09
1.6908233581837106e-09
1.0462520833745647e-09
5.516889081693424e-10
2.4789285275294376e-10
9.491537663929213e-11
3.09753122338782e-11
8.619725389318361e-12
2.044430197073069e-12
4.122798852441567e-13
7.057190925823301e-14
1.2643198211056118e-14
1.996124605632994e-15
-1.4303667793701216e-15
-2.259482673502083e-17
3.432396374470886e-15
-2.910802826460378e-17
2.7975720494421557e-15
4.070639087048691e-15
4.680091916117696e-15
3.3753102747544276e-15
4.294656862496189e-15
1.0101963637907804e-15
4.993080190245431e-15
-7.369776218862556e-16
1.9551164150386494e-15
2.292738328467626e-15
2.6704880324167536e-15
7.4578953159599895e-16
-2.237274364457904e-15
3.33856257944409e-15
-1.2572760723300968e-15
2.3122753023566808e-15
-3.4293870869904397e-15
-4.022425515730366e-15
-2.6063050029470136e-15
-3.072854440903264e-15
-2.812610695771122e-15
1.6493816299343817e-15
-4.292954243635651e-16
4.793806682288494e-15
1.1178331284680476e-16
4.210663240900641e-15
9.648973909564943e-16
1.0271023853974786e-15
-2.867267854185075e-16
-6.899693643130889e-16
-6.916905483425502e-15
-2.354801374345184e-15
-5.807171138920252e-15
-4.2096086926745876e-15
-2.2717327540513315e-15
2.020051619687898e-14
1.1629679579248002e-13
4.826849881444864e-13
1.7436214268659173e-12
5.344059229865836e-12
1.396684317574891e-11
3.107505668937973e-11
5.893082534926475e-11
9.524409647895723e-11
1.3115913827014157e-10
1.5391123792997533e-10
1.5390685194778904e-10
1.3115082740842885e-10
9.525201624106788e-11
5.894086391340278e-11
3.1082451876212245e-11
1.3968385345474932e-11
5.3500859455095894e-12
1.7509830659225293e-12
4.954921736077996e-13
1.2042574642691698e-13
2.6966445581111906e-14
5.357123767356671e-15
5.1201119289927334e-15
1.3689992312823089e-15
-8.32170235640076e-16
1.0895492877239677e-15
3.385255984256005e-15
1.1233425333084473e-15
2.6217927076265178e-15
4.425868181030889e-15
5.140663996059105e-15
3.6307893139796495e-15
3.448315430898176e-15
7.275972625261704e-16
3.0652185002183054e-15
-2.4568421699023275e-15
-8.480711890296492e-16
3.718797118059224e-16
1.891182724403613e-15
-1.0660717787603213e-16
-1.897719285724936e-15
2.9788622532678745e-15
-4.8940523884742005e-16
2.7558736522052414e-15
1.1630765348908824e-16
-2.2983254668459697e-15
-9.831795342789135e-16
-8.96215374280025e-16
-1.7684402780616508e-15
3.545593718312092e-15
7.270521721630841e-16
5.0650332454026776e-15
-1.3855838032641128e-15
3.916986420214272e-15
1.376495168077627e-16
1.073360225184747e-15
-8.752708886563841e-16
4.189077958229925e-16
-6.129106691531512e-15
-1.2700408347451793e-15
-5.777405578448962e-15
-5.069671822476503e-15
-6.293306458526118e-15
-2.0912622220276526e-15
8.533508113922867e-15
2.3069521773104302e-14
8.955135094043658e-14
2.712184187871927e-13
7.167261289992098e-13
1.5823659290533049e-12
3.0003458553548784e-12
4.855781199958243e-12
6.69384526470089e-12
7.845209055668153e-12
7.86418598268153e-12
6.684041121617228e-12
4.876502657712116e-12
3.0004398411987696e-12
1.5894386270443754e-12
7.168837310968574e-13
2.768698857409838e-13
9.459959012095563e-14
3.494269676297127e-14
1.0580002985709237e-14
5.792512834710923e-15
5.958197537713802e-16
4.256226464685599e-15
8.117001459540657e-16
-5.293650850832306e-17
3.1281659493378878e-15
4.833268004708717e-15
3.488027148696262e-15
3.162665382656709e-15
4.388185376086938e-15
3.705050468556892e-15
2.040133994046755e-15
1.255937890784037e-15
-2.2452309235227217e-16
1.2663970571570565e-15
-2.7258682687822636e-15
-1.4566807750125897e-15
4.3302009285154035e-16
2.507897055371285e-15
2.765389747062681e-16
-3.2346050324734576e-16
2.7861160016045955e-15
4.421329847574239e-16
3.718864952282456e-15
3.9836619819778685e-15
4.0362645815594086e-16
1.0643591996187403e-15
1.8998505244496104e-15
-8.768808251597917e-16
5.4407020929189296e-15
1.3688729985422406e-15
5.328765505766541e-15
-2.728378767207824e-15
3.871456508761538e-15
-4.2366201485704884e-16
1.7371633326950293e-15
-1.5074475718339503e-15
1.7390097331448633e-15
-4.449181149562466e-15
8.813609794570554e-16
-4.118191934635062e-15
-3.687635851403657e-15
-5.129603248128054e-15
-3.558100660529282e-15
2.944392850945942e-15
-9.963761463243864e-16
7.467497574405419e-15
2.2375961695830643e-14
7.077101945494232e-14
1.5039006511947038e-13
2.8445235470893845e-13
4.683909405605688e-13
6.503646628646327e-13
7.551414463505682e-13
7.480523265623075e-13
6.482692807182917e-13
4.621254700181306e-13
2.9133835978816007e-13
1.5736051574424491e-13
7.339422393142418e-14
2.9770906441587084e-14
1.0562960971649257e-14
9.406482678854648e-15
2.7138354856661595e-15
4.4937344183489786e-15
-5.650925923639284e-17
4.588909878655935e-15
1.8473817353264647e-15
2.0325934282239944e-15
5.544604732780015e-15
6.6462255758357776e-15
5.674404021941145e-15
4.429321889236668e-15
5.292787169871596e-15
2.897082541140906e-15
1.2133016494135047e-15
-4.978542356508059e-16
-1.45993775949442e-15
-1.1738726097229968e-15
-3.744830552235944e-15
-2.817351915251782e-15
-3.5137575712219654e-16
2.1019465862955423e-15
6.313738755798055e-16
1.7813668060155635e-15
3.0808378184202636e-15
-1.3373780576456655e-15
2.3747832271910096e-15
4.825265591808102e-15
1.0050294746197842e-15
9.744858981769446e-16
3.4164193663418683e-15
-3.807829127998061e-16
7.495495741353835e-15
2.4516341564605555e-15
6.31889055629871e-15
-3.3536579298855344e-15
3.3515763670395638e-15
-1.961405274157647e-15
1.0817074158446727e-15
-3.937110180003602e-15
5.141606988475739e-16
-5.077370213179588e-15
-5.334790942465498e-16
-5.9068992933742736e-15
-5.689217079612932e-15
-5.7115342003914264e-15
-5.332477689657708e-15
2.5775496514649355e-15
-9.985461373327914e-16
5.555961874939814e-15
1.3478255253482168e-14
4.4329895739153194e-14
8.556665382603049e-14
1.5975170773499612e-13
2.666965147570498e-13
3.6046232398017717e-13
4.245580339444911e-13
4.2768715713512197e-13
3.5381233914683897e-13
2.661169297475981e-13
1.5902034899592091e-13
8.916362373555941e-14
4.3363647916278795e-14
1.961770582973873e-14
7.305490270492467e-15
8.298873595934106e-15
2.174105840399167e-15
4.261659322632999e-15
-1.1369186589324568e-15
2.4778516574996343e-15
1.0854965995381083e-16
8.578850816190527e-16
3.9764297533321026e-15
5.121481872888297e-15
4.099502794930809e-15
2.951399176068799e-15
3.681476888216938e-15
1.2392577188618368e-16
-7.203756249845965e-16
-2.344012323852955e-15
-2.4704659852252068e-15
-2.8532990015937308e-15
-4.269361931914484e-15
-4.099134380915319e-15
-1.7295749991158921e-15
-2.493384593775632e-18
-5.408675155836278e-16
1.713387331761568e-15
1.4130250971689976e-15
-3.5277816451786624e-15
1.1244354336065733e-15
4.841568759009633e-15
1.4356813711413011e-15
6.631177797622831e-16
4.309871525568189e-15
8.248162377258471e-17
8.637343938194034e-15
3.364145057882776e-15
7.998082861510144e-15
-1.0765641966261714e-15
5.939731088437751e-15
7.215777172446507e-16
4.3359928492579406e-15
-2.302781719333775e-15
1.8959412191118534e-15
-2.43998696724977e-15
2.6241586795238213e-16
-4.82820960399012e-15
-5.462397053919527e-15
-4.2048709847786265e-15
-7.013238613865157e-15
2.935539321760317e-16
-3.1166473561201647e-15
2.0659599405508247e-15
7.85809340271545e-15
3.3674796694573294e-14
7.07864403656537e-14
1.3520296942581637e-13
2.2248135090178436e-13
3.066994660488684e-13
3.4715211620069054e-13
3.5591595798795554e-13
3.066759050590298e-13
2.14949855446927e-13
1.3654513962708432e-13
7.383831065973087e-14
3.2960207044056695e-14
1.3948793675326071e-14
2.084195702267787e-15
4.035716576379665e-15
-2.3344385470248663e-16
3.1643168561966794e-15
-4.4171110253375006e-16
2.5939711226977714e-15
1.3176250234356245e-15
2.415018859184694e-15
4.46459484807516e-15
6.125713657713586e-15
4.6625920558697976e-15
4.4114800864852725e-15
5.114774805478801e-15
8.203848308568004e-16
3.8866936549751444e-16
-1.355534031394644e-15
-1.7167631998152483e-15
-2.9657062993464876e-15
-3.867515877759122e-15
-4.535292499748358e-15
-2.5577764624484083e-15
-2.1683203210014728e-15
-1.4661029153090581e-15
1.1455664010723149e-15
1.0116311750285733e-16
-3.1576113640770018e-15
2.4228536892963815e-15
6.105709733152115e-15
3.250375319364514e-15
2.4197498432020207e-15
6.89679093529025e-15
3.767902901815005e-15
1.1547568842720809e-14
6.0220212334412635e-15
9.8301994255555e-15
1.3303985992953488e-15
6.497238937994103e-15
1.7244713151977731e-15
5.514116731823309e-15
-1.098153341902514e-15
2.206405602697676e-15
1.157567090824196e-16
2.2356899550673583e-16
-3.895424750053662e-15
-5.210803310201727e-15
-1.6371986349077562e-15
-6.7309965303009305e-15
5.354820788615112e-16
-1.156822948070601e-15
3.3070887877357358e-15
8.377747478527742e-15
2.92394944223713e-14
6.464233075891288e-14
1.1900216316362406e-13
2.0751640756209478e-13
2.683074654328768e-13
3.3698367721525844e-13
3.2616401531343724e-13
2.5950708790349577e-13
1.9936900448524022e-13
1.1301846204934883e-13
6.516731874104187e-14
2.8759242353336876e-14
1.216193186133416e-14
1.7111924698447416e-15
3.397408043530343e-15
2.4285760165368577e-16
3.1839531021385982e-15
1.1483631009317852e-15
2.3684089020171414e-15
1.934061477077703e-15
3.1995581514182522e-15
4.335156577152919e-15
6.933626089931576e-15
4.591849249987115e-15
4.637472798051636e-15
4.5605461634439106e-15
-1.4932125504284757e-16
5.930623173898476e-17
-4.550778908898009e-16
-2.6080810829496465e-16
-8.601048914297534e-16
-4.56631506233834e-16
-8.451129691289708e-16
7.751442729568997e-16
-4.92718991236803e-16
1.1811767826792736e-15
3.2093030600817983e-15
2.2162503618518324e-15
-1.0568174478366306e-15
5.117848932806002e-15
7.160527286592653e-15
3.526944396167217e-15
1.9703731680081687e-15
4.888178147506891e-15
3.0294837504786932e-15
8.344403454649267e-15
3.5399566636862317e-15
7.011050147239623e-15
1.366543774005493e-15
4.4873839035150254e-15
1.059522233882978e-15
4.042075434735675e-15
-2.0833576622010107e-15
-6.71496141545292e-16
-1.6783864447886057e-17
-1.7733137291570932e-15
-3.8165732066489455e-15
-5.005369802871871e-15
4.791927552860436e-16
-6.943433334782501e-15
-1.0275995011873406e-15
-1.5069609957157404e-15
1.6677284915251676e-15
5.769834023272629e-15
2.3169441209270063e-14
5.221090818195351e-14
1.0916345094353702e-13
1.7308074952395108e-13
2.3800261001186837e-13
2.607474061384401e-13
2.674978686536287e-13
2.3783417496695846e-13
1.6176546860046094e-13
1.0254247511185544e-13
5.455206238934745e-14
2.266061625572417e-14
8.506840576629064e-15
-1.0313340540433782e-15
8.014908709262799e-16
-8.30425576382844e-16
1.8433305501741282e-15
2.2958109102584817e-15
1.7784464635880504e-15
1.928432313945558e-15
2.3669613046735633e-15
1.9300539826347275e-15
4.503456841415637e-15
1.4928042818080048e-15
1.8357964363589808e-15
1.7972118431583667e-15
-2.189756763524543e-15
-1.2585701258968313e-15
-8.744892940483338e-16
-1.4966514233502393e-15
-2.44743366950282e-15
-1.6317110081593594e-15
-1.2005675173653499e-15
4.851791722976255e-16
-9.8880775063821e-16
2.813240590620919e-15
5.233574432879567e-15
5.942267559872766e-15
-3.5741330530798895e-15
2.9686324082639458e-15
4.065819266981484e-15
1.0773848671728508e-15
1.5073792004990778e-15
4.0641136178268466e-15
5.627672436433219e-15
8.328235952470062e-15
4.018223886069918e-15
5.864499581854001e-15
2.3169968558492247e-15
1.8478189649976424e-15
-4.687794807283316e-16
1.3433150117671309e-15
-3.625509168763618e-15
-3.909592426294711e-15
-1.1845437284954831e-15
-4.733579344277158e-15
-5.775271018398689e-15
-6.551250628270075e-15
6.948961754595957e-17
-7.974825424307313e-15
-2.776649155406004e-15
-1.3459133887370828e-15
1.4680747223857189e-15
6.3219378697848515e-15
1.979624165851583e-14
4.81612077147704e-14
9.177602320898766e-14
1.5726040616463564e-13
2.0130836109326796e-13
2.568083914298211e-13
2.519520247745197e-13
1.8771342742658504e-13
1.4839723364959388e-13
8.177128296665583e-14
4.8237979275769486e-14
2.0239099477757416e-14
7.924979060862262e-15
-2.3542754990776403e-16
1.1837111922763988e-16
-1.3289115491593246e-15
-3.3051917165260112e-16
1.5564384618559848e-15
-9.437821578853981e-16
-1.122394414375946e-16
-3.0528375552814653e-16
-1.244551153362327e-15
9.495736131833552e-16
-1.6611513345778955e-15
-1.717288394845975e-15
-1.7382455866414186e-15
-4.8592008578161415e-15
-2.8106197770926846e-15
-6.564781051803075e-16
-8.534174745604284e-16
-9.661324028999666e-16
7.615389761824654e-16
2.1025274915922447e-15
2.492016319551566e-15
-4.557202940042371e-16
3.022357961577828e-15
3.928921531107351e-15
5.2377983387731276e-15
-1.4806251731571575e-15
4.534095305779894e-15
4.037233106938304e-15
8.62108133125876e-17
1.0920892701347567e-15
1.5368782265707727e-15
5.744048357184333e-15
6.263381526694435e-15
3.3872543668288497e-15
5.555681388744097e-15
5.5800884525996625e-15
2.9531974887537343e-15
2.017075518249419e-15
2.5274519141615037e-15
-2.1223408755302048e-15
-4.157410298941695e-15
-6.981655270819561e-16
-5.176313042455345e-15
-5.899393642008635e-15
-5.558076881379208e-15
8.085426740796362e-16
-7.066517075092481e-15
-3.4095697530807826e-15
-1.4681295481287586e-15
4.989180971596173e-16
4.964933438210617e-15
1.548563046982767e-14
3.9999150557714394e-14
7.94327001748006e-14
1.2017400648436772e-13
1.6382060332681137e-13
1.8899796574208098e-13
1.9359933854873968e-13
1.6669593535099013e-13
1.1548286729141133e-13
7.150529247496369e-14
4.095772292025963e-14
1.5608631807424528e-14
5.119528435020592e-15
-1.8281252578832638e-15
-1.6130802343467562e-15
-1.941713039880154e-15
-1.417946637956432e-15
2.3007807746299005e-15
-1.4031254026446148e-15
2.0400091289206958e-16
-8.685365108330895e-16
-1.6418175899805825e-15
-4.418260159371737e-16
-1.0307489094188101e-15
-1.1731103992507002e-15
-3.035441659708342e-16
-2.4772997796895575e-15
1.8275684428146408e-17
2.314770762293646e-15
1.0633825794481335e-15
1.6699771224034897e-16
1.7514264362279827e-15
3.651585797307159e-15
3.2209906993426025e-15
3.0663940326593197e-16
4.405454864738025e-15
5.0397584918335036e-15
7.676206699374713e-15
-1.476176796865772e-15
3.369824109498827e-15
2.537395432475719e-15
-1.3896135189357543e-15
9.023697452042272e-16
-5.257979149244624e-17
6.245280334065147e-15
5.018242383728652e-15
2.3397305612249923e-15
4.277134242609573e-15
6.3391669172717086e-15
2.2368222244719242e-15
2.662355091213716e-15
3.2637059682018873e-15
-5.965729052496433e-16
-3.2735138964327614e-15
-1.9093118592494209e-16
-5.521023116238837e-15
-7.336522280568502e-15
-6.138890260216497e-15
-1.0122780360493127e-15
-6.961283266671813e-15
-3.887056962026121e-15
-1.1101389348695044e-15
6.937712061905777e-16
5.042024706183631e-15
1.2861652606156976e-14
3.4437603366185053e-14
6.699446115696618e-14
1.0966824295882113e-13
1.417126035424016e-13
1.6666045012846164e-13
1.6027246731653845e-13
1.3674248426497594e-13
1.0356350319930804e-13
5.5536814954097744e-14
3.554076551070133e-14
1.312303995675544e-14
4.920182854116675e-15
-1.4721285674808748e-15
-2.701937964000832e-15
-2.906660415790444e-15
-3.753965676783875e-15
4.877431126459101e-16
-4.263561571175351e-15
-1.4073198708974634e-15
-2.4303043699502245e-15
-1.3670956520636326e-15
-1.036705036521265e-15
1.1388506797516049e-15
3.8098026733253083e-16
1.685122080275365e-15
-3.903986720541536e-16
1.891361186369138e-15
3.801317717410848e-15
2.080148968020887e-15
8.023149117261681e-16
2.673507354293695e-15
4.856175570350927e-15
3.830081946500243e-15
8.535436489664678e-16
4.957862540412595e-15
4.4054740092569264e-15
7.17637096371647e-15
-1.3960986761875325e-15
1.6007523635839588e-15
1.1311737483954389e-15
-2.619125023697461e-15
1.5685177294828313e-16
-2.569660867118478e-15
4.142534015834687e-15
1.4755054366759833e-15
-1.661581049679986e-15
-7.831634867627121e-17
2.5069655651032865e-15
-2.7793041104515097e-15
-2.3045760673891615e-15
-1.3458977762992228e-15
-4.202243215201729e-15
-6.027306455371178e-15
-1.9196308978949068e-15
-5.5719512127946825e-15
-6.412688181880192e-15
-3.271926648163514e-15
6.376441421078191e-16
-2.870227145770236e-15
-1.022175527493013e-15
1.2798567097746608e-15
2.2888986182587903e-15
5.724415704282363e-15
1.1536834597978594e-14
2.8495625017105045e-14
5.2684212850773506e-14
8.444123869829318e-14
1.1515973906316e-13
1.3349313512622473e-13
1.2380323591207635e-13
1.0961260448915126e-13
7.987137870775006e-14
4.47881714684695e-14
2.8788305656159436e-14
1.0866619001469321e-14
4.014822930867292e-15
-7.984757198070457e-16
-1.5561296226246388e-15
-4.160466030725812e-16
-1.5285809134750206e-15
3.2275686102350174e-15
-2.7141826106023006e-15
-4.507979209013388e-17
-2.9936850440666624e-15
-1.96393174424264e-15
-4.674142682566557e-15
-1.320558245157307e-15
-3.443197334733177e-15
-1.6032871750584583e-15
-3.2470092002871635e-15
-6.4868968559807475e-16
1.210860192104284e-15
-2.2133332671943858e-16
-1.6481033615458206e-15
6.326748834598948e-16
2.832280932214769e-15
2.2170080936887456e-15
-1.7250141586461747e-16
4.8460437043929284e-15
3.2012826063977362e-15
5.741759550867641e-15
-2.6791635638675524e-15
-1.8277003789879317e-15
-5.896888436971147e-16
-2.7044240161040147e-15
1.4874588721761317e-15
-1.7450787230121358e-15
5.139228043857678e-15
1.6472827213884535e-15
-1.9367829927777624e-15
-8.663338540513868e-16
1.507591501136808e-15
-4.0046340821764016e-15
-3.647006979981279e-15
-1.7206903211723241e-15
-3.252140158803599e-15
-4.73635789522172e-15
-3.8782698858089167e-16
-3.839821031020093e-15
-4.668946316171351e-15
-1.9168939768810313e-15
-3.1425706734602563e-16
-1.8546166401225574e-15
-1.159265297337679e-15
9.84289257415572e-16
1.4733838565527879e-15
4.039639057200087e-15
8.252144830781135e-15
2.2962390027179233e-14
4.894649339543398e-14
6.819553414870947e-14
8.15555205213658e-14
9.932703124754324e-14
8.941412387502011e-14
7.083137497437017e-14
6.399514756402514e-14
3.189423277811978e-14
2.436703538130666e-14
6.6581846076190825e-15
2.305627009394054e-15
-1.1735428039163382e-15
-2.508353622860623e-15
-5.627938610102377e-16
-2.158875904796601e-15
2.968159888679486e-15
-3.333401787453788e-15
-2.794713323297239e-17
-3.3401950573999423e-15
-4.934600387305101e-16
-4.400435608689206e-15
6.408231754578283e-16
-2.489475418972433e-15
-2.55130013531471e-16
-2.2941309517424765e-15
-3.2573557771247796e-16
6.194169873384992e-16
-6.686225328141431e-16
-2.0366838752513026e-15
8.092932428466495e-16
2.9751524823822327e-15
3.0730120574185957e-15
4.738156755760824e-16
5.809738213462209e-15
1.824316385860209e-15
2.8499824382985262e-15
1.3310820449544892e-15
-9.136332143253764e-17
2.153474673846263e-15
-3.2167194238679117e-16
3.115333789634669e-15
-1.7663726618330404e-15
4.4687652122366206e-15
5.754319002599865e-16
-2.193216438486778e-15
-7.307683369568477e-16
2.0018448827086795e-15
-2.8580994929392047e-15
-2.7725974809626176e-15
-6.953862208841351e-16
-1.2802852020885562e-15
-3.567512101993042e-15
1.2502448403333145e-15
-2.057561482162502e-15
-1.4251349800180693e-15
4.252646382885074e-16
2.932418489774699e-16
-1.7591131430094213e-16
-8.446331155536308e-16
7.206061902698516e-16
9.586785200952576e-16
2.4367324658954277e-15
3.3497160870151e-15
1.4321207904477448e-14
2.5545409343924067e-14
3.301364358689662e-14
4.8503729597483085e-14
5.151254203044034e-14
3.963255442787124e-14
5.485058398052326e-14
3.7830274069844535e-14
2.51926800129331e-14
1.7599731605863328e-14
4.143560073132085e-15
5.158496481115017e-16
-1.5021889278015049e-15
-2.836569784967449e-15
-2.1616651408885062e-16
-2.11308452607213e-15
3.2709579769183505e-15
-2.983001983250799e-15
5.91207985748033e-16
-3.2496396230923392e-15
8.405204924044743e-16
-4.213194080395494e-15
1.6958091050856027e-15
-2.3343619690179352e-15
1.0556309423495433e-15
-6.483610857705715e-16
1.4101332407695935e-15
1.6809747170829148e-15
2.0591773101497212e-16
-1.6749870356799432e-15
6.136161151094894e-16
2.236702968209596e-15
3.1460202702931476e-15
6.682033821224706e-16
7.716357930658562e-15
3.2791684414676287e-15
4.121494130984175e-15
-1.5892634218167974e-15
-4.9113733874912505e-15
-4.2599326906837997e-16
-2.324648308782329e-15
2.0355636878171907e-15
-2.5458526942829377e-15
4.2769877668047975e-15
6.452168916947095e-16
-5.668074912773731e-16
1.6682990844681181e-15
5.05816151311248e-15
1.2903159761656372e-15
1.8430539471176323e-15
3.3856307516379348e-15
3.7514673037727074e-15
-1.0216926873739078e-15
2.734033207823088e-15
-2.9276943739070897e-15
-1.7521335863362058e-15
-1.987956423544341e-15
-2.2337215244650293e-15
-1.1061760346803994e-15
-1.1439329113155598e-15
7.014512743486592e-16
1.313592765238998e-15
-9.994193037012945e-17
-7.281957137961788e-16
1.1470855889260695e-14
1.2225484424393887e-14
1.5131830588051628e-14
2.637589236141852e-15
2.986663448072557e-14
1.924684524940206e-14
1.7207650320609155e-14
1.4364565743714856e-15
6.31826022086035e-15
6.928459100045444e-15
1.801305970530408e-16
-2.3264964647922062e-15
-1.6826933834686466e-15
-2.6597638637810006e-15
3.7158727389833473e-16
-2.1607358368456644e-15
2.1030139149833723e-15
-4.804964851857753e-15
-1.990021917358622e-15
-5.878024212420429e-15
2.732859919463546e-16
-3.585695755806378e-15
4.29761274695545e-15
4.0930295551332325e-16
5.44223256900063e-15
3.7163232474343946e-15
5.224295316767676e-15
4.1228466147064256e-15
1.7162005605744728e-15
-1.043430992797942e-15
-4.606247381691942e-18
7.482871163580705e-16
1.5518538976582337e-15
-2.132047858838983e-15
5.189902123596917e-15
-2.2476504114746446e-16
-7.736385623964915e-16
