-7.522114120008249e-15
1.4201852480995692e-14
4.690320178497484e-15
-6.884571871248068e-16
-1.5640533183298904e-15
-1.4498706295629978e-15
4.776849753979068e-16
-1.9430092330160544e-15
-2.1875773212045808e-15
1.1185674189407624e-15
4.138763068038108e-15
-2.0786427505531103e-15
-9.433863165765811e-16
5.071081819561238e-16
-2.844050444035898e-15
5.903188599048585e-16
-1.954974851943934e-15
1.1067338579428825e-15
-5.712235212848687e-15
2.873266135540486e-15
-1.2503690025498935e-15
-2.1261898204488926e-15
-1.4696425893149487e-15
-3.648205633698756e-15
-3.4289109742635894e-15
-2.9330811105587586e-15
1.603898863871025e-15
-6.089025080294694e-15
-1.5206137190040467e-14
-2.8821060201047155e-15
-4.265189734662724e-14
-1.761873066568911e-14
-2.1402566935108808e-14
-1.8954212227231506e-14
-1.2586813117871672e-14
-8.408135581857427e-15
2.9701152691518407e-16
3.5181870308489786e-16
4.505020655297999e-16
2.7496964134308463e-15
5.617834127166266e-15
1.7265738983866099e-15
1.021743498863638e-15
2.4464019875489817e-15
1.2735665862429069e-15
2.088265351305372e-15
-5.3476298869530994e-15
9.589704761908824e-16
1.7224256152781136e-15
5.092271016565439e-16
-1.0408343319549644e-14
-3.6080990917044876e-15
-5.071512255240202e-15
-3.855400947468246e-15
-3.1473197022443934e-15
2.3207534988463638e-15
-4.0937147755326814e-16
2.1249848869694496e-15
2.3522401158212304e-16
-1.706467695462756e-15
-3.409598768634799e-16
-1.2059767404209481e-15
4.940047921531448e-15
1.3590191619198731e-14
-3.574617629635922e-15
1.4057380944331913e-14
7.402438633599031e-15
3.1353544867554466e-15
2.135109035223489e-15
2.686887711387849e-15
4.397942800758832e-15
1.2422978738418233e-15
3.1728347449909153e-16
3.54094343797667e-15
7.097040750668464e-15
2.2280463519000064e-15
3.2291853521894988e-15
4.31144820569954e-15
1.928538563522187e-15
1.2046975727098063e-15
3.441076549794578e-15
2.056627013253061e-15
-1.7124033823671359e-15
5.889595389135621e-15
3.1797751111677167e-15
2.620266556747658e-15
1.7785068534636993e-15
-2.344149898866522e-16
-3.007252466785552e-15
-3.797072483594535e-15
-9.116852216421003e-16
-9.97316501557536e-15
9.58435389443916e-16
-3.0443302835161846e-14
-3.118529969996742e-14
-1.1172239713875267e-14
-2.1171452194896534e-14
-2.5960601584086968e-14
-2.2777824848848526e-14
-6.2184657843167015e-15
-7.256118470975309e-15
1.68958048903918e-15
-1.3499033372960987e-15
3.81728403451362e-15
7.151418985196386e-15
5.0991383445866935e-15
5.412989173061412e-15
6.8917758410354005e-15
4.670638467975483e-15
6.1094533634214894e-15
-7.164112928180927e-16
6.689119010050511e-15
5.0282031964779e-15
6.3417296764954356e-15
-5.03095997291331e-15
1.0779976987232564e-15
-2.4827444069797914e-15
-2.2660743283733686e-16
-1.4974760781913876e-16
5.205612299197752e-15
2.1617042765277905e-15
4.732449990921241e-15
2.0608454648542236e-15
6.198509808824433e-16
1.1573028131111293e-15
1.02828271863529e-15
6.740756309048241e-15
1.325827131237998e-14
-4.9765162018577435e-15
7.682035028256239e-15
4.634831172615692e-15
1.5718649593195508e-15
-2.895552371744844e-17
1.623547813291373e-15
2.673681325728574e-15
3.2502481113116247e-17
-1.567097966284169e-15
2.1109099938211904e-15
5.733765542603849e-15
2.0892684480897493e-15
2.639723032827792e-15
2.294225162624086e-15
1.0926774042154762e-15
-3.588145232152088e-15
3.0474308730052805e-15
-2.1654567765808537e-15
-2.8743278273422234e-15
3.431546680528174e-15
2.0222831186760828e-15
1.652519428444134e-15
-2.0412784505774503e-16
-6.4703793020478665e-16
-4.571489108773604e-15
-3.687310327572157e-15
-5.3034060177492606e-15
-1.47283532339301e-14
-1.4081926178015466e-14
-2.7729718749020097e-14
-4.5824512175721836e-14
-6.209789840082206e-14
-4.3843776461582844e-14
-5.495336234775886e-14
-4.016023343930143e-14
-9.300295249430644e-15
-7.096959567345977e-15
2.32896110871529e-15
-1.0658092924961941e-15
3.251813515697046e-15
5.139507275796215e-15
3.504470140425536e-15
3.6633997559283185e-15
5.0240340357924035e-15
1.015175538251699e-15
3.7306193452803375e-15
-3.3620031169086166e-15
4.919850738458526e-15
6.239360743476526e-16
4.584330036950395e-15
-6.0497560181851535e-15
-1.9135280294300154e-17
-4.923906305794021e-15
-1.3793781918353708e-15
-1.9408257217367483e-15
2.695743946309082e-15
-2.512887015020689e-16
2.4904085339681814e-15
-7.084216467410656e-17
-3.6644170463137455e-16
-9.760388410957025e-16
-5.542463984329524e-16
4.304107444940339e-15
7.094134452235968e-15
-4.9376155865290246e-15
3.357801011633507e-15
3.984589636486723e-15
2.555758995098466e-15
5.978130390831079e-16
4.162358528861072e-15
4.433741162277861e-15
3.2140229818584198e-15
5.066782777136159e-16
4.609983886603723e-15
7.804799719302186e-15
5.863103536869672e-15
7.333604277002289e-15
6.791622223531884e-15
8.153774897093102e-15
1.4851308905406186e-15
1.1115572494194804e-14
2.9733134627939232e-15
3.692866226187049e-15
7.691210387459342e-15
6.320820246806316e-15
4.233674714485568e-15
1.1519652328532307e-16
-6.274270354880434e-16
-6.81006543333294e-15
-5.853369228029092e-15
-7.94204605790354e-15
-1.53584550954703e-14
-2.777535534755363e-14
-3.970604931887115e-14
-8.308669038278692e-14
-6.377663636105104e-14
-7.99233117091055e-14
-5.6171161498644785e-14
-3.597163446786774e-14
-2.211445015276499e-14
-1.3948747205021833e-14
-1.2163583593300877e-15
-4.6706297585116774e-15
-1.754184103335015e-16
7.609682339847168e-16
1.2770353951892225e-15
2.3982239489509158e-15
5.649710744139796e-15
1.3265575973701476e-15
6.910493454915434e-15
-7.155043302566582e-17
9.438719160455989e-15
3.8250316718593154e-15
9.42177462830522e-15
2.592452509313573e-16
5.5532039880246746e-15
-2.558216565156284e-16
3.524327690035304e-15
2.4017845468384547e-15
5.269782440132218e-15
2.506324678791149e-15
4.111540408228316e-15
8.818397251635906e-16
1.0263817957596275e-15
-1.6840024113637422e-15
-7.786367731668365e-16
3.02934265622233e-15
2.499885102084519e-15
-5.043149498696273e-15
-8.053223050074232e-17
3.424824643707678e-15
2.986649313640653e-15
-7.13442611534321e-17
3.737030575151536e-15
1.5394296555735436e-15
6.455863231329266e-16
-4.259969774022896e-15
-6.440517771266892e-16
1.026006683178252e-15
-1.5925592603433222e-16
1.6770124684505943e-15
5.163389630471222e-16
3.778697896961247e-15
-3.11254521065773e-15
8.407359265048664e-15
5.953466865277277e-16
3.35647290558363e-15
7.228308574771246e-15
7.714182611347656e-15
5.693667682786714e-15
2.021178484898381e-15
2.6377545247218396e-15
-4.4559218072655775e-15
-2.6167041736713777e-15
-8.565542699067212e-15
-1.536155855964314e-14
-4.527127669229811e-14
-5.795787726529076e-14
-8.415984135889717e-14
-6.780201884821449e-14
-8.797796764933389e-14
-7.348974980534081e-14
-5.4477702923864026e-14
-3.0059197982451555e-14
-1.5301569331171088e-14
-2.2063105450506102e-15
-3.1057915376157835e-15
1.186350402984921e-15
1.0667279902264404e-15
2.205694220390259e-15
1.6673416280855826e-15
4.6731883860244684e-15
-1.8940350023088716e-15
3.967381975049321e-15
-5.179410672255475e-15
3.4662833772824185e-15
-3.507517909996833e-15
1.6975466532812653e-15
-5.3894522131168735e-15
-7.829865545549057e-16
-5.596650589471589e-15
-1.5323445544772822e-15
-1.6352374544274278e-15
1.3799797755021064e-16
-3.2020105547275227e-16
1.2305683662765833e-15
-1.0440148805870648e-15
9.811897733535417e-16
-3.0393115433736826e-15
-1.1085769616946422e-15
1.4268270372096295e-15
-1.3809891106809186e-15
-3.0477421099570892e-15
-5.113057593182877e-16
5.107148191017433e-15
5.12020621581878e-15
1.9953231726827803e-15
5.986931478482253e-15
2.608444265838182e-15
2.699464888214797e-15
-3.1810993096097155e-15
5.2801222891255846e-17
3.7909207347845567e-16
-8.635668608026602e-18
2.8587856498495935e-15
2.3748040699794185e-15
7.597410209048408e-15
1.861496640241504e-15
1.2862757195525645e-14
5.933141883446215e-15
8.144315140617807e-15
1.0462540702598852e-14
1.0411623519051325e-14
6.5292384702657915e-15
1.7834491360441643e-15
2.134080769829004e-15
-5.93498586083633e-15
-4.605550108631653e-15
-1.2788532884282793e-14
-1.7926325151259388e-14
-4.376100520898988e-14
-5.83714279254905e-14
-9.789483829130564e-14
-1.0095983291936779e-13
-1.0838310144406627e-13
-8.099059145688914e-14
-7.327732723105274e-14
-4.169063316425743e-14
-2.139938163049075e-14
-7.309758237482702e-15
-7.22381499092611e-15
-1.3997750183719853e-15
-1.896731384427914e-15
5.986124869897916e-16
-6.972346109665972e-16
3.4375014765901713e-15
-2.910652052260581e-15
4.239272111707748e-15
-5.053252764887029e-15
3.73014836041415e-15
-2.8667363425342326e-15
1.5882200657161898e-15
-3.1182147938940633e-15
1.2548122368697928e-16
-3.1452170567880605e-15
9.621903229645179e-17
1.0420700252213325e-15
1.2244245537704457e-15
2.798131168301647e-15
3.2085883147350672e-15
7.295314831741606e-16
3.4906300985267144e-15
-2.357971889748814e-15
1.4179091043588324e-16
1.455578881101235e-15
-2.411079909128539e-15
-6.190673658833305e-15
-5.654481440958197e-15
1.6304427584491618e-15
1.3104223288725676e-15
-1.2601990256375892e-15
1.7344416890148123e-15
-2.4257575919767827e-15
-1.9381428410487435e-15
-7.276269918572866e-15
-3.7864714063998044e-15
-3.427183175079877e-15
-2.505018125370694e-15
1.6554107241673747e-15
2.015596986432925e-15
7.551078439645145e-15
2.1542624014588365e-15
9.769792006423491e-15
3.856690644906765e-15
4.8974997451009565e-15
7.38163867658286e-15
8.389463505833836e-15
5.736504122744646e-15
2.363376468347819e-15
4.782413260682431e-15
-2.5200707854046894e-15
-1.0592750752214291e-15
-1.1685386654145525e-14
-1.986477224318882e-14
-4.986233788215173e-14
-7.316439853142519e-14
-9.743364336106404e-14
-1.1053990723060282e-13
-1.2082291617261916e-13
-9.225229726392995e-14
-5.695594660937362e-14
-4.8556211834994113e-14
-2.3973092609072187e-14
-6.7773320554740364e-15
-3.836592570526488e-15
1.9323525618259525e-15
6.785382659616065e-16
3.1632184530708845e-15
-3.4571071313841697e-16
2.434293381946213e-15
-5.332680836251043e-15
-7.946601113462615e-17
-1.0191210158325236e-14
-2.239242272716838e-15
-7.57538395690112e-15
-2.7334699512870895e-15
-3.9215115859814934e-15
-1.878112594464761e-15
-3.365768092235911e-15
-2.3674500614953326e-15
-1.655675385164832e-15
-3.99981414666538e-15
-1.4280853630334884e-15
-1.701968319263375e-15
-3.5526006197112928e-15
8.356434638494776e-16
-5.39474092096217e-15
-2.426684575287299e-15
-2.147400605350626e-15
-7.214622424164137e-15
-3.3944646751295123e-15
-4.233838192966966e-15
3.6423796205258136e-15
1.9171503932980696e-15
4.461062668804463e-16
2.815561225813389e-15
-4.1474257477863226e-16
6.577693694816392e-16
-2.8764827278137892e-15
3.0103571004234846e-16
3.5687370912955425e-16
1.198025146515268e-15
5.613071759470534e-15
6.59370349770458e-15
1.2160961769180414e-14
8.219449955501476e-15
1.2954780547278585e-14
9.000412489705131e-15
8.05460232067595e-15
9.55162088390049e-15
8.317582708572488e-15
4.522207121714677e-15
-8.827235530971251e-16
1.54680559677548e-15
-6.042286760343264e-15
-5.3188550662104454e-15
-1.5733414793742257e-14
-2.721849717636072e-14
-5.827455066057868e-14
-8.658020778484078e-14
-1.3264302719405549e-13
-1.4817399807226457e-13
-1.529014697662547e-13
-1.234886143334303e-13
-9.844831812500392e-14
-6.323993126844794e-14
-2.9397333847727574e-14
-1.2278298452899278e-14
-7.027990099910966e-15
-1.7723395937862941e-15
-2.6620720415160344e-15
6.689808848955413e-16
-2.0165433172511093e-15
1.98758019246565e-15
-3.296725038723258e-15
2.17243976539494e-15
-6.0265411053340614e-15
4.566984389891919e-16
-4.6211848828863e-15
-3.861951176978419e-16
7.331029036966759e-16
1.0136075914810295e-15
1.9916118000736225e-15
1.7074114807124767e-15
3.0948458882505973e-15
-9.161833455881546e-16
1.2033574882022394e-15
-4.3216040847539124e-16
-3.2762389559071375e-15
9.486791369403373e-16
-5.539414184322322e-15
-2.0556830212506247e-15
-8.518076189177392e-16
-5.706246823861159e-15
-6.567913447927708e-15
-7.089300371983049e-15
1.1722596977062586e-15
-1.278624563088866e-15
-1.5720661920965683e-15
-4.4292134415143244e-17
-3.178836813202268e-15
-3.4798616577398526e-15
-6.294567706841578e-15
-4.943258654416202e-15
-5.624322695720708e-15
-5.452703026732242e-15
-5.895634482615622e-16
1.3723337896688694e-15
7.13982035809359e-15
5.055104074075816e-15
7.708150482302516e-15
6.091801672252248e-15
4.2936883357907716e-15
7.0786009663343015e-15
5.307865347610843e-15
3.719317414228886e-15
-1.3142656772847888e-15
3.6781928781910364e-15
-2.944949090597638e-15
-3.0358845838465827e-15
-1.6825226042583713e-14
-3.0488068964387504e-14
-6.608456153973901e-14
-1.0927550223340241e-13
-1.519307106220535e-13
-1.5971809625378053e-13
-1.7157682591349557e-13
-1.4310030803018764e-13
-1.0305267591701795e-13
-6.469577979876579e-14
-3.381239597803157e-14
-1.0458726466897608e-14
-3.689023933344169e-15
7.320384835579668e-16
3.20286676793292e-16
2.7813073025582782e-15
1.6819801537667735e-16
2.7799951615374267e-15
-2.050935358092306e-15
1.346562171593409e-15
-5.4511766735776185e-15
-2.1642056220308953e-15
-7.620164133897451e-15
-3.9747110777842404e-15
-1.7497380187162573e-15
-4.642378336776423e-15
-2.7410282980279738e-15
-5.000124443676236e-15
-3.09708472599437e-15
-7.561179567217705e-15
-5.291542135488147e-15
-5.642762352772341e-15
-7.481505772758306e-15
-2.8009743271312555e-15
-8.896313662226137e-15
-5.9161641744406545e-15
-4.163742909227375e-15
-8.779774469988092e-15
-3.399912660782239e-15
-2.6178519593832892e-15
3.537115107432198e-15
5.202728844168446e-16
8.06288613976692e-16
2.3825907965600917e-15
-2.608859253617672e-16
-1.5857915430168662e-15
-3.235754346764347e-15
-3.573587747990486e-15
-4.571508271081963e-15
-5.253454089135416e-15
-3.5911966446482835e-18
2.2637829455371434e-15
7.382497500024522e-15
5.920543704698646e-15
6.635370336144025e-15
5.719338644331044e-15
2.7081539007241378e-15
6.235000888709674e-15
2.2708345397234773e-15
1.8213303786276655e-15
-4.072020695977852e-15
2.2703864742974587e-15
-4.146018117515937e-15
-4.962674343385646e-15
-1.9878414034753537e-14
-3.681475843855568e-14
-7.38557631998728e-14
-1.0977984724575102e-13
-1.677331713051139e-13
-1.9458145132251725e-13
-1.8973511713656348e-13
-1.534290389361881e-13
-1.2412811858980062e-13
-7.66672327463378e-14
-3.770276543263287e-14
-1.5741484366963795e-14
-5.128242697397097e-15
-1.490200005907964e-15
-1.779112208886624e-17
1.288970863545607e-15
6.860190172125362e-16
2.9348332630043423e-15
-6.498139756185445e-17
2.7837968388717985e-15
-1.0090921068561175e-15
-6.42035614786982e-16
-6.2136272793132095e-15
-2.2191555753643437e-15
8.896565523968627e-16
-4.7578607095333614e-15
-2.0685821422568516e-15
-5.421898214303778e-15
-2.607198639054959e-15
-7.038915337252009e-15
-5.268643384927782e-15
-4.5227311632475934e-15
-6.075338395103637e-15
-2.2370356110292313e-15
-7.880638435790274e-15
-5.245888859241122e-15
-2.1650265913428198e-15
-4.202277068244603e-15
-6.4916565343885635e-15
-2.8199680080115896e-15
-4.0612118780208976e-16
-2.364837233462083e-15
-1.5376833673156144e-15
9.349955143427799e-16
-5.719372050157143e-16
-1.6301362048407254e-15
-6.169599694496538e-16
-1.1787712356526205e-15
-1.0952703886123302e-15
-2.2111058253113028e-15
3.004303976809095e-15
4.204521103719984e-15
7.036365723140024e-15
4.081257058913488e-15
3.0308032401718585e-15
1.1211423212000328e-15
-2.2649732267765463e-15
2.8226828784862475e-15
-2.3152915410321037e-15
-4.140551251988726e-16
-5.424360019375795e-15
2.9261314016511796e-15
-2.7126655324569755e-15
-4.445609541761014e-15
-2.2068941768656416e-14
-4.395001108249023e-14
-8.63180124924036e-14
-1.424027589024603e-13
-1.811796303622437e-13
-2.3221965852237914e-13
-2.274209815642531e-13
-1.913602980922824e-13
-1.2354707220129376e-13
-9.100477617771536e-14
-4.3787445809621775e-14
-1.9819624913381743e-14
-4.509210081536119e-15
-6.940617641236534e-16
3.0745341275738614e-15
1.6740779192189805e-15
2.397804253664482e-15
2.836746704372717e-15
1.5777348951418194e-17
1.6925760552378931e-15
5.262886257865665e-16
-1.4420882026762186e-15
-6.515934839304837e-15
-4.714184634432319e-16
3.905598379214266e-15
-3.255585186970299e-15
3.9845174120786445e-17
-3.6986892406322266e-15
-4.3861374928059687e-16
-5.474998981387109e-15
-5.167646704075491e-15
-4.378930894238505e-15
-6.676658422738827e-15
-4.926490724263225e-15
-1.0737670270626335e-14
-9.720846642175433e-15
-6.958900153674038e-15
-4.708476391890254e-15
-5.711878637387912e-15
1.1063960948193642e-15
-2.1608037847964747e-15
-2.149894456032841e-15
-1.0077486543501316e-15
1.7517737430073993e-15
9.374109051726552e-16
-4.168349261969304e-16
2.5700965972557686e-15
8.951121808030808e-16
1.620354235233717e-15
-1.8068499331975418e-16
4.694042079076892e-15
5.070754723178645e-15
6.166824260593393e-15
2.3417149443207713e-15
2.1842440323795735e-15
-1.7060808254319228e-16
-2.375529456202513e-15
3.900790401872849e-15
-3.3146623857673373e-15
-1.0727908042781044e-15
-6.6474293181094406e-15
6.609759907895049e-16
-7.931868983624341e-15
-1.9475464868503134e-14
-5.83637492371528e-14
-1.243862490338203e-13
-2.4039479281489023e-13
-3.8247474956294683e-13
-5.445416730772542e-13
-6.368452324060238e-13
-6.346459059530165e-13
-5.251583135258032e-13
-4.0007071141298854e-13
-2.4351191366919575e-13
-1.2513616345074548e-13
-5.708582508961277e-14
-1.9186026673950693e-14
-6.991756702379664e-15
2.6580000082483606e-15
-5.2629252729007865e-18
3.438063584332904e-15
3.82748735274198e-15
2.249810577935188e-15
4.067658773235654e-15
5.117665295952281e-15
8.403223385818772e-16
-5.454256469296962e-15
1.3976847462106256e-15
5.227493254832974e-15
-3.224920020893626e-15
1.6979075863209607e-16
-2.7325257033776482e-15
1.4604720664218735e-15
-3.367277063545411e-15
-3.570432896520106e-15
-2.5707276307063077e-15
-5.375868165017503e-15
-4.920204329456575e-15
-9.713405776059716e-15
-1.0215750505054406e-14
-8.769311646913701e-15
-5.402889819338299e-16
-4.667233212540077e-15
5.0942703268403744e-15
-4.403580221138158e-15
-1.9375518311460253e-15
-5.564672277310761e-17
2.0229914397341956e-15
1.7635255808893796e-15
-4.828281933002287e-16
4.051384498918713e-15
1.0166728682898528e-15
2.911145807582332e-15
1.330462504892869e-15
6.214142365977103e-15
6.196351652254963e-15
5.04540991261543e-15
-8.253469463861243e-16
-9.6839293480227e-16
-5.3057738214101736e-15
-6.880172744102739e-15
9.09791464952613e-18
-8.682003308297586e-15
-6.6615133199808455e-15
-1.722283600775246e-14
-3.232553577584406e-14
-1.1629035498345446e-13
-3.4341361739249217e-13
-8.986902181324951e-13
-1.990620131946865e-12
-3.7694033090864926e-12
-6.1037754459016055e-12
-8.397397118832438e-12
-9.865203839288755e-12
-9.856730142261124e-12
-8.412252438662273e-12
-6.0996048122233835e-12
-3.780598689395398e-12
-1.9864595297100098e-12
-8.968705206803696e-13
-3.428461143499857e-13
-1.1500413136404018e-13
-2.8315880015352987e-14
-1.0941955301883961e-14
-9.288402848193054e-16
2.524383515924697e-16
-9.338466002985663e-16
8.64143143373238e-16
3.4666512670993488e-15
-1.0452667676013141e-15
-7.042834109002068e-15
2.211557258738066e-15
6.465370287949851e-15
-1.7809328265039075e-15
1.0730113089103439e-15
-1.307926506273712e-15
2.541955352671297e-15
-2.4842922798388254e-15
-2.8279431896935115e-15
-1.7203372682454802e-15
-4.8980099227677825e-15
-4.672197756191011e-15
-7.750054231529734e-15
-1.0220109792932947e-14
-1.1109003822964832e-14
3.6270113448804074e-15
-7.52279218359334e-16
1.069274405573927e-14
-4.92958143302302e-15
-1.2374273616804652e-15
8.291581354950414e-16
3.296439475129129e-16
2.6949351947476923e-16
-2.976510229194484e-15
3.619580541299488e-15
1.1808228769286142e-16
3.9564087645935246e-15
2.8068642940953414e-15
7.319573013575096e-15
6.9936562752564595e-15
4.062329439954213e-15
-2.3596178212912094e-15
-1.1140116498589578e-15
-5.1316917407619395e-15
-5.141477614938316e-15
2.0091358185088234e-15
-1.1983743038776216e-14
-3.337476794784704e-14
-1.5809025567333966e-13
-6.331536586782061e-13
-2.278951332843429e-12
-6.972665370660864e-12
-1.821180087479265e-11
-4.052648713733939e-11
-7.685889149424098e-11
-1.241947920810928e-10
-1.7106024570807522e-10
-2.0073205343732964e-10
-2.0072918545883308e-10
-1.7103399477115217e-10
-1.242115883953062e-10
-7.686158098657378e-11
-4.05193736101255e-11
-1.821128964344954e-11
-6.972599367804442e-12
-2.277081517845476e-12
-6.28291966586428e-13
-1.5222694810890427e-13
-2.8019144485805277e-14
-2.1939806945983713e-15
1.1332146934784775e-15
3.3711550666590406e-15
5.848844297816917e-15
5.819083985822788e-16
-6.72994484183073e-15
2.5426020763841396e-15
6.001702766062878e-15
-1.6103215415677627e-15
9.007932206351017e-16
-2.933433241108022e-16
3.1619722728650738e-15
-1.7172727934712987e-15
-2.083577713726756e-15
-1.5376255152684282e-15
-5.331027121689125e-15
-4.035789017817194e-15
-4.3473786201697095e-15
-7.967211787889407e-15
-1.0717082127082894e-14
9.896958338989951e-15
-1.952955857069075e-15
1.0633473604103434e-14
-7.704279766614052e-15
-9.958177877591709e-16
4.323941124658033e-15
3.5019333369854413e-15
5.6301521153699874e-15
1.7439812639541623e-15
9.262471378570997e-15
3.8393163187566465e-15
7.98610217778327e-15
5.686674415791567e-15
9.238347456812236e-15
8.490245878718903e-15
4.076463415279563e-15
-2.561819756534159e-15
-1.7602590337498492e-15
-6.108334086342587e-15
-8.05206079324822e-15
-1.2284361567234892e-14
-1.0188237855521313e-13
-5.432680585111732e-13
-2.6769616090300897e-12
-1.1256836251274782e-11
-4.0478658487277965e-11
-1.240381978491139e-10
-3.2394343620903636e-10
-7.209366855791927e-10
-1.3672294885559e-09
-2.2095469599012894e-09
-3.0428263968876862e-09
-3.5708132861803744e-09
-3.570792586965695e-09
-3.0428406255612813e-09
-2.2095475671445322e-09
-1.3672377878948247e-09
-7.209322961704194e-10
-3.2394149433418657e-10
-1.2403928155521643e-10
-4.0475015772515745e-11
-1.1252112871799332e-11
-2.671216304774469e-12
-5.399098880603365e-13
-9.259084912988581e-14
-1.4597731198025627e-14
-9.875202882110665e-16
3.3215604328711435e-15
-5.092078550731915e-16
-7.214427833224781e-15
2.1002493400278352e-15
5.379339020459804e-15
-9.282678855019758e-16
1.8084596211285163e-15
2.359064693868326e-15
6.248261044574971e-15
3.5066126628567003e-15
4.695298061306754e-15
5.079270589156969e-15
1.9068752504845894e-16
1.4715521315223586e-15
1.2619083048556853e-15
-5.761848873694981e-15
-1.2419297382088502e-14
1.0416183938738688e-14
-8.985223728751785e-16
1.0892669150144017e-14
-1.0161665257277655e-14
-3.6982936618513056e-15
1.665417130120674e-15
-1.7750533643732395e-15
1.0258064441710806e-15
-3.935267311196447e-15
4.90397196421835e-15
-7.344154496094857e-16
5.4250306458964375e-15
2.7984193273963764e-15
6.591695836238465e-15
5.923147734352979e-15
1.3064261247308347e-15
-3.936394579542253e-15
-3.5049526824638305e-15
-8.580535930114435e-15
-3.220619933608115e-14
-2.03968984139307e-13
-1.4132693129099226e-12
-8.171351378363945e-12
-4.047277696674477e-11
-1.7079470163121034e-10
-6.142887858633995e-10
-1.8826902557142513e-09
-4.9170145000543755e-09
-1.0943016511398002e-08
-2.0753208986877856e-08
-3.353873029846036e-08
-4.6187134152277444e-08
-5.4201077860390655e-08
-5.4201089443923193e-08
-4.61871157430064e-08
-3.353872560787615e-08
-2.0753207654399064e-08
-1.0943005590253476e-08
-4.917014948458854e-09
-1.8826950504141083e-09
-6.142840921371618e-10
-1.7079078857714188e-10
-4.046539191621679e-11
-8.16806630133863e-12
-1.402289141269811e-12
-2.0554109808471595e-13
-2.5677660085077607e-14
-1.5277624032509263e-15
-3.299625208798826e-15
-9.520292354311632e-15
-1.4203793377654838e-15
1.6813869063655303e-15
-3.4326574514782726e-15
-6.502665668981499e-16
1.996386067376666e-16
2.674966587540503e-15
9.010812308526932e-16
2.338885334879087e-15
1.9604276251695375e-15
-3.2609944387099858e-15
-5.781899219756639e-16
1.08812477237061e-15
-5.72506699765479e-15
-1.3169921067607677e-14
1.1387319285843794e-14
2.234959250289451e-15
1.2814588263987788e-14
-8.143399492964409e-15
-8.035507110130261e-16
5.243933739519537e-15
5.311240226044589e-16
3.939663815670402e-15
-2.7443486854927643e-15
6.032010582178471e-15
-6.262856048025459e-16
6.826587411089292e-15
3.171793033044453e-15
7.566948075279597e-15
6.8643717106896305e-15
2.7569787140072978e-15
-1.1100517191505996e-15
-4.370435205770689e-15
-3.8544787212191614e-14
-3.3867693908610376e-13
-2.6635469525522053e-12
-1.8190189302496673e-11
-1.0568532207877605e-10
-5.234619138368446e-10
-2.209343952858923e-09
-7.946212254865355e-09
-2.435396538693578e-08
-6.360516197713518e-08
-1.4155588871895708e-07
-2.6845802194061625e-07
-4.338481514040532e-07
-5.974643188839475e-07
-7.011309026962884e-07
-7.01130870776046e-07
-5.9746431405138e-07
-4.338481633942581e-07
-2.684580337483909e-07
-1.4155588566619126e-07
-6.360516208191227e-08
-2.4353971172775373e-08
-7.94620592307353e-09
-2.2093410501167223e-09
-5.234534235558565e-10
-1.056831159332995e-10
-1.8179694080095304e-11
-2.665860722928514e-12
-3.340542039383532e-13
-3.4934337006752597e-14
-6.1967374076020595e-15
-7.972137168820172e-15
-9.8844831061208e-16
2.0423196991154744e-15
-1.779822788850334e-15
1.5177458801749863e-15
2.4818049948945468e-15
3.4700764550353055e-15
2.9485800796917544e-15
4.546647928933297e-15
3.699904796927339e-15
-1.0593864576404156e-15
2.4348184057844475e-15
5.086991487157162e-15
-1.3001005357020364e-15
-9.892012440593842e-15
1.3673928338564535e-14
-6.002384866612779e-15
3.2413960801182164e-15
-1.4921785816934813e-14
-5.432181105288088e-15
2.3784243262187476e-15
-1.3619781109417386e-15
3.724361385259483e-15
-3.5335577570167318e-15
5.249500770204597e-15
-2.1168764856666407e-15
5.973792001140728e-15
6.468787117604005e-16
5.157993396209012e-15
3.825649825543271e-15
6.613714001282403e-16
-3.656912379434148e-15
-3.652564236287647e-14
-3.930163640463456e-13
-3.676862837066281e-12
-2.9382549906787917e-11
-2.0043435032017144e-10
-1.1649704499745492e-09
-5.770133825206861e-09
-2.4353952080074272e-08
-8.759238735648323e-08
-2.6845788182392335e-07
-7.011305059413092e-07
-1.5603946369340554e-06
-2.9592585792810353e-06
-4.782382050425428e-06
-6.58595110835955e-06
-7.728685203450367e-06
-7.72868520513765e-06
-6.585951096313916e-06
-4.782382041405127e-06
-2.9592585759906105e-06
-1.5603946287783215e-06
-7.011305030142372e-07
-2.6845788790767407e-07
-8.759237932111407e-08
-2.4353949363503972e-08
-5.7701238360835385e-09
-1.1649680022901165e-09
-2.0042418075834556e-10
-2.938466335184993e-11
-3.672991434221818e-12
-3.9122939053590046e-13
-3.956597762692857e-14
-1.0288419775469278e-14
-3.3328896951531992e-15
-1.4061499448581088e-15
-4.255070403113752e-15
-3.9222360301259943e-16
1.0689447915308667e-15
1.544028862997836e-15
2.9770178672530794e-15
5.009382268801035e-15
3.7831746447275435e-15
-5.030293246000157e-16
1.7643789212656538e-15
3.352182587344049e-15
-3.962979356646533e-15
-1.496696574414945e-14
4.581131919238543e-15
1.0299029807738314e-15
8.369545692113827e-15
-7.39180683245091e-15
6.890641530169451e-16
6.878752066960743e-15
2.156919450007688e-15
6.631874883641144e-15
-2.0471043515584425e-15
5.090003914046555e-15
-3.128445811679659e-15
4.85188302338277e-15
-1.422164301424914e-15
3.4302680090838402e-15
1.6134947368346933e-15
-1.5458287847597121e-15
-2.6033823764695344e-14
-3.3268909804482923e-13
-3.671883728172153e-12
-3.4488009176488764e-11
-2.760126907027931e-10
-1.8826824362506803e-09
-1.0942937378949058e-08
-5.420071601303619e-08
-2.2876470839121876e-07
-8.227842289303986e-07
-2.5217136893541474e-06
-6.585950752990759e-06
-1.465730294390892e-05
-2.7797294775132558e-05
-4.49224965256431e-05
-6.186401721576202e-05
-7.259809673575042e-05
-7.259809672761233e-05
-6.186401721469155e-05
-4.492249654276253e-05
-2.7797294777473225e-05
-1.4657302946580879e-05
-6.585950748099168e-06
-2.5217136953965594e-06
-8.227842215498341e-07
-2.2876470677495994e-07
-5.420070569700139e-08
-1.0942934614716871e-08
-1.8826731856273943e-09
-2.7601453946381023e-10
-3.4484597237616547e-11
-3.671491570617775e-12
-3.371992239582369e-13
-3.1457489235062693e-14
-4.6362158868204174e-15
-2.565196096208895e-15
-3.924617298596663e-15
-2.845180717386085e-16
1.0675689317930681e-15
7.300252064926443e-16
3.1363222877423314e-15
5.27442933282325e-15
4.096965653810319e-15
1.5865019920654038e-15
3.618389499569371e-15
6.444570773220395e-15
1.5232150433859788e-15
-7.662113024906267e-15
9.191561596750524e-15
-5.273127612201197e-15
5.833124103978407e-16
-1.0050204325313016e-14
-2.2404965899436736e-15
4.445537511984105e-15
1.229235511019162e-15
6.0203749872117715e-15
-2.4115163558350787e-15
2.7610751060037833e-15
-5.4796615819956786e-15
1.6242870538102508e-15
-4.982390553044768e-15
-5.014794054602393e-16
-3.618341737766241e-15
-1.7059992647808934e-14
-2.0977355337429752e-13
-2.667770675275054e-12
-2.938801066977644e-11
-2.760220234636378e-10
-2.2093430278029394e-09
-1.5069825073479654e-08
-8.759238059579893e-08
-4.338478900641159e-07
-1.8311399568402586e-06
-6.585950707657041e-06
-2.0184978707176017e-05
-5.271703771456075e-05
-0.00011732392505368597
-0.00022250258055215327
-0.0003595807248504212
-0.0004951885997073787
-0.0005811092049764302
-0.0005811092049583723
-0.000495188599711976
-0.0003595807248558887
-0.00022250258055404805
-0.00011732392505541038
-5.271703770888918e-05
-2.0184978712311866e-05
-6.585950700845234e-06
-1.8311399549965775e-06
-4.3384787896057476e-07
-8.759237610805772e-08
-1.5069815298142835e-08
-2.2093426106683057e-09
-2.760169228324972e-10
-2.9387354576996216e-11
-2.672808649354498e-12
-2.132139410784356e-13
-1.940789678681221e-14
-7.880243430797047e-15
-6.960712347931057e-15
-4.1474415097079865e-15
-2.244273276910449e-15
-2.3149233044214174e-15
1.0093243288169993e-15
3.4703818964423452e-15
2.7657992884924827e-15
1.5620620123890308e-15
1.850259170041495e-15
3.707624432010439e-15
-1.5701588476204057e-15
-1.027960509240421e-14
1.1743736929767575e-15
-2.4802947279171546e-15
1.843506244459241e-15
-4.374650193168778e-15
8.837748391046165e-16
6.415186957304696e-15
3.784665362007389e-15
7.571845188355422e-15
-1.227258877950441e-16
2.58466980376771e-15
-4.9753556270707225e-15
7.837017589085255e-16
-5.2838974638624935e-15
-1.6318260545508017e-15
-9.286393272550411e-15
-9.646594776084478e-14
-1.409680076850936e-12
-1.818309198721404e-11
-2.0042952579853383e-10
-1.882682191717907e-09
-1.506982042228222e-08
-1.0279061000119015e-07
-5.974639707951296e-07
-2.959258409669477e-06
-1.2490129580032232e-05
-4.492249621985221e-05
-0.00013768090136588937
-0.00035958072456125417
-0.0008002616195996127
-0.0015176808600064454
-0.0024526851885564994
-0.0033776608703284697
-0.003963721749872706
-0.003963721749849347
-0.003377660870330208
-0.00245268518856465
-0.001517680860006039
-0.0008002616195992579
-0.00035958072455410115
-0.00013768090136843112
-4.4922496214537336e-05
-1.2490129578714968e-05
-2.959258400305664e-06
-5.974639673350981e-07
-1.0279060262675202e-07
-1.5069820224863922e-08
-1.882677224358893e-09
-2.004298315648891e-10
-1.818888853532287e-11
-1.4111470333212055e-12
-9.790542242257264e-14
-1.3152058706447825e-14
-5.9739328388035046e-15
-4.127887434618558e-15
-1.1551629716803048e-15
-8.576523678420154e-16
2.1788459131089626e-15
3.688289539203758e-15
3.558481371946152e-15
3.1168335127191278e-15
2.245038342957713e-15
4.0306779907926354e-15
-4.495646786581061e-16
-6.025670598446485e-15
1.54896033854726e-15
-8.200922039144224e-15
-4.847893128005424e-15
-6.437231789382911e-15
-2.0487483591017544e-15
4.031735761554751e-15
3.336286664030393e-15
6.3306562701550886e-15
-1.443181847765633e-16
-2.9671660912282674e-17
-6.98971944228795e-15
-2.8808798004657415e-15
-7.884815268912728e-15
-5.801449518777731e-15
-3.658898080478011e-14
-5.429401572885748e-13
-8.174754527946928e-12
-1.0568330030470944e-10
-1.164970066051591e-09
-1.0942939036163537e-08
-8.759237902016478e-08
-5.974639682182048e-07
-3.4727219123416373e-06
-1.720050422171781e-05
-7.259809621618289e-05
-0.000261109196849097
-0.0008002616194922793
-0.0020900404494493445
-0.004651470562450681
-0.008821424982330062
-0.014256079104820872
-0.01963244234581226
-0.02303888451693478
-0.023038884516932832
-0.01963244234581198
-0.014256079104808556
-0.008821424982327205
-0.004651470562447381
-0.0020900404494434725
-0.0008002616194940388
-0.0002611091968453448
-7.259809621473457e-05
-1.720050421425938e-05
-3.472721909358755e-06
-5.974639625740574e-07
-8.759237866183166e-08
-1.0942934411020772e-08
-1.1649715445144778e-09
-1.056895903241723e-10
-8.174330150661127e-12
-5.435507749604964e-13
-3.9864416649897396e-14
-8.490736292198546e-15
-7.762565685646998e-15
-3.8569029095583044e-15
-2.947455454611493e-15
1.1951953041523558e-16
6.732724770804608e-16
2.7958826183615575e-15
2.776666276187665e-15
6.632351725999966e-16
1.1311896430850666e-15
-4.6931963080195565e-15
-8.836994920748908e-15
-5.642992256784259e-15
-5.963854241573655e-15
-3.85003086794388e-15
-4.355356136839686e-15
-2.3768924271138642e-15
2.249709445809511e-15
1.845019018349641e-15
3.6199712090076975e-15
-1.3221747949329885e-15
-1.9939552292406116e-15
-7.412706234510679e-15
-3.3761439023931387e-15
-6.507707408124515e-15
-9.934342577156282e-15
-1.5358831131318398e-13
-2.6672937053535054e-12
-4.046858447983724e-11
-5.234508750293556e-10
-5.770125261660399e-09
-5.4200709169819584e-08
-4.3384788432945885e-07
-2.9592584018130563e-06
-1.7200504221636874e-05
-8.519465511944605e-05
-0.00035958072450010755
-0.0012932823182847625
-0.0039637217492549705
-0.010352038114161088
-0.023038884516375615
-0.04369280396581639
-0.0706108220491855
-0.09724012350650177
-0.11411234203146825
-0.11411234203148456
-0.09724012350649971
-0.07061082204918329
-0.04369280396581583
-0.023038884516371448
-0.010352038114158229
-0.003963721749257776
-0.0012932823182867658
-0.00035958072450178156
-8.519465511778105e-05
-1.720050422227848e-05
-2.9592584003252963e-06
-4.338478857465302e-07
-5.420070634352824e-08
-5.770128298916652e-09
-5.234580153857658e-10
-4.046727342494851e-11
-2.6685601063184063e-12
-1.5686591924567315e-13
-1.182217626864088e-14
-6.994210748909703e-15
-2.0613740102180477e-15
-9.289794622437433e-16
1.4457740737239495e-15
-1.0311659418089871e-15
2.68965329057725e-15
1.4007806520040709e-15
-1.8624750892867103e-15
-1.585186088962797e-15
-6.8438646741273265e-15
-7.709858104395223e-15
-5.403766641995746e-15
-6.895513929697011e-15
-5.558311768769896e-15
-5.398924313289577e-15
-3.112625557005209e-15
1.7440854615446002e-15
1.8101964693353065e-15
2.9712104825582368e-15
-1.5129396392018713e-15
-2.413421019415004e-15
-7.890401638860076e-15
-4.2475644601098914e-15
-7.655414118919044e-15
-3.4125909385117653e-14
-6.361425820995676e-13
-1.1252656178065288e-11
-1.7079720122543425e-10
-2.209337064827149e-09
-2.435394673277595e-08
-2.2876470147490707e-07
-1.8311399510602909e-06
-1.2490129568182688e-05
-7.259809621230617e-05
-0.0003595807244918134
-0.0015176808597589706
-0.0054585512709584335
-0.016729663806720477
-0.043692803965576905
-0.09724012350599853
-0.18441403493038405
-0.29802680125611686
-0.4104209825260212
-0.48163348467746014
-0.48163348467743794
-0.4104209825260584
-0.29802680125613745
-0.1844140349304087
-0.09724012350601917
-0.04369280396559536
-0.016729663806736895
-0.00545855127097443
-0.0015176808597694557
-0.00035958072450014637
-7.259809621965187e-05
-1.2490129573235825e-05
-1.831139957225894e-06
-2.2876470333299804e-07
-2.435395321590991e-08
-2.209347077907949e-09
-1.7079705074308295e-10
-1.1257303454515935e-11
-6.417229847095972e-13
-3.8905476186192885e-14
-1.1779207883133875e-14
-4.976475742436129e-15
-2.5303864661556173e-15
7.974813350953483e-16
-3.418049739397335e-15
3.3944219478558588e-15
1.4413934827049947e-15
-2.7012167742794347e-15
-3.2339548616726967e-15
-9.221514123942232e-15
-9.345012482292126e-15
-7.788148630749113e-15
-1.6370496888989982e-15
-1.482797951739958e-15
-2.7287930219992253e-15
-1.7030990374074313e-17
4.446784350789536e-15
4.1468415747872315e-15
5.450528567558807e-15
1.3214855707292452e-15
2.268018184002373e-15
-2.693692174235474e-15
2.4414896105543375e-15
-2.8265650268447885e-15
-1.0459080181222016e-13
-2.26661995269508e-12
-4.0457183825183996e-11
-6.142758097934257e-10
-7.946188994542222e-09
-8.75923678791537e-08
-8.227842075690613e-07
-6.585950688462868e-06
-4.492249619381118e-05
-0.00026110919683100433
-0.0012932823182593008
-0.005458551270940303
-0.019632442345173425
-0.06017057344258388
-0.15714727446388493
-0.3497376911204627
-0.6632708439822583
-1.0718950326806398
-1.4761364099583227
-1.7322621241529503
-1.7322621241529612
-1.4761364099583854
-1.0718950326807382
-0.6632708439823515
-0.34973769112055364
-0.1571472744639692
-0.060170573442651504
-0.019632442345234244
-0.005458551270985376
-0.0012932823182994677
-0.00026110919686422857
-4.4922496221742e-05
-6.585950715005244e-06
-8.227842284199919e-07
-8.759239063092455e-08
-7.946213933635835e-09
-6.14287319676776e-10
-4.047454013704285e-11
-2.281875574184953e-12
-1.1897569918362595e-13
-1.5406945770456924e-14
-5.9290735382229694e-15
-2.924015174063473e-15
7.217399902791926e-16
-5.512412915748582e-15
3.2310385374537116e-15
5.35941858298488e-16
-3.753515233369422e-15
-3.800153858994126e-15
-8.251517306374322e-15
-7.121396331709012e-15
-4.2390517287366485e-15
-1.990053989444117e-16
-5.080778879926998e-16
-1.5787028008446112e-15
3.5352165018327267e-15
9.449940561957992e-15
9.312181308595102e-15
1.2410546319787836e-14
8.515799935968498e-15
1.2715167028077047e-14
8.46898069845608e-15
1.5859110454554323e-14
2.961201453430026e-15
-3.138606819556185e-13
-6.9395844349116795e-12
-1.2399426480466624e-10
-1.8826541987445574e-09
-2.4353915077241735e-08
-2.6845783383671316e-07
-2.5217136338031386e-06
-2.018497864697128e-05
-0.00013768090129169438
-0.0008002616194172649
-0.003963721749162399
-0.016729663806624204
-0.06017057344249702
-0.18441403492997138
-0.48163348467647804
-1.071895032680094
-2.0328284340998812
-3.2852019963988
-4.524142880692777
-5.309130852413309
-5.309130852413359
-4.524142880693031
-3.2852019963991115
-2.0328284341002147
-1.0718950326803975
-0.48163348467674527
-0.1844140349301867
-0.0601705734426804
-0.01672966380676875
-0.003963721749289682
-0.0008002616195252803
-0.00013768090138543404
-2.0184978733018772e-05
-2.5217137076711836e-06
-2.684579035175533e-07
-2.4353982242743432e-08
-1.882703282211769e-09
-1.2404785481835066e-10
-6.986737051418763e-12
-3.57952165394859e-13
-3.537951191021382e-14
-1.6884511168428116e-14
-1.1711312245178522e-14
-7.054300496690184e-15
-1.3354647303172635e-14
-3.1737076346810506e-15
-5.598255206229816e-15
-9.11049239254144e-15
-8.584103411818139e-15
-1.1492767806622095e-14
-9.862796938575379e-15
-5.574730076613381e-15
3.2827660833204846e-15
2.9839217320933874e-15
4.270728421239927e-15
1.235889437568349e-14
2.1334424206624268e-14
2.2187365597851584e-14
2.9976900891157653e-14
2.6731673243065856e-14
3.576823480340513e-14
3.308127843664032e-14
4.3927081133062644e-14
1.3169600426694655e-14
-8.155776097501469e-13
-1.811939057877619e-11
-3.238338001174614e-10
-4.916906887411878e-09
-6.360503241745246e-08
-7.011303696989815e-07
-6.585950596657561e-06
-5.271703754099905e-05
-0.0003595807243629808
-0.002090040449235719
-0.010352038113914545
-0.043692803965305824
-0.15714727446360244
-0.48163348467626066
-1.2578804734118707
-2.7994644767299666
-5.3091308524121565
-8.579950468476124
-11.815688006766024
-13.865838324187719
-13.86583832418794
-11.815688006766607
-8.579950468476936
-5.309130852413033
-2.799464476730771
-1.2578804734125701
-0.4816334846768329
-0.15714727446408133
-0.04369280396569783
-0.010352038114254138
-0.0020900404495283018
-0.0003595807246188717
-5.271703777115898e-05
-6.585950799258565e-06
-7.011305548116795e-07
-6.360520418494978e-08
-4.91705019326152e-09
-3.239744001835001e-10
-1.824350104823801e-11
-9.299050993232528e-13
-8.748942397062375e-14
-4.644759232614709e-14
-3.67892898700335e-14
-2.903982271505681e-14
-3.131210673210522e-14
-1.9495377974378036e-14
-1.906762720991775e-14
-2.003279769651226e-14
-1.690725409590097e-14
-1.7917271598504512e-14
-1.2396351067161319e-14
-6.093660466076664e-15
8.46663512910082e-15
1.4165969931227573e-14
1.6635038953873604e-14
3.076964768924807e-14
4.55655291653294e-14
5.161010825620847e-14
6.236068358659443e-14
6.43505319305153e-14
7.98986831056095e-14
8.514574259704577e-14
9.987495335531648e-14
3.378435731000953e-14
-1.8127148534750658e-12
-4.032454298857093e-11
-7.207089958867188e-10
-1.094277127679089e-08
-1.4155561013544196e-07
-1.5603943340393639e-06
-1.4657302607306131e-05
-0.0001173239246774018
-0.0008002616191748885
-0.004651470561974859
-0.023038884515826755
-0.09724012350537758
-0.34973769111976544
-1.0718950326793975
-2.799464476729428
-6.230322770822919
-11.815688006764663
-19.09503093203062
-26.296297257353856
-30.8589906983374
-30.858990698337877
-26.29629725735515
-19.095030932032444
-11.81568800676661
-6.230322770824721
-2.799464476730992
-1.0718950326806784
-0.3497376911208319
-0.09724012350625902
-0.023038884516590558
-0.004651470562632535
-0.0008002616197520203
-0.0001173239251962268
-1.4657303066363694e-05
-1.560394749054244e-06
-1.415559899156915e-07
-1.0943106906353823e-08
-7.210232301868424e-10
-4.0604812688811726e-11
-2.066044097648944e-12
-1.9304693305732907e-13
-1.0477035406134978e-13
-8.72193907459396e-14
-7.397904088183767e-14
-6.910580138680289e-14
-5.099356064738871e-14
-4.687153848087301e-14
-4.2033206053639464e-14
-3.235767744849841e-14
-2.6164785319818634e-14
-2.0016193985137454e-14
-7.483053798567302e-15
1.5410789461088058e-14
2.8439854402541663e-14
3.8892667471595e-14
6.108003075607295e-14
8.170556234208257e-14
9.530348113839247e-14
1.1714821027130948e-13
1.2557643955152012e-13
1.532113822624065e-13
1.6748661911435084e-13
1.897031973326554e-13
6.597671586968795e-14
-3.430896881944218e-12
-7.646958529213223e-11
-1.366807260066159e-09
-2.0752745592511132e-08
-2.684575035383283e-07
-2.959258010933234e-06
-2.7797294133219014e-05
-0.00022250257983858087
-0.0015176808592058768
-0.008821424981429363
-0.043692803964777455
-0.1844140349291881
-0.6632708439808774
-2.0328284340983718
-5.309130852410667
-11.815688006763608
-22.408226380661475
-36.21336105233175
-49.87042494508957
-58.52348581404474
-58.5234858140457
-49.870424945092026
-36.213361052335216
-22.40822638066515
-11.815688006767038
-5.309130852413632
-2.032828434100813
-0.6632708439829004
-0.18441403493087555
-0.04369280396622574
-0.008821424982687079
-0.0015176808603113386
-0.0002225025808226434
-2.7797295012783935e-05
-2.959258804960519e-06
-2.684582289782248e-07
-2.0753391261181983e-08
-1.3674015078691205e-09
-7.700290123820242e-11
-3.914217020011521e-12
-3.62222418544503e-13
-1.9713977995146665e-13
-1.659308286286954e-13
-1.4705697338687083e-13
-1.2787532619684834e-13
-1.0537220840395146e-13
-9.038190742610788e-14
-7.685866689350294e-14
-5.88512726208401e-14
-4.437318599737688e-14
-2.7036903420803306e-14
-6.596910879570649e-15
2.308782077726018e-14
4.587103056790164e-14
6.627082695060899e-14
9.81609048026502e-14
1.3176192822480596e-13
1.5916828821925196e-13
1.9009127175109782e-13
2.0934281396553125e-13
2.441745273869205e-13
2.7250045083950306e-13
3.034714259400086e-13
1.0803733301359115e-13
-5.547430810602893e-12
-1.2358696087930502e-10
-2.208858940918301e-09
-3.353798109893929e-08
-4.338473051200483e-07
-4.782381119183763e-06
-4.4922495499318437e-05
-0.00035958072369680807
-0.002452685187266299
-0.014256079103347162
-0.07061082204750674
-0.29802680125416503
-1.0718950326783605
-3.285201996396189
-8.579950468473285
-19.095030932027946
-36.213361052329965
-58.52348581404158
-80.59431718024
-94.5783073511752
-94.57830735117676
-80.59431718024396
-58.523485814047184
-36.2133610523359
-19.095030932033495
-8.579950468478081
-3.285201996400146
-1.0718950326816308
-0.29802680125689984
-0.070610822049854
-0.01425607910538838
-0.002452685189059567
-0.000359580725297277
-4.492249692836015e-05
-4.782382403497819e-06
-4.3384847943843386e-07
-3.353903192897503e-08
-2.2098252941038055e-09
-1.2444578351602109e-10
-6.324728980882457e-12
-5.891807426995763e-13
-3.2486767241916845e-13
-2.6621914498082457e-13
-2.3950488374108903e-13
-2.0970648750166657e-13
-1.7610477155738613e-13
-1.5023923466967833e-13
-1.2047871874079502e-13
-9.199802265242452e-14
-7.037781288389591e-14
-4.450468682636974e-14
-1.1875185854503458e-14
2.7893965113579045e-14
6.508770985420297e-14
8.440592681409655e-14
1.3606161890927112e-13
1.7222808871627155e-13
2.1707859900055506e-13
2.4657232874055673e-13
2.872766630514164e-13
3.3232264840643004e-13
3.797736579051367e-13
4.2020825329700993e-13
1.458390177309663e-13
-7.631684335346337e-12
-1.7018860164056005e-10
-3.0418840668189396e-09
-4.618607905722584e-08
-5.974631594156681e-07
-6.585949811325448e-06
-6.186401578344477e-05
-0.0004951885981123031
-0.0033776608685440897
-0.019632442343782176
-0.09724012350418237
-0.41042098252332837
-1.4761364099551426
-4.5241428806890625
-11.815688006761757
-26.296297257349366
-49.87042494508553
-80.59431718023745
-110.98867183660593
-130.2464129572018
-130.2464129572039
-110.9886718366114
-80.59431718024518
-49.870424945093745
-26.296297257357004
-11.815688006768365
-4.524142880694504
-1.4761364099596543
-0.4104209825271028
-0.09724012350743758
-0.019632442346589857
-0.003377660871024888
-0.000495188600317289
-6.186401776103787e-05
-6.585951586558881e-06
-5.974647842649324e-07
-4.61875266609126e-08
-3.0432128140506044e-09
-1.7137598977341435e-10
-8.70968842413029e-12
-8.0788661322219e-13
-4.4762384647118815e-13
-3.7855884440801914e-13
-3.3562592587730766e-13
-2.921309037257902e-13
-2.417146249435619e-13
-2.1158362506684064e-13
-1.6849872938904462e-13
-1.337837332040877e-13
-8.956173060476162e-14
-5.861908116829224e-14
-6.623645729004686e-15
3.340649276852334e-14
7.481849729512664e-14
1.04252384816899e-13
1.5071582360291646e-13
2.041174840902203e-13
2.4208199382039765e-13
2.9662160778367467e-13
3.337437321479129e-13
3.973810011340267e-13
4.4000578416882695e-13
4.945479570571832e-13
1.710098046735377e-13
-8.961084725987257e-12
-1.99728766243308e-10
-3.5696902486987874e-09
-5.41998626689462e-08
-7.011295196874534e-07
-7.72868370403889e-06
-7.259809504794904e-05
-0.0005811092030830693
-0.003963721747764579
-0.023038884514545707
-0.1141123420287472
-0.48163348467425965
-1.732262124149175
-5.309130852408769
-13.865838324182372
-30.858990698331354
-58.52348581403859
-94.57830735116991
-130.2464129571987
-152.8455815129638
-152.8455815129662
-130.24641295720508
-94.57830735117898
-58.5234858140482
-30.85899069834035
-13.86583832419012
-5.309130852415169
-1.7322621241544607
-0.48163348467870026
-0.11411234203255913
-0.023038884517849644
-0.0039637217506809696
-0.0005811092056706251
-7.259809737392407e-05
-7.728685783604582e-06
-7.011314202618367e-07
-5.4201567644442375e-08
-3.571246635980827e-09
-2.0112228537522114e-10
-1.0218202728873997e-11
-9.548507028503143e-13
-5.291417845432418e-13
-4.420693849081888e-13
-4.015919719372115e-13
-3.3824336468347763e-13
-2.959526627268135e-13
-2.3875243717275436e-13
-2.0123834041432805e-13
-1.5426354368166068e-13
-1.0957969346451997e-13
-7.064440756017218e-14
-2.290974053777254e-14
3.851298554870796e-14
6.190082672923449e-14
1.142528609878954e-13
1.434409701961112e-13
2.0366340623827277e-13
2.4108843596774247e-13
2.9437350095812666e-13
3.471553886757429e-13
3.980973014280261e-13
4.53400150303728e-13
4.926755766010474e-13
1.8006783065177824e-13
-8.951223897071484e-12
-1.9972217585512684e-10
-3.5696977474719027e-09
-5.419985409512896e-08
-7.011295209807402e-07
-7.728683702071765e-06
-7.25980950607834e-05
-0.0005811092030744149
-0.003963721747769236
-0.023038884514544104
-0.11411234202875788
-0.4816334846742639
-1.7322621241491647
-5.309130852408741
-13.865838324182294
-30.858990698331162
-58.523485814038224
-94.57830735116937
-130.24641295719786
-152.84558151296275
-152.84558151296528
-130.24641295720426
-94.57830735117842
-58.52348581404782
-30.858990698340136
-13.86583832419004
-5.309130852415142
-1.7322621241544562
-0.4816334846787005
-0.11411234203256557
-0.023038884517854262
-0.003963721750683724
-0.0005811092056758563
-7.259809737781208e-05
-7.728685797543297e-06
-7.01131419246161e-07
-5.4201570166280945e-08
-3.571243748111847e-09
-2.0112891371843474e-10
-1.0212572907863095e-11
-9.496783076584368e-13
-5.155058846564464e-13
-4.4878995430736575e-13
-3.885849599094544e-13
-3.3724039569611027e-13
-2.8878455772184876e-13
-2.4566360110334276e-13
-1.984632510503408e-13
-1.5907935176988418e-13
-1.204039788644241e-13
-6.046393565340726e-14
-1.9902560186199038e-14
2.5081116375710133e-14
6.671518193664902e-14
8.594021548242061e-14
1.3428530761725432e-13
1.7195552808598483e-13
2.189022737072936e-13
2.446689508536592e-13
2.942965290714557e-13
3.3404494071045747e-13
3.856334353267772e-13
4.173743120235571e-13
1.4393869195390972e-13
-7.632319027876174e-12
-1.7019152104148414e-10
-3.0418899477027496e-09
-4.618607882255842e-08
-5.974631617169834e-07
-6.5859498112828305e-06
-6.186401578715956e-05
-0.0004951885981115687
-0.0033776608685448014
-0.019632442343779026
-0.09724012350417867
-0.4104209825233149
-1.4761364099551086
-4.524142880688964
-11.815688006761503
-26.296297257348794
-49.870424945084494
-80.59431718023569
-110.98867183660363
-130.24641295719906
-130.2464129572011
-110.98867183660902
-80.59431718024342
-49.87042494509268
-26.29629725735645
-11.815688006768111
-4.524142880694403
-1.4761364099596217
-0.4104209825270976
-0.09724012350743799
-0.01963244234659464
-0.003377660871034321
-0.0004951886003254333
-6.186401777134978e-05
-6.585951594127944e-06
-5.974647940356278e-07
-4.618752927119732e-08
-3.0432201763757054e-09
-1.713857193200963e-10
-8.713341388178043e-12
-8.143037790970418e-13
-4.5141703700627023e-13
-3.8732285465491925e-13
-3.4269610846917167e-13
-2.9600909338408057e-13
-2.477473480609279e-13
-2.1666433832257863e-13
-1.684970324831314e-13
-1.3523734660711901e-13
-8.95365842841578e-14
-5.846242460923729e-14
-3.800297179910332e-15
2.0190238040812648e-14
4.3436371831625174e-14
6.993278508380522e-14
9.590105929273752e-14
1.3122218125983493e-13
1.5643884000732757e-13
1.8422885415609697e-13
2.1932274097452302e-13
2.4608466866301575e-13
2.8211859962664156e-13
2.9961967778590306e-13
1.0810415271659832e-13
-5.544835210698021e-12
-1.2358044104750658e-10
-2.208865516105944e-09
-3.353797349746658e-08
-4.3384730066167126e-07
-4.782381106009909e-06
-4.492249549530039e-05
-0.000359580723686389
-0.002452685187260454
-0.014256079103341663
-0.07061082204749951
-0.29802680125414444
-1.0718950326783152
-3.285201996396055
-8.579950468472962
-19.09503093202721
-36.21336105232856
-58.52348581403934
-80.59431718023691
-94.57830735117162
-94.57830735117311
-80.5943171802409
-58.523485814044946
-36.213361052334534
-19.095030932032763
-8.579950468477756
-3.285201996400019
-1.0718950326815877
-0.2980268012568915
-0.07061082204985147
-0.014256079105390666
-0.002452685189068808
-0.0003595807253022599
-4.492249693538397e-05
-4.7823824094068055e-06
-4.338484817173879e-07
-3.353902844562039e-08
-2.209826088128062e-09
-1.2445835794239835e-10
-6.327608985015677e-12
-5.956449481312493e-13
-3.2523271722383857e-13
-2.842401235146892e-13
-2.4865914014489055e-13
-2.1447760359038223e-13
-1.8146489575138128e-13
-1.5393344280009202e-13
-1.1824371658048108e-13
-9.160075533830284e-14
-6.785053825453983e-14
-3.912137083777911e-14
-5.0144161915728725e-15
1.0986834606871707e-14
3.4619987645201475e-14
4.367363879865162e-14
5.97604831306118e-14
7.91342696747388e-14
9.833750267462888e-14
1.1036221863910354e-13
1.3696594268029108e-13
1.5390023912110448e-13
1.778149508511499e-13
1.8837765478580707e-13
6.849672258516314e-14
-3.4330588529848373e-12
-7.647598096241885e-11
-1.366813264948018e-09
-2.0752740680610115e-08
-2.684575046863819e-07
-2.9592580115601124e-06
-2.7797294134219434e-05
-0.00022250257983414475
-0.0015176808592100746
-0.008821424981428594
-0.04369280396477415
-0.184414034929171
-0.663270843980835
-2.0328284340982274
-5.309130852410307
-11.815688006762784
-22.40822638065992
-36.21336105232923
-49.87042494508614
-58.52348581404071
-58.52348581404163
-49.87042494508859
-36.21336105233274
-22.408226380663606
-11.815688006766216
-5.3091308524132685
-2.032828434100678
-0.663270843982857
-0.18441403493087433
-0.04369280396623758
-0.008821424982697926
-0.0015176808603303673
-0.00022250258083611805
-2.779729503187587e-05
-2.959258813379149e-06
-2.684582374673637e-07
-2.0753393980658394e-08
-1.3674136527255041e-09
-7.701183351481558e-11
-3.915192917138653e-12
-3.716229274172323e-13
-2.0443823238330527e-13
-1.7946297178680878e-13
-1.557972234189027e-13
-1.3362647144717045e-13
-1.1563517484497976e-13
-1.0009428367179935e-13
-7.52352669822296e-14
-5.928472350029449e-14
-3.7276871226056734e-14
-2.25658041704767e-14
3.4401208570691796e-15
2.181074868303485e-15
2.0767115437998014e-14
2.6558109096618985e-14
3.250295081768201e-14
4.295925454495627e-14
5.3722113415832244e-14
6.145669536459926e-14
7.633514849017465e-14
8.491232676737155e-14
9.8645859845325e-14
1.016996140292939e-13
3.9352187713040374e-14
-1.8047594573639142e-12
-4.032144067285848e-11
-7.207093626346986e-10
-1.094276259689851e-08
-1.4155560442822708e-07
-1.5603943269241503e-06
-1.4657302607234938e-05
-0.00011732392467643507
-0.000800261619176502
-0.004651470561967788
-0.023038884515821076
-0.09724012350535854
-0.34973769111972053
-1.071895032679256
-2.799464476729086
-6.230322770822145
-11.81568800676322
-19.09503093202828
-26.296297257350652
-30.858990698333614
-30.858990698334118
-26.296297257351934
-19.095030932030085
-11.81568800676517
-6.230322770823959
-2.7994644767306553
-1.0718950326805512
-0.3497376911207918
-0.09724012350625513
-0.023038884516594145
-0.0046514705626419526
-0.0008002616197699066
-0.00011732392520302014
-1.4657303076536326e-05
-1.560394751505719e-06
-1.415559972731831e-07
-1.0943101958809604e-08
-7.210251865767567e-10
-4.060790722730533e-11
-2.0624355030183094e-12
-1.9386501214650475e-13
-1.0487848798497155e-13
-9.400748373379251e-14
-8.257145621222561e-14
-6.897733318753881e-14
-6.17233217654724e-14
-5.183708578785964e-14
-3.579949367005053e-14
-2.8632901792867475e-14
-1.928067607147047e-14
-1.1633994759341294e-14
5.86321538433045e-15
-3.1951921810361335e-15
1.0356162797754786e-14
1.2219625549088219e-14
1.2107817639926275e-14
1.660041644806775e-14
2.2318286473897333e-14
2.7020014651191717e-14
3.7005029546370014e-14
4.0755497631422334e-14
4.731250481791435e-14
4.7040901449741457e-14
1.825165954253035e-14
-8.080084223100664e-13
-1.8117839694855348e-11
-3.2383635401307136e-10
-4.916904081214539e-09
-6.360503078305935e-08
-7.011303688506164e-07
-6.585950600235634e-06
-5.2717037543634905e-05
-0.0003595807243695322
-0.002090040449235084
-0.010352038113912925
-0.0436928039652925
-0.1571472744635659
-0.4816334846761381
-1.257880473411572
-2.7994644767292973
-5.309130852410903
-8.579950468474085
-11.81568800676326
-13.865838324184455
-13.865838324184693
-11.815688006763832
-8.579950468474923
-5.309130852411778
-2.7994644767301136
-1.2578804734122797
-0.4816334846767252
-0.15714727446404758
-0.043692803965696775
-0.010352038114261563
-0.0020900404495394227
-0.00035958072463924224
-5.271703778031355e-05
-6.585950810267082e-06
-7.011305595081183e-07
-6.360521134226975e-08
-4.917050279231641e-09
-3.239782852409609e-10
-1.8248112615591105e-11
-9.281042579016855e-13
-8.666392659776537e-14
-4.783982496305217e-14
-4.3838452747192686e-14
-3.8897666515326076e-14
-3.0183788861404974e-14
-3.068317371047791e-14
-2.5480610917866377e-14
-1.5295476997596355e-14
-1.2544763825173441e-14
-8.91696679459221e-15
-3.219965293489393e-15
6.1789670000990116e-15
-4.036626898174363e-15
9.481901742715464e-15
7.792375274786195e-15
2.8137658426264626e-15
2.7265784624660775e-15
7.324104253461642e-15
8.886535940574333e-15
1.50819708897388e-14
1.7373117231456463e-14
2.1885886527209688e-14
2.0971455720325517e-14
1.0301136502002367e-14
-3.0371571524790227e-13
-6.935552660764858e-12
-1.2399263417161502e-10
-1.882649222420514e-09
-2.4353907995702424e-08
-2.6845783207812887e-07
-2.521713632538575e-06
-2.018497864684698e-05
-0.00013768090129315138
-0.0008002616194155604
-0.003963721749159904
-0.01672966380661465
-0.06017057344246903
-0.18441403492986963
-0.48163348467622763
-1.0718950326795316
-2.032828434098831
-3.2852019963970904
-4.524142880690457
-5.309130852410536
-5.309130852410625
-4.5241428806906745
-3.285201996397407
-2.0328284340991676
-1.0718950326798486
-0.48163348467650735
-0.18441403493010008
-0.060170573442657915
-0.016729663806771277
-0.003963721749298352
-0.0008002616195330896
-0.0001376809014014595
-2.018497873473758e-05
-2.5217137114391648e-06
-2.684579021431746e-07
-2.4353980231161877e-08
-1.882698640622751e-09
-1.2404654413006394e-10
-6.98711667518562e-12
-3.539043294813173e-13
-3.2148372252853526e-14
-1.699771089742605e-14
-1.7249192188891146e-14
-1.5883549302962885e-14
-1.059017640843212e-14
-1.4342174633388076e-14
-1.0986918811111688e-14
-4.6381933989262506e-15
-3.563185372101501e-15
6.775761495448495e-16
4.951627844006183e-15
9.111741394018455e-15
-6.2739258753930394e-15
5.7246301334321556e-15
3.982300933394681e-15
-2.309169812145445e-15
-3.1568262195715704e-15
5.199102628050276e-16
1.2444319388200045e-15
4.383886009174539e-15
5.9233727953026356e-15
7.588783797153778e-15
7.30276189839309e-15
3.3012225433529665e-15
-9.597437626313096e-14
-2.2644016923788967e-12
-4.0456901960572336e-11
-6.142761389614354e-10
-7.946184672173318e-09
-8.759237137553431e-08
-8.227842067936659e-07
-6.585950690352387e-06
-4.492249619457052e-05
-0.0002611091968309204
-0.0012932823182560456
-0.005458551270931953
-0.019632442345147827
-0.06017057344249643
-0.15714727446367163
-0.3497376911199904
-0.6632708439813682
-1.071895032679206
-1.4761364099563798
-1.7322621241506564
-1.7322621241507006
-1.4761364099564454
-1.0718950326793202
-0.6632708439814881
-0.3497376911200987
-0.1571472744637714
-0.06017057344257772
-0.019632442345213653
-0.005458551270985417
-0.0012932823183058127
-0.000261109196869415
-4.4922496234818104e-05
-6.585950715810489e-06
-8.227842307671151e-07
-8.759238985363262e-08
-7.94621068109248e-09
-6.142851762733727e-10
-4.047409632862228e-11
-2.283606890440295e-12
-1.1774890252847416e-13
-1.3727416673010008e-14
-8.087101668384783e-15
-9.280872852801231e-15
-8.76140413908646e-15
-3.869169157718693e-15
-7.243807249303477e-15
-3.1629695572929775e-15
1.691861252253608e-15
1.1498707112625716e-15
4.729679264965624e-15
7.520130568789259e-15
7.966156920734134e-15
-7.133766883984001e-16
8.25233727180519e-15
5.693885396782479e-15
-3.230716598222322e-15
-4.342403939642769e-15
-2.5688000395976177e-15
-1.1598925843740715e-15
3.2321420236352934e-16
3.1895028385948736e-15
3.251669221635664e-15
4.796600352995332e-15
3.456436673646685e-15
-2.0195702348313877e-14
-6.274321035005555e-13
-1.1245262760254809e-11
-1.707938754817098e-10
-2.2093298267821513e-09
-2.4353950578825402e-08
-2.2876469890368244e-07
-1.8311399543092325e-06
-1.249012956814251e-05
-7.259809621421235e-05
-0.00035958072448812116
-0.0015176808597533059
-0.005458551270937152
-0.016729663806647997
-0.043692803965394635
-0.0972401235056069
-0.18441403492964833
-0.298026801254924
-0.4104209825243912
-0.48163348467550815
-0.4816334846755272
-0.41042098252440107
-0.29802680125494735
-0.1844140349296885
-0.0972401235056398
-0.04369280396543479
-0.016729663806678972
-0.005458551270961889
-0.001517680859772101
-0.000359580724507298
-7.259809622383756e-05
-1.2490129584101706e-05
-1.8311399584109673e-06
-2.2876470517800602e-07
-2.4353952577363927e-08
-2.209341532533583e-09
-1.7079223201377828e-10
-1.1251450051300916e-11
-6.364438543046178e-13
-3.1953432089819046e-14
-5.391474693680276e-15
-2.610172788186542e-15
-4.58472537784754e-15
-3.9360202839417766e-15
-2.9584047515632226e-16
-2.8991364805531436e-15
1.3725850953985398e-15
5.154229547516468e-15
4.263836965945882e-15
9.031918885662906e-15
1.3147773980618408e-14
1.1776664656295074e-14
-9.210480190115082e-17
6.167436798754986e-15
4.6876113752642726e-15
-5.683607910571141e-15
-5.550133750607638e-15
-5.7693022051850846e-15
-3.0860673059808726e-15
-3.390908903959961e-15
1.5014187586302784e-15
2.9301892828651974e-16
3.573426671515928e-15
2.5386108810024212e-15
6.102543394554095e-16
-1.4755683591795826e-13
-2.6622822396345762e-12
-4.046811669189892e-11
-5.234469238277121e-10
-5.7701311592242775e-09
-5.420070582894952e-08
-4.338478883749085e-07
-2.959258400132511e-06
-1.7200504223583396e-05
-8.51946551129147e-05
-0.0003595807244926428
-0.0012932823182626927
-0.003963721749189657
-0.010352038113999498
-0.023038884516033843
-0.04369280396517317
-0.07061082204815561
-0.09724012350511925
-0.11411234202984089
-0.11411234202984535
-0.09724012350511901
-0.07061082204818064
-0.04369280396519418
-0.023038884516048228
-0.010352038114020058
-0.0039637217492048855
-0.0012932823182736075
-0.00035958072450065367
-8.519465512226045e-05
-1.7200504224005293e-05
-2.9592584085650147e-06
-4.3384788736068743e-07
-5.420070812832854e-08
-5.770128817468254e-09
-5.234552213452702e-10
-4.046596889420073e-11
-2.6670826122270363e-12
-1.5410098409988114e-13
-7.933584383858012e-15
-4.582751841760111e-15
-1.4971033960279175e-15
-3.975045962230162e-15
-3.122884509003702e-15
-9.970116214722851e-16
-2.3103295563156905e-15
1.7682654375043392e-15
4.390308238876843e-15
2.771904228710053e-15
7.943540541989075e-15
1.2818915314379472e-14
9.593271283237082e-15
3.124956336853014e-15
6.305956601302565e-15
6.681384005936961e-15
-5.954347257416827e-15
-4.552890545027253e-15
-7.28841547095147e-15
-2.9275059252562244e-15
-5.505268308567772e-15
4.664102186752597e-16
-2.207073052337949e-15
1.7837150755383493e-15
6.851661457419605e-16
4.057792050777335e-15
-2.8565713235301936e-14
-5.350153653879299e-13
-8.169633935084542e-12
-1.056759272626202e-10
-1.1649696282716137e-09
-1.0942928413536871e-08
-8.759237729431289e-08
-5.97463960376861e-07
-3.4727219112889926e-06
-1.720050421353044e-05
-7.259809620995249e-05
-0.00026110919683248736
-0.0008002616194389249
-0.0020900404493104266
-0.004651470562152754
-0.008821424981781133
-0.014256079103915287
-0.01963244234456684
-0.023038884515483825
-0.02303888451547096
-0.019632442344568374
-0.014256079103941192
-0.008821424981791679
-0.004651470562163067
-0.0020900404493278514
-0.0008002616194517847
-0.0002611091968405754
-7.259809621808089e-05
-1.7200504222011344e-05
-3.4727219114230563e-06
-5.974639679872704e-07
-8.75923776507319e-08
-1.0942931603141386e-08
-1.164967638472083e-09
-1.0568423990257832e-10
-8.169650477884353e-12
-5.401748653392974e-13
-3.315707980667877e-14
-1.1412303684856505e-15
-4.996330679739708e-15
-1.453906918083485e-15
-4.557485932189139e-15
-3.0614789115204923e-15
-2.310725443196373e-15
-1.5681064636673165e-15
1.6742207591302569e-15
3.2913917739134432e-15
1.2993644437769547e-15
7.244233661326311e-15
1.3786059137811605e-14
9.23381425174708e-15
2.4832502978673637e-15
3.1123360807278633e-15
7.454209935356422e-15
-6.384277648824222e-15
-2.7843653225497988e-15
-7.39067061614222e-15
-6.877871258257254e-16
-5.2196214531904556e-15
1.5353724787702801e-15
-1.7719994258641016e-15
2.340916319910248e-15
3.887604211510981e-16
2.998902812393005e-15
-5.635750661379893e-15
-9.342258656130147e-14
-1.4080725492281116e-12
-1.8180730889524072e-11
-2.0043140787058598e-10
-1.882674068774873e-09
-1.506982150286864e-08
-1.0279060292443885e-07
-5.974639701116072e-07
-2.9592584005096077e-06
-1.2490129571070077e-05
-4.492249620218031e-05
-0.0001376809013161852
-0.000359580724437459
-0.000800261619335943
-0.001517680859513684
-0.0024526851877570604
-0.0033776608692557097
-0.003963721748597465
-0.003963721748589834
-0.003377660869258512
-0.002452685187772162
-0.0015176808595257691
-0.0008002616193433622
-0.0003595807244472463
-0.00013768090132692612
-4.4922496207303065e-05
-1.2490129578616672e-05
-2.9592584063257247e-06
-5.974639685955158e-07
-1.0279060809276434e-07
-1.5069821876578142e-08
-1.882677165305121e-09
-2.0042994769212885e-10
-1.8189350148559767e-11
-1.4111657998636363e-12
-1.0065149373854526e-13
-1.0872717817090348e-14
-1.5505804589969535e-15
-6.546158083668557e-15
-1.369258051940824e-15
-4.4967935573429504e-15
-2.000400030145474e-15
-2.8904242189323203e-15
1.9688546078330728e-16
1.960606919973472e-15
2.647629008197524e-15
-1.0624901974725279e-16
5.447368594001229e-15
1.2336810461776904e-14
5.228402294751021e-15
6.6807231509802855e-15
5.050726388301368e-15
1.269620726168837e-14
-3.3099411653438397e-15
7.652360339421798e-16
-6.5722803179681376e-15
1.4931695059265357e-15
-5.303722234358085e-15
1.5326312865701142e-15
-1.9408108556499917e-15
2.712966628698008e-15
9.361731014308438e-16
3.1198497385379327e-15
-2.7392508492645153e-17
-1.3563957685328322e-14
-2.0646538365500843e-13
-2.6635571505910436e-12
-2.938606075626932e-11
-2.7601032189673403e-10
-2.2093414721263007e-09
-1.5069814280451254e-08
-8.759237799330961e-08
-4.3384788042243494e-07
-1.831139947355241e-06
-6.58595069189406e-06
-2.0184978664072872e-05
-5.2717037606115884e-05
-0.00011732392482423218
-0.00022250258011169627
-0.00035958072414672725
-0.0004951885987186229
-0.0005811092038028118
-0.0005811092038179302
-0.000495188598713435
-0.0003595807241519325
-0.00022250258012447945
-0.00011732392482613716
-5.2717037612652735e-05
-2.018497867328064e-05
-6.5859506949013364e-06
-1.831139955646199e-06
-4.338478859125099e-07
-8.759237755083319e-08
-1.506982025046307e-08
-2.209344038221091e-09
-2.7601550108237866e-10
-2.9386535312485155e-11
-2.6719715946668965e-12
-2.1054741253661417e-13
-1.9892161562659127e-14
-3.373577952042289e-15
1.9110625507017327e-15
-4.658803446794634e-15
3.8950963188299714e-16
-3.9306617575110424e-15
-1.0847715722891404e-15
-4.390647661022814e-15
5.674865299806887e-16
3.678298310372272e-16
7.772603874047879e-16
-1.470321211807534e-15
5.1557857499852705e-15
1.3812156276031239e-14
5.634018484386521e-15
2.1797210526431657e-15
-6.152715928597541e-16
1.075604405064336e-14
-4.80270627627328e-15
1.0940467989835118e-15
-7.077454629711218e-15
2.6338497185203447e-15
-5.714319295910682e-15
6.610841501341785e-16
-3.7552254378818794e-15
7.092677104905174e-16
-1.53650542481642e-15
-1.417655736732855e-16
-2.270944928140065e-15
-4.20371695376473e-15
-2.848583172823391e-14
-3.329747163677698e-13
-3.67388530465496e-12
-3.4480119815846943e-11
-2.760159211763975e-10
-1.882673345528934e-09
-1.094293644770111e-08
-5.4200706805522194e-08
-2.2876469830338318e-07
-8.22784212814892e-07
-2.5217136495308015e-06
-6.5859506560537085e-06
-1.4657302734478028e-05
-2.779729437653512e-05
-4.4922495885474665e-05
-6.186401633854525e-05
-7.25980957191896e-05
-7.259809571151643e-05
-6.186401635614115e-05
-4.492249589966365e-05
-2.7797294377888834e-05
-1.4657302739292421e-05
-6.5859506549567585e-06
-2.521713655500091e-06
-8.227842135754911e-07
-2.2876470524177583e-07
-5.420071117053088e-08
-1.0942935705616222e-08
-1.882679375243057e-09
-2.760187188373039e-10
-3.44863649683542e-11
-3.674885214802682e-12
-3.3931728012034725e-13
-3.167283894407725e-14
-8.8280909285869e-15
-4.82969016693165e-15
8.081738231208749e-17
-7.50966175940937e-15
-2.4163579034997306e-15
-6.736553754149038e-15
-2.185138247730542e-15
-6.6371975168618745e-15
5.2761095371354e-16
-1.2847254387360933e-15
-1.3741082807539965e-15
-3.984333183539613e-15
1.5390389804645989e-15
9.351936193576385e-15
-1.1150735272908033e-15
3.5096450853790033e-15
8.809177964445831e-17
1.2671698153910708e-14
-2.594966653974472e-15
3.775404136831812e-15
-5.247896364275552e-15
4.987789372083489e-15
-3.98118911083088e-15
2.0106790115405664e-15
-3.1364186411006894e-15
1.8318610381986933e-15
2.1899307084712684e-16
2.11441688217309e-15
3.1153477014391553e-16
5.127374237173767e-16
-4.0758390730054375e-15
-3.379144895774064e-14
-3.92489991199311e-13
-3.6667347018344596e-12
-2.9386334498718234e-11
-2.0042471377074295e-10
-1.1649713168143668e-09
-5.770127110573347e-09
-2.4353946722891246e-08
-8.759237623359516e-08
-2.6845785015288907e-07
-7.011304239506694e-07
-1.5603944467509558e-06
-2.9592582291824676e-06
-4.782381482836931e-06
-6.585950286835573e-06
-7.728684306588924e-06
-7.728684266280395e-06
-6.585950293674321e-06
-4.782381488847833e-06
-2.9592582327191186e-06
-1.560394449701158e-06
-7.011304203154842e-07
-2.6845785233662376e-07
-8.759237497254487e-08
-2.4353951861412677e-08
-5.770132329305846e-09
-1.1649717313216235e-09
-2.0043241898932537e-10
-2.93894854146592e-11
-3.674582833118383e-12
-3.937270347237867e-13
-3.7896204247548335e-14
-5.965114102082859e-15
-2.8091408988600956e-15
-2.2229341009411253e-15
3.4554087206021917e-15
-4.723516162314647e-15
-1.8316510821412843e-16
-4.351822752298778e-15
1.4516643007704146e-15
-4.394892961187e-15
3.1797157909605804e-15
-7.079897424308125e-16
-1.5807846252944358e-15
-3.652659242446057e-15
1.2207970737248732e-15
9.144746796722327e-15
-1.531792656230411e-15
1.2920441440561581e-15
-2.4895305225038385e-15
9.09535801714562e-15
-5.877863470248926e-15
-1.9279256634984776e-16
-1.01909288992996e-14
-7.939406550406665e-16
-8.84819119942096e-15
-2.9030335226700744e-15
-8.125896729850979e-15
-2.6805981537878767e-15
-3.3688329818575456e-15
-9.034491013652028e-16
-2.604163779919811e-15
-1.3399595007548266e-15
-5.341184026490548e-15
-4.262597384176647e-15
-3.966838909875986e-14
-3.2934890893715673e-13
-2.669090460840622e-12
-1.8179882932205934e-11
-1.0568437212270729e-10
-5.234512149783283e-10
-2.2093358123336e-09
-7.946196073464124e-09
-2.4353930938735505e-08
-6.36050860318429e-08
-1.4155571396926985e-07
-2.6845770575085256e-07
-4.338476272738038e-07
-5.974636120336519e-07
-7.011300530427288e-07
-7.011300399480852e-07
-5.974636253281868e-07
-4.3384762608736065e-07
-2.684577064566735e-07
-1.4155571414818682e-07
-6.360508068453594e-08
-2.4353933135361446e-08
-7.946196872875092e-09
-2.209339317661674e-09
-5.234564125885318e-10
-1.056830546812789e-10
-1.818570552846888e-11
-2.6689805057086897e-12
-3.3638399837591923e-13
-3.909878250376645e-14
-5.274618437178247e-15
-4.490648380611504e-15
-2.4549689006767077e-15
-4.198919831673632e-15
2.0176825380707973e-15
-6.976150546482297e-15
-4.091813038414955e-15
-8.284440623587546e-15
-1.6400134925396536e-15
-7.768125035274098e-15
-1.946413617736858e-16
-5.02042056956972e-15
-6.305368949690378e-15
-6.747533857622403e-15
-3.026041280156479e-15
5.2010640597391736e-15
-4.482661622062318e-15
5.3335905588334726e-15
1.5371368782422407e-15
1.1564023592433375e-14
-1.947119188788817e-15
3.2716114134181478e-15
-7.179791625668685e-15
-1.1471054538511849e-16
-6.639886536906119e-15
-1.819866344642428e-15
-7.256725658748783e-15
-2.26400054952126e-15
-1.7610635849479443e-15
1.114550625317648e-15
-9.594303284621684e-17
9.319200768133344e-16
-4.934962650114488e-15
-1.2507135032303092e-15
-7.549381927793025e-15
-2.2174604360340838e-14
-2.10736864227303e-13
-1.4053489675022924e-12
-8.172425718957804e-12
-4.0463907616872793e-11
-1.7079077287064204e-10
-6.142759299760675e-10
-1.882661994573878e-09
-4.9169460984055015e-09
-1.0942863655327273e-08
-2.0752915185423218e-08
-3.353827395401532e-08
-4.61864648696108e-08
-5.420031531917476e-08
-5.420033088178343e-08
-4.61864490076716e-08
-3.353826245779943e-08
-2.0752923761408384e-08
-1.0942857637919375e-08
-4.91694480629682e-09
-1.8826622386227296e-09
-6.14277725770509e-10
-1.7079281391433725e-10
-4.0470522616882105e-11
-8.171644411775984e-12
-1.4114290299330313e-12
-2.095244625251749e-13
-2.958835040207681e-14
-5.893510069699359e-15
-8.845719365602467e-16
-2.471442994189781e-15
7.211594298606199e-16
-1.1969373409355872e-15
6.338983861022071e-15
-2.3352089190391443e-15
-6.78861950760444e-16
-4.73896910789246e-15
1.6474160995080661e-15
-4.357163521744152e-15
1.992400840524335e-15
-3.0499013494066597e-15
-4.808703551075948e-15
-2.6426106854784793e-15
-9.598239503843425e-16
7.563467741922823e-15
-5.739699587553805e-16
-7.350090696140637e-16
-4.81931014417551e-15
4.0217194967675e-15
-6.299769094050871e-15
-6.738095921201566e-17
-8.792650485090406e-15
-3.1586190630622297e-15
-6.143793969473408e-15
-2.04112629284352e-15
-7.20330025921351e-15
-3.8618599808194656e-15
-2.7633426918955006e-15
-5.89483105035926e-16
-4.781855621052779e-16
-3.7679959833500197e-16
-6.436048624736941e-15
-2.1316585570021478e-15
-5.946308387784262e-15
7.133677314506649e-16
-1.9107324701390164e-14
-9.503871750157262e-14
-5.42552144223509e-13
-2.6651184157926366e-12
-1.1251142053823355e-11
-4.0461652495326535e-11
-1.2400775499506902e-10
-3.238750546578019e-10
-7.207901341565626e-10
-1.3669702293385002e-09
-2.209125950769602e-09
-3.0422588143355965e-09
-3.570119151631589e-09
-3.5701181535645937e-09
-3.0422612744624776e-09
-2.2091260689958506e-09
-1.3669698636619981e-09
-7.207890504605889e-10
-3.238715356149506e-10
-1.2400765565217335e-10
-4.046521210164273e-11
-1.1251572748304801e-11
-2.672342579199748e-12
-5.418227915366572e-13
-1.0014426089086512e-13
-1.6311966825121144e-14
-5.541986651249841e-15
-2.1199666081125937e-15
-1.6522922475089258e-16
-1.783396218173703e-15
8.714954687568263e-16
-1.2146915418296498e-15
6.069885708425968e-15
-2.3072419357184405e-15
-7.97728956967144e-16
-3.319435745909461e-15
3.0190089254339058e-15
-1.228124392088459e-15
3.0237710765317218e-15
-2.2157229184525325e-15
-6.363534425087398e-15
-2.9257144596645242e-15
-5.978395748726673e-15
1.1786776908841493e-15
-6.371851527676527e-15
5.875264140564005e-15
2.8877834475982995e-16
6.7772010049768875e-15
-1.649763616035174e-15
3.62937024219979e-15
-4.685932703089194e-15
-1.9099552987493258e-15
-2.4543434050752535e-15
3.7639528563835534e-16
-4.312475970048568e-15
-2.625609423725162e-15
-5.129241720831494e-16
4.842423485605075e-16
2.3116940619085203e-15
-4.835730293315772e-16
-6.540718120814306e-15
-2.8696485965649492e-15
-6.872022470368342e-15
-3.390446406546633e-16
-7.170186565630184e-15
-1.0739027909477965e-14
-3.658043013071133e-14
-1.5113795437497028e-13
-6.348594007137901e-13
-2.270525970103201e-12
-6.9537050028838115e-12
-1.8157706624645542e-11
-4.04079909544092e-11
-7.661905772905118e-11
-1.2384647304602005e-10
-1.705059275134902e-10
-2.0014257064979826e-10
-2.0011167299580433e-10
-1.7050432276215453e-10
-1.2383786830384052e-10
-7.662234299596665e-11
-4.040759595972255e-11
-1.8158372903577517e-11
-6.955525559464495e-12
-2.2766078042862826e-12
-6.356012467522174e-13
-1.59080683367047e-13
-3.636543466954919e-14
-1.4011632918001073e-14
-2.8270947371822136e-15
-4.272664661118777e-15
-9.155327781279396e-16
1.6444615420364693e-16
-4.3690147635484493e-16
2.5010913418256524e-15
2.1360134197631886e-15
8.794331910861383e-15
7.554065579815304e-16
1.9890405062122623e-15
4.525783393509728e-16
4.8199048180611424e-15
2.998282131848915e-15
4.869503767502872e-15
1.3743109885703198e-15
-4.09349554184462e-15
2.578937422328539e-15
-3.177415832641089e-15
4.4746691676754446e-15
-1.027792231095761e-15
2.9334844200979044e-15
-5.122111107695218e-15
8.654429441415091e-17
-4.91991623552638e-15
6.618209431532782e-16
-5.70553397869617e-15
-4.2152013830558555e-15
-2.6856682951936634e-15
-8.163181894122822e-16
-5.159655957799895e-15
-5.398755584422734e-15
-2.7094534683307976e-15
-3.2257873079113113e-15
1.158837288635337e-15
-4.047256061624313e-15
-7.964360465279399e-15
-4.063323305312915e-15
-7.457392527077909e-15
-2.5112258553654875e-15
-5.149819493999518e-15
-5.8216433329958585e-15
-5.5739639060450565e-15
-5.8460636650907264e-15
-3.021828961430752e-14
-1.0404727865310128e-13
-3.2111951360278576e-13
-8.433462770238591e-13
-1.8807892136649523e-12
-3.5655667523027063e-12
-5.7573046499469655e-12
-7.941036459935527e-12
-9.314654420540733e-12
-9.325785142957998e-12
-7.936217838688374e-12
-5.766968805543533e-12
-3.5598811272983797e-12
-1.879361941699304e-12
-8.477357215773855e-13
-3.259730426235234e-13
-1.1085784309988227e-13
-3.0440981503695994e-14
-1.1874062372111325e-14
-4.390840604590579e-15
-4.969518081201566e-15
1.5411517582806164e-15
-2.6937425377074296e-15
7.132611021550969e-16
8.753909913037412e-16
-9.685917760270033e-17
2.073518509176726e-15
2.0895230840121808e-15
5.923118733424135e-15
-2.2427561333955237e-15
-1.106920714753911e-15
-7.185796860872923e-16
1.1761059916454294e-15
3.066255206983188e-15
2.359534494620408e-15
1.3245066270487285e-15
-6.212426948182702e-15
2.1165057547690516e-15
-7.0180681827457586e-15
-8.464597137368787e-16
-5.816576089443871e-15
7.345247746592011e-15
-3.983030543510107e-15
-4.232455288334364e-17
-2.658856765538928e-15
2.0284511997718155e-15
-3.13533544627501e-15
-2.2972462210545507e-15
2.715400412371087e-16
1.9696663307867146e-15
-1.0971930928279853e-15
-2.146000821036752e-15
1.2873583861970704e-15
-9.434609723852004e-16
4.838634895515592e-15
-3.620018773416378e-15
-6.416948665646643e-15
-4.209706777154785e-15
-8.18187555418093e-15
-6.6504368942120524e-15
-6.8248291109877196e-15
-9.58135600597865e-15
-7.009657001301007e-15
-2.546709395214912e-15
-4.363119316408629e-15
-3.753141767438136e-15
-5.115298891220887e-15
-1.418567332579555e-14
-3.052029958863191e-14
-4.8996395550039e-14
-9.258439534581769e-14
-1.0998976623854404e-13
-1.5048853737876464e-13
-1.4557289237070373e-13
-1.0596662716068557e-13
-8.984821501477976e-14
-5.4969879574738516e-14
-3.2969590362504036e-14
-1.9948843899270546e-14
-1.093644783413056e-14
-8.952462994424955e-15
-4.469404535975421e-15
-6.285224345686495e-15
-6.030540212830947e-15
-5.112877994416247e-15
1.1726157374202934e-15
-3.4048232066942683e-15
9.250206711534662e-16
2.4919022316045325e-15
1.6967179661802934e-15
4.801101181669713e-15
6.041755083052561e-15
8.116250791640483e-15
1.3065076242356475e-15
2.2843242570549882e-15
4.130684994224101e-15
1.3772355893792932e-15
5.705062405578948e-15
1.2290632485979706e-15
2.7814698687615083e-15
-6.0620063845741176e-15
3.890025726088116e-15
-6.08476112666797e-15
-8.088740702236595e-16
-4.772767119968782e-15
9.876477367044406e-15
-4.9838046381587255e-15
-1.5654912770621119e-15
-2.339855111709973e-15
1.4599083849134704e-15
-2.7338154733431045e-15
-2.0800071504588514e-15
-1.1621037102514792e-16
7.303886437216654e-16
-1.4319359752166201e-15
-3.3159531979939855e-15
4.298340566295259e-16
-2.847774281576651e-15
4.3654069041676845e-15
-4.63092621185657e-15
-4.44369564462729e-15
-2.5829467491488247e-15
-5.0529886161057514e-15
-5.725128677904256e-15
-3.4122347114824714e-15
-7.879070706509422e-15
-4.430322862734408e-15
-1.2908106965796352e-15
-1.8374719949908803e-15
-4.173720939419296e-17
8.17545957494357e-15
1.7839126937453442e-14
4.18851976512975e-14
7.32374312849601e-14
1.3221860757311595e-13
1.5731060359075878e-13
1.8980263977036076e-13
1.896257448856864e-13
1.6487336450704017e-13
1.1250947580300843e-13
7.832980004506139e-14
4.073938113530627e-14
1.2449127170792405e-14
4.755933203181781e-16
-2.553400030953058e-15
-2.619358836980057e-15
-2.259698625072132e-15
-3.9269072573484005e-15
-5.04858141037868e-16
4.910402173859623e-15
-9.420591060451767e-17
3.746415413018212e-15
6.596503029281389e-15
4.282397979512227e-15
6.998865092158774e-15
6.72191050167969e-15
6.06144614478967e-15
7.481705681171791e-17
3.5394443227791197e-17
3.4791166995937408e-15
-2.8266079396684098e-15
4.673212377994641e-15
-1.9639875055015572e-15
2.8510654546873642e-15
-5.9420952314095376e-15
4.585865007466168e-15
-4.967430953840745e-15
-1.3772341458499453e-15
-5.418827083085025e-15
6.702341470813032e-15
-9.98256252498612e-15
-5.2207632279715076e-15
-3.962751972323097e-15
2.1354296595746156e-16
-2.12287590644129e-15
-3.406821890478065e-16
1.207753785461045e-15
1.4309868047509852e-15
3.956461503669875e-16
-2.1959752546100474e-15
1.1401175180803002e-15
-2.933194449312455e-15
4.179946526622364e-15
-4.620742239005398e-15
-2.9044378362691533e-15
-3.255989357252849e-15
-5.015181017502143e-15
-8.189300627339159e-15
-4.12736539077407e-15
-8.924606674653005e-15
-3.602448035222549e-15
-8.189534993910333e-16
3.5939190067473774e-16
1.1715716140240062e-15
9.077179238093264e-15
1.678434948821991e-14
3.664471930923577e-14
6.918054224050552e-14
1.1832623657676636e-13
1.655147039722609e-13
1.7840620780853457e-13
1.7774917943471348e-13
1.8768463075050485e-13
1.0594189196559571e-13
7.647927053542502e-14
3.6099737803443266e-14
1.3006264171915154e-14
1.3406261381494189e-15
1.3915779998640408e-15
-6.223467555210483e-16
1.8732738036713076e-15
-2.3524018372353626e-15
8.09439578727386e-16
4.0969706907188525e-15
-1.4829023219961519e-15
1.7148140005855123e-15
7.140050804759162e-15
4.705380238508639e-15
8.304501316769314e-15
6.535098363109308e-15
5.251924745939817e-15
7.228783723783481e-16
-4.0937731149321415e-16
4.011773707389601e-15
-4.33787201291507e-15
5.085014418160216e-15
-2.936520540565737e-15
3.509989907639037e-15
-5.114683235628622e-15
3.6803193974347615e-15
-5.759594319045633e-15
-5.141501201779617e-15
-1.075628752446658e-14
1.202220134493879e-14
-5.1958043836177916e-15
-4.502394276176102e-16
-1.0559215537511383e-16
3.0425514199008578e-15
1.436623377176955e-15
3.6214076049097695e-15
4.765359133920026e-15
4.540653465374765e-15
4.9523044228102e-15
2.2496810508148986e-15
4.8004733877589044e-15
7.001708663355253e-16
6.905780274435126e-15
-4.0027373741646773e-16
2.724002287287413e-15
3.7923054126318734e-16
9.788440942830177e-17
-4.99686134239018e-15
-5.925447470821194e-16
-6.9177981865097276e-15
-2.3240709385039306e-15
-2.1293620951730642e-15
-7.486777237310314e-16
-1.0551038863771123e-15
6.9109879211989245e-15
1.5020765873270066e-14
3.5465890995624164e-14
6.216267099933013e-14
1.0840170701778751e-13
1.2173631090290097e-13
1.6566277770488526e-13
1.6413608766450682e-13
1.3231363069469614e-13
9.336447372744923e-14
6.24769755007049e-14
3.227638816412063e-14
1.3032143763644796e-14
1.471092883185049e-15
2.425083312687102e-15
-1.6057312167729297e-15
2.2814069768281614e-15
-1.6043160021794337e-15
1.7260309041651262e-15
5.2452436443094345e-15
4.732276836643181e-16
2.6379314058569506e-15
9.57519949380385e-15
6.566685448061713e-15
1.041274815255632e-14
6.843418940736458e-15
7.584878806502276e-15
5.222929406891776e-15
3.823125056402836e-15
8.104132260584146e-15
-6.899230707584852e-16
7.953260972270261e-15
-8.283313219940348e-16
5.445097685533751e-15
-1.5778846372046326e-15
6.182367255078194e-15
-5.546702413208905e-16
-2.0464603456054828e-16
-6.151940308035006e-15
6.1593189193696026e-15
-8.190280023036914e-15
-2.45143567490372e-15
-2.1452468742380902e-15
1.2495581732299157e-15
8.378498780329513e-16
2.173848597357154e-15
1.9096365246254053e-15
-5.384361764677956e-16
-7.794322256745145e-16
-4.477075080727361e-15
-3.5308020107521506e-15
-6.374455255398053e-15
-2.362217038862654e-16
-3.976166930284293e-15
1.7423439436984023e-15
-1.3944536073071939e-15
9.967204640636553e-16
-4.5323292373667115e-15
1.2712887320462954e-15
-4.753345098402273e-15
4.765641808959283e-16
-4.665785936120632e-17
2.690021402244437e-15
2.587109495496765e-15
9.12128386646414e-15
1.5722531983583104e-14
3.053284153865374e-14
5.498774611624365e-14
9.268147343227087e-14
1.2690167991532505e-13
1.3841805107577968e-13
1.379850518404633e-13
1.3577523375365584e-13
7.401565147774379e-14
5.563404554197511e-14
2.874163314831225e-14
1.6026980995478716e-14
5.021437223423621e-15
6.0731577276522804e-15
1.4024239112161377e-15
4.4144477110493264e-15
1.3726421254782603e-15
2.1188506041694383e-15
4.624447859129439e-15
-4.3294519453615427e-16
-7.160056364018583e-16
6.699419339774021e-15
3.254506410234248e-15
6.475811686918657e-15
-2.254729153581097e-16
2.2966672411864263e-15
-3.022559362453138e-16
-2.5280561574032058e-15
2.5408278243206357e-16
-6.117856698804866e-15
1.7329575843818298e-15
-4.219128757070244e-15
2.3575484570869967e-15
-1.9824969386865868e-15
3.839317868744103e-15
-1.8686622847216716e-15
-2.680412112553827e-15
-1.0034318187435392e-14
8.964314711177897e-15
-5.172444454407655e-16
4.037613176353612e-15
2.7853764388433912e-15
5.41689729852256e-15
5.9459779066088235e-15
5.788303231830777e-15
4.830097485503068e-15
7.310884891741787e-16
-1.6371491987446576e-16
-4.13741354679733e-15
-4.799648175585439e-15
-5.89504442752944e-15
-3.8961137842362357e-16
-1.717314703226114e-15
5.2221551899939815e-15
1.2367479923930598e-16
4.328408788940533e-15
-2.2368263158170678e-15
4.2662473473747056e-15
-2.4149164037182155e-15
2.0103789938359568e-15
1.5507705923862566e-17
2.5378697755332317e-15
2.0585711366407128e-15
6.065942832613056e-15
1.2593898372830943e-14
2.56795562110432e-14
4.7850622189820956e-14
7.733885102210998e-14
9.314684354376043e-14
1.2626200005136093e-13
1.3302758892304851e-13
9.266094039694248e-14
6.902611633185267e-14
4.734151016673756e-14
2.9164326313980237e-14
1.3266842757110971e-14
4.8818004188693695e-15
3.985222629670722e-15
8.152014444035104e-16
2.2167042656038375e-15
1.637059212924632e-15
5.0038626215492e-16
3.0083230898936187e-15
-8.274441406114287e-16
-3.1612233208325984e-15
5.057522447842411e-15
2.2036754028414592e-15
5.502482483892288e-15
-3.066749167340399e-15
2.7605173868805756e-15
-3.751868590719488e-18
-1.762951594575733e-15
-8.616479185419646e-16
-3.761030141324884e-15
1.8856231537864814e-15
-8.636235456925128e-16
4.8691611178327516e-15
2.647610150410507e-15
7.082605289827911e-15
3.0809363956310246e-15
3.694405594177418e-15
-3.1479458809742907e-15
7.507972673903939e-16
-1.2851951675569855e-15
1.7750264419764147e-15
-4.069377173997814e-16
1.6057165945190033e-15
3.4254934644127484e-15
2.4049526004931356e-15
2.4370854325310795e-15
-1.2610655391836112e-15
-1.4414835213001967e-15
-4.5060201159013365e-15
-6.696838108592839e-15
-6.366378834683555e-15
-2.1516617415348756e-15
-2.353959307478124e-15
5.444114800135309e-15
-1.6597847141677124e-15
4.600738628824847e-15
-2.70242585978791e-15
5.26475715356785e-15
-1.2019745664037958e-15
3.496503269850499e-15
2.1902146937950864e-15
5.36875426463932e-15
6.446006938999523e-15
8.79873394022589e-15
1.373721999457665e-14
2.301236714869481e-14
4.039541756810274e-14
7.382150224108994e-14
8.358283682984593e-14
1.0380044861297733e-13
9.553318835004601e-14
9.281415847685672e-14
5.3251477982428066e-14
4.387790041203476e-14
2.5394077428206578e-14
1.4415202641268074e-14
8.879291631809887e-15
6.177022050419576e-15
4.658966925326465e-15
3.2493363058286683e-15
3.82694580135405e-15
4.6618716344891e-16
1.231152321281151e-15
-2.070681178655982e-15
-7.622388032408349e-15
6.698193832118289e-16
-1.535563885229509e-15
1.938354879331963e-15
-7.437496420757419e-15
1.8368407778501863e-15
-8.995280976684058e-16
-1.555713213072871e-15
-2.8458984356636744e-15
-3.283703778932372e-15
-1.2708942998437366e-15
-2.050842656409413e-15
1.9048007802570996e-15
1.377043301820299e-16
2.744550320431695e-15
-1.1248782039126686e-15
7.987306368939186e-16
-5.156374540112747e-15
-1.6038347696128154e-15
4.378192576899808e-15
4.312380772134438e-15
6.11049746991445e-16
1.6406772979324476e-15
4.525976696222843e-15
3.3960446796473202e-15
4.521464819256386e-15
1.3858941435780131e-15
1.6134200674253316e-15
-7.190259252658427e-16
-4.328721933513535e-15
-2.311222167065616e-15
1.5148729803934723e-15
2.4162543652648354e-15
1.1720728261864448e-14
3.0949518077720864e-15
1.1243713645526032e-14
2.3066982640346754e-15
1.0160021894177014e-14
1.6741216768288243e-15
3.745003661321272e-15
1.1405567449467467e-15
1.9244928416727615e-15
3.239719530967578e-15
3.923108328153934e-15
9.321364481145619e-15
1.7861438793849452e-14
3.218635823769611e-14
5.0654804329605395e-14
5.535829767326761e-14
8.316060735604383e-14
8.418769442015975e-14
5.282516082922745e-14
4.590902346829618e-14
3.530827878495819e-14
1.8593520326494477e-14
9.533328157752029e-15
5.239665450810367e-15
1.2988559181657618e-15
1.5543901144051752e-15
-1.1473171614978398e-15
1.3023878207334766e-15
-3.3746479283355454e-16
1.1747930814747058e-15
1.3067045041358586e-15
-5.4219284762161e-15
3.444264602163304e-15
1.9621107589853155e-15
4.589860961274934e-15
-5.669214711912978e-15
5.220525555033126e-15
2.4402869314523144e-15
2.7107177884276618e-15
7.977164377327141e-18
1.3097242505170882e-15
2.2947808738725825e-16
4.3020973252771623e-16
2.579091072079643e-15
2.461312750801596e-16
1.8735599037658473e-15
-1.4393117996825259e-15
3.1790738923024466e-15
-2.4177380059543427e-17
-6.328764181203691e-15
7.631191893848871e-15
4.419070099176527e-15
-4.655798059383603e-16
-6.971720415560876e-16
1.4728627797630076e-15
-6.199789437407763e-16
-5.260282667202669e-16
-4.2745006651882145e-15
-4.4262408086525764e-15
-6.591164397784513e-15
-1.1985611886170663e-14
-9.298840747762785e-15
-6.235895957280509e-15
-5.53833565321885e-15
4.918815473695764e-15
-4.4107034467847984e-15
6.215043714076932e-15
-2.585910076078026e-15
7.36273320142655e-15
1.2869911748237651e-16
2.4558696591484675e-15
1.8885483416047172e-15
1.8180790628618003e-15
4.250846865155256e-15
3.587317483593921e-15
1.0944809757288249e-14
1.2970640549975473e-14
2.1588256980070345e-14
5.542787975824368e-14
4.281043031499111e-14
6.130964755310732e-14
6.458008708295063e-14
4.2332652130561267e-14
2.4802686167682364e-14
2.3638066256594657e-14
1.5962800087770194e-14
6.436149723294773e-15
5.0341366246891975e-15
1.5476389546358589e-15
3.1801502285473704e-15
-8.805445165389433e-16
5.03637248328452e-16
-9.13455175008046e-16
-1.693113926105858e-15
-1.4433957622807784e-15
-1.1147210375318853e-14
-3.8731016322460884e-15
-5.1764234529049456e-15
-4.425003822609093e-15
-1.5094978408211974e-14
-4.035291735770085e-15
-6.0099832223758e-15
-4.840159395010694e-15
-6.969590318777055e-15
-3.4244323574998875e-15
-4.8246732162116325e-15
-2.4168904701045553e-15
2.2406631226290587e-16
-1.4938919038730928e-15
4.2539171099166805e-16
-2.5737871042421998e-15
3.710133201850218e-15
3.4618520900300056e-15
-7.734346376531068e-15
1.2726388364293055e-14
6.1671585002458604e-15
2.0474112125553233e-16
-7.381273259608307e-16
9.56977274258548e-16
5.599074015953392e-17
4.3596012218545677e-16
-1.7307935963980887e-15
-2.4994790162606955e-16
-5.962849980772868e-16
-6.3155780456938634e-15
-2.626001069769944e-15
5.7595640072553495e-16
5.737223429541363e-16
1.1133104317538002e-14
8.90475250833013e-16
1.1320804970637713e-14
1.0435276005502743e-15
1.0773373112628003e-14
3.5257681700678634e-15
4.427231559888759e-15
4.755902763051925e-15
2.7325576632068734e-15
4.7381458034195375e-15
2.5074730413202084e-15
7.624578298019525e-15
6.79719220343714e-15
1.5330803489372945e-14
2.872883712676085e-14
1.5553280985579222e-14
4.674580273348982e-14
3.506552279874427e-14
1.9401998939794266e-14
3.8375346538436356e-14
1.2402352997643739e-14
7.658125488499331e-15
3.756825486582454e-15
3.9154200316049864e-15
2.3877377262271615e-15
5.7921397258030844e-15
1.871238701381725e-15
2.3174829191781483e-15
2.406895630224197e-15
1.3017178346532437e-15
2.847285965012725e-15
-6.647890860371304e-15
6.835137275399854e-16
1.613090390076889e-15
1.149019849639103e-15
-9.049008983346782e-15
1.0392436271468315e-15
-1.7271857388990353e-16
4.004038292719637e-16
-1.4278731169078795e-15
2.21924972828871e-15
-6.979849094245513e-16
8.364342946476611e-16
1.3488352849661947e-15
-1.8359582853171788e-15
-5.078277771131614e-16
-3.2131687714075625e-15
4.5486065454403305e-15
8.640635001160923e-15
-8.027700410592456e-15
1.5668820250481127e-14
6.123265791824439e-15
-5.969719840739855e-16
-2.1174641581183876e-15
-1.629440880101799e-15
-1.7514560596363862e-15
-2.4741266516586976e-15
-3.88806459787986e-15
-1.5892349308669322e-15
-7.935960741200087e-16
-7.457026089344786e-15
-4.691124947381712e-15
-2.5674615851787305e-15
-4.760673230375164e-15
4.165924408444508e-15
-5.612710772600425e-15
3.651626309299669e-15
-6.457647141228423e-15
3.761618103028551e-15
-1.896161921906888e-15
-1.2022536366042468e-15
8.828757434078754e-16
-1.084508725726605e-15
1.83492132474305e-15
7.540619761332586e-16
7.052051362364242e-15
-6.625259141433413e-16
1.6363949087027143e-14
2.4310590269890413e-14
1.0549129480314896e-14
-2.7398071547877147e-15
3.8964306732705987e-14
-1.0307055155854504e-14
-1.0303402951394762e-15
1.2475578278841388e-14
4.73475719671406e-15
4.880300537774882e-15
3.003437295938089e-15
2.6346953592467515e-15
5.7216739440940696e-15
8.263304172070451e-16
-4.3299883805684503e-16
-1.2912392621570614e-16
-2.131310209081962e-15
-1.5770055150692983e-15
-1.1478564495731176e-14
-5.434497751678073e-15
-3.2470615882109456e-15
-4.8467205900622315e-15
-1.426695396586405e-14
-4.910836032896057e-15
-4.8200161865334396e-15
-4.345643619185596e-15
-4.735621505533045e-15
-1.440757893035239e-16
-2.5500686527560144e-15
-8.345003965182184e-17
3.3416317306568477e-16
-2.0899706747274255e-15
-7.042976670898145e-17
-1.955238448820876e-15
5.934925559625619e-15
1.3271274881384625e-14
-6.577030556118312e-15
1.7443124468143236e-14
6.669361927693673e-15
4.1666101892831665e-17
-1.5065777398184959e-15
-1.617526638043464e-15
-3.286111466722035e-16
-1.41274885190196e-15
-1.1989600536113895e-15
2.666568708692923e-15
5.5497936000843544e-15
-4.3940829061756675e-16
2.2579935284439644e-15
4.8078722067869744e-15
2.183939557089572e-15
9.311717107810894e-15
2.363612828379994e-15
8.781381156930729e-15
-9.05903063736492e-16
7.869061649943465e-15
1.9554828627505058e-15
4.239220351965944e-16
9.317601062839358e-16
-2.767299540105865e-15
-2.080649662832132e-15
-3.4765828721936944e-15
2.650958641648994e-15
-2.949396859468879e-15
1.6248161345893255e-14
-7.210327899430552e-15
5.03895946353797e-15
2.2787284663375753e-14
2.8631651512857274e-14
6.3455917390613166e-15
2.970656081592258e-15
3.882396179398305e-15
1.2990253678755749e-15
6.784911443937552e-16
-1.4156420203011077e-15
8.768284222837732e-16
4.7607217262211475e-15
1.4549945986215894e-15
1.4467745826853622e-15
3.794461413776544e-15
3.5668786939552085e-15
5.0358064582259014e-15
-2.9431334972628336e-15
3.3436739963301822e-15
5.926277644296906e-15
3.8711045029137304e-15
-6.098379427083919e-15
1.6309133065213048e-15
1.1018779973376673e-15
8.527667194342127e-16
3.3426485635663027e-16
4.1830158931223184e-15
4.175474645282473e-16
1.8379326185854862e-15
4.134653686370312e-16
-1.9841109057598376e-15
1.7767758232586783e-16
-7.137848678094061e-16
6.827664949045762e-15
1.6173180448473474e-14
