-3.1023016028901423e-15
1.133071362011203e-16
-2.84057746629293e-15
-7.943222203171596e-16
-2.199180681211821e-15
2.3910902825390473e-16
1.084519320175796e-15
-1.1197957657162596e-15
-2.0070958621338066e-15
1.7605322816354767e-15
3.4697704936740474e-15
3.4397622059890676e-15
1.9484464796342204e-15
4.388333011903042e-15
2.068088541161422e-16
2.831408912965724e-15
2.4836033306838546e-15
1.8237968743700133e-15
1.5025739095807713e-15
8.970766295278661e-16
1.5216290617838117e-15
-5.689987377729518e-16
-3.2817286171667615e-16
5.665581696814049e-17
1.320397025652427e-15
1.5472775731740696e-16
1.5356170259158106e-15
3.357051465014821e-16
5.250125874766943e-15
-2.3943754475669507e-15
-6.593063553107275e-16
1.0289728891530057e-14
4.765183961792283e-15
1.0246860514046127e-14
2.271156310189984e-15
-1.741568288855896e-15
2.478881601800755e-15
5.454379560176905e-16
8.329616660936875e-16
2.067043247914298e-15
-7.553086879662711e-17
1.6326340112814264e-15
-4.003936083085358e-16
-1.3427043090629651e-15
-1.4954922928869062e-15
-1.54554152401998e-15
-1.7559600623119602e-15
-3.2736079184419156e-15
-3.689536061615203e-15
-3.3032574890401594e-15
2.523911212465838e-16
2.870450666510408e-15
-1.0622338910459945e-15
2.2847692182968355e-15
1.2076805956558535e-15
8.613773506432631e-16
2.844463760999529e-17
3.14834072072217e-16
-8.400086861798046e-16
1.9614581104129877e-16
-1.3424106252178967e-15
-5.476857445805013e-16
-2.01453741364777e-15
5.053200585748132e-16
-2.35459338119354e-15
-4.560105169107367e-16
-4.474945465852185e-15
-1.2220047505967769e-15
-3.1553657301405788e-15
-9.186351195075683e-16
1.022031832249605e-15
-2.3522115666448666e-15
-2.627535451438141e-15
6.439415846414761e-16
3.0233082033605003e-15
2.426520845389482e-15
1.368666876227568e-15
3.838450202304573e-15
-2.6065395699673167e-17
2.342033507746554e-15
2.6149980304637308e-15
1.242455693470547e-15
1.6324382673838269e-15
9.432818350891968e-16
1.0754736541684048e-15
-8.323794278462611e-16
-3.682014416562826e-16
-7.538018950409997e-16
1.4744420683201854e-16
-5.417120225792895e-16
2.4885320444751944e-15
7.365963232828554e-16
3.8175109600111906e-15
1.0870951863038613e-14
1.7150817054480065e-14
8.11629167879495e-15
1.6513530002512155e-14
1.7314296280128484e-14
8.864018932867901e-15
5.349207641359812e-15
4.667741412680214e-15
1.9378396349767006e-15
8.845201482603783e-16
1.5043988159608621e-15
-1.297947917806714e-15
6.639325377206407e-16
-9.397492298660138e-16
-1.8123500829345093e-15
-1.6281727935517564e-15
-1.3726393510362994e-15
-9.82832147177804e-16
-2.913006272419854e-15
-3.223359136462655e-15
-3.0836484613750704e-15
4.3238379210022447e-17
1.9692698871184873e-15
-2.0539704702241387e-15
7.127397653369987e-16
-9.483528617761633e-18
-4.462515058248328e-16
-1.350448110944267e-15
-7.134739037977075e-16
-1.5049927215933643e-15
-4.975366834243485e-16
-1.3998668335368058e-15
-4.4002009370777877e-16
-3.4357345304234707e-15
2.6882756788242075e-16
-2.3325847873883313e-15
-1.244439124456381e-15
-5.87605900991983e-15
-1.581878920342188e-15
-3.2359052105314034e-15
-1.2981287284500176e-15
1.6726135399520336e-15
-2.248829951601664e-15
-1.0621573613944274e-15
1.6304710043192458e-15
4.824211691457767e-15
3.901703766367977e-15
3.307615701089061e-15
4.60102606354736e-15
7.857209219983917e-16
2.078239960180711e-15
2.643208042885976e-15
3.5924118062834475e-16
1.1360513628799144e-15
1.8231239767077415e-16
-1.6649848991641656e-16
-1.8911462009341966e-15
-8.0183797233202055e-16
-1.4900844931039286e-15
-8.402627091837186e-16
2.942376030835534e-16
3.2176047309262402e-15
3.2058204286939008e-15
7.304430794375843e-15
9.10020591836816e-15
2.134942202543022e-14
2.2224366581590506e-14
1.5552526112207118e-14
1.784542491141731e-14
1.0665744343675683e-14
3.502796115494952e-15
3.0609468354314587e-15
8.990099118998336e-16
1.2524226941231186e-15
1.514019542748894e-15
-1.4672772722087602e-15
-3.795377562846366e-17
-1.9866631108516058e-15
-2.9298006670811577e-15
-2.8239944884372345e-15
-2.1242210308291546e-15
-9.609965750442033e-16
-2.835031515984187e-15
-2.6509321243548264e-15
-2.350207264784069e-15
9.292533238634004e-16
2.8108995262511027e-15
-6.712067187725105e-16
1.8668577283155036e-15
1.6365903725847181e-15
8.561483336112816e-16
-5.937343553842647e-16
-1.4770217884887052e-16
-1.1161730883647602e-15
-1.1363574423305017e-15
-1.4153424584109042e-15
-1.1557081850547185e-15
-5.296975585974457e-15
-6.321302074950271e-16
-1.9644583195147753e-16
1.30132346992253e-16
-5.417578722442087e-15
-1.4994418945139347e-15
-2.8266800601092655e-15
-1.724216311366706e-15
1.621992118770484e-15
-2.7360898184754465e-15
-6.545504605931107e-16
5.76962573376548e-16
3.6346097322419886e-15
2.6203480419990035e-15
2.950904192704802e-15
3.324659246865432e-15
1.5161568792411477e-16
6.063349989459548e-16
1.6350122921546948e-15
-1.1045001096852742e-15
3.461164736615839e-16
-1.4899929302629564e-16
-4.23967743675929e-16
-1.8751736339857436e-15
-3.108663764470341e-16
-1.5056341618774974e-15
-1.4023397346640678e-15
-9.334510803454055e-17
3.2120201689082158e-15
3.2663271249718228e-15
8.731056593958842e-15
1.499891822225562e-14
2.2439617841681106e-14
1.7875464153995735e-14
2.1085909227487968e-14
1.8440142271889028e-14
1.1851173960822438e-14
6.992562884640697e-15
2.960053387068547e-15
1.4148105384131141e-15
3.490085190671057e-16
9.438658626692407e-16
-1.8227796860858734e-15
-4.3772831167175445e-16
-2.5873416539403997e-15
-2.8064537758021195e-15
-2.8751015433943094e-15
-2.0034657864120454e-15
-8.091463762198515e-16
-2.8834071916738175e-15
-2.5127502691670477e-15
-2.499613194077354e-15
6.062859900685108e-16
1.9230828320256094e-15
-1.4007485727107363e-15
7.652077134485087e-16
1.1558377575244092e-15
4.58509022413052e-16
-8.989695447298733e-16
-1.4806353736937335e-16
-8.468039873267027e-16
-1.781239806415005e-15
-9.154190919822654e-16
-9.950234377303702e-16
-4.71382173135131e-15
8.902237111097983e-16
-1.5341494435757148e-15
-1.1270528555234805e-15
-6.60661800661569e-15
-3.2621259632475825e-15
-3.457804220928025e-15
-3.031885545619698e-15
6.81376555820997e-16
-3.126676995108586e-15
2.0270245737971545e-16
9.299394580158886e-16
4.0053414211728865e-15
3.70686610840291e-15
4.785310403268429e-15
4.176192690629892e-15
1.1432153414621767e-15
6.501847873751752e-16
1.8441006502116175e-15
-1.2075909838939178e-15
4.88641509547924e-16
3.256626652780622e-16
-2.372256918666858e-16
-1.5739374945263477e-15
1.8947540282310748e-16
-1.2926521957802667e-15
-1.4865081386740596e-15
4.920262600340475e-16
5.058882389355222e-15
6.568707671289002e-15
1.2756265664089379e-14
2.028533733885423e-14
2.1321704256243504e-14
1.8956204376611982e-14
2.422792665368268e-14
2.4938430729293732e-14
1.2091297517745217e-14
1.0856877461671358e-14
5.900547933869544e-15
2.9380604147451184e-15
1.0785694147768121e-15
1.618367870454116e-15
-1.3762566095540757e-15
-2.6213879882143567e-17
-2.942177309750958e-15
-2.1397573857079198e-15
-2.3176794181279443e-15
-1.1004368333362537e-15
-9.045276377680788e-17
-1.9430364647988645e-15
-1.1707799166026026e-15
-1.4293632574763936e-15
1.8185075413101947e-15
2.862922738467769e-15
3.63143617229085e-19
1.8201294154923517e-15
2.2843603695394183e-15
9.703739672178916e-16
-9.183598884748572e-16
-4.2327016443569515e-16
-1.1868509621053551e-15
-3.3435088009101514e-15
-2.2587865838765027e-15
-3.164019584786918e-15
-6.2738036099799216e-15
-6.601300162293357e-16
-6.106083576605572e-16
2.226878390615082e-16
-4.928700977861512e-15
-2.7688300247519502e-15
-1.9040575680503138e-15
-2.554885051013896e-15
7.883183201811093e-16
-2.852459136851562e-15
2.862268822967055e-16
2.821497331809196e-17
1.998947065656451e-15
2.5288234160869913e-15
4.105525831072297e-15
3.5192640795546773e-15
7.981932986161812e-16
-1.29088928675392e-16
9.721689559262477e-16
-2.093357990007533e-15
-3.9912430202627924e-16
2.041546775166445e-18
-8.310422305806894e-16
-1.5375910329453881e-15
3.4952939823194074e-16
-8.596633418227774e-16
-9.779422572531523e-16
1.7896060810103638e-15
5.673724083450239e-15
8.91888257287542e-15
1.5118303788489045e-14
2.323374669473319e-14
2.953299008209677e-14
3.3198938881759704e-14
3.9374401357041636e-14
2.6034673498290998e-14
1.440624553604112e-14
1.5880554449634048e-14
6.7028397318798594e-15
4.2687485594227905e-15
1.2228736240248052e-15
2.210720538270688e-15
-9.402093557578059e-16
6.614649468615327e-16
-3.352218346251631e-15
-1.7714873233768727e-15
-2.285358907441141e-15
-9.434662468188115e-16
-5.935549523674472e-16
-1.933920735843501e-15
-7.19128262092733e-16
-1.4594365122010558e-15
1.6179430167752181e-15
2.0326493604896883e-15
-6.478221750459369e-16
8.079771103976438e-16
1.4088203317182828e-15
5.237648404452999e-17
-1.6117197263689854e-15
-6.994178395905158e-16
-9.144495613590714e-16
-3.4123872151150845e-15
-2.406107855865837e-15
-3.2619023757739325e-15
-5.131082441794385e-15
2.6423801832209447e-16
-1.3078053639625583e-15
1.8074851827989974e-16
-4.391451078919379e-15
-3.338755426190821e-15
-1.4112040963328746e-15
-2.8246221497158588e-15
4.226082595461134e-16
-2.2563714289797667e-15
9.658410186397456e-16
1.017463330961277e-15
2.2252202913794198e-15
3.8157178511316565e-15
5.056609202611055e-15
4.482082774046714e-15
1.3742324774337453e-15
-7.199533111033793e-18
5.320724180470348e-16
-2.318487983524555e-15
-1.0688764624042327e-15
-3.099788330153354e-16
-1.9467235022978883e-15
-2.1030579315512483e-15
-9.331500649695247e-16
-1.9763539435387396e-15
-2.3927735799546564e-15
4.795909395267426e-16
4.496987207871022e-15
9.48672456016324e-15
1.765733001419721e-14
3.106646272107361e-14
2.5849320066512373e-14
2.631379811256467e-14
3.710837044833227e-14
3.0438155001402025e-14
2.0076660727793018e-14
1.474731102073453e-14
6.0029109819163555e-15
3.815653505917915e-15
-3.3351552125854273e-16
1.0594163187207069e-15
-2.2392554953061905e-15
-1.1177302759515387e-16
-4.513533278144794e-15
-2.0902909833517163e-15
-2.476913242184438e-15
-7.806545931600359e-16
-1.183126597641719e-15
-1.8437760859437727e-15
-2.408999000190897e-16
-1.2245222913042794e-15
2.0594798357421293e-15
2.4947167809604494e-15
5.063229076266952e-16
1.8432195621913224e-15
2.2145425623129605e-15
3.278655923767595e-16
-1.7200820090350272e-15
-1.0620337720299262e-15
-1.2022887158162556e-15
-3.749979299014628e-15
-3.713674876473781e-15
-4.084592248792976e-15
-5.102388256617208e-15
-2.2616882858789263e-16
7.844530152461179e-16
2.83078505349615e-15
-1.6080049008297257e-15
-1.7542825622529326e-15
5.143112038008779e-16
-1.6191504374804014e-15
1.1856185244816539e-15
-7.988652935681962e-16
1.808512419884419e-15
2.1488935483732204e-15
2.3639450590046447e-15
4.603197792848496e-15
5.113269342350305e-15
4.800527516393904e-15
1.3532963990988151e-15
-2.6155790458811387e-16
-4.2130445440481386e-16
-2.749788028041867e-15
-1.959736571474359e-15
-5.499320622296939e-16
-2.6211836615258485e-15
-1.5800071325792832e-15
-8.988451928165108e-16
-9.118782230699353e-16
-1.3362250106696709e-15
1.806867071040569e-15
5.7570036551516494e-15
9.949183419883583e-15
1.876060372493123e-14
3.0642931728478915e-14
3.2860550781371574e-14
4.668913533743413e-14
4.99802919353615e-14
3.643608209074968e-14
2.1154162365106857e-14
2.035734393867285e-14
1.0199210225572567e-14
5.162807887130671e-15
6.648982465068787e-16
2.023064586708803e-15
-1.3529208338187247e-15
9.208882441656167e-16
-3.501984108351127e-15
-1.321871291211535e-15
-2.01890506929028e-15
-4.589372110202721e-16
-1.8387354765056972e-15
-2.167944693350213e-15
-6.221275048643402e-16
-1.9559789523985885e-15
1.3960859307745243e-15
1.8450452335894543e-15
6.870938115608627e-16
2.2289701139431753e-15
2.7872322643568075e-15
8.626847060412077e-16
-1.066488838850304e-15
-5.776450302399761e-16
-6.257067573534798e-16
-2.5767188922712725e-15
-3.610019714027065e-15
-2.644942022496708e-15
-2.835467099321125e-15
2.0355070509215e-15
-7.900824991470653e-16
2.099917129342684e-15
-1.776809921713447e-15
-2.0057981552266945e-15
6.111710382697451e-16
-1.5697085629507767e-15
6.808092103820911e-16
-7.895506823396404e-16
9.953860778312333e-16
1.7351439970264635e-15
1.5238383761360057e-15
4.355587540325904e-15
4.584107485000309e-15
4.7870728359677274e-15
1.5096299387180676e-15
-1.0583406676594525e-16
-7.31905558923995e-16
-2.457412941754274e-15
-2.2009804957284078e-15
-4.368201188765361e-16
-3.0173899417404807e-15
-1.204937992608862e-15
-1.3479417047405043e-15
-5.344771569274586e-16
-9.54668545851671e-16
2.7118494132647665e-15
6.251506106544507e-15
1.2184282351894275e-14
1.8468179868582102e-14
3.943436179336699e-14
3.944513423592174e-14
4.04364282915596e-14
4.4975267953903e-14
3.590616950703944e-14
2.8545050123278856e-14
1.9210097535520342e-14
9.668391956523565e-15
5.784581324884419e-15
1.1762032783432267e-15
2.186763598094805e-15
-9.729986966226357e-16
1.0554743486208366e-15
-2.4218673252007743e-15
-7.604166729065861e-16
-1.5049539456693867e-15
-1.938581569968301e-17
-1.9090420140181557e-15
-2.1723187840626707e-15
-7.729007537171681e-16
-2.2501490961003243e-15
1.3878757169052233e-15
1.6147667824105085e-15
9.055222501029047e-16
2.0463634584577372e-15
2.3984145833050695e-15
1.0175806040673536e-16
-1.5862546220717381e-15
-1.3423398957931066e-15
-1.3472204535053976e-15
-2.5034095651529766e-15
-4.812446822884951e-15
-3.0577351506295153e-15
-3.595432946152287e-15
9.623761132134272e-16
3.524570722678521e-16
3.873990376884052e-15
-2.9554249602918956e-17
-7.794514920263214e-16
1.0440690108360886e-15
-1.3432207879547345e-15
4.359442493399581e-17
-1.0186719577869634e-15
3.531000160362768e-17
8.51917008132398e-16
3.682126695897802e-16
3.0896718018138098e-15
3.2246103487643946e-15
3.677967544648358e-15
1.0340412133971766e-15
-5.533089716968458e-16
-1.210116184194477e-15
-2.3807789762348483e-15
-2.41516039565547e-15
-6.272430740227084e-16
-3.4761643014948252e-15
-1.3127293275586499e-15
-2.0789000278311132e-15
-7.773455481814401e-16
-9.107745795310545e-16
2.95224096092444e-15
6.902988971902319e-15
1.2709162235898661e-14
2.4269268391804158e-14
3.837262610427618e-14
4.572596959434123e-14
5.574440292085618e-14
5.994862486775725e-14
4.6477764023834586e-14
2.9378064382545025e-14
2.561617636537978e-14
1.2382232041867182e-14
7.669215954949769e-15
2.1300648308590357e-15
2.2790005087784876e-15
-8.235198424651643e-16
6.754362159193911e-16
-1.5158751698625847e-15
-5.949053216587954e-16
-1.330411740362033e-15
4.64188788467657e-17
-1.7893709649105384e-15
-2.377287461620433e-15
-1.1773532151539445e-15
-2.9381765589017145e-15
1.0836713035866037e-15
7.544052973386636e-16
3.5629670058291495e-16
9.644510064125994e-16
1.4095908996672138e-15
-1.067923724855726e-15
-2.122027772307385e-15
-2.079858050919936e-15
-2.0455758028537106e-15
-2.197477582434838e-15
-4.7976154908272446e-15
-1.993139566673822e-15
-2.4170380980099424e-15
2.518665403058007e-15
-3.456023971804147e-16
3.5986103889590454e-15
3.8794535853329534e-17
-8.435701066092824e-16
4.104769360136881e-16
-1.8486465585643915e-15
-1.203118186414356e-15
-1.85877268230766e-15
-1.205278426604321e-15
-4.2099567687413445e-16
-6.511889867036106e-16
1.9277370266235883e-15
2.4961190763749757e-15
3.0515068919292046e-15
1.3220991789820364e-15
-4.556322449298528e-16
-9.287175363028652e-16
-1.9345085996297405e-15
-2.0911782967858605e-15
-7.972433524527951e-16
-3.637532381316014e-15
-1.4516136149529327e-15
-2.4970929312827754e-15
-1.3418454240656605e-15
-1.262520508866706e-15
2.230816551833674e-15
5.790084860745181e-15
1.3068289545477076e-14
2.2793328502787898e-14
3.997741985846429e-14
4.858554265466017e-14
5.1227166229167847e-14
5.1032931450850643e-14
4.9101019862324e-14
3.145974620097985e-14
2.2700618170486984e-14
9.283757246894663e-15
7.027145469756573e-15
1.6977611418521468e-15
1.4722538120691233e-15
-1.078635230551071e-15
-9.337750027186297e-18
-9.667671324335931e-16
-6.136669728196207e-16
-1.3005930525380181e-15
-6.648926804101812e-17
-1.3742972063160016e-15
-2.4406356125442414e-15
-1.0235959718924022e-15
-2.9515082234621804e-15
1.9203525232130526e-15
1.1221824672933058e-15
9.50214299229607e-16
7.677162724668249e-16
1.1362828868878582e-15
-1.825697705274692e-15
-2.464955485298123e-15
-2.863286161086127e-15
-3.0168342116544407e-15
-2.5488811328136053e-15
-4.926212450653096e-15
-1.9882020190173237e-15
-2.5482586419864495e-15
2.3852441332030365e-15
-1.1668514799992302e-15
2.7614573182428413e-15
-4.3981536026486415e-17
-9.642400408056337e-16
2.9487682776900625e-16
-1.5674362370168743e-15
-1.1424691486457518e-15
-1.1870644072980804e-15
-6.655977766384702e-16
-4.102257939220925e-16
-7.439967724271929e-16
1.27045398025105e-15
2.0786651548971223e-15
2.4563129423659486e-15
1.492204148680756e-15
-6.602727795528147e-16
-6.798323934509665e-16
-1.4502191817902325e-15
-1.0944621220797593e-15
-4.163907835329815e-16
-3.154512403784372e-15
-1.4232801596242065e-15
-2.855553613035012e-15
-2.980028986303982e-15
-3.7066763278804345e-15
-4.4640914798687265e-15
-8.491545185763132e-15
-1.9217611741068597e-14
-3.8709092672951767e-14
-5.853561223419049e-14
-8.090582889485698e-14
-1.0130408589460785e-13
-1.0051715793727245e-13
-8.32253874084914e-14
-6.325135678252655e-14
-3.219289116930715e-14
-2.1969615187137538e-14
-6.4180344758723846e-15
-3.735000259462573e-15
-8.77510331714629e-16
-2.04820727736872e-15
-9.403790957775343e-16
-9.544716855412844e-16
-5.071887128141245e-16
-8.526124356998196e-16
3.1853423788446664e-16
-4.759004366000101e-16
-2.3692795388739513e-15
-7.166808637577851e-16
-3.1971717329310075e-15
2.5237232721601513e-15
1.516167450212601e-15
1.6229484724719674e-15
1.0074603688078171e-15
1.6941267767065331e-15
-1.3073179795081638e-15
-1.327379286085718e-15
-2.1007825178029637e-15
-2.554959476715816e-15
-2.099625922542331e-15
-3.9859912262363246e-15
-1.922995326584763e-15
-2.583051409653917e-15
1.8905093973599888e-15
-7.369747398888447e-16
2.469883282495522e-15
4.3180971678559466e-16
-9.995381669972655e-16
2.730289251608237e-16
-1.7945935953273276e-15
-1.764818662792269e-15
-1.5228448076279036e-15
-9.943265959503643e-16
-1.2997651473021812e-15
-1.6051100208107182e-15
3.6634210566959383e-16
1.5029555589636027e-15
1.9755258666615457e-15
1.445625439684919e-15
-1.2621308814153724e-15
-1.0535407137802947e-15
-1.8011656674703223e-15
-8.211164294288403e-16
-7.452430213674907e-16
-3.3055279578802218e-15
-2.150456068429133e-15
-5.638709631961924e-15
-1.579532863778693e-14
-4.761421097274526e-14
-1.4046384904963045e-13
-3.62031195627636e-13
-8.051773040469806e-13
-1.5251102433718521e-12
-2.466612667093026e-12
-3.3933140768876933e-12
-3.98813101409726e-12
-3.986543924780524e-12
-3.3904499326624542e-12
-2.4648502502532737e-12
-1.5253215937537818e-12
-8.055697063588596e-13
-3.589874032061941e-13
-1.381725316208796e-13
-4.457170595509194e-14
-1.3602839152070648e-14
-3.533876521702387e-15
-1.5742142386156138e-15
-8.586392965558654e-16
-1.3984298775595128e-15
-6.237487725579087e-16
-1.1947908027845487e-15
-3.6036233830881334e-15
-1.120376430884758e-15
-3.893189630483732e-15
2.737895121266915e-15
1.8886293679933834e-15
1.879063975506741e-15
7.295634522427993e-16
1.4166943590537792e-15
-1.728685854322493e-15
-1.2733191857928854e-15
-2.2773873060381175e-15
-2.5192679651986525e-15
-1.9717448811993134e-15
-2.534554361567536e-15
-1.4669668193157784e-15
-1.5955826934961263e-15
2.1447474061169218e-15
9.024837844622108e-16
2.982724143394847e-15
1.65405424716484e-15
-5.950011969357514e-16
6.387972041906072e-16
-1.810654709290735e-15
-2.0078358187090026e-15
-1.5273293621749639e-15
-8.302068650721444e-16
-1.890250518638199e-15
-2.585613362025024e-15
-6.868028168120678e-16
1.75289165685196e-16
8.992830881832028e-16
3.8656079011254183e-16
-2.6290986631624936e-15
-2.0990686930912645e-15
-2.417554684039228e-15
-5.580059446312165e-16
-8.587018627017025e-16
-5.003403884861455e-15
-1.3962084724114307e-14
-6.561125220552876e-14
-2.710674481705867e-13
-9.64113704097431e-13
-2.9499406561173276e-12
-7.696520183574398e-12
-1.713024984824638e-11
-3.248848086585374e-11
-5.250254139969184e-11
-7.23011555351621e-11
-8.484073203308969e-11
-8.485146838978171e-11
-7.229607152418895e-11
-5.249936092810941e-11
-3.248529043600711e-11
-1.713094258703505e-11
-7.693845360533482e-12
-2.946617786175478e-12
-9.60719296999028e-13
-2.680055087264793e-13
-6.353258698222558e-14
-1.393355579752524e-14
-2.8730211305218584e-15
-1.8717986367420155e-15
-1.1841096692004886e-15
-2.0689319235142005e-15
-5.12448436559528e-15
-2.3131835522169816e-15
-5.762564685642978e-15
1.0783536140878768e-15
6.307848611155151e-16
4.750346029610984e-16
-6.472654514827477e-16
4.2945171009810096e-16
-2.4513909820080435e-15
-1.350244593986206e-15
-2.371779073624177e-15
-2.0039442913350627e-15
-1.6189433703047737e-15
-7.864420783265747e-16
-8.311662148695989e-16
3.783657385316118e-17
2.9100588149214334e-15
1.4503058660751413e-17
9.722732945253125e-16
6.967548281167126e-16
-1.839433178285974e-15
-4.877613741383722e-16
-2.8308357850015967e-15
-2.9721009032769844e-15
-2.1753218385097527e-15
-9.966660462564217e-16
-2.576425113701839e-15
-3.5178898720747674e-15
-1.2844103186425053e-15
-7.563431611420017e-16
8.980795504939925e-16
5.289141156936016e-16
-2.1882293997841868e-15
-1.3819542208626308e-15
-1.3586475183440892e-15
1.0604427720777581e-16
-5.324021046750099e-15
-4.150574395198938e-14
-2.2883203310215494e-13
-1.1314119749824253e-12
-4.771024135411867e-12
-1.7148506174389646e-11
-5.2553286258853816e-11
-1.3724374958048102e-10
-3.0544235807073853e-10
-5.792644342234575e-10
-9.361372724124847e-10
-1.2891712615605093e-09
-1.5128634105924995e-09
-1.5128696025495026e-09
-1.2891701781999768e-09
-9.361371955531006e-10
-5.792629950865694e-10
-3.0544379061229e-10
-1.3724248900687774e-10
-5.254933709376448e-11
-1.7145363009543754e-11
-4.7679511848944315e-12
-1.1295485691131139e-12
-2.29689635981173e-13
-3.98437262036742e-14
-7.17635791484835e-15
-1.3873373182991313e-15
-1.6936562062581186e-15
-4.578924007457805e-15
-1.6325594268482435e-15
-5.5805381502832035e-15
5.48877944859138e-16
1.3912222857787329e-16
-5.914571205420944e-16
-1.732932143333618e-15
-3.350115789129412e-16
-3.1452452296494437e-15
-1.835229808721228e-15
-3.0580675680118505e-15
-2.0849483499356964e-15
-2.2766809064531248e-15
-5.801679165370074e-16
-1.9259103296086336e-15
-4.0676985944909536e-16
9.605149932375847e-16
1.905524310850422e-16
3.5990068449353874e-17
8.821122180026691e-16
-1.5932210770816127e-15
-4.835457211643626e-16
-2.1863914516019968e-15
-2.2386232129273807e-15
-1.1774366693556958e-15
5.450826061501885e-16
-1.3614633809149239e-15
-2.4537583388772657e-15
1.103588842697475e-16
-6.974541848567069e-17
2.2888697512758986e-15
1.4116013524861232e-15
-1.3996684048692144e-15
-1.205171268266942e-15
-2.0776208518428515e-15
-9.993181277761647e-15
-8.693229390514558e-14
-5.982335238373316e-13
-3.4632020706578277e-12
-1.7149227110918267e-11
-7.237582503193788e-11
-2.60297050829295e-10
-7.977685464892678e-10
-2.083518783587383e-09
-4.636955355109827e-09
-8.793897522032789e-09
-1.4211585029267492e-08
-1.957118607506591e-08
-2.296697685196161e-08
-2.2966985947950357e-08
-1.9571177321466345e-08
-1.4211587133183498e-08
-8.793893368079783e-09
-4.6369561597203595e-09
-2.0835160501532346e-09
-7.977640808035229e-10
-2.602945045625804e-10
-7.237334761967215e-11
-1.7147641229462528e-11
-3.464703293170487e-12
-5.969094950800356e-13
-8.960121948282463e-14
-1.211327099968247e-14
-3.4206506994090583e-15
-4.6961635985226185e-15
-1.6862402232538437e-15
-4.985028305274826e-15
5.446652870832839e-16
5.971668090190424e-16
-1.2806825535658485e-16
-9.44302539937428e-16
1.0151105884668906e-15
-1.7286500436819467e-15
-4.97048016712026e-16
-1.712970648785249e-15
-1.1665827119073596e-16
-9.648279042470988e-16
1.029804792539899e-15
-1.2347203283256676e-15
6.418471732541221e-16
1.3823788273591087e-16
3.502524984005159e-16
-7.684837344195813e-16
1.1501744801666866e-15
-1.4566692774385164e-15
-1.5776614356061885e-15
-2.7387589913208736e-15
-3.252679341372746e-15
-2.3605311819887924e-15
-4.53531574184135e-16
-2.4711730023447125e-15
-3.4769933671989205e-15
-4.511331400907182e-16
-1.093745364941973e-15
2.1365919878650966e-15
1.230255378692205e-15
-1.0030436876769628e-15
-2.0769146145649665e-15
-1.4937828036265646e-14
-1.393952673651663e-13
-1.1282954982110248e-12
-7.706305198343265e-12
-4.4783289754158295e-11
-2.2181063438209719e-10
-9.361921000840805e-10
-3.367135900807847e-09
-1.0319778417127467e-08
-2.6952121910735242e-08
-5.99830483543599e-08
-1.1375670776224318e-07
-1.8383930398434066e-07
-2.5317019675802477e-07
-2.970979790265398e-07
-2.970979846564692e-07
-2.531702006156558e-07
-1.838393019950536e-07
-1.1375670378267876e-07
-5.998304948037832e-08
-2.695211991372053e-08
-1.0319775469821078e-08
-3.3671337993358444e-09
-9.361901814125977e-10
-2.2180895720846416e-10
-4.47846154034705e-11
-7.705332363279204e-12
-1.131735265540492e-12
-1.419747627242813e-13
-1.6970739920201237e-14
-4.9573308688251616e-15
-1.7264298458184037e-15
-4.196917932844558e-15
-1.106119194866946e-16
-3.074999791442819e-16
-1.0613821861899013e-15
-1.771781482541649e-15
7.119684992311605e-16
-2.0288335058658202e-15
-1.2919103548105604e-15
-2.3129892179807077e-15
-2.6633193168211303e-16
-1.3666645215021211e-15
8.308368769026556e-16
-1.2384511128496583e-15
1.2122186001313608e-15
-9.0414499416627e-16
1.2417087281167315e-15
-7.054801790552378e-16
2.4777782436379907e-15
-3.22770416955438e-16
-2.022269689898971e-15
-2.707567356547153e-15
-4.012239803544462e-15
-3.667647984401641e-15
-2.1042898152179593e-15
-3.9821472354125e-15
-4.751813981335457e-15
-1.2992542728577496e-15
-2.2118916446683536e-15
1.3504808190330544e-15
2.0209061350498028e-16
-2.6103584134202528e-15
-1.679717043784168e-14
-1.6602210696596139e-13
-1.5543891759000714e-12
-1.2450232497568562e-11
-8.493012329962959e-11
-4.936460566500865e-10
-2.4450424794381557e-09
-1.0319781213093477e-08
-3.711652772391676e-08
-1.1375674705344173e-07
-2.9709809048850046e-07
-6.612039612916656e-07
-1.2539606701683718e-06
-2.0264937350508197e-06
-2.790740803141305e-06
-3.2749646512453865e-06
-3.2749646610696837e-06
-2.7907408011302918e-06
-2.026493739730691e-06
-1.2539606681176953e-06
-6.612039624695935e-07
-2.970980898148851e-07
-1.1375674437484126e-07
-3.7116526339950614e-08
-1.0319779823741396e-08
-2.4450409104095195e-09
-4.936465713921428e-10
-8.49295746532434e-11
-1.2453847353225587e-11
-1.5569485222123752e-12
-1.6819273055692758e-13
-1.8684911823018423e-14
-4.078636554271773e-15
-4.281784379034138e-15
-1.319869091888561e-15
-1.703630048029155e-15
-1.9989745277956262e-15
-2.603784578355033e-15
3.931508674991234e-16
-2.1592649790814967e-15
-2.044216840985384e-15
-2.6741645186554134e-15
-5.618598852265809e-16
-1.589402195855917e-15
5.179091956724251e-16
-7.739081212186356e-16
2.1975224074039647e-15
-1.3670904005707693e-15
9.95207242992191e-16
-1.9824954990402436e-15
2.4230528922709788e-15
-6.322299731873704e-16
-3.2732635673847234e-15
-2.9618721870382156e-15
-4.100104011988329e-15
-3.7133833006165585e-15
-2.4953296674772216e-15
-3.920247938972848e-15
-4.767582620763376e-15
-1.4701402940043942e-15
-2.5501399733218574e-15
1.0057763654338524e-15
-1.9911322803808657e-16
-1.1087901351016973e-14
-1.4174068277976535e-13
-1.5541628771200715e-12
-1.4609007285621375e-11
-1.1695645738608856e-10
-7.977670677448237e-10
-4.636976066456387e-09
-2.2967090684538847e-08
-9.69371090222116e-08
-3.486478514308472e-07
-1.0685548347912083e-06
-2.7907408904251196e-06
-6.210908075694228e-06
-1.177886841035879e-05
-1.9035527728441926e-05
-2.6214353741749333e-05
-3.0762829090969355e-05
-3.076282909250685e-05
-2.6214353740876408e-05
-1.9035527729765357e-05
-1.1778868408078816e-05
-6.210908077645388e-06
-2.7907408919615014e-06
-1.0685548335299214e-06
-3.4864785106191263e-07
-9.693710862578425e-08
-2.2967090198621317e-08
-4.6369760105876085e-09
-7.977678641792042e-10
-1.1696055669057573e-10
-1.4612242598263064e-11
-1.556867274271655e-12
-1.4293756475863883e-13
-1.3259425521263103e-14
-3.2763855032968103e-15
-8.868103800617448e-16
-1.689533110689998e-15
-1.4066980471006363e-15
-2.0217421187305414e-15
1.3094227443494396e-15
-7.70411630942733e-16
-1.1813436174408139e-15
-1.5879834134174504e-15
-1.73017844077279e-16
-1.3238265466641743e-15
1.5591453668148465e-17
-7.729847143986872e-16
2.344068737052658e-15
-2.732871121164856e-15
-7.55144676293871e-17
-3.840131955075826e-15
1.9308437631754043e-15
-1.2989970077276697e-15
-4.234784767242412e-15
-3.3796953625771874e-15
-4.07074892156743e-15
-3.733001019904595e-15
-2.9458848700668295e-15
-3.2349182319128875e-15
-3.779681584809512e-15
-5.633736961154578e-16
-1.4336687026723e-15
1.2277241630964982e-15
-4.425612095664999e-15
-8.640195956426649e-14
-1.1298542477450872e-12
-1.244930192252409e-11
-1.1695557837575878e-10
-9.36188224551519e-10
-6.385707150248136e-09
-3.711653046520937e-08
-1.8383937076298637e-07
-7.75930069325419e-07
-2.790740903630811e-06
-8.553213988652318e-06
-2.233839880660072e-05
-4.971502082237812e-05
-9.428358640786105e-05
-0.00015236929053343473
-0.0002098319804323671
-0.00024624011010928595
-0.00024624011012087444
-0.00020983198043178717
-0.00015236929053733555
-9.42835864028647e-05
-4.9715020823833523e-05
-2.2338398807535703e-05
-8.55321398823456e-06
-2.7907409034232336e-06
-7.75930069193946e-07
-1.838393710930598e-07
-3.711652929434644e-08
-6.385709055833666e-09
-9.361923764700172e-10
-1.1695972985393504e-10
-1.2452850665385111e-11
-1.1309871960273956e-12
-8.972027388152225e-14
-6.845549697770515e-15
1.0075185971693893e-16
-4.558604720034055e-16
5.425776263277084e-16
-4.491273191132419e-16
2.3758555847438623e-15
5.218418624771498e-16
-3.545195766612087e-16
-7.311195982999473e-16
-1.189631986932658e-16
-9.772227006343377e-16
-3.4019333298148693e-16
-9.07196608043279e-16
1.9917720658232265e-15
-4.566993206862977e-15
-8.217557224786445e-16
-5.074015914105797e-15
1.5724989548577502e-15
-1.9980552508075207e-15
-4.7716312781397054e-15
-3.961323948763943e-15
-3.8073998900843856e-15
-3.633171981940318e-15
-3.5029217713254798e-15
-2.7093224692963573e-15
-3.3455832743378692e-15
-6.808569754505784e-16
-1.1755245276189208e-15
-9.102192770610385e-16
-3.7178326490734697e-14
-5.933305497992649e-13
-7.703959701687892e-12
-8.492586822116168e-11
-7.977639288508706e-10
-6.385706948762025e-09
-4.35566482698477e-08
-2.531703043186989e-07
-1.253960717498324e-06
-5.292586766408634e-06
-1.903552780951763e-05
-5.83411174197915e-05
-0.00015236929061867316
-0.0003391040925209295
-0.0006431044275576733
-0.0010393046033177718
-0.0014312552248215307
-0.0016795935654965765
-0.0016795935654985031
-0.00143125522481845
-0.0010393046033242567
-0.0006431044275551818
-0.00033910409252124377
-0.00015236929062015461
-5.834111741948672e-05
-1.9035527809420017e-05
-5.292586766225148e-06
-1.2539607185008038e-06
-2.5317030192366806e-07
-4.3556650577194785e-08
-6.385710418497347e-09
-7.977684692068083e-10
-8.49296254739154e-11
-7.704459829249285e-12
-5.9704716602865e-13
-3.8977748803026704e-14
-1.1304375454734092e-15
-3.2753849752489844e-16
1.3187952236135288e-15
1.7028557609489314e-16
2.4496928108136253e-15
1.2298668779816905e-15
4.229836300979266e-16
-1.157552036762277e-16
-4.0731180087908754e-16
-8.832557076433222e-16
-7.69477063138704e-16
-1.1136841968921042e-15
1.6777738270151664e-15
-5.616513094124089e-15
4.9199210419778166e-17
-4.189234081193017e-15
2.7161490368863596e-15
-1.138155106220955e-15
-3.482628259689561e-15
-3.385958178628292e-15
-2.336944131897562e-15
-2.5887696184107243e-15
-3.246158108879335e-15
-1.6814388489008586e-15
-2.837873562573171e-15
-1.2343227829488893e-15
-2.031278007858839e-15
-1.2850934083530125e-14
-2.2649503426389593e-13
-3.4598070307901232e-12
-4.478239928365948e-11
-4.936421345433032e-10
-4.636971644277718e-09
-3.711652820198104e-08
-2.5317030105622786e-07
-1.4715365381532376e-06
-7.288568177033014e-06
-3.076282922970025e-05
-0.00011064281367376423
-0.00033910409255003243
-0.0008856369626333909
-0.001971021308126398
-0.0037380042235690353
-0.006040892940987655
-0.008319081390425738
-0.009762532448323218
-0.009762532448334738
-0.008319081390425188
-0.006040892940993775
-0.003738004223565199
-0.001971021308130134
-0.0008856369626357231
-0.00033910409255058185
-0.00011064281367374892
-3.076282922978852e-05
-7.288568178854018e-06
-1.4715365350526087e-06
-2.5317030305629426e-07
-3.711653062292199e-08
-4.63697625439827e-09
-4.936459382808587e-10
-4.478225035622588e-11
-3.4636833607701593e-12
-2.2797644540314123e-13
-1.2309235564704734e-14
-1.5138359169289875e-15
1.2412851011784203e-15
2.823549604661482e-16
1.9908573161740584e-15
1.686543418196075e-15
1.5180368719823034e-15
1.0343529569706317e-15
2.5138397267804613e-16
3.432734913218924e-16
2.0400335121733638e-16
1.3104188624705007e-16
2.7272880091529063e-15
-4.423312859392747e-15
-1.7826975407211684e-16
-3.858524376034763e-15
2.8465746899212436e-15
-8.836116964837023e-16
-2.443947877009837e-15
-3.347948841997022e-15
-1.4823368481721838e-15
-2.2311306047706177e-15
-3.30626050101957e-15
-1.0106654303973953e-15
-2.3577032125447882e-15
-1.4137541250620934e-15
-4.038402477189192e-15
-6.361869415566946e-14
-1.1271905303595636e-12
-1.7143832433924077e-11
-2.21808721857629e-10
-2.445038581017974e-09
-2.2967087709439732e-08
-1.8383937207151667e-07
-1.2539607193984957e-06
-7.288568181951831e-06
-3.610051451944942e-05
-0.00015236929063595502
-0.0005480174436563578
-0.0016795935656664705
-0.004386588592234465
-0.009762532448480644
-0.018514456122139627
-0.02992073860952016
-0.04120467986860233
-0.048354139761548405
-0.048354139761548835
-0.041204679868607264
-0.02992073860952192
-0.018514456122142996
-0.00976253244848642
-0.004386588592239256
-0.0016795935656677666
-0.0005480174436570113
-0.0001523692906362756
-3.610051452167292e-05
-7.288568178431391e-06
-1.2539607205130485e-06
-1.8383937382947966e-07
-2.2967092990461876e-08
-2.445043424958231e-09
-2.218092232212033e-10
-1.7148752188890706e-11
-1.1293747220792495e-12
-6.294234387903495e-14
-3.8260675336082e-15
1.6192042673105655e-15
1.0191694817639654e-15
1.7597877356061202e-15
1.8330267659134093e-15
1.934953896633718e-15
1.3421483815044779e-15
2.330010982335135e-16
6.943016199796783e-16
2.952442686492572e-16
3.914764295859115e-16
2.4796048487138556e-15
-3.769812359202253e-15
-2.0727307641578353e-15
-4.862161657589827e-15
1.2625875244255656e-15
-2.028417254125396e-15
-2.5199816763794283e-15
-4.161574552266798e-15
-1.3241943969688445e-15
-2.123302215523552e-15
-2.7707768918608663e-15
1.379318405334815e-16
-1.1436323180443085e-15
-9.041509000550646e-16
-1.2688550587753034e-14
-2.6724365889016323e-13
-4.763817554212245e-12
-7.236715043925503e-11
-9.361871338170306e-10
-1.0319773977568336e-08
-9.693710208406932e-08
-7.759300663518309e-07
-5.2925867640844795e-06
-3.0762829229198736e-05
-0.000152369290631999
-0.0006431044276244567
-0.002313014932087767
-0.007089053536888109
-0.01851445612220209
-0.041204679868743974
-0.0781438875089577
-0.12628633629107203
-0.17391241996270362
-0.2040881154267403
-0.2040881154267436
-0.17391241996271883
-0.1262863362910877
-0.07814388750896992
-0.041204679868755825
-0.01851445612221208
-0.00708905353689531
-0.002313014932093391
-0.0006431044276291991
-0.00015236929063838848
-3.076282922925021e-05
-5.292586767010919e-06
-7.759300697513866e-07
-9.693710934154223e-08
-1.0319780663879541e-08
-9.361891636885634e-10
-7.23733609885937e-11
-4.767307165637599e-12
-2.6727708848319795e-13
-1.363543568591831e-14
9.908352398793386e-16
1.2317506404565943e-15
1.0619742138756496e-15
1.2674868230869955e-15
1.3925392584243508e-15
7.842408796146446e-16
-3.815008227127574e-16
1.4514981179933398e-16
-6.28579192109747e-16
-5.857791542421968e-16
6.201666327853397e-16
-4.365644265768245e-15
-2.5212149754859443e-15
-4.230760525878144e-15
1.2114446828258104e-15
-1.4594829356956683e-15
-8.093316733079677e-16
-2.946125623438283e-15
4.81842517731146e-16
-6.717904020425089e-16
-9.125104449725136e-16
1.7708005828464983e-15
6.66877715669402e-16
-4.2844637447941215e-16
-4.3901564960781436e-14
-9.604130297519673e-13
-1.7141054646439163e-11
-2.60288321075e-10
-3.3671310389718883e-09
-3.7116521266342235e-08
-3.4864784556380044e-07
-2.790740901929183e-06
-1.903552780827615e-05
-0.00011064281367166974
-0.0005480174436501737
-0.0023130149320824134
-0.008319081390584
-0.025496771567480293
-0.06658982838648128
-0.14819838849542283
-0.28105541012539026
-0.45420645390147996
-0.6255003184083132
-0.7340314234610168
-0.7340314234610295
-0.6255003184083396
-0.45420645390151715
-0.28105541012542734
-0.14819838849545658
-0.06658982838651348
-0.02549677156750623
-0.008319081390604739
-0.0023130149321001813
-0.0005480174436672995
-0.000110642813681345
-1.903552781852305e-05
-2.790740912366545e-06
-3.4864785985844497e-07
-3.711653469623206e-08
-3.36713974647118e-09
-2.6030017916096945e-10
-1.7150104594245934e-11
-9.649446473885565e-13
-4.906916816388498e-14
-2.7497769262502483e-15
7.61779295582633e-18
-2.542624444103228e-16
3.669072273061162e-16
7.069679958122115e-16
4.536874170313247e-16
-2.446143536319374e-16
2.313093300785689e-16
-7.318509973602037e-16
-6.736509728944018e-16
-9.941943254166177e-17
-3.4935059910699977e-15
-3.481460550917652e-15
-3.514568183850374e-15
1.3368238592626004e-15
-3.624053917820525e-16
1.7156502358396412e-15
1.7428879235620647e-16
4.28965307152774e-15
3.01673133197705e-15
3.657325917436727e-15
5.950753531135469e-15
5.290297203169536e-15
3.6071916322080403e-16
-1.3402680164208358e-13
-2.9430044547577583e-12
-5.2541355675407336e-11
-7.977539467214103e-10
-1.0319766956136926e-08
-1.13756732943087e-07
-1.0685548211000313e-06
-8.553213978628969e-06
-5.834111740977009e-05
-0.0003391040925380471
-0.0016795935656506436
-0.007089053536871741
-0.025496771567469434
-0.07814388750901466
-0.20408811542692237
-0.4542064539015613
-0.8613938550812611
-1.3920765594031257
-1.9170672800353463
-2.2496992935442184
-2.2496992935442486
-1.9170672800354243
-1.3920765594032385
-0.8613938550813807
-0.45420645390167114
-0.2040881154270165
-0.07814388750909271
-0.025496771567533844
-0.007089053536926529
-0.001679593565699432
-0.0003391040925757906
-5.834111744387277e-05
-8.553214010468409e-06
-1.0685548546435351e-06
-1.1375676376080506e-07
-1.0319792091693933e-08
-7.977794112767199e-10
-5.2563317558839725e-11
-2.9588851351181316e-12
-1.4986925618640314e-13
-1.2244015236193874e-14
-4.037920697945302e-15
-3.561530970284808e-15
-2.354514174594138e-15
-1.5261554282102193e-15
-1.0604714281668868e-15
-8.240490605689301e-16
-5.167125820784988e-16
-1.6039775503265124e-15
-1.5741382981939342e-15
-1.4678882241645251e-15
-3.215571597521228e-15
-1.925585569757585e-15
4.4335879597735724e-16
4.4227185192561914e-15
3.389772062746094e-15
6.120968799144436e-15
5.665607874450988e-15
9.722907403125543e-15
8.976996459026152e-15
1.0951566805633665e-14
1.3494956451267564e-14
1.4370941755476663e-14
2.1069609587056327e-15
-3.492257218051958e-13
-7.684295957253281e-12
-1.37225436371562e-10
-2.0834967227229756e-09
-2.6952100732696388e-08
-2.9709806544134186e-07
-2.7907408646886067e-06
-2.233839878275491e-05
-0.0001523692905920277
-0.0008856369626017331
-0.004386588592197177
-0.018514456122159042
-0.06658982838643934
-0.20408811542688757
-0.5330162113281143
-1.1862493938608376
-2.249699293544286
-3.635681440928461
-5.006797854583628
-5.875531711212442
-5.875531711212524
-5.0067978545838265
-3.635681440928744
-2.2496992935445865
-1.1862493938611196
-0.5330162113283581
-0.20408811542708924
-0.06658982838660552
-0.018514456122299978
-0.004386588592319409
-0.0008856369627041074
-0.00015236929068283508
-2.233839886497033e-05
-2.790740943775344e-06
-2.9709813687824685e-07
-2.69521636314442e-08
-2.0835556592517393e-09
-1.3727791673928034e-10
-7.72739979757894e-12
-3.894661546452209e-13
-3.378990438190855e-14
-1.4628751480080433e-14
-1.3084575655436915e-14
-1.0784383800728572e-14
-9.019025086972881e-15
-7.53510005026342e-15
-5.401859677495562e-15
-4.09981487258463e-15
-3.700448050299801e-15
-2.532773520687324e-15
-1.4137564037423685e-15
-1.0167300596709865e-15
1.0111955042471742e-16
5.016689319267129e-15
8.290771761974716e-15
9.462319289820457e-15
1.3253833539787256e-14
1.549107219101206e-14
2.090923474149915e-14
2.1652080098106622e-14
2.576246556261489e-14
2.9856855729702645e-14
3.2606566315476374e-14
4.9044190283896e-15
-7.773923321766468e-13
-1.7100354928681337e-11
-3.054046698205514e-10
-4.636912610130819e-09
-5.998300446634794e-08
-6.612039102269577e-07
-6.210908019105087e-06
-4.971502076605429e-05
-0.00033910409245489434
-0.0019710213080531454
-0.009762532448394211
-0.04120467986864562
-0.14819838849531297
-0.45420645390145
-1.1862493938607523
-2.6400465774367725
-5.006797854583585
-8.091357849747055
-11.142833546064562
-13.076236299959161
-13.076236299959334
-11.142833546065004
-8.091357849747686
-5.006797854584258
-2.6400465774373973
-1.1862493938612932
-0.45420645390189573
-0.14819838849568184
-0.041204679868955915
-0.009762532448661909
-0.0019710213082823214
-0.0003391040926587667
-4.9715020947330094e-05
-6.210908188059662e-06
-6.612040618475971e-07
-5.998314078438249e-08
-4.637036161182656e-09
-3.0551569159181223e-10
-1.7196781996528213e-11
-8.657135896912617e-13
-7.46660848725019e-14
-3.5111249441568127e-14
-3.042507507190389e-14
-2.6232524294149664e-14
-2.2844266435161833e-14
-1.9371851473384504e-14
-1.4740459628061153e-14
-1.1546341449624529e-14
-9.477712084634122e-15
-6.006974962520942e-15
-3.896983288909247e-15
6.206510875050546e-16
3.2084621387835344e-15
1.4514653770821734e-14
1.6570345856557824e-14
2.088355189663605e-14
2.6541195859982713e-14
3.3267338201010234e-14
4.0215929078168125e-14
4.2076332513878755e-14
5.079526037249587e-14
5.753755149669653e-14
6.186408941572684e-14
9.267060037581037e-15
-1.4732465637059401e-12
-3.242995066972943e-11
-5.791954395199432e-10
-8.793818807200866e-09
-1.1375662150868628e-07
-1.2539605769363432e-06
-1.1778868306627874e-05
-9.42835862953286e-05
-0.0006431044274340619
-0.0037380042234258265
-0.01851445612197909
-0.07814388750877224
-0.2810554101251758
-0.8613938550810275
-2.249699293544055
-5.006797854583418
-9.495296397763008
-15.345105449659622
-21.132170761389656
-24.798832116146365
-24.79883211614669
-21.132170761390494
-15.34510544966082
-9.495296397764285
-5.006797854584602
-2.249699293545077
-0.8613938550818723
-0.2810554101258708
-0.07814388750935958
-0.018514456122481704
-0.003738004223861225
-0.0006431044278197327
-9.428358663945853e-05
-1.1778868619767733e-05
-1.2539608587380074e-06
-1.1375687509576704e-07
-8.79404768674713e-09
-5.79402641619294e-10
-3.261234148970553e-11
-1.641347774469829e-12
-1.3974049082687665e-13
-6.796701321367629e-14
-5.888530610439749e-14
-5.2562291010936594e-14
-4.3509304374762195e-14
-3.647019412705564e-14
-2.9879026394740626e-14
-2.2029310328531354e-14
-1.739941322840312e-14
-9.346975677240375e-15
-4.631334809184734e-15
3.4790318137638302e-15
2.413961911601302e-15
2.0216247194525146e-14
2.2600622655168137e-14
3.1118483637527324e-14
4.071049616756457e-14
5.311800140357814e-14
6.477343053380907e-14
7.381880990283521e-14
8.303019766652881e-14
9.365604400952331e-14
1.0384246083994894e-13
1.976338353268569e-14
-2.3797310188282526e-12
-5.24055600849051e-11
-9.360220988386888e-10
-1.4211469900756301e-08
-1.8383916798684252e-07
-2.026493593133952e-06
-1.9035527558180805e-05
-0.00015236929035948577
-0.001039304603116116
-0.00604089294076942
-0.02992073860925689
-0.1262863362907715
-0.45420645390112746
-1.3920765594027174
-3.635681440928017
-8.091357849746636
-15.34510544965934
-24.798832116145817
-34.15116023025127
-40.07675778718357
-40.076757787184086
-34.15116023025262
-24.798832116147754
-15.345105449661396
-8.091357849748553
-3.635681440929668
-1.3920765594040803
-0.45420645390224934
-0.12628633629171798
-0.029920738610066014
-0.006040892941471841
-0.001039304603737189
-0.00015236929091523143
-1.9035528060712246e-05
-2.026494043416138e-06
-1.838395748589792e-07
-1.4211837976660884e-08
-9.363541323100867e-10
-5.270009192705469e-11
-2.6474453650235618e-12
-2.218253335708236e-13
-1.110968091599729e-13
-9.273591441453104e-14
-7.937777883582412e-14
-7.069555950223236e-14
-6.088169759652371e-14
-4.872452002503366e-14
-3.85858918116522e-14
-3.0558793833950573e-14
-1.92909632688958e-14
-1.25551706439428e-14
1.4045660879927771e-15
5.67899417000287e-15
2.4751735008009196e-14
3.430596088479752e-14
4.5917850093377097e-14
5.803356530727821e-14
7.180016158291742e-14
9.117638018088897e-14
1.0191336423550433e-13
1.1522022510254257e-13
1.3081887211749834e-13
1.4255970391843754e-13
2.3938521678106732e-14
-3.2761414886292476e-12
-7.21675161983953e-11
-1.2890262218272225e-09
-1.957100989938762e-08
-2.5317002345986315e-07
-2.7907405897105217e-06
-2.621435351340301e-05
-0.000209831980186317
-0.0014312552245500764
-0.008319081390112547
-0.04120467986824354
-0.17391241996229212
-0.6255003184078256
-1.917067280034773
-5.006797854582967
-11.142833546063866
-21.132170761389023
-34.15116023025086
-47.03051093736529
-55.19081585329816
-55.19081585329887
-47.03051093736717
-34.15116023025352
-21.132170761391855
-11.142833546066495
-5.006797854585244
-1.9170672800366413
-0.6255003184093727
-0.1739124199635912
-0.04120467986936341
-0.0083190813910797
-0.0014312552254095257
-0.00020983198094818082
-2.621435419871258e-05
-2.7907412107092126e-06
-2.531705803770372e-07
-1.957151544267398e-08
-1.2894734090052224e-09
-7.25756554069132e-11
-3.644115681759369e-12
-3.0626942198376984e-13
-1.5088415555860392e-13
-1.2997507748432822e-13
-1.1249290204265379e-13
-9.82825582877427e-14
-8.553761730474333e-14
-6.989753654124587e-14
-5.31971278798308e-14
-4.126525227812887e-14
-3.017177809474362e-14
-1.6339565789083887e-14
2.263583489750733e-15
1.1401170648876165e-14
2.856556595080188e-14
3.9645886764924287e-14
5.032691577785191e-14
6.948374918971766e-14
8.540948386650535e-14
1.0653286908804228e-13
1.1409558825093047e-13
1.3456135089152428e-13
1.5420036378843682e-13
1.6859705804870962e-13
2.876124556978357e-14
-3.8467698259667185e-12
-8.468973963835007e-11
-1.512682307908219e-09
-2.2966794489990835e-08
-2.9709777433104684e-07
-3.274964423374329e-06
-3.076282882779515e-05
-0.00024624010983108824
-0.001679593565174013
-0.009762532447961967
-0.04835413976112054
-0.20408811542624383
-0.7340314234604257
-2.2496992935435167
-5.8755317112116145
-13.076236299958225
-24.798832116145416
-40.07675778718274
-55.19081585329765
-64.76702238275281
-64.76702238275364
-55.190815853299846
-40.07675778718589
-24.79883211614873
-13.076236299961316
-5.875531711214281
-2.249699293545712
-0.7340314234622407
-0.20408811542776806
-0.04835413976242902
-0.009762532449097666
-0.001679593566179176
-0.000246240110724817
-3.0762829628829246e-05
-3.27496514675726e-06
-2.970984290386502e-07
-2.2967385740065544e-08
-1.5132135831335556e-09
-8.51688770773223e-11
-4.279773563633788e-12
-3.59351833469826e-13
-1.750083304189326e-13
-1.5190171444814546e-13
-1.355971099749876e-13
-1.1619538308217134e-13
-9.894589890961805e-14
-8.212470508992898e-14
-6.65643347299613e-14
-4.836909201679616e-14
-3.624924105859197e-14
-2.1725271567399243e-14
-9.16173014507577e-16
1.0083373740757234e-14
3.15805851015474e-14
3.829904563422617e-14
5.414002799573471e-14
6.960721979559868e-14
8.745387832564403e-14
1.023478286452599e-13
1.171972662985438e-13
1.3588107513279582e-13
1.5459702413653635e-13
1.6643496035229033e-13
2.5813209034685604e-14
-3.848252728048762e-12
-8.468922459665182e-11
-1.5126889944226745e-09
-2.2966794325815227e-08
-2.970977737312037e-07
-3.27496442267516e-06
-3.076282882412455e-05
-0.00024624010982890856
-0.0016795935651715507
-0.009762532447963546
-0.04835413976112136
-0.20408811542625116
-0.7340314234604307
-2.249699293543527
-5.875531711211643
-13.076236299958287
-24.798832116145537
-40.07675778718293
-55.190815853297934
-64.7670223827531
-64.76702238275396
-55.19081585330011
-40.076757787186054
-24.79883211614884
-13.07623629996138
-5.8755317112143075
-2.249699293545724
-0.734031423462248
-0.20408811542776922
-0.04835413976243445
-0.009762532449097364
-0.0016795935661812326
-0.0002462401107229703
-3.0762829630157746e-05
-3.2749651457883544e-06
-2.9709842435029204e-07
-2.2967384152877575e-08
-1.5132111998752864e-09
-8.517080402972171e-11
-4.279627704076681e-12
-3.608918820428391e-13
-1.7783110842844027e-13
-1.5729368775080792e-13
-1.373122806779798e-13
-1.1614014842073155e-13
-9.95611766819982e-14
-8.642366168862664e-14
-6.644612778248699e-14
-4.92021792178647e-14
-3.231608941808893e-14
-2.257631228159164e-14
3.250770375953458e-15
5.161506999977735e-15
2.2626971423387394e-14
3.2788653912030865e-14
4.381334961576093e-14
5.658238000294934e-14
6.93570770947864e-14
8.960116984794684e-14
1.0059878927553592e-13
1.1470407561452995e-13
1.3115026738288119e-13
1.4306735923451314e-13
2.568957385141597e-14
-3.275596870968842e-12
-7.216459667683392e-11
-1.2890259982213905e-09
-1.9571010476977617e-08
-2.5317002366123454e-07
-2.790740591933417e-06
-2.621435351616581e-05
-0.0002098319801870903
-0.001431255224550919
-0.008319081390112656
-0.04120467986824419
-0.17391241996229484
-0.6255003184078336
-1.9170672800347999
-5.006797854583036
-11.142833546064015
-21.13217076138932
-34.15116023025134
-47.03051093736596
-55.190815853298915
-55.19081585329961
-47.03051093736781
-34.15116023025401
-21.132170761392143
-11.142833546066647
-5.006797854585312
-1.917067280036667
-0.6255003184093817
-0.1739124199635924
-0.04120467986936442
-0.008319081391079593
-0.0014312552254085334
-0.00020983198094687495
-2.6214354197872353e-05
-2.790741211109352e-06
-2.531705787788518e-07
-1.9571513318169757e-08
-1.2894720861500827e-09
-7.257463450578305e-11
-3.6437260530751445e-12
-3.057594535207456e-13
-1.519480536477367e-13
-1.322074081266311e-13
-1.1413979549439799e-13
-1.0077619512296155e-13
-8.885807740187904e-14
-7.589015495490098e-14
-5.806272065962519e-14
-4.514760494322149e-14
-3.4600221358879695e-14
-1.9896645615535486e-14
-5.296850067388958e-16
6.172235000693712e-15
1.802296716859981e-14
2.2329901713598034e-14
3.309791477610612e-14
4.262413523453325e-14
5.1713162919956985e-14
6.334455087589183e-14
7.18172801954153e-14
8.326119158527255e-14
9.463604311325184e-14
1.0470078091408914e-13
2.0952721388839812e-14
-2.3810449606694773e-12
-5.240038966223945e-11
-9.360244154137638e-10
-1.4211471633517834e-08
-1.8383916893198179e-07
-2.026493596425204e-06
-1.9035527561003675e-05
-0.00015236929035947194
-0.0010393046031136773
-0.006040892940770971
-0.02992073860925573
-0.12628633629077876
-0.45420645390113984
-1.3920765594027622
-3.635681440928125
-8.091357849746876
-15.345105449659783
-24.798832116146535
-34.151160230252266
-40.07675778718473
-40.07675778718526
-34.15116023025361
-24.798832116148475
-15.345105449661833
-8.091357849748784
-3.6356814409297775
-1.392076559404118
-0.4542064539022658
-0.12628633629171995
-0.029920738610069934
-0.006040892941469914
-0.0010393046037350724
-0.00015236929091069784
-1.903552806026598e-05
-2.0264940429396155e-06
-1.8383957143231155e-07
-1.4211834333524102e-08
-9.36351662005131e-10
-5.27005893479772e-11
-2.6485211097622296e-12
-2.2431388900185132e-13
-1.1252106166758021e-13
-9.829822091173457e-14
-8.496411359473166e-14
-7.484758337644835e-14
-6.553283618284924e-14
-5.4581918002135416e-14
-4.1779636925668946e-14
-3.1178218610989355e-14
-2.2600270684686198e-14
-1.5711365650210192e-14
8.682380524084536e-16
3.6638602591245674e-15
1.2571149253069333e-14
1.565730339627473e-14
1.9345360723035344e-14
2.5669167464076216e-14
3.195394105707666e-14
4.112460267010533e-14
4.437829862733871e-14
5.208168854917648e-14
5.739316299565538e-14
6.433143490165048e-14
1.2524723162413627e-14
-1.4721133594682138e-12
-3.242598009339437e-11
-5.791974884621227e-10
-8.793823190371299e-09
-1.13756624184139e-07
-1.2539605833318576e-06
-1.1778868312127263e-05
-9.428358629720388e-05
-0.0006431044274369385
-0.0037380042234263
-0.018514456121981104
-0.07814388750877972
-0.2810554101251895
-0.8613938550810705
-2.249699293544162
-5.006797854583656
-9.495296397763468
-15.345105449660352
-21.132170761390675
-24.798832116147562
-24.798832116147892
-21.13217076139151
-15.34510544966155
-9.495296397764735
-5.006797854584842
-2.2496992935451847
-0.8613938550819111
-0.28105541012588525
-0.07814388750936213
-0.01851445612248243
-0.003738004223862164
-0.000643104427818689
-9.428358663823234e-05
-1.1778868618325218e-05
-1.2539608595273244e-06
-1.1375687278956703e-07
-8.794045439704863e-09
-5.794000087711421e-10
-3.2612108515204946e-11
-1.640659182331732e-12
-1.386525308078111e-13
-7.084621034271723e-14
-6.132641990888829e-14
-5.2704661270129797e-14
-4.588629420685808e-14
-4.193575108857091e-14
-3.5377231779006634e-14
-2.7665531124343153e-14
-2.0659426087037573e-14
-1.3442232430771341e-14
-9.422384580492797e-15
1.1669264874265035e-15
2.7223486385247946e-15
1.018762465562252e-14
1.0128252547411537e-14
1.2403926988340815e-14
1.390344593269651e-14
1.800286419858014e-14
2.1615585989033546e-14
2.2581612298927888e-14
2.6388835310862823e-14
3.244985520789765e-14
3.496387510253772e-14
8.269022968025016e-15
-7.754140601864321e-13
-1.7096177387577312e-11
-3.0540522521004624e-10
-4.636916141851824e-09
-5.998300578002295e-08
-6.612039167030272e-07
-6.2109080249623e-06
-4.9715020765600835e-05
-0.00033910409245747463
-0.0019710213080536237
-0.009762532448399423
-0.041204679868653726
-0.14819838849532746
-0.4542064539014944
-1.1862493938608556
-2.640046577436997
-5.00679785458401
-8.091357849747732
-11.1428335460655
-13.076236299960263
-13.076236299960435
-11.142833546065948
-8.091357849748372
-5.006797854584678
-2.6400465774376216
-1.186249393861397
-0.4542064539019363
-0.14819838849569691
-0.041204679868961126
-0.009762532448664554
-0.001971021308284959
-0.0003391040926565926
-4.9715020945191634e-05
-6.210908185224877e-06
-6.612040628387998e-07
-5.998313568947165e-08
-4.637031333496479e-09
-3.0551352710314346e-10
-1.7195343586358874e-11
-8.648240572775908e-13
-7.288345122407596e-14
-3.7410643009388624e-14
-3.335586327322306e-14
-2.8506192550015735e-14
-2.6093221429459076e-14
-2.1157660573402182e-14
-1.935051733172331e-14
-1.3472335628868306e-14
-1.0855997683976091e-14
-4.957081587989304e-15
-4.499746356420646e-15
4.386825074351063e-15
-1.0165407689966671e-15
4.489847736515791e-15
4.745247716970849e-15
5.071047854823876e-15
4.422368129309338e-15
6.926613898131076e-15
1.0455510699073962e-14
1.0045949532682636e-14
1.105039924497232e-14
1.590507182595367e-14
1.6946067183458244e-14
5.2471629117435665e-15
-3.4776116774528917e-13
-7.680410994021366e-12
-1.372258776960866e-10
-2.0835020021950932e-09
-2.6952101551242204e-08
-2.970980722517269e-07
-2.790740870180866e-06
-2.233839878268613e-05
-0.00015236929059386317
-0.0008856369626011937
-0.004386588592201147
-0.018514456122165825
-0.0665898283864496
-0.20408811542692515
-0.5330162113282028
-1.1862493938610328
-2.2496992935446576
-3.635681440929046
-5.006797854584453
-5.875531711213402
-5.8755317112134815
-5.006797854584644
-3.635681440929333
-2.2496992935449533
-1.1862493938613123
-0.5330162113284483
-0.2040881154271239
-0.06658982838661875
-0.018514456122304075
-0.0043865885923209495
-0.0008856369627059362
-0.00015236929068143646
-2.233839886265142e-05
-2.790740940602327e-06
-2.970981387180356e-07
-2.695216010272404e-08
-2.083551233678657e-09
-1.3727579801399417e-10
-7.727556397320635e-12
-3.8795401157771227e-13
-3.273496961250692e-14
-1.6724475391897868e-14
-1.454707929120387e-14
-1.3100752895623423e-14
-1.3659880886796019e-14
-1.0836352877847348e-14
-9.987828954661877e-15
-6.3893236924719244e-15
-6.384000613484731e-15
-1.639170505679722e-15
-2.495313021025967e-15
2.7100118269640713e-15
-1.302374121031537e-15
3.3550181389165494e-15
4.4144177324701626e-15
3.088121459383512e-15
1.4645786477462978e-15
3.523311859537714e-15
5.114279476124898e-15
4.271227845326236e-15
2.7322454092562203e-15
6.967674449434212e-15
6.658833991666037e-15
1.8855248822862737e-15
-1.3378133172736906e-13
-2.9400102619767536e-12
-5.2542025409594306e-11
-7.977601076096197e-10
-1.0319767714602151e-08
-1.1375674069848474e-07
-1.0685548263871132e-06
-8.553213978137029e-06
-5.834111741097072e-05
-0.0003391040925365738
-0.0016795935656542576
-0.007089053536877099
-0.025496771567477067
-0.07814388750904527
-0.20408811542699495
-0.4542064539017179
-0.8613938550815625
-1.392076559403602
-1.917067280036017
-2.249699293544984
-2.249699293545028
-1.9170672800360873
-1.3920765594037146
-0.8613938550816757
-0.45420645390182757
-0.20408811542709118
-0.078143887509122
-0.02549677156754532
-0.0070890535369302204
-0.0016795935657008608
-0.00033910409257768717
-5.8341117442488015e-05
-8.553214008372212e-06
-1.0685548519574535e-06
-1.1375676657618307e-07
-1.0319790421570157e-08
-7.977766364284067e-10
-5.256313842057599e-11
-2.960715952316174e-12
-1.4918806517038558e-13
-1.4078479222353304e-14
-7.773432686545487e-15
-7.080511794722829e-15
-6.61919177082532e-15
-8.015096169952149e-15
-5.051897630201102e-15
-4.468508997611777e-15
-1.5668002663302316e-15
-2.7164248449301077e-15
1.924649153893909e-15
1.368900523072967e-16
3.4168015523228987e-15
-2.6796312031830564e-15
1.6771634440368807e-15
3.501025818686463e-15
5.100992373661397e-16
-1.2773539802695402e-15
4.563012471211473e-16
1.7976821054216517e-15
1.1591204899202733e-15
-1.2416115231194692e-15
2.9695882890916544e-15
2.5540401621748524e-15
4.341682306583033e-16
-4.445520738403605e-14
-9.58299489561369e-13
-1.7142097964892614e-11
-2.6029487585208417e-10
-3.3671304052060108e-09
-3.711652802437989e-08
-3.4864784896325727e-07
-2.790740899272454e-06
-1.903552780748809e-05
-0.00011064281366810231
-0.0005480174436526485
-0.0023130149320849205
-0.008319081390588899
-0.02549677156750494
-0.06658982838654112
-0.14819838849555012
-0.281055410125638
-0.45420645390187275
-0.6255003184088668
-0.7340314234616474
-0.7340314234616596
-0.6255003184088888
-0.4542064539019135
-0.2810554101256706
-0.14819838849558686
-0.06658982838657493
-0.025496771567531502
-0.008319081390615258
-0.002313014932103703
-0.0005480174436693411
-0.00011064281368289025
-1.9035527816363312e-05
-2.7907409090286253e-06
-3.486478555764201e-07
-3.711653624460594e-08
-3.3671382157920648e-09
-2.6029804765069805e-10
-1.715066362535142e-11
-9.67505342169796e-13
-4.829495243152401e-14
-6.220673020465023e-15
-3.837766178241184e-15
-3.934133819001033e-15
-4.6711486621109275e-15
-6.717336741687541e-15
-4.194389354906115e-15
-3.383902339051809e-15
-1.2692722606737687e-15
-2.4310952557746067e-15
2.2465553266511648e-15
8.81653226244276e-16
2.5683957081443022e-15
-3.604148124821238e-15
1.0827924181821296e-15
3.610958060081924e-15
-1.1846329687832096e-16
-1.2220877097024538e-15
3.934634821880825e-16
1.5521474402248913e-15
1.013556848631114e-15
-1.8521813989200697e-15
2.0646246344162303e-15
1.585203373360791e-15
9.522758702300087e-17
-1.2768810081565051e-14
-2.6487647431300647e-13
-4.764415971797482e-12
-7.237363953451635e-11
-9.361863170873604e-10
-1.031978212498028e-08
-9.693710725808335e-08
-7.759300658613631e-07
-5.292586765533241e-06
-3.076282922693307e-05
-0.00015236929063562032
-0.0006431044276255848
-0.0023130149320912995
-0.007089053536906948
-0.018514456122251527
-0.04120467986885201
-0.07814388750916641
-0.12628633629140687
-0.17391241996317108
-0.20408811542726604
-0.20408811542727434
-0.17391241996317044
-0.12628633629141905
-0.07814388750917661
-0.04120467986886483
-0.018514456122264503
-0.007089053536917277
-0.002313014932102838
-0.0006431044276321591
-0.0001523692906414799
-3.076282923169475e-05
-5.292586766528706e-06
-7.759300682898253e-07
-9.693710700222765e-08
-1.0319783523295935e-08
-9.361895402005204e-10
-7.237327380185968e-11
-4.7685596819222495e-12
-2.700923191723221e-13
-1.2661019789870361e-14
-3.5342442811568713e-15
-1.942448254782859e-15
-2.3515814967543383e-15
-3.2742688798504206e-15
-5.3322961013862805e-15
-2.9621465114869386e-15
-1.9279741165214355e-15
-5.788569414322269e-16
-1.5461010775275037e-15
2.5606637743536616e-15
1.561616276331225e-15
2.0480589552738067e-15
-5.605841833799644e-15
-4.0933692802851247e-16
2.46984520961601e-15
-1.1651299522958523e-15
-8.904193206382702e-16
6.761792154042784e-16
2.1975818250995426e-15
2.018002356570497e-15
-6.147890347223835e-16
2.665474541547323e-15
2.065442706996286e-15
2.86700155140411e-16
-3.2048732972632717e-15
-6.135887285697212e-14
-1.1274236238728347e-12
-1.7149448429072418e-11
-2.2180666035814216e-10
-2.4450454236635724e-09
-2.2967091274787638e-08
-1.8383937009450842e-07
-1.2539607195347913e-06
-7.288568178110898e-06
-3.6100514522184376e-05
-0.00015236929063569058
-0.0005480174436596871
-0.0016795935656827993
-0.0043865885922804645
-0.009762532448574963
-0.018514456122321984
-0.02992073860980351
-0.041204679869005195
-0.048354139762006185
-0.048354139762008315
-0.04120467986900406
-0.029920738609811426
-0.018514456122321415
-0.009762532448578725
-0.0043865885922841855
-0.0016795935656875663
-0.0005480174436667293
-0.00015236929063902664
-3.610051452525606e-05
-7.2885681797837755e-06
-1.253960718472892e-06
-1.8383936989828588e-07
-2.2967088287962504e-08
-2.4450430490002e-09
-2.2180779406457943e-10
-1.714824712640486e-11
-1.1291859724085385e-12
-6.42806509605339e-14
-1.9385949133619293e-15
-2.5069478578400703e-15
-6.276230517137214e-16
-7.710742418037683e-16
-1.3919981939913566e-15
-3.4774732536866833e-15
-1.5512335263016545e-15
-6.050960023065895e-16
-4.984782659576237e-16
-1.309236256413889e-15
1.5956256192847795e-15
6.892262068059805e-16
4.239423454883492e-16
-5.569387950822619e-15
8.859035758460865e-17
2.532553274878734e-15
-1.1446591016908138e-15
-8.636037931137358e-17
5.657078829279751e-16
1.7520285689278931e-15
1.3885280397621376e-15
-9.742425507489467e-16
1.5285287095799537e-15
1.1124057705865846e-15
-1.427223592559283e-16
-4.2891633192038025e-16
-1.0504716092182356e-14
-2.254072247557951e-13
-3.463391674235444e-12
-4.477943610535757e-11
-4.936482011461604e-10
-4.6369755642352705e-09
-3.71165277699551e-08
-2.531703029248263e-07
-1.4715365354708625e-06
-7.288568180163807e-06
-3.076282922881112e-05
-0.00011064281367616059
-0.0003391040925625972
-0.0008856369626724639
-0.0019710213082062313
-0.003738004223718394
-0.006040892941237682
-0.008319081390773657
-0.009762532448728042
-0.009762532448735425
-0.008319081390770592
-0.006040892941246056
-0.003738004223717816
-0.0019710213082086443
-0.0008856369626723834
-0.0003391040925656945
-0.00011064281368109914
-3.076282923045882e-05
-7.288568181566069e-06
-1.4715365352452578e-06
-2.531703007402006e-07
-3.7116526080991764e-08
-4.636971675857183e-09
-4.936441061711962e-10
-4.4780173782405374e-11
-3.463229369219543e-12
-2.2642436259918786e-13
-1.1907940031872142e-14
8.953409520275081e-16
-2.043218457083913e-15
-5.02965265794719e-16
-6.062905347521061e-16
-1.0001150045438998e-15
-3.2311533594718377e-15
-1.4791976226950225e-15
-3.3516774658893645e-16
-9.799222793200872e-16
-1.1253610717360766e-15
9.23094334596574e-16
5.944271911292348e-16
5.082926352930879e-16
-6.6471344580272415e-15
-7.647677390415029e-16
1.1765391195461117e-15
-2.3013491765695456e-15
-2.441393299927769e-16
6.549324251310309e-18
1.4754463129683191e-15
1.6891848274952115e-15
2.2226929822606214e-16
2.19078260322256e-15
1.4794171517118656e-15
5.917261721227909e-16
8.87724786921723e-16
-4.277044873119614e-17
-3.677955319061055e-14
-5.967696832423559e-13
-7.70224376129586e-12
-8.493150683480242e-11
-7.977679039355977e-10
-6.385707313652695e-09
-4.355665058062102e-08
-2.53170302306069e-07
-1.253960721035026e-06
-5.29258676656973e-06
-1.9035527813591617e-05
-5.834111743287689e-05
-0.000152369290655436
-0.0003391040925921903
-0.0006431044276941275
-0.001039304603533614
-0.0014312552251290515
-0.001679593565853698
-0.0016795935658502313
-0.0014312552251270502
-0.0010393046035429435
-0.0006431044276929085
-0.00033910409259065076
-0.00015236929065336858
-5.834111743374974e-05
-1.9035527817015548e-05
-5.2925867673060736e-06
-1.2539607214755708e-06
-2.5317030134621743e-07
-4.355664794510056e-08
-6.385704668374891e-09
-7.977637573973551e-10
-8.492636868173924e-11
-7.702241628630164e-12
-5.971800033912616e-13
-3.726282672109569e-14
-1.251662991037688e-16
1.3708203837562839e-15
-1.0993359905881916e-15
2.0377032104122628e-16
6.915071479651708e-16
7.572303810164489e-16
-1.8102181245276502e-15
-4.399230025831263e-16
2.5953309136431515e-16
-1.464587861442044e-15
-1.532756923001607e-15
-7.577384724691856e-16
-7.010614161185142e-16
-5.997474196547932e-16
-6.9171618605427854e-15
-1.2034251832855591e-15
6.239603135911349e-16
-2.874945703912987e-15
-7.672221650775378e-17
-3.654800604168871e-16
1.1203940940913769e-15
1.7124685896263174e-15
8.910260966076766e-16
2.3510476249759207e-15
1.0567378197392411e-15
1.0376819538387372e-15
1.705455664105733e-15
2.04288065029064e-15
-2.598171572174155e-15
-8.720291768814246e-14
-1.1274972253309338e-12
-1.245255044219961e-11
-1.1695856878986265e-10
-9.36188996161106e-10
-6.385709328191046e-09
-3.7116528640527806e-08
-1.8383937331403533e-07
-7.759300687003718e-07
-2.790740906468411e-06
-8.553213999644229e-06
-2.233839883937788e-05
-4.971502088824177e-05
-9.428358652578407e-05
-0.00015236929073298764
-0.0002098319807078425
-0.0002462401104394137
-0.000246240110432534
-0.0002098319807045074
-0.00015236929073523682
-9.42835865238058e-05
-4.9715020888197714e-05
-2.2338398835988482e-05
-8.55321399982224e-06
-2.7907409085758447e-06
-7.759300683826828e-07
-1.838393722098293e-07
-3.71165267326228e-08
-6.3857058814108146e-09
-9.361854837983776e-10
-1.1695466018605228e-10
-1.2447491624569769e-11
-1.1272299871256354e-12
-8.840543252635453e-14
-3.5320942775847826e-15
2.6818657464834477e-15
1.3206550331105627e-15
-5.0993004938473107e-17
6.880847139643038e-16
1.6534408196942144e-15
1.958358343188557e-15
-9.867784705937804e-16
1.73099672739252e-16
4.69070147835096e-16
-1.8178269472805002e-15
-1.8033640570791567e-15
-2.0719629886736263e-15
-1.3554439699934606e-15
-1.2575378363875674e-15
-4.7641926914132216e-15
5.391013739870629e-17
2.1817568534365755e-15
-1.9277630738470662e-15
1.2744502510857881e-15
4.2151619870606566e-16
1.915402476785828e-15
2.7026037769264215e-15
2.2321362722413584e-15
3.020118960447888e-15
7.234066365955642e-16
1.2481054882773152e-15
1.6292956557777297e-15
1.2493666927037058e-15
1.6631082890087784e-15
-1.1277122217632017e-14
-1.4098413477022604e-13
-1.5569005036704032e-12
-1.461252574370626e-11
-1.1695872255342472e-10
-7.977700723366062e-10
-4.636976043228885e-09
-2.296709446199809e-08
-9.693711023618539e-08
-3.4864785586817075e-07
-1.0685548468246612e-06
-2.790740923084214e-06
-6.210908134639072e-06
-1.1778868516010099e-05
-1.903552789872282e-05
-2.6214353976390852e-05
-3.0762829371971235e-05
-3.0762829366269354e-05
-2.6214353973565455e-05
-1.9035527908337673e-05
-1.177886851623231e-05
-6.2109081314831155e-06
-2.7907409175742065e-06
-1.0685548453391385e-06
-3.4864785675021263e-07
-9.69371091896382e-08
-2.2967092286670942e-08
-4.636973892118518e-09
-7.977662862036091e-10
-1.1695491401556974e-10
-1.46091183987609e-11
-1.552282994674839e-12
-1.4029250847021974e-13
-1.2685169583107376e-14
-2.1523906333236944e-17
2.0188951075168945e-15
-1.3425191113520635e-18
-1.4007572587184955e-17
4.996426401707845e-16
2.2087415418893205e-15
3.099667589425364e-15
4.2004406659153247e-16
1.6775276463364381e-15
1.6348123552085218e-15
-8.326165812356524e-16
-8.455512022354105e-16
-1.6640313828422492e-15
1.7883574859751382e-16
-2.3002039281960864e-17
-3.966360386178311e-15
-5.480856855146541e-16
2.616852541749045e-15
-2.2326747530181215e-15
1.2087613622386822e-15
-1.4829083423084754e-17
1.746986196692292e-15
2.749561901054978e-15
2.75090143039095e-15
3.013761388334284e-15
2.772867532055639e-17
9.91689772729871e-16
1.371015796947155e-15
4.118935369689369e-16
2.379114642843193e-15
-8.358236089486472e-16
-1.506395304418197e-14
-1.6548677968564073e-13
-1.555493678887758e-12
-1.2450981985241475e-11
-8.493116474311468e-11
-4.936451394901349e-10
-2.4450448264193037e-09
-1.0319781237802434e-08
-3.7116530780535676e-08
-1.1375675687263294e-07
-2.9709811930582774e-07
-6.612040168578209e-07
-1.2539607698916795e-06
-2.0264938935387364e-06
-2.7907410264565133e-06
-3.2749649139550534e-06
-3.2749649181642215e-06
-2.790741014398425e-06
-2.0264939041625197e-06
-1.2539607644501025e-06
-6.612040116290249e-07
-2.9709811355036926e-07
-1.1375675478732022e-07
-3.71165306650735e-08
-1.0319779744121418e-08
-2.4450420548901767e-09
-4.936432498655314e-10
-8.492759782135561e-11
-1.244767701860384e-11
-1.553100075427442e-12
-1.6168633067238836e-13
-1.4139184206339074e-14
-1.977738052803039e-15
3.245385799268949e-16
1.6266356649951283e-15
-8.452738910645911e-16
-2.3821254349073605e-16
-1.4274697312680376e-16
1.6437008753480376e-15
2.6287133337249107e-15
3.5352071495595434e-16
1.5583193549243482e-15
1.2805159713259587e-15
-9.986375212605692e-16
-1.2673831343002892e-15
-2.3136777312423066e-15
5.051433738724709e-16
-6.215852699076654e-16
-3.4509952495807456e-15
-1.8660537996434705e-15
2.737775362646866e-15
-2.3421638495085632e-15
1.4158081104652354e-15
4.418638063236047e-16
2.8512721623543967e-15
4.073425705320638e-15
4.628836461480917e-15
4.496110541642168e-15
1.4028438184302004e-15
2.4251748046597637e-15
2.890955021038419e-15
8.109019451564294e-16
3.149176297247544e-15
8.92329581226431e-16
-1.734618107702333e-15
-1.445297860929728e-14
-1.4108192810912486e-13
-1.1298521918278125e-12
-7.707244112490512e-12
-4.478287473830488e-11
-2.2181289382235708e-10
-9.361919816199635e-10
-3.3671385959021853e-09
-1.0319787076079089e-08
-2.6952148574666713e-08
-5.998309880968527e-08
-1.137567916118055e-07
-1.8383944951546131e-07
-2.5317040972710244e-07
-2.9709822536541165e-07
-2.9709822797700407e-07
-2.5317039372973136e-07
-1.838394479057681e-07
-1.1375679759904598e-07
-5.998309325143856e-08
-2.69521415944127e-08
-1.031978449037284e-08
-3.3671376059060738e-09
-9.361907643030621e-10
-2.2181060181275258e-10
-4.4782100979628794e-11
-7.704833450909708e-12
-1.128013486569527e-12
-1.4044835040897746e-13
-1.2100107405315223e-14
-1.5638127686006919e-15
-7.310447727159239e-16
2.4218251010172703e-16
1.872730548789486e-15
-2.730726084494681e-16
8.631805419851e-16
8.267851935657195e-16
2.35384614813248e-15
3.2311122585954128e-15
1.8153511185234524e-15
2.87936435179841e-15
2.546289616294498e-15
5.800870129004789e-16
-3.898987525972271e-16
-1.6107254904889956e-15
1.3761312973231582e-15
-1.390368104292324e-15
-2.0484182686472674e-15
-2.187335908544589e-15
3.2537016067975143e-15
-1.9552525489503688e-15
1.0538769254790423e-15
1.236374783769487e-16
2.7070783625828447e-15
3.792444151509366e-15
4.6635540398552415e-15
4.285783302313754e-15
1.6354717092082513e-15
2.3557847230538294e-15
3.3258248885507363e-15
2.4126253489438034e-16
3.014407486594963e-15
1.4987776251309554e-15
-1.6131933330351256e-16
4.20991501424591e-16
-9.859545667423744e-15
-8.69672018961797e-14
-5.970105677695906e-13
-3.4613896113099357e-12
-1.714953834507486e-11
-7.237359837549122e-11
-2.602977160329151e-10
-7.977739485517054e-10
-2.0835418913519882e-09
-4.6370001992438325e-09
-8.793976922951142e-09
-1.421171917012506e-08
-1.9571361722900057e-08
-2.296720657044358e-08
-2.2967191450478103e-08
-1.957135313822688e-08
-1.4211716077553818e-08
-8.793971809744894e-09
-4.636994790775698e-09
-2.083534864723358e-09
-7.977713677598272e-10
-2.602963551929408e-10
-7.237256768928045e-11
-1.7147688315713537e-11
-3.4615709923607317e-12
-5.959341180873395e-13
-8.669450309721062e-14
-1.0848397121321251e-14
1.6857388295329323e-15
-5.395375811717236e-16
-2.575063101550575e-16
7.067162777709186e-17
1.5521817045587207e-15
-6.52774656772085e-16
6.076021479623911e-16
5.604337072673562e-16
1.6490512534308417e-15
2.0801317782736866e-15
1.5950835921516761e-15
2.172167169048478e-15
2.071118098323434e-15
9.811535056957855e-16
-1.3152265240934093e-16
-5.191344755652297e-16
2.5765331810907567e-15
-1.2368129478474715e-15
-2.3309348645315606e-16
-1.2970221883280475e-15
4.249781506789208e-15
-3.0153407807233056e-16
1.344748898728592e-15
6.068187838649799e-16
2.796628753448193e-15
3.4009734950225203e-15
3.9114875231137e-15
3.3684524328965273e-15
1.3598421000982073e-15
1.5502062410630726e-15
3.269654128797848e-15
-8.472910850959714e-16
1.7196177231976527e-15
7.901278482680341e-16
-1.1479021015335815e-15
5.330550633268175e-16
-6.474365894764081e-16
-6.444594360593828e-15
-4.0379137702875544e-14
-2.276350324459581e-13
-1.1315970141595043e-12
-4.7684942061847e-12
-1.7148569942169146e-11
-5.255775837713318e-11
-1.372658110213969e-10
-3.0548060916141887e-10
-5.793309599277032e-10
-9.362540693075114e-10
-1.2893356296851533e-09
-1.5130532635455551e-09
-1.5130569642687529e-09
-1.2893234492885187e-09
-9.362485086719083e-10
-5.7933480947877e-10
-3.054757683571545e-10
-1.372575385578421e-10
-5.255537297162933e-11
-1.7146040306020084e-11
-4.7674716919268185e-12
-1.1298770999091038e-12
-2.283508630850164e-13
-4.0338186899434194e-14
-7.071578760569381e-15
-2.433772198892362e-15
1.1044775813228452e-15
-2.220449101287892e-15
-1.6149922395751773e-15
-1.4453752763252963e-15
3.1171683819207363e-16
-1.7426288027129549e-15
-2.830093064383991e-16
-2.691218267674704e-16
4.663474537311147e-16
3.6968946143944396e-16
1.0212090754177676e-15
1.1655510798667424e-15
1.5933295662200671e-15
1.639777964194586e-15
6.175425079570306e-16
1.2944664974194793e-15
3.903149156447878e-15
-1.9960283427788906e-16
2.4151562207888374e-16
-1.0684064989254446e-15
3.3022591642681125e-15
-1.6823535421954958e-16
-1.3748732893841196e-16
-5.800337179955614e-17
1.905827148744035e-15
2.812544684485904e-15
2.991719144782909e-15
2.922466907995307e-15
1.4680727383519683e-15
9.42694319143642e-16
3.2523759302246165e-15
-1.5261360553149895e-15
7.522093495910641e-16
9.872634726408605e-16
-8.170878312959393e-16
9.309906056578345e-16
1.7928277067684549e-16
-9.51362791023883e-16
-2.2256729785274704e-15
-1.2079689660328373e-14
-6.484765985413616e-14
-2.6799971925388664e-13
-9.638938449494584e-13
-2.9543543233352355e-12
-7.717960219448858e-12
-1.716953100335344e-11
-3.2554604206198525e-11
-5.260115062787775e-11
-7.244859553730374e-11
-8.500818628045652e-11
-8.501675807681296e-11
-7.24460685514131e-11
-5.260282360134167e-11
-3.254667119550396e-11
-1.7162701854892424e-11
-7.709836571765356e-12
-2.9531345575294355e-12
-9.614843708777246e-13
-2.6789842934823816e-13
-6.363140193596921e-14
-1.3686287884225054e-14
-3.622791694972891e-15
-2.5168585212828483e-15
-2.1659353628395714e-15
7.097815511080143e-16
-2.537300789024241e-15
-1.6478647752347783e-15
-1.6328331203371895e-15
3.8932294431100873e-16
-1.6599271805451942e-15
-2.364166389787747e-16
-3.792444342195522e-16
1.4590192027096634e-16
-5.901115477986742e-16
8.471128811164197e-16
3.096312402179497e-16
8.279906070505506e-16
1.644952819810316e-15
6.910948982099035e-16
2.2278209884043783e-15
3.958006558646673e-15
3.863361261416673e-16
-1.6682735241752703e-16
-6.386524280114533e-16
2.2900331369202978e-15
4.735196920061312e-16
-6.701985101591676e-16
6.10694422137647e-16
2.1054695341634922e-15
3.598572066337568e-15
2.9294181161751493e-15
3.5043678220921106e-15
2.151896702487147e-15
1.1615300404843793e-15
3.902138053898708e-15
-9.041661940184783e-16
8.25964018326586e-16
1.8594155204972827e-15
1.1411012740957304e-17
1.1023298588692199e-15
-1.1897412618066099e-16
-9.673129537979923e-16
3.3587431866008907e-16
-2.0784946072272026e-16
-4.681644204105634e-15
-1.2877447901340696e-14
-4.7458289513941327e-14
-1.446028044449909e-13
-3.8110234875239894e-13
-8.376830077962823e-13
-1.5835295686101291e-12
-2.5617458334185742e-12
-3.524966851174408e-12
-4.147300211948282e-12
-4.137364243958428e-12
-3.5267669142170967e-12
-2.5585238357065473e-12
-1.5820975841165572e-12
-8.335406373901525e-13
-3.726387774427091e-13
-1.4389775540776009e-13
-4.4673456375202274e-14
-1.3331374846970891e-14
-3.1264044793229034e-15
-1.7649223238264111e-15
-1.6612390359694496e-15
-2.4255423726564977e-15
-1.9631469512117398e-15
4.587833329851187e-16
-2.413361999990715e-15
-1.172359555074375e-15
-1.1492588707574602e-15
1.3102775687352025e-15
-4.528771226928752e-16
8.116262122931348e-16
3.167249769506928e-16
7.881380721356066e-16
-5.138315780018128e-16
1.386531414175071e-15
5.107416095422461e-16
1.0071075320350246e-15
2.4496250570012924e-15
1.6103300819335494e-15
3.236266791129973e-15
3.678098879317801e-15
8.332435921107134e-16
-5.655470288531355e-16
2.839536176011364e-16
1.4855273228293151e-15
6.203708625126858e-16
-1.6296915075958614e-15
3.2457362893208567e-16
6.160971844585749e-16
2.543320574155583e-15
6.106676233119498e-16
1.9745292456469467e-15
4.782326767038643e-16
-3.4819720332438866e-16
2.5080695141055957e-15
-1.7517669076165876e-15
-6.202516764320276e-16
8.966964655947573e-16
-4.814259704848292e-16
-1.3051966461540374e-17
-1.3082656344847642e-15
-1.7879134007566546e-15
2.841996326162238e-16
-3.7212995731614216e-16
-2.388984575435222e-15
-1.8472144424302299e-16
-2.5030676839166754e-15
-7.809649451355746e-15
-2.5177553738898405e-14
-4.9107297273406435e-14
-9.335382672624142e-14
-1.3980735916401157e-13
-1.9323704841471881e-13
-2.337451340405341e-13
-2.3601013237254376e-13
-2.0619452690249346e-13
-1.4028705920476924e-13
-8.636592459047403e-14
-4.6926065362389135e-14
-1.7631243677014988e-14
-8.027761616463807e-15
2.8772202670310957e-16
-7.073058891820278e-16
1.1330001960410955e-16
-1.1259848824948769e-15
-1.985511737727253e-15
-2.753909037030153e-15
-2.28728147323429e-15
-7.092238541346059e-16
-3.242513867726936e-15
-1.789776516165651e-15
-1.8773633259802705e-15
8.619218753327416e-16
-4.1649119404071573e-16
4.488674606092748e-16
-4.894317670700967e-16
4.2163687185602154e-17
-1.6630673273715635e-15
2.4291779597042194e-16
-6.153809683321701e-16
-3.47881064529114e-16
1.5791402223736626e-15
1.325372510232172e-15
2.974131410980762e-15
3.1339050082531904e-15
1.4556409049250846e-15
1.952222044070062e-16
2.4829278160866183e-15
2.3309258408773326e-15
1.664755503819791e-15
-1.142478861035326e-15
1.1553890733263712e-15
2.2958240856679656e-16
2.8189042465843862e-15
-1.5158320774410744e-16
1.850951411044548e-15
-2.928110349000634e-16
-7.80007661758407e-16
1.447078196679399e-15
-2.153053085562315e-15
-1.8230768411963054e-15
-4.64889441097957e-16
-1.1793128211695373e-15
-1.4428580656035278e-15
-2.3557034991926215e-15
-2.2694193832836996e-15
6.208840376907383e-16
-6.275324883838487e-16
-2.5127047723846728e-15
5.42360117974603e-16
-3.8014652927732187e-16
-1.6165910467510609e-15
-9.542199549333802e-15
-1.5374826408940953e-14
-2.7186386470013847e-14
-4.41446161396021e-14
-5.627299818335619e-14
-7.364942657685221e-14
-6.72977812485414e-14
-5.63606857830657e-14
-3.769671157498298e-14
-2.514039977906455e-14
-1.2173178756662237e-14
-3.611907019588695e-15
-2.1284764263360094e-15
1.7093936083951338e-15
-2.6166490005581773e-16
4.743977811409974e-16
-2.7134223338257125e-16
-1.649849610372341e-15
-2.133359798459783e-15
-1.9622600996431403e-15
-1.4633168030833473e-15
-3.909875274750964e-15
-2.4053486768434415e-15
-2.7779073786638762e-15
2.0016903597152385e-16
-2.1840084337370803e-16
3.102670924769174e-16
-7.189977168012347e-16
8.152442125170471e-17
-1.6924054431433737e-15
-3.3935176976704874e-17
-3.4758552620658633e-16
-3.0531734617672575e-16
1.82866961504358e-15
2.229578945260547e-15
3.450554067469605e-15
3.9875144912224086e-15
3.1740327156136552e-15
-3.609383978864462e-15
8.103944919450609e-17
-3.1325962610029605e-16
-4.656334635677682e-16
-2.381537099432414e-15
4.536806334974284e-16
-1.1834358142134176e-15
2.1176952478531385e-15
-1.3115025802868531e-15
1.0918116981531764e-15
-1.6049860768797202e-15
-1.2292405322857786e-15
2.8407567473293653e-16
-2.2207955776525067e-15
-2.327652620150301e-15
-1.1018005202896064e-15
-9.410176859451158e-16
-2.1388763180340865e-15
-2.9051445145889337e-15
-2.8842155134893868e-15
5.794894197413342e-16
-1.4211105267253479e-15
-2.862521441680292e-15
2.766043805513761e-16
8.612873515882345e-17
-1.2550089686148804e-15
-8.163325409095294e-15
-1.2999953015456829e-14
-2.2557805798249522e-14
-3.2499747275348064e-14
-4.238797202247794e-14
-5.713662378788242e-14
-5.81731908189284e-14
-4.7270293585552663e-14
-2.710508603802773e-14
-1.737929711420998e-14
-1.2794985542256287e-14
-3.1070341092008042e-15
-2.9021074573985385e-15
2.9858701717594435e-16
-1.1612563829010335e-15
-4.0211140505072966e-16
-2.545026331094079e-16
-1.9446500875741168e-15
-1.9192635801970942e-15
-1.7885578621715767e-15
-1.815685626838846e-15
-3.999891408887639e-15
-2.238051323739995e-15
-3.0348569586124516e-15
6.820317961822753e-17
4.3513543673726507e-16
3.7734437654656233e-16
-5.994483367817084e-16
2.8047865977250866e-16
-1.6016846776873714e-15
-7.078129563255478e-16
-5.276902083302572e-16
-1.0925109586588758e-15
3.9052004355055415e-16
7.627860671856723e-16
6.560971224104149e-16
1.2266541347175156e-15
3.3477392345331217e-16
-1.8989969001934903e-15
2.5771910401578623e-15
1.5218774033661853e-15
8.992481653385889e-16
-5.5907584490607355e-16
1.6158009391895689e-15
-9.466241337979028e-16
2.44021593588858e-15
-7.847276063218783e-16
1.526663937871136e-15
-1.4663298878726588e-15
-2.3430714572363796e-16
1.9900103697478527e-16
-1.6230499259470806e-15
-2.5288358599614754e-15
-1.657793350158678e-15
-8.103274748152049e-16
-2.6599524779168965e-15
-3.076646872863166e-15
-2.999515177504468e-15
1.2029892333957172e-15
-1.4012876217831958e-15
-2.0686219075225174e-15
7.28745581138747e-16
1.4123395259670138e-15
1.0716635599507584e-17
-5.311372031934873e-15
-1.1121810402890288e-14
-1.6586370453521352e-14
-3.2338408263012165e-14
-3.668733823883666e-14
-5.3936363474596177e-14
-4.717852464025503e-14
-4.0618985402074055e-14
-2.4842256127606515e-14
-1.5078724553303745e-14
-1.0435053409596993e-14
-3.047939522067603e-15
-1.691515355631962e-15
-1.9543603034124299e-16
-9.315959808640424e-16
-4.827208094758823e-16
3.5054323410809885e-16
-1.4477646191474102e-15
-1.25863554076348e-15
-1.2610593603100828e-15
-1.6581325928926966e-15
-3.764043821299579e-15
-1.901158604993637e-15
-3.3158635260066626e-15
-6.697973665190698e-17
1.1599368079193648e-15
7.107746570488258e-16
3.247949624386649e-16
1.4039129036206608e-15
-3.945883574436186e-16
-3.010664430778288e-16
5.633411785694282e-16
-2.1827332136013897e-16
8.565769813305401e-16
1.891784063930189e-15
1.5247956394958761e-15
2.9560471207618863e-15
2.559969540096726e-15
-3.898329664508029e-15
1.3173279430498337e-15
7.162928329248505e-17
-1.0263051220354988e-16
-2.4871442666991623e-16
1.3384737359108172e-15
-1.7109464944374325e-15
1.1042839708924643e-15
-1.403259451265378e-15
1.5356331798793933e-16
-2.575005784575801e-15
-3.894727931500755e-16
-6.751909237346417e-16
-1.7712437815354717e-15
-3.281011719629387e-15
-2.420760988278658e-15
-1.0696766457939844e-15
-3.0711123355740082e-15
-3.2078698145639475e-15
-2.9810632445018365e-15
1.7562774669336392e-15
-1.2019240722142395e-15
-1.145188854995551e-15
9.286504088015378e-16
2.4662597011309512e-15
4.588270665411723e-16
-4.8075646701685365e-15
-9.798529057043e-15
-1.3887088173370998e-14
-2.0630866704774235e-14
-2.968975372322004e-14
-4.610517046635909e-14
-3.9966655551285607e-14
-3.589649412012475e-14
-2.4521891875625444e-14
-1.3724793119038838e-14
-9.252148691934697e-15
-3.5182450708273936e-15
-1.6852636290419575e-15
-8.09266592939054e-16
-9.396486320921753e-16
-7.805190867936363e-16
3.4288398569146364e-16
-1.171510410465476e-15
-1.2175086968438205e-15
-1.3645093067687148e-15
-1.974075934214455e-15
-3.81850864506781e-15
-1.8944825696253706e-15
-3.696109473388599e-15
-3.5615714680056375e-16
1.3742343956933001e-15
1.4755684251445622e-16
1.1893278993513777e-16
1.0762509260359025e-15
-6.048897017835869e-16
-1.0646752320156312e-15
5.566538273702101e-16
-2.2162760618493401e-16
1.131619365598539e-16
1.2853070314018525e-15
2.3821323394137045e-16
1.4001578658495127e-15
1.1869551083344409e-15
-1.9025868179688644e-15
3.717029489278008e-15
1.364980807138072e-15
8.534756679441822e-16
1.0869220241295718e-15
1.396354074683541e-15
-2.172948322660955e-15
-4.77480885451279e-16
-1.8606857041049295e-15
-1.4519729809622976e-15
-3.5097858391545736e-15
-7.118061562603785e-16
-1.4238275043949032e-15
-1.87969459925128e-15
-3.655975597623237e-15
-2.469355905058664e-15
-9.782747179268676e-16
-2.6578242137801145e-15
-2.7507227556449026e-15
-2.2907117630818798e-15
2.6291750216823058e-15
-2.7803026743602906e-16
2.514195677640666e-16
1.7295700882753442e-15
3.5578157519793055e-15
1.298791891327464e-15
-2.2717627383218143e-15
-7.334950146646706e-15
-1.1447756552489026e-14
-2.3744520583564312e-14
-3.0362789367137366e-14
-3.9185551581867433e-14
-3.901689275128328e-14
-3.249806269264703e-14
-1.8665135219424087e-14
-1.3405794956246666e-14
-8.531559560810283e-15
-3.0121397060284416e-15
-8.008369781395157e-16
-7.590510369545719e-16
8.477706599053626e-17
-2.376344580802246e-16
5.782636170153755e-16
-3.363940761987885e-16
-8.731762218898819e-16
-1.1123417396272008e-15
-1.9135785357678304e-15
-3.292880699107318e-15
-1.6500261141788222e-15
-3.596638460669574e-15
-4.62735786871891e-16
1.3753551704811168e-15
-8.621422499447289e-16
-6.314131783050984e-16
1.2157069718591907e-16
-1.2623383030718076e-15
-1.90174013908985e-15
3.370026967465953e-16
-1.196613643351995e-16
-1.6407417500796775e-16
1.682616880105049e-15
9.68922230864106e-16
2.4397377974388294e-15
3.4792740652492196e-15
-2.7591494687583463e-15
3.4243331607781375e-15
6.54683146619111e-16
6.260342804056692e-16
1.915268520298535e-15
1.888612917714295e-15
-1.6102256412286194e-15
-9.96801225583722e-16
-1.2314296059507362e-15
-1.8157767705972283e-15
-2.928361123750912e-15
6.034905421561357e-17
-9.812349364206356e-16
-1.2945534734043914e-15
-3.3254260003190927e-15
-1.892295072827736e-15
-7.738039484757677e-16
-1.886999795886884e-15
-2.3644518072156074e-15
-2.0021042744060855e-15
2.4727122623501775e-15
-2.871327567890157e-16
2.943938866876373e-16
1.4764641338694848e-15
3.349062812418035e-15
7.489935769392957e-16
-2.5492729405223916e-15
-4.862440173929217e-15
-1.047600032098117e-14
-1.85460740978017e-14
-1.945194409690547e-14
-2.2623451899739107e-14
-3.820761125583631e-14
-2.1861210669738545e-14
-1.336962379549074e-14
-8.846943393266482e-15
-6.156776922746927e-15
-3.1902673346903975e-15
-1.4501451471053414e-15
-1.3161103562710363e-15
1.2933631410179718e-18
-6.526714947639885e-16
-4.908208811865379e-16
-5.40977412828207e-16
-1.3550069131957328e-15
-1.347391275334049e-15
-2.1339794031266448e-15
-2.7720796532461953e-15
-1.5947258637042657e-15
-3.1265149586522054e-15
-5.6157530179797336e-18
2.2412955597342816e-15
-5.915089445519509e-16
1.8607453150207218e-16
6.458559584973834e-16
-5.034783108417646e-16
-1.3304846804749458e-15
8.928997231286723e-16
5.193471838427073e-16
-8.619674638445078e-17
1.7330688909633887e-15
6.236360828002021e-16
1.560003340389141e-15
3.1969683619578954e-15
-1.6567998119547132e-15
4.7370856185143026e-15
1.4295261998762077e-15
1.0187242062152778e-15
2.532454440157494e-15
2.3195137997623594e-15
-1.1537561210808124e-15
-1.5171746736431897e-15
-1.2749483158648699e-15
-2.470915466746282e-15
-2.890758173363425e-15
-2.6579384623770385e-17
-9.709028585677823e-16
-9.98889901004941e-16
-2.9234137362254493e-15
-1.2216545334045486e-15
-7.159350072662743e-16
-9.48909476108074e-16
-1.5737450158387064e-15
-1.0760209402139059e-15
3.029612677884926e-15
5.804367228827326e-16
9.836036673165764e-16
2.198891226096071e-15
3.61713494597515e-15
9.926444685573102e-16
-2.0657353760019417e-15
-4.2506333400528525e-15
-1.0076903475475853e-14
-1.2054818448723375e-14
-2.1036243003496455e-14
-1.494723503806331e-14
-3.014090500207802e-14
-1.5687293761249532e-14
-1.678978048056673e-14
-9.586006467620693e-15
-5.695265148957281e-15
-3.820335861118364e-15
-1.7019579313112443e-15
-1.1241805377875851e-15
8.412732993700868e-16
1.4202157806666541e-16
-4.019276207008842e-16
2.4042958955992913e-16
-8.479945260635014e-16
-8.633069197384194e-16
-1.97322704939113e-15
-2.2672182146933273e-15
-1.8953534382969965e-15
-2.922998383757865e-15
3.804938844167984e-17
2.470669644006421e-15
-1.0883954618876772e-15
2.343476910429306e-16
3.009402156047582e-16
-3.3603746931921323e-16
-9.608199861448242e-16
1.0587258178038806e-15
7.350476718262901e-16
-1.7740163694434746e-17
1.7933631396697495e-15
8.361345422693442e-16
2.1857852459550396e-15
4.553743558249299e-15
-3.190767412206408e-15
3.2895905705220533e-15
3.50295393431783e-16
-1.1980821918709993e-16
1.7340145688640388e-15
2.293882586029561e-15
-5.439735593487823e-16
-1.0234667964763745e-15
-5.801389782610553e-16
-1.1675478606500078e-15
-9.953680498932149e-16
1.497369240591769e-15
5.169972694563877e-16
5.280605774922574e-16
-1.6376317521288246e-15
1.5338432471896056e-16
-5.076062386009367e-17
4.476894016825982e-16
-3.5493617944871886e-16
2.2363787516590377e-17
3.533086894826772e-15
1.1494278960369186e-15
1.2727982778574905e-15
2.726393368616374e-15
3.96429747737993e-15
1.5078533561355667e-15
-1.6802934029832145e-15
-3.24912707553674e-15
-6.4501303991598605e-15
-8.592632501286956e-15
-1.527049125916609e-14
-1.4513462977668737e-14
-2.4363459411027706e-14
-1.3290445215850427e-14
-1.3156533396290618e-14
-4.185869536514984e-15
-2.885930180421174e-15
-1.4868158768255566e-15
-7.656301842450149e-16
4.342500762177562e-16
2.0992915075454107e-15
1.414667875094024e-15
2.160338304860807e-17
8.275275120011455e-16
-3.653004594888543e-16
-4.314311635511305e-16
-1.749646563327169e-15
-1.9075055098415018e-15
-2.1211490510924216e-15
-2.4364700517393696e-15
7.190824448216358e-16
3.573237009393174e-15
-3.725845738181204e-16
1.7273063813257392e-15
1.2763897934390133e-15
1.0135853126621821e-15
4.436507638022647e-16
1.835222374163438e-15
1.10446580769458e-15
1.2941686139381843e-16
9.735959857719057e-16
-3.8680707025668134e-16
1.0176843577657854e-15
3.1279422984166983e-15
-2.4363571252324838e-15
3.738502957317996e-15
1.2753913689528232e-15
5.35795138369336e-16
1.7062944576701505e-15
2.5562450850961836e-15
-2.6419167665057465e-16
-1.451664638493093e-15
-2.171079585208132e-15
-2.0687518782073203e-15
-1.9214548237956583e-15
1.3046132008311686e-16
-4.572090124242226e-16
6.20807083524377e-16
-1.3083351864551545e-15
1.1889589821211717e-15
7.502360005124182e-16
1.7346488376800288e-15
9.176584824494347e-16
1.1793744417738392e-15
4.068505471095927e-15
1.5674336326451751e-15
1.3126841352718396e-15
2.6775549191063036e-15
3.518474090522347e-15
1.2734010129576034e-15
-1.041131145231118e-15
-1.7731369096549363e-15
-6.064541996548051e-15
-4.599034052764354e-15
-8.830831637065403e-15
-5.487284287813979e-15
-1.652548286464991e-14
-8.691866772616822e-15
-1.1079833819220194e-14
-2.7914417342525014e-15
-3.289489878636976e-15
-2.0996498650408272e-15
-1.1322535250441979e-15
7.182785239111734e-16
1.954830029177477e-15
1.9947623880606013e-15
3.158033775182013e-16
1.1621662353840108e-15
2.638715780388782e-16
1.7426843295043855e-16
-1.216815296932401e-15
-1.6253808552930106e-15
-2.374545245587991e-15
-2.514834057600673e-15
3.6264012162719945e-16
2.8474302653221074e-15
-1.9409571836267853e-15
5.036503082306481e-16
-5.447339540515819e-16
-3.6931458086919726e-16
-4.634930688917171e-16
9.36578043601748e-16
4.978237761312462e-16
4.640589243145017e-16
8.364586188461509e-16
-1.7965495127844176e-17
1.7577622080989239e-15
3.5298728300146497e-15
-3.125769894853005e-15
2.373888493686665e-15
2.972543363264446e-16
-2.4781604515589003e-17
3.9642314101742257e-16
2.0740623804191494e-15
3.6073873547428453e-16
-6.122559656089109e-16
-1.5901660503457491e-15
3.1148815677471364e-16
7.842060769160099e-16
2.0733665742053112e-15
9.4918927235549e-16
2.315032746522958e-15
-6.345308462475994e-16
1.993144756316909e-15
1.3418102454171449e-15
2.216381960511505e-15
1.3835735213794387e-15
1.2925416534145162e-15
3.265133557705208e-15
5.613251516940057e-16
9.056304534381446e-17
1.2444808654094909e-15
1.9759493860565792e-15
3.9864299064695347e-16
-1.2863190358863944e-15
-1.121598296045686e-15
-4.6995031992493036e-15
-4.939907276406842e-15
-2.2145283669056616e-15
8.724555881094619e-15
-1.5410079714719026e-14
-2.785009828022328e-15
-3.2824979647778524e-15
-1.0276687771208062e-15
4.1483938187709015e-16
-1.203981814556477e-15
-1.1717940291784713e-15
6.439943792435378e-16
7.640976760610048e-16
1.554091966029794e-15
-3.7751575722325507e-16
5.967951542721897e-17
-3.82828217930674e-16
-3.3928944710685355e-16
-1.4320158665096738e-15
-2.1800156051153692e-15
-3.0505620600258826e-15
-2.878277678297144e-15
4.448047822828763e-16
3.374942498206225e-15
-1.0140941255171276e-15
2.2804439998677562e-15
1.0144178689239e-15
1.06183263314723e-15
6.225200716183671e-16
1.2358736487136438e-15
2.34844529892473e-16
5.660839084981246e-16
-1.3887904651883825e-16
-5.420318283217583e-16
7.945226934815572e-16
2.2402630154735194e-15
-2.231690312658409e-15
2.108969961799794e-15
-3.5133709356017427e-16
1.005307865287607e-16
-6.287510248817261e-16
1.4611801544551e-15
8.557957171437149e-16
-6.735079535601918e-16
-2.0945496997239856e-15
8.41511975228407e-16
1.5699060971477845e-15
2.073867387504219e-15
7.044087539223152e-16
2.913508228353458e-15
-6.308985371371334e-16
2.2622657223203045e-15
1.6730817833450422e-15
1.82652082413157e-15
9.998091165025206e-16
5.034473239755209e-16
1.6547012528198942e-15
-8.541139407987919e-16
-1.0274539666023653e-15
-1.5181339554659203e-16
9.132247377005488e-16
-1.343629917464942e-15
-1.0245905851317722e-15
-2.3630748041293653e-15
-1.6846270165970103e-15
8.759292467499364e-16
8.257881899780333e-15
-3.0213969273590202e-15
5.418933943299442e-15
6.117472250760545e-15
-4.4188596895668856e-16
8.396346031787954e-16
1.0105181316996253e-15
-6.884629621290417e-16
-1.4502890052945397e-15
4.0893448243851076e-16
-6.080794118190287e-16
8.8143429381993e-16
-1.2001571668825705e-15
-1.5505288571777109e-15
-1.8187695544326187e-15
-1.7670559937925238e-15
-2.2821568170976535e-15
-3.168930404707249e-15
-3.689730522417722e-15
-3.3632071098867904e-15
-1.3317349330943274e-17
2.6044311357580237e-15
-1.7378337670235913e-15
1.797712890546819e-15
7.111081699260316e-16
8.651451208480516e-16
4.798967198959693e-16
9.133592137706684e-16
-2.2286975913293207e-16
6.585383301510809e-16
-5.743027058523928e-16
-3.636020646497941e-17
4.265726056698481e-16
2.296052295225967e-15
