8.472706781052582e-16
-5.394398103396586e-16
1.157971818650622e-15
-8.0174120033032e-17
5.850812828063689e-16
-3.179983037201798e-17
3.3261473668868435e-16
4.121187751137835e-17
2.7913586471768856e-16
-1.7843418304227934e-16
-2.685151640426502e-16
-6.291884106701715e-16
-2.4346085119420432e-17
-8.251069510871688e-16
-1.8977426001561308e-16
-7.342245421311828e-16
-4.5422106091503755e-16
-3.58366125314901e-16
4.133963866029222e-16
1.2989245878931266e-16
1.2542754833123713e-16
4.1816265772162356e-16
4.822462764227607e-16
8.69914242532615e-17
1.7787427615275326e-16
-2.0427911921574604e-16
6.1582899262746905e-16
8.795770952660052e-16
-1.2148935616867578e-16
4.895884765865417e-16
-1.4118574457160748e-15
1.2779078370312173e-15
2.7834972424333378e-15
2.394943724840828e-15
1.0283192431658418e-15
-8.869207670146361e-16
-4.513805393024641e-16
-4.931374943621673e-16
-2.6300865556616957e-16
-2.1729027881019204e-16
-3.115062781104465e-16
1.8617968838301092e-16
1.3079902993100174e-16
-6.85639466219816e-17
-7.016490782915454e-16
-1.252973253047547e-16
3.075806052196562e-16
1.2295926844873487e-16
-2.9149854462812463e-16
3.184105430406874e-16
2.246460121951548e-16
4.580736958984546e-17
-2.1461482516869807e-16
-2.2283356275083338e-17
-2.103442835656692e-16
-1.9044016764097335e-16
-6.879160024651138e-17
8.467504647274569e-17
3.074132899655383e-16
4.3355132371207164e-16
3.1348720684485265e-16
1.570773527882632e-16
6.152376628731037e-16
-4.658819774534842e-16
1.1318993424013015e-15
-6.399948651460427e-16
1.030852034858112e-15
-1.4488364059613813e-16
6.000080890942706e-16
-7.008210534681317e-17
4.641922843216312e-16
1.480655516804669e-16
3.982045781490356e-16
-1.2331203345326288e-17
-5.404263920205342e-17
-4.04962980291795e-16
6.459159787823616e-17
-7.393912052304881e-16
-2.3573517778427844e-16
-7.777427822794272e-16
-7.962168026793179e-16
-5.799555864210078e-16
-7.740223376882614e-17
-1.9682308168510925e-16
-2.2183874217940067e-16
2.415207482170721e-16
2.6876556250143616e-16
8.465890616102655e-17
9.438396160712886e-17
-1.6769647513282849e-16
5.033014715456279e-16
8.726107697624719e-16
1.2757497971857023e-15
1.6433117166931116e-16
2.838547230791315e-15
8.691384017399653e-16
9.833164190861206e-16
2.669904909930192e-15
-1.6306871809926724e-15
6.266619737778763e-16
-9.599483590772053e-17
-3.1779355101453674e-16
-3.907933512094987e-16
-5.177426681887336e-16
-4.499753664753165e-16
-1.1358095565947905e-16
-1.6558906637384955e-17
-3.8613601270817416e-16
-9.489003311739868e-16
-5.295122183529588e-16
-2.309435997636859e-16
-1.3474590381612505e-16
-6.725857331702467e-16
1.8408615720849558e-16
1.960797093866832e-16
1.2756205445443203e-16
-1.7532214676965114e-18
1.1873730553343866e-16
1.8548888401502826e-17
1.963599476272939e-17
1.2649705941612297e-16
2.0299437787542802e-16
2.8221210857184027e-16
3.6038001151975887e-16
2.8487209393607695e-16
1.0339184554910167e-17
4.32142717657082e-16
-5.707773945200205e-16
1.4086149159829571e-15
-6.049158874428767e-16
8.930718054124587e-16
-9.352436267849846e-17
6.643568665582243e-16
-1.7359999250826808e-16
3.759292057256852e-16
-9.61303262583943e-17
7.992940170793579e-17
-2.673495910851376e-16
-2.527619285788251e-16
-5.537723281863053e-16
-1.4385508793259986e-16
-7.916125216030653e-16
-3.4209370590527634e-16
-6.275339675599931e-16
-7.719276581835177e-16
-3.5163209223590453e-16
-9.417790633793306e-17
-2.909250139294706e-17
-6.934827724781206e-17
4.2581537976534108e-16
4.0778312858865893e-16
4.164078441642473e-16
3.194788915616457e-16
2.6845581522248056e-16
9.84285691221258e-16
1.5788699687989373e-15
2.2507165194930735e-15
2.4680475719819807e-15
4.333162661300378e-15
8.422704113229828e-15
4.322823931076206e-15
4.473087046556407e-15
3.1946922318355553e-15
5.752315063724729e-16
1.8715382296402622e-17
-1.285408666184333e-17
-1.5386068269845766e-18
-4.806769319608071e-16
-2.97739570119442e-16
-1.5126087133769292e-16
1.6043257647820529e-16
-2.95151325719756e-16
-7.181395283287334e-16
-4.632320041599772e-16
-2.6943482180312086e-16
-5.477560539325276e-17
-7.917552441261908e-16
7.158722705533158e-17
2.8493225752446254e-17
-9.760242125589031e-17
-2.0486990383853098e-16
-2.0496461747991438e-16
-2.372568833791551e-16
-2.437954151514478e-16
-4.9744309723541436e-17
3.256849235218257e-17
1.6977584011221022e-16
3.2641639514866024e-16
5.095950010346545e-16
5.922156883264456e-17
3.7495713452118535e-16
-4.915579789737821e-16
1.3047487617586234e-15
-7.714485711013166e-16
3.821120533916239e-16
-3.3590665230857766e-16
5.51084735496047e-16
-2.588302597062307e-16
4.984677842663361e-16
9.011033878581171e-17
3.050338526122926e-16
1.1226645514034577e-16
1.6808881574311804e-16
-1.422286623606165e-16
1.262313377889812e-16
-5.064473755583224e-16
-3.347848311878146e-16
-4.2896747542855545e-16
-7.637358261261726e-16
-2.4882295579536706e-16
-2.7113728503100573e-16
-1.0157995479020912e-16
-1.643132502182044e-16
2.6208171025873385e-16
2.747765023281992e-16
4.911966747723364e-16
3.7031630990602556e-16
5.808753944195626e-16
1.6191759001808118e-15
1.913054335937008e-15
2.776425477189715e-15
3.297651322182593e-15
6.327069078221817e-15
7.528667160753213e-15
5.546048490389832e-15
7.0168716739602155e-15
5.348163588126868e-15
7.940685114933117e-16
3.08851107503305e-16
1.6719026982189879e-16
8.201251203237338e-17
-6.052427269408783e-16
-3.3904950402848496e-16
-4.0701318826034733e-16
6.112226929814481e-17
-4.228942964798647e-16
-6.785240383190204e-16
-5.655671494351795e-16
-3.550102270414459e-16
-1.215128379760788e-16
-8.651038230448121e-16
-8.751169368784842e-18
1.4513884818021143e-16
7.180539450472712e-17
1.4179138194526007e-16
1.4420173964958282e-16
2.4214935448419765e-16
1.7417209314610143e-16
3.6015971825997323e-16
2.601188160713474e-16
2.4924111032473147e-16
2.0094057901620485e-16
5.039588700617643e-16
-2.4307333825254275e-16
-4.247583981701432e-18
-6.129638958104276e-16
1.6061729458823629e-15
-3.4087682574781017e-16
3.4129773541903843e-16
-2.5389283728762844e-16
5.91189716045806e-16
-3.9330162758493715e-16
3.456620642346626e-16
-1.171850583999796e-16
3.748607531734407e-17
-5.2798827302676926e-17
4.57791912827111e-17
-2.1889059356531606e-16
1.0007142979548603e-16
-3.4611336808756845e-16
-3.0189435050138043e-16
-5.5156780103290125e-17
-4.757821429884586e-16
1.134591245601476e-16
-9.860186095563258e-17
1.490436659760825e-16
9.105037347439739e-17
3.8812240491391575e-16
4.598002361823211e-16
7.233637528717143e-16
4.995276674450455e-16
8.155054822756516e-16
1.520747547156691e-15
2.3911654502639045e-15
4.3801317431553664e-15
5.5664087737444654e-15
6.492973276158617e-15
8.420463119634753e-15
9.367459738916839e-15
8.186367315283663e-15
6.249896866889215e-15
2.372010803786762e-15
1.1318218911481354e-15
6.43889860554094e-16
2.652424697652205e-16
-5.296862290956467e-16
-2.0804151641279742e-16
-4.154241266203693e-16
1.612063917377293e-16
-2.43040389340291e-16
-3.2148530290935805e-16
-3.4112904159886433e-16
-7.301847388415524e-17
1.6819320839712525e-17
-6.645792941014364e-16
-3.907679813416052e-17
2.7501324224812166e-16
3.3203246059009475e-17
1.4347777414091487e-16
3.5288315547203336e-17
1.8508523693353277e-16
-2.9932972454953634e-18
1.9642653509431025e-16
8.171578404100893e-17
1.173000071887343e-16
4.119891039541538e-17
5.922171557291597e-16
-2.7314085686979754e-16
4.9488610177238083e-17
-1.928819325708401e-16
1.4584307550704648e-15
-2.2462272062799974e-16
9.10187761517933e-17
-3.371934272065466e-16
6.348158696072291e-16
-3.3806981984861825e-16
5.100823524857453e-16
7.998711416897974e-17
2.0462096699663593e-16
1.3033438341365088e-16
2.1106871466473212e-16
-1.3625457092629809e-16
1.741125754310882e-16
-2.364964988359147e-16
-4.320595933138472e-16
2.4505237947994944e-17
-4.965051302665414e-16
1.219473463698061e-16
-1.4549619287301504e-16
1.9967080841556508e-16
1.8329396015483608e-16
3.8272931976505527e-16
5.510511893721836e-16
7.536910364512229e-16
4.599694423245514e-16
9.702470057865822e-16
1.7173066869188435e-15
2.9224719880394124e-15
4.30516122803607e-15
6.438039103071993e-15
1.0896603182779063e-14
1.0794807194711356e-14
1.0492140922910229e-14
1.0423594459111715e-14
7.68030845421209e-15
2.750980264009058e-15
1.464922307485203e-15
7.465664887944589e-16
3.05516581063271e-16
-5.662167886369106e-16
-2.0511616891748682e-16
-4.9007259795159725e-16
7.989838995758351e-17
-2.259332837014747e-16
-2.055761278312211e-16
-3.558969488654351e-16
-5.796958702814675e-18
-7.03669776496904e-17
-5.233038127833996e-16
-1.3861386342914315e-16
4.2921696657572846e-16
4.700531692048437e-17
2.765858809784194e-16
1.4696977993906596e-16
4.167625015467763e-16
1.6589508273906772e-16
3.588579076218146e-16
2.6903167557027785e-16
2.711289487392341e-16
5.822320356144696e-17
6.159585679978173e-16
-3.92374007839922e-16
-4.539096884452264e-17
-3.9989538947661494e-17
1.1004668334096883e-15
-2.164407660013631e-16
-8.765230910983541e-17
-4.804633881081239e-16
5.028850190684591e-16
-5.619486813357123e-16
2.9663655465701605e-16
-1.6827528292980323e-16
-2.4048686770891912e-17
-6.510876390534579e-17
1.0915428596467116e-16
-2.6439520855676866e-16
1.7288044000026627e-16
-1.4214626887403145e-16
-4.591558993393444e-16
1.7940012796743607e-16
-3.8211738222898976e-16
2.2204520549623444e-16
-3.02038610114227e-17
3.738929269406711e-16
3.4353390391368595e-16
5.020636816277534e-16
8.207861130613663e-16
9.987163005524417e-16
7.42325118176657e-16
1.4327963856579453e-15
2.0176332258166203e-15
3.513146436576021e-15
5.326570807821639e-15
8.660979062987216e-15
1.2170009554927525e-14
1.4907459550423225e-14
1.3056111632978106e-14
1.2744384350650121e-14
8.898026579358136e-15
4.150047865686077e-15
1.919702080848973e-15
1.2384692603876852e-15
6.610438352078044e-16
-1.446235452569657e-16
1.3947343449396353e-16
-2.4678122526189523e-16
1.6546731939230287e-16
-6.513688942492171e-17
1.1271301636379778e-17
-1.9878661021115483e-16
2.529872532741622e-16
4.786443273706438e-17
-1.4608265350936007e-16
-9.417240271799029e-17
5.917171173989313e-16
-2.0674111427432577e-17
2.2071996371316931e-16
-1.9365913421679527e-17
2.5015936573246664e-16
-1.0601452147168623e-16
2.3567524589493224e-17
5.120500148336967e-17
1.0951446883501362e-16
-1.236037063352657e-16
4.002765082471422e-16
-5.941071186698785e-16
-1.9546876242319502e-16
-4.7704359865637385e-17
7.129215853062199e-16
-2.875518955037242e-16
-1.8316724595681248e-16
-6.452749548495538e-16
3.6294507263286864e-16
-6.172981311300965e-16
4.266512733642619e-16
1.8537362801659062e-18
1.9701647349978248e-16
1.0364245933621292e-16
2.653297025200168e-16
-2.968026149013644e-16
1.6180015049148434e-16
-1.7999070490716326e-16
-6.08325797673814e-16
8.590311494419234e-17
-4.656745170060888e-16
9.189295033328383e-17
-6.396295197118795e-17
4.14389716318193e-16
3.349204719133482e-16
5.010356536171486e-16
8.92915807194142e-16
1.0028816641808077e-15
7.60557178444443e-16
1.7247211527276334e-15
2.501282268148324e-15
4.355821410958761e-15
6.6373097009248075e-15
1.0386778449091702e-14
1.608925279717774e-14
1.5937677436599152e-14
1.452170206021248e-14
1.4709226899583518e-14
1.0241132456107055e-14
5.027013123936932e-15
2.4165549687084928e-15
1.3409440490694426e-15
7.483296445150894e-16
-2.7005044419768373e-17
1.5680215784592084e-16
-2.2754425683807664e-16
4.5214733524610986e-17
-7.223858478567298e-17
3.6490011918569306e-17
-2.1729550220569377e-16
2.85112665005092e-16
-5.774977064046502e-17
3.104807529753593e-17
-2.0339916646703798e-16
5.897387154014368e-16
-1.268882085365445e-16
2.1712748051984026e-16
6.628996885438252e-18
3.691995055143899e-16
3.8297420713125695e-17
8.970327894095885e-17
1.549135502904362e-16
1.389067578583e-16
-2.2926534720229274e-16
1.0606370029464657e-16
-7.734946240638862e-16
-2.8750923888486105e-16
-1.0410813111969428e-16
4.850342081042585e-16
-2.623953085997554e-16
2.2323304246949615e-17
-5.894505624315415e-16
2.7640680582574713e-16
-7.077914272624657e-16
3.968234384714598e-16
-1.0051891315865054e-16
1.0444678037952519e-16
2.2183143032089145e-17
2.6331091009126836e-16
-3.7559235705147575e-16
1.8691781283561378e-16
-1.3740241678039177e-16
-5.830486592094162e-16
5.574823865305086e-17
-4.495140584744061e-16
-3.19286696799651e-17
-1.2263930541154315e-16
3.4199033971993564e-16
9.763629707069077e-17
2.3653265860233306e-16
6.087773049676236e-16
7.009404750997375e-16
4.3481093697216675e-16
1.6849340021737268e-15
2.3786424482061436e-15
4.6998181516448376e-15
7.401871835929165e-15
1.1840846748560528e-14
1.552210852684496e-14
2.1367134930483614e-14
1.7238246082988295e-14
1.482076973417537e-14
1.0420480420563968e-14
7.27112121059756e-15
3.3148347804127756e-15
1.629470585641371e-15
5.818021843249852e-16
-3.854710226202205e-17
-3.554962309802946e-17
-4.0419994724443357e-16
-2.9458614749584283e-16
-2.912810336394017e-16
-1.0125820340575855e-16
-2.9733191498381493e-16
3.1710420762693225e-16
-9.316338731702889e-17
2.8400737005819785e-16
-2.0649866435073202e-16
6.079089402386504e-16
-2.4023292663668554e-16
8.813822184902899e-17
-2.086355167656665e-16
1.1021028690419453e-16
-1.8485739768387814e-16
-1.801644803833788e-16
-6.473601519347511e-18
4.5986009445253795e-17
-2.8120731681427287e-16
-5.833001790628001e-17
-6.957778307330174e-16
-1.6576705303333643e-16
-1.0579456952344827e-16
3.419030269555888e-16
-3.4120463540989223e-16
1.6286587304408299e-16
-5.877395949962697e-16
1.1055170797824862e-16
-7.404666097202354e-16
5.145163627178155e-16
3.573875407051137e-17
2.8839915490571013e-16
2.9464845694163597e-16
6.403446009821963e-16
-2.4877336516886986e-17
5.741756419686337e-16
2.2611747769671763e-16
-2.650631569957761e-16
1.6849517549542837e-16
-2.715002060923819e-16
-2.1221330614075198e-17
1.7240606092723075e-17
5.614876756981542e-16
2.88104337542198e-16
5.045610669423612e-16
8.229799492012081e-16
8.864156442803149e-16
4.2238139291454386e-16
1.7852246633170522e-15
2.683734181639627e-15
5.02955281464254e-15
8.54905940730177e-15
1.3400167701453553e-14
2.0985593831297e-14
2.1061234091422762e-14
1.95111211164222e-14
1.8450029747682774e-14
1.2484735466274745e-14
7.225408097227774e-15
3.4598045381741813e-15
1.6587041185667273e-15
5.517280189656179e-16
5.928753180912802e-17
7.830206742546229e-17
-1.0625104877895187e-16
-8.008380439977883e-17
2.0143814507204037e-17
2.1175397123551352e-16
-5.575993954401244e-17
5.189951480093017e-16
-6.662685131070151e-17
4.8238008308558885e-16
-2.174276083281728e-16
6.706005281228848e-16
-1.8167982961507232e-16
2.4061455957870563e-16
-5.749402702523263e-17
2.553645467191351e-16
8.450362776296341e-17
2.6038809256989483e-17
1.9500081643015933e-16
1.656608232843195e-16
-1.7477994277162464e-16
-1.3757394603629607e-16
-5.082436899455681e-16
-2.572258753181183e-17
-1.6615711446539513e-16
-1.84898024800785e-16
-8.746901588045527e-16
-6.763620761515105e-17
-7.285187022358956e-16
-1.5948715851717808e-16
-8.246353096896622e-16
4.88459132122379e-16
-2.874844749068134e-17
1.729799339543014e-16
1.7967979988820833e-16
5.407938899418135e-16
-1.4213985746618346e-16
3.9425551458405986e-16
1.0579235099221212e-16
-3.2516999967372862e-16
-2.372752225782951e-18
-2.4695135146117407e-16
-1.5411681488216362e-16
-9.399330675489067e-17
3.628187065691307e-16
-2.7190556143446144e-17
1.8849757629054286e-16
4.439435208849379e-16
6.445007751032881e-16
9.940074500839312e-17
1.6932387288083034e-15
2.564387220662758e-15
5.276643872931153e-15
9.048525865526641e-15
1.4670472914573343e-14
1.9165457940804666e-14
2.4179844965002735e-14
2.3670426358320358e-14
1.9838152509095372e-14
1.3676851988942026e-14
8.329838524586578e-15
3.855402691383158e-15
2.0534110224974754e-15
4.810727100234198e-16
7.46863020488722e-17
-8.871626465947542e-17
-2.7222042015596696e-16
-3.9652864455594966e-16
-2.4173257883465465e-16
2.3544547272451646e-17
-2.0120814849142706e-16
4.487838032721482e-16
-2.0299783688803483e-16
5.000282465122025e-16
-3.6901440663558224e-16
5.511554661471777e-16
-3.81590933504498e-16
4.6360596912081214e-17
-3.474426866123381e-16
-8.440369788924534e-17
-5.321328542044135e-17
-9.049063684255937e-17
1.7519285687690024e-16
8.733964512707664e-17
-1.5252244918776856e-16
-3.210874482211167e-16
-5.120887444622983e-16
-3.4534969228345565e-16
-7.629630702871321e-16
-1.1109802841669365e-16
-9.396207182010127e-16
-5.611862840610875e-17
-5.861187181803004e-16
-2.452180760498092e-16
-7.807318616728525e-16
4.538658921638859e-16
-7.098001931179437e-17
1.6356943583165687e-16
2.3920149947131208e-16
7.201958749142691e-16
1.934026845637862e-16
6.247160175038186e-16
4.512602939889667e-16
1.1431939489802031e-17
1.6286045656849496e-16
4.2816332315717994e-17
-2.2466643605533004e-17
5.5251881833125456e-17
4.749672448719821e-16
1.3537151380038316e-16
4.044993888654333e-16
5.648689008726895e-16
7.90336972374877e-16
-2.0913318663319582e-16
5.08059226558583e-16
-7.203092101206022e-16
-2.120606702579293e-15
-5.181648573198061e-15
-8.801834675933326e-15
-1.2148469767180865e-14
-1.5866260961811238e-14
-1.5228688241928908e-14
-1.2318331074006245e-14
-1.049661749967732e-14
-5.58303548350329e-15
-3.298955646451454e-15
-1.1951508562634029e-15
-7.344223505526496e-16
-1.164079176558892e-16
6.847554131792471e-17
5.753885419117505e-17
-9.740538562768731e-17
2.2678582540029085e-17
2.475125608537811e-16
-4.661237390909638e-17
5.469716098198469e-16
-2.20228513498045e-16
5.624915078850339e-16
-3.7119550512994424e-16
6.840084886608408e-16
-2.0600690355404935e-16
3.0104202727992116e-16
-1.6040732902241047e-16
4.4202265355425935e-17
2.2220483767978935e-16
9.046984390752909e-17
3.5691126778230707e-16
5.072393119119796e-17
-5.432901701551256e-17
-3.4496724424123716e-16
-2.728101549552412e-16
-4.1579759957016844e-16
-9.049071328963861e-16
3.5325430770409137e-16
-6.734229514719652e-16
8.721183026095635e-17
-2.25763701057202e-16
-9.318185558573524e-17
-5.120308024801e-16
5.054511819825472e-16
-4.126604935506457e-17
1.744159698091557e-16
1.3818056454629494e-16
5.523495178413695e-16
1.0803280636437395e-16
2.821696277579909e-16
2.80298823020262e-16
-1.175627540452922e-16
4.066842668975151e-18
4.849886088197421e-17
-1.15980378670834e-16
-1.146888553989521e-16
1.0153190543673694e-16
-2.9850755222918853e-16
-2.005190168025305e-16
-7.122435895510402e-16
-2.5892273058334427e-15
-1.1537313871488956e-14
-3.354166533653758e-14
-8.952430376304988e-14
-1.989242930063857e-13
-3.784103975940788e-13
-6.114617376852755e-13
-8.43085575280154e-13
-9.870472655396292e-13
-9.893920954133218e-13
-8.44225102710067e-13
-6.135017343403697e-13
-3.7851503154412374e-13
-2.0005674698893855e-13
-8.939864063605407e-14
-3.460056500787038e-14
-1.121794087194205e-14
-3.1198181637559508e-15
-8.819817834162659e-16
-5.089822091807392e-16
-3.728391199145548e-16
-1.5806203362951212e-16
-3.928316857231197e-16
2.1882977612209842e-16
-5.378786848340971e-16
3.1733042228309953e-16
-6.096473880278477e-16
5.167462944362519e-16
-3.238254146076961e-16
2.1546483303520285e-16
-2.5494327067780823e-16
-2.1193079710907394e-17
3.3124124940769647e-16
1.4923919180620843e-16
5.032058870249675e-16
2.655742761681524e-17
1.5268395912623755e-16
-1.290983942004985e-16
1.9693296995483876e-16
-2.468213596904773e-16
-6.655872664068468e-16
4.63808667792054e-16
-7.301074020965149e-16
-2.2099653782134895e-16
-3.1235568126968504e-16
-3.293391294572368e-16
-6.481046044190312e-16
8.524393868289474e-17
-3.575689245685144e-16
9.076241358698404e-19
9.962485766934185e-18
4.841423076141928e-16
2.902021525999179e-16
2.432088044994159e-16
4.535573475106718e-16
5.242945757429797e-17
1.574825626809653e-16
2.761750164687349e-16
8.088698398325189e-17
5.378737170512907e-17
9.436118152663474e-17
-6.638289171078757e-16
-3.090274119663965e-15
-1.580899978149251e-14
-6.633038029305682e-14
-2.4138915326637666e-13
-7.385009842039119e-13
-1.930856464786502e-12
-4.297063863784302e-12
-8.150087436475934e-12
-1.3172473909734242e-11
-1.8139227464511494e-11
-2.1288523358421513e-11
-2.1287383602123043e-11
-1.813997439691405e-11
-1.3174394095489932e-11
-8.150485776608945e-12
-4.297680899283179e-12
-1.9306256921370915e-12
-7.393292631382338e-13
-2.409910095508258e-13
-6.677011596747676e-14
-1.576765765506046e-14
-3.2369330586594924e-15
-6.747582222639662e-16
-1.008180442996763e-16
-2.143203206314413e-16
3.2325433161076176e-16
-4.586574764742289e-16
3.502018183573101e-16
-5.312263981515235e-16
5.744658818855888e-16
-1.4580998063519428e-16
3.853221051651604e-16
-2.445018355737688e-17
2.263168132175081e-16
5.665832421585964e-16
1.6989886663022562e-16
4.521947780073232e-16
-3.02290456894477e-16
-1.0903988873699235e-16
-4.075614343248795e-16
5.4882510279219125e-17
-5.55960378702795e-16
-7.675075252570243e-16
8.605340548162771e-16
-4.401881611771508e-16
-1.2757934224192895e-16
3.2556541071559515e-17
3.9790487735674636e-17
-1.708495884663052e-16
2.207837576452158e-16
-1.7815861320527606e-16
1.3494733301692674e-16
-4.104214071154039e-18
2.9691554377954976e-16
2.3606804771981305e-16
-5.674452039959987e-17
3.7310266555033373e-16
-4.048442434109526e-18
2.175623328536007e-16
4.0760882780800704e-16
2.7561709153975e-16
6.529735105756781e-17
-1.2450987843227129e-15
-9.955350534936124e-15
-5.723275173784866e-14
-2.8379221580452607e-13
-1.1962954091737988e-12
-4.3047586929212714e-12
-1.319139119253645e-11
-3.445377736806346e-11
-7.667647225939225e-11
-1.454163031249481e-10
-2.350037104535788e-10
-3.236302160474649e-10
-3.7978262647750413e-10
-3.7978318517847877e-10
-3.236310088795733e-10
-2.3500421754023234e-10
-1.4541642444267605e-10
-7.667744636405934e-11
-3.445283747204471e-11
-1.319195965549276e-11
-4.304295917541969e-12
-1.1967457538650288e-12
-2.8371008588016444e-13
-5.738409114889166e-14
-1.0056905659655109e-14
-1.5489346682727674e-15
-2.999195614650865e-16
3.6824896414116004e-16
-3.538054040653339e-16
4.2034756151647274e-16
-3.186235443974852e-16
6.729865149124507e-16
6.722022959318929e-17
4.561835515503224e-16
1.372547423496878e-16
4.333282650801256e-16
7.45638704984609e-16
2.8299583195435657e-16
6.729791919818961e-16
-6.500809668573165e-17
2.529656158743998e-16
-1.2554538121747438e-17
4.262396805020668e-16
-2.980996724946146e-16
-4.3447175121415926e-16
1.192233988902226e-15
-1.345372400836522e-16
6.441621953504939e-17
3.5485109654365844e-16
4.190161675991351e-16
2.0348887313207903e-16
2.4396413679543013e-16
-1.0893177851055444e-16
1.5293789048219393e-16
-4.784853455017674e-17
1.169480587729184e-16
1.994537942942013e-16
-2.387680750245154e-16
3.5907608951038704e-16
-6.072746792585908e-17
2.379813990056207e-16
3.051039868325626e-16
2.492687913329318e-18
-2.5124674093519575e-15
-2.1760439091083966e-14
-1.4951152233118337e-13
-8.688642023760446e-13
-4.304672059126419e-12
-1.8167845707146415e-11
-6.534613906592845e-11
-2.0027512208451032e-10
-5.230596349485642e-10
-1.1640907130038248e-09
-2.2076744463262753e-09
-3.567766265100524e-09
-4.913272558126473e-09
-5.765776673957403e-09
-5.76578023583993e-09
-4.9132720911597626e-09
-3.5677693013921435e-09
-2.2076752421634084e-09
-1.1640907479470822e-09
-5.230590115489024e-10
-2.002756293641878e-10
-6.534564708641935e-11
-1.8168203566551935e-11
-4.304428885217932e-12
-8.688270973245957e-13
-1.494773960916991e-13
-2.1942254236299148e-14
-2.7714452683309626e-15
7.881445139222647e-17
-4.506872846023511e-16
2.836283189837712e-16
-2.927930578257034e-16
5.671596412786353e-16
1.1570291315335946e-16
3.748878091477689e-16
2.825688191226141e-16
7.139907462348567e-16
9.864581098982719e-16
4.839651491235126e-16
8.993659783275078e-16
1.9671248745263733e-16
4.817659987273913e-16
1.7546022129140334e-16
5.510755015302785e-16
-7.334354240300058e-17
-1.554606812888452e-16
1.0470664602167432e-15
-3.013987596250942e-16
-1.2862510816421386e-16
1.8816116713104009e-16
3.351374900256356e-16
8.445971942652517e-17
-4.9666887530827866e-17
-2.6882762439794284e-16
1.6183966387770292e-17
-1.6115226623262808e-16
-8.326013472221364e-17
9.043140419664607e-17
-3.5796058301323083e-16
3.556627618354354e-16
-5.368892036028839e-17
3.541453527641002e-16
5.522985010148936e-18
-3.3404259108104296e-15
-3.512079326163315e-14
-2.834241736136637e-13
-1.9341985910257535e-12
-1.1242347739487112e-11
-5.5684604850241475e-11
-2.35026765180296e-10
-8.453090919101273e-10
-2.5907478008461906e-09
-6.766248935169779e-09
-1.5058562558122793e-08
-2.855827636904087e-08
-4.615230080695152e-08
-6.355761638642856e-08
-7.458555247212025e-08
-7.458555291364954e-08
-6.355761571167068e-08
-4.615230282346848e-08
-2.8558277008379623e-08
-1.5058563490446445e-08
-6.766248198241456e-09
-2.5907482673984123e-09
-8.453086033720161e-10
-2.3502703262551073e-10
-5.5684403064237706e-11
-1.1242322073744535e-11
-1.934311077031002e-12
-2.8371762006897924e-13
-3.549261955703387e-14
-3.36425586219487e-15
-7.424042936359096e-16
3.3356669084339527e-16
-7.890605484749628e-17
6.723257671843772e-16
3.0373826528374804e-16
3.50468943067893e-16
4.034862718132324e-16
8.431123814844015e-16
9.384979142556503e-16
3.508912231232728e-16
7.154633904335315e-16
1.1379807687690968e-16
3.5720629915125845e-16
-3.425387553877603e-18
3.277437922245837e-16
-1.3970736707523773e-16
-2.9864520058620915e-16
8.710677511354016e-16
-4.743028972020431e-16
-2.300522278540582e-16
1.1769498036827038e-16
3.9147534760603795e-16
1.3299372996336326e-16
9.813318252062023e-18
-7.482097387458775e-17
2.3407392617121055e-16
3.7770849745659895e-17
-1.989207519037479e-18
8.579829474222574e-17
-3.6963987838429705e-16
2.484873960114365e-16
-2.126893625017124e-16
-3.831167169170321e-17
-3.736451955155483e-15
-4.1281313975785e-14
-3.902756463487889e-13
-3.1257110145089796e-12
-2.1321063969856896e-11
-1.2392799568237517e-10
-6.138204830342289e-10
-2.590749352692023e-09
-9.317994400854517e-09
-2.8558292966758772e-08
-7.458559442695858e-08
-1.6599329322313535e-07
-3.1480310536983764e-07
-5.08745239763459e-07
-7.006071990875688e-07
-8.221701610704185e-07
-8.221701652276178e-07
-7.006071977443458e-07
-5.087452431537189e-07
-3.148031063901027e-07
-1.6599329322208532e-07
-7.458559422926658e-08
-2.8558293464597983e-08
-9.317994020196623e-09
-2.5907496713520325e-09
-6.138205543223348e-10
-1.2392804136967578e-10
-2.1321344074826982e-11
-3.1259444435081513e-12
-3.905605775138111e-13
-4.1150403797493805e-14
-4.326717761626197e-15
-7.292718369489658e-17
-2.3652413398175845e-16
4.860461952939086e-16
2.1619822370261179e-16
1.5036294492003544e-16
4.330287684501485e-16
9.583640382344243e-16
1.0137772238854277e-15
4.897316602026409e-16
8.373210474926762e-16
3.4564936313272736e-16
5.079185969335164e-16
2.871403719585829e-18
2.3906406389560523e-16
-1.603232179930268e-16
-4.751922795419315e-16
9.55143695296622e-16
-3.6036394424399326e-16
-1.0957873998063527e-16
1.4299349832800536e-16
3.4055819672063273e-16
-1.1110678720298054e-16
-2.7190167790724105e-16
-3.5711943520380633e-16
-4.8873104513744414e-17
-2.484865589227546e-16
-2.8446008594935434e-16
-2.1622311230199744e-16
-4.709795270890985e-16
1.385316862291831e-16
-2.9206338314049746e-16
-2.3408467124228087e-15
-3.540222937572521e-14
-3.901175082908251e-13
-3.667896669175388e-12
-2.9361938713015073e-11
-2.0027714359176482e-10
-1.164099041401778e-09
-5.765820333553656e-09
-2.433577356645759e-08
-8.752701118582413e-08
-2.682575265127635e-07
-7.006072370944579e-07
-1.5592300795675711e-06
-2.9570500334214852e-06
-4.778812866042377e-06
-6.581035877081177e-06
-7.722917144702752e-06
-7.722917145911066e-06
-6.581035878546526e-06
-4.7788128667445536e-06
-2.9570500340621593e-06
-1.55923008094217e-06
-7.00607236843923e-07
-2.682575268147526e-07
-8.752701079517515e-08
-2.433577370159254e-08
-5.765820601102455e-09
-1.1640991067421658e-09
-2.0027770983052205e-10
-2.9362312407841536e-11
-3.668406297428127e-12
-3.901333275982726e-13
-3.606285338856444e-14
-2.4693505733133855e-15
-3.9051140972738594e-16
4.482820948369611e-16
1.7965193381851296e-16
-1.0702407583189523e-16
2.1650566880455497e-16
6.152093189026385e-16
5.748889945666708e-16
9.535832079835774e-17
4.3122228790990703e-16
8.653125184162612e-17
3.2845951304790157e-16
-1.2551276112127803e-16
1.6161463847445659e-16
-1.2411805159853974e-16
-4.606000010856819e-16
1.0035385416357447e-15
-2.3080025399509403e-16
2.126797384355192e-17
2.971704684663944e-16
5.261287866794119e-16
8.399999290729637e-18
-6.419616270065736e-17
-1.5567747249597132e-16
1.2013493240902633e-16
-1.4179372001582206e-16
-2.2079816731569953e-16
-2.4032020288281565e-16
-3.837657783139377e-16
7.68936888224292e-17
-1.4382105595181204e-15
-2.1488819713542387e-14
-2.8371763084582117e-13
-3.125555632910958e-12
-2.936180350068001e-11
-2.3502747429000874e-10
-1.6031129654747243e-09
-9.317994760283604e-09
-4.615232984839056e-08
-1.947949460269485e-07
-7.006072418336899e-07
-2.1472590484807635e-06
-5.6079888849629454e-06
-1.2480808789655933e-05
-2.3669615227589946e-05
-3.8251859277867776e-05
-5.267769745135045e-05
-6.181785061673821e-05
-6.181785061847095e-05
-5.267769745131819e-05
-3.825185928071844e-05
-2.366961522747469e-05
-1.2480808789761326e-05
-5.60798888490576e-06
-2.1472590486747594e-06
-7.006072414900484e-07
-1.9479494597160153e-07
-4.615233022078399e-08
-9.3179947437538e-09
-1.6031136217044862e-09
-2.3502784213048376e-10
-2.9362452912776444e-11
-3.1257687688615428e-12
-2.845547428999811e-13
-2.188169388803174e-14
-1.8886257279795987e-15
1.8176284335528403e-16
6.844554433118464e-17
-3.368680862576951e-16
8.626102267633024e-17
3.76181840699281e-16
4.222176576511772e-16
7.828143392491556e-17
4.598465631131755e-16
1.8651819941780547e-16
4.749527259402852e-16
7.637470380691222e-17
2.667154155676015e-16
-7.170621527776436e-17
-4.1209559854155163e-16
9.939790670071808e-16
-9.552663480160332e-17
3.819730971932191e-17
2.914345623794352e-16
5.294319159952804e-16
-3.52924602346015e-17
3.2170763750336546e-17
-2.8859758191467728e-18
3.1030627101802075e-16
8.229228197743106e-17
3.719590326869411e-18
-7.117483367939194e-17
-2.4435993862302456e-16
-3.1155500712253725e-16
-9.717757777105065e-15
-1.490388554174913e-13
-1.934376704880301e-12
-2.1320882368232286e-11
-2.0027690191622337e-10
-1.6031128984212765e-09
-1.0934767841389071e-08
-6.355765511284745e-08
-3.148031261119041e-07
-1.3286882384234464e-06
-4.778812901219617e-06
-1.464636480581195e-05
-3.8251859312198245e-05
-8.513107848982207e-05
-0.0001614494625910895
-0.0002609143437409
-0.00035931238688005596
-0.0004216569920853857
-0.0004216569920868758
-0.00035931238687890476
-0.00026091434374281704
-0.0001614494625903869
-8.513107849040476e-05
-3.825185931200977e-05
-1.464636480579901e-05
-4.778812900744037e-06
-1.3286882380889323e-06
-3.1480312642959976e-07
-6.355765509318624e-08
-1.0934768577462509e-08
-1.6031133764341142e-09
-2.0027772500065927e-10
-2.132132019168164e-11
-1.935325648754475e-12
-1.4961853198386625e-13
-1.046649011098209e-14
-4.866767029457665e-16
2.3566749134443535e-17
-3.782143743618522e-16
1.934896687097302e-16
2.983114092140832e-16
4.401517007817184e-16
1.072242542734293e-16
4.78901155745897e-16
1.5192285493176037e-16
4.4406764637186645e-16
1.7820967124710449e-16
2.1103247161397184e-16
-1.7355435601694286e-16
-3.7497163606328817e-16
1.2915359613307944e-15
4.0393897865615257e-16
3.2195163337479797e-16
4.9214758791998e-16
7.255850336978058e-16
9.101241790002488e-17
2.2709999931467293e-16
1.462661134030231e-16
3.6505514014160255e-16
9.981104204180074e-17
-3.2875684022338245e-17
-1.2415561265376455e-16
-4.790712454582325e-16
-3.0462098613245814e-15
-5.719556814010166e-14
-8.687771110870846e-13
-1.1242768113584684e-11
-1.2392799618442363e-10
-1.164098613789122e-09
-9.317994284473963e-09
-6.355765464838603e-08
-3.694248909178994e-07
-1.8297734631404557e-06
-7.722917203201835e-06
-2.7776550810035786e-05
-8.513107850196847e-05
-0.0002223365375025042
-0.0004948190641110035
-0.0009384148938014945
-0.0015165482885083855
-0.0020884807540623536
-0.002450854868748484
-0.002450854868750015
-0.0020884807540623137
-0.0015165482885095443
-0.0009384148938007263
-0.0004948190641108526
-0.0002223365375018797
-8.513107850174911e-05
-2.7776550809418783e-05
-7.722917202688054e-06
-1.8297734633062183e-06
-3.6942489095860004e-07
-6.355765529302968e-08
-9.317994791504469e-09
-1.1640994532887067e-09
-1.2392854698566126e-10
-1.124374554086007e-11
-8.694587539713461e-13
-5.811798580045041e-14
-3.5117901885414295e-15
-3.062705793169357e-16
-6.404607975192215e-16
4.033295504737607e-17
-5.065195735868612e-17
3.0745522724401103e-16
3.603948871147436e-17
5.199747154823336e-16
1.674122624652036e-16
4.815740747591406e-16
4.484096531518449e-16
3.4456634618292347e-16
-1.0470105883210574e-18
5.260625427809124e-17
1.6924689734960423e-15
1.0223508228091457e-15
6.508531138330063e-16
6.353895852789557e-16
7.903847307400508e-16
5.156413035376083e-17
2.1269358453363012e-16
8.00903835057074e-17
2.302234599791394e-16
-8.341115856476195e-18
-1.3588663928135032e-16
-1.8947639283281512e-16
-1.1836030255127868e-15
-1.5716410092031477e-14
-2.834929150439158e-13
-4.3044869595015396e-12
-5.568480084230456e-11
-6.138205608362187e-10
-5.765820018914157e-09
-4.61523296735034e-08
-3.148031261859815e-07
-1.8297734636139935e-06
-9.062927293753172e-06
-3.825185931881989e-05
-0.00013757815680195043
-0.00042165699215461575
-0.0011012400794042562
-0.002450854868810563
-0.004647999396650555
-0.007511512846335691
-0.010344312892853483
-0.01213916363270619
-0.012139163632706649
-0.010344312892853962
-0.0075115128463361935
-0.004647999396649985
-0.0024508548688108142
-0.0011012400794039208
-0.00042165699215425645
-0.00013757815680115552
-3.825185931808156e-05
-9.06292729358939e-06
-1.8297734636861859e-06
-3.1480312663957493e-07
-4.615233025299115e-08
-5.7658208983447216e-09
-6.138212322262625e-10
-5.5685831060272536e-11
-4.3052306462261676e-12
-2.844361067232033e-13
-1.6345345930866164e-14
-8.501262907201166e-16
-6.583704456708876e-16
6.22299592829488e-17
-2.7894625309496206e-16
1.9687889954515302e-16
-1.486261101574945e-16
3.806332633047417e-16
-1.7059231724687525e-17
3.287634548637736e-16
6.237558445584903e-16
5.176837653723581e-16
3.3639985808952993e-16
6.905241011651799e-16
1.6017281949627088e-15
1.2294385015693725e-15
7.18971846585086e-16
6.223291928445016e-16
7.622552075855963e-16
1.904708467583826e-17
2.015946326015268e-16
1.0220176307115368e-17
1.148892839161432e-16
-4.1520275765449024e-17
-7.812707060236658e-17
-1.063465791112214e-16
-3.476032731169274e-15
-6.667156505362061e-14
-1.1964715276199602e-12
-1.816842690353465e-11
-2.3502745183067796e-10
-2.590749884981504e-09
-2.433577320614332e-08
-1.9479494555009846e-07
-1.3286882381374878e-06
-7.722917203133795e-06
-3.8251859318494275e-05
-0.00016144946261873746
-0.0005806755509258897
-0.0017796859030040297
-0.004647999396676969
-0.010344312892912579
-0.019617791610956226
-0.03170381085002109
-0.04366019815682118
-0.051235717166684375
-0.05123571716668551
-0.04366019815682092
-0.03170381085002248
-0.019617791610956746
-0.01034431289291306
-0.004647999396676641
-0.0017796859030042187
-0.0005806755509254787
-0.00016144946261836991
-3.825185931848953e-05
-7.72291720365567e-06
-1.3286882387175034e-06
-1.9479494643547733e-07
-2.433577421483161e-08
-2.5907506131866835e-09
-2.350284462892266e-10
-1.8169191510071042e-11
-1.1974064597773766e-12
-6.752795929601735e-14
-3.0712522724539995e-15
-5.962121914628841e-16
1.5330091104828359e-16
-3.7432039923783105e-16
1.6360214495559807e-16
-2.7109096560432667e-16
2.4083133849471205e-16
-2.1665294506598535e-16
7.52066668752375e-17
5.79982779816657e-16
4.469086970579172e-16
3.7200703216581993e-16
9.063211566052703e-16
1.3541302140396795e-15
1.3060936737457528e-15
7.544588810013193e-16
6.634597288856312e-16
8.105005348506395e-16
2.0303665840219581e-16
4.3465758404036603e-16
2.1485539603936215e-16
2.9626758703340556e-16
2.0721005695707748e-16
2.1969856263688222e-16
-1.4609487277741742e-16
-1.1652345111827827e-14
-2.4096263011261446e-13
-4.3041447491817655e-12
-6.53461577508362e-11
-8.453091560131661e-10
-9.317994424594905e-09
-8.752701026584478e-08
-7.006072409925016e-07
-4.778812900847166e-06
-2.7776550809846653e-05
-0.00013757815680175768
-0.0005806755509258544
-0.0020884807541283724
-0.0064008890177881875
-0.016717179274532173
-0.037204766684419174
-0.0705581286360043
-0.11402718555528052
-0.15703000311726614
-0.1842764157299931
-0.18427641572999362
-0.15703000311726967
-0.11402718555528668
-0.070558128636008
-0.03720476668442317
-0.016717179274535438
-0.0064008890177910185
-0.0020884807541300832
-0.0005806755509272362
-0.0001375781568030491
-2.777655081163632e-05
-4.778812902358321e-06
-7.006072428771095e-07
-8.752701203165397e-08
-9.317995740532449e-09
-8.453105117064623e-10
-6.5347363005955e-11
-4.305394460015565e-12
-2.4236566542073993e-13
-1.1594584982292227e-14
-1.0684810615428344e-15
-4.155418610682839e-18
-4.709170910087928e-16
1.6589468220826212e-16
-2.3673476963953655e-16
2.1827714099192952e-16
-2.6982674231255815e-16
-8.345502539116788e-17
5.32840755246638e-16
4.1121763890216075e-16
4.082646263740759e-16
1.0138618073122966e-15
9.010801312152724e-16
1.1344406514707135e-15
7.358693916609344e-16
5.886798746344088e-16
6.558875084209396e-16
2.3588728833297758e-16
5.240960132351538e-16
3.7424677338032263e-16
5.072806709675505e-16
5.38513605046251e-16
6.853670862936526e-16
-5.146384625378563e-16
-3.4898315394879234e-14
-7.392302244458005e-13
-1.319181255982877e-11
-2.0027606502878248e-10
-2.5907487133169097e-09
-2.8558293686202964e-08
-2.6825752617426254e-07
-2.1472590481039693e-06
-1.4646364805862915e-05
-8.513107850189496e-05
-0.00042165699215463467
-0.0017796859030038692
-0.006400889017788106
-0.019617791610987236
-0.05123571716677332
-0.11402718555532419
-0.2162503771266363
-0.3494766989389221
-0.48127406509727444
-0.5647803473180736
-0.5647803473180786
-0.48127406509728377
-0.34947669893893774
-0.21625037712665235
-0.11402718555533858
-0.05123571716678525
-0.019617791610997706
-0.006400889017796064
-0.0017796859030106194
-0.0004216569921602735
-8.513107850763307e-05
-1.4646364810723602e-05
-2.147259053144017e-06
-2.6825753052774815e-07
-2.8558297325638394e-08
-2.5907517947235887e-09
-2.0027903532699465e-10
-1.3194412820711954e-11
-7.420979816248797e-13
-3.612418684774433e-14
-2.746121230377143e-15
-8.276715684704232e-16
-1.1211460747315353e-15
-3.7576983951110397e-16
-6.586924679513938e-16
-3.367259932745712e-16
-7.742030833918014e-16
-6.407952033473429e-16
6.475982786349215e-17
4.2054911569294746e-17
2.5981885951445084e-16
8.445642328072145e-16
7.826547787532041e-16
1.388617638055663e-15
1.129198175756207e-15
1.1735184608407657e-15
1.2266455042781047e-15
1.1788247300660202e-15
1.3913038696834207e-15
1.4482870274237511e-15
1.6594857685761357e-15
1.9005008490039936e-15
2.1955054700496597e-15
-1.1010413057972238e-15
-9.008145222486213e-14
-1.9308951412975185e-12
-3.445308673404864e-11
-5.230597413524601e-10
-6.766248926741204e-09
-7.458559475939975e-08
-7.006072363057812e-07
-5.607988884376298e-06
-3.825185931210057e-05
-0.00022233653750208576
-0.0011012400794043215
-0.004647999396676188
-0.01671717927453181
-0.05123571716677251
-0.13381214183778473
-0.29780439838924744
-0.564780347318139
-0.9127270621624701
-1.2569417785647428
-1.4750348413495185
-1.4750348413495291
-1.2569417785647712
-0.9127270621625129
-0.5647803473181823
-0.2978043983892874
-0.13381214183781928
-0.05123571716680127
-0.01671717927455489
-0.004647999396695761
-0.0011012400794208213
-0.00022233653751717474
-3.8251859325193926e-05
-5.607988896713985e-06
-7.006072470902046e-07
-7.458560427601974e-08
-6.766257244944636e-09
-5.230677371126519e-10
-3.4460059008767654e-11
-1.937598825486839e-12
-9.487145418132237e-14
-6.497161312186979e-15
-2.340819107427389e-15
-2.2323389064133367e-15
-1.3464993872028327e-15
-1.4102579425081475e-15
-1.08805121917302e-15
-1.4538322067586277e-15
-1.1724971443699038e-15
-3.642849555505746e-16
-8.969001034978732e-17
3.2041784078857374e-16
8.693984321005595e-16
6.000506764613629e-16
1.7468251715726653e-15
1.8442778869858323e-15
2.128157867730731e-15
2.1569199756949738e-15
2.494224090543189e-15
2.9693044550098398e-15
3.2138284268451463e-15
3.856204348494782e-15
4.2950765601029726e-15
4.8003877608990524e-15
-2.8626327937238672e-15
-1.999108720176788e-13
-4.297502781512291e-12
-7.667684750610804e-11
-1.1640904881114654e-09
-1.505856353413433e-08
-1.6599329299511873e-07
-1.5592300798316756e-06
-1.2480808788957634e-05
-8.513107848983348e-05
-0.000494819064110147
-0.002450854868810335
-0.01034431289291152
-0.03720476668441836
-0.11402718555532328
-0.2978043983892471
-0.6627758773003857
-1.2569417785647845
-2.0313114333853894
-2.7973753729281206
-3.282750410375943
-3.282750410375969
-2.7973753729281836
-2.0313114333854836
-1.2569417785648822
-0.6627758773004762
-0.29780439838932526
-0.1140271855553879
-0.037204766684471216
-0.01034431289295631
-0.002450854868848598
-0.0004948190641437471
-8.513107851951295e-05
-1.2480808816024971e-05
-1.5592301036736816e-06
-1.6599331463394256e-07
-1.5058582374483876e-08
-1.1641082735598412e-09
-7.669231993380777e-11
-4.312084624625641e-12
-2.119549525502859e-13
-1.4404408486785916e-14
-5.4999134329093806e-15
-4.699883522335009e-15
-3.656535952638839e-15
-3.2682112987618434e-15
-2.903264825587238e-15
-3.0111366350909045e-15
-2.253238407284537e-15
-1.3337194341441597e-15
-5.714959109862665e-16
1.7618879031553e-16
8.543803671372313e-16
1.871421518722322e-16
2.1636525581205325e-15
2.5149287948457416e-15
3.5041855643674383e-15
3.6690272859668935e-15
4.831016911196331e-15
5.450916288439604e-15
6.0288849416927166e-15
7.289508875539537e-15
8.379066877746428e-15
9.130347181137001e-15
-5.4694543644956905e-15
-3.7861419902182433e-13
-8.150606321688992e-12
-1.4541686790767018e-10
-2.207675481609472e-09
-2.8558277557280184e-08
-3.1480310648053103e-07
-2.9570500336212702e-06
-2.366961522687886e-05
-0.00016144946259065933
-0.00093841489380021
-0.004647999396650268
-0.019617791610954935
-0.07055812863600297
-0.21625037712663467
-0.5647803473181379
-1.2569417785647836
-2.383766049447747
-3.852343293329044
-5.305168906996906
-6.225673384808655
-6.225673384808703
-5.305168906997027
-3.8523432933292225
-2.3837660494479325
-1.2569417785649577
-0.5647803473182873
-0.2162503771267578
-0.0705581286361043
-0.019617791611040283
-0.004647999396722988
-0.0009384148938642466
-0.00016144946264720096
-2.366961527753272e-05
-2.9570500784684143e-06
-3.1480314745811906e-07
-2.8558313920451527e-08
-2.2077088818245148e-09
-1.454463800739676e-10
-8.177835005456403e-12
-4.025697787863398e-13
-2.7076697443558528e-14
-1.0583150395317535e-14
-8.844104649067242e-15
-7.49966995315863e-15
-6.535565306463625e-15
-5.497166712703051e-15
-5.124113780109152e-15
-4.046386241255767e-15
-2.9206639857185806e-15
-1.363307742632965e-15
-5.7183999215979845e-16
5.799928570617931e-16
-5.995556333366717e-16
2.083317627598851e-15
3.603651342870173e-15
5.724872922118103e-15
5.7839709509374585e-15
7.887889233746944e-15
8.857714839697509e-15
1.071059995068487e-14
1.2075696830439303e-14
1.4207839614530685e-14
1.440814639423867e-14
-8.317536365485898e-15
-6.111622801756607e-13
-1.3171144124683743e-11
-2.3500410218857497e-10
-3.567766704588018e-09
-4.6152300158089295e-08
-5.08745241254238e-07
-4.778812865238909e-06
-3.825185927859234e-05
-0.00026091434374071667
-0.0015165482885073325
-0.007511512846334088
-0.031703810850019325
-0.11402718555527921
-0.3494766989389194
-0.9127270621624681
-2.0313114333853868
-3.8523432933290414
-6.225673384808637
-8.573547669907482
-10.06115139360301
-10.061151393603089
-8.573547669907677
-6.225673384808926
-3.8523432933293438
-2.031311433385667
-0.9127270621627112
-0.34947669893911837
-0.11402718555544329
-0.03170381085015721
-0.007511512846452463
-0.00151654828861039
-0.0002609143438323334
-3.8251859359752e-05
-4.778812937553037e-06
-5.087453074423407e-07
-4.615235957059447e-08
-3.567820600225678e-09
-2.350518897526123e-10
-1.3214868491191085e-11
-6.500508391226035e-13
-4.310489372040537e-14
-1.5944330742915427e-14
-1.438654294600299e-14
-1.1542608673612697e-14
-1.0895832083509968e-14
-8.119143436554193e-15
-8.711499850106887e-15
-5.61391361691796e-15
-4.864417949831917e-15
-3.3582388571402756e-15
-1.75036954793307e-15
-1.024539124460009e-16
-6.104920548076404e-16
2.9726514517448905e-15
4.502820693924379e-15
6.740690981927895e-15
7.432699906037905e-15
1.0314530993051173e-14
1.1662677323004662e-14
1.4100207268228212e-14
1.5640957849296033e-14
1.831969306304691e-14
1.969187821318033e-14
-1.2485615864227751e-14
-8.42752868271574e-13
-1.8139351361366014e-11
-3.236308375760502e-10
-4.913271790619019e-09
-6.355761499257242e-08
-7.006071962823806e-07
-6.581035877708026e-06
-5.267769744969955e-05
-0.0003593123868781323
-0.0020884807540598104
-0.01034431289285228
-0.04366019815681659
-0.15703000311726392
-0.48127406509726955
-1.2569417785647392
-2.7973753729281157
-5.305168906996903
-8.573547669907482
-11.806870535087578
-13.855490925318268
-13.855490925318374
-11.806870535087853
-8.573547669907878
-5.3051689069973165
-2.797375372928504
-1.256941778565074
-0.48127406509754356
-0.1570300031174897
-0.043660198157007064
-0.010344312893015538
-0.00208848075420121
-0.0003593123870039382
-5.267769756075849e-05
-6.581035977052145e-06
-7.006072875917474e-07
-6.355769643821579e-08
-4.9133457333168474e-09
-3.236961606836149e-10
-1.8199435031376223e-11
-8.965208721219493e-13
-6.045349336199555e-14
-2.3477527181977616e-14
-2.047024956367224e-14
-1.70787143576422e-14
-1.5982170780326158e-14
-1.2477301377724793e-14
-1.1332085824154035e-14
-8.454958058641318e-15
-7.32562548586788e-15
-4.102663627936464e-15
-2.9184322376842254e-15
-1.0244192464775155e-15
-2.675824343559263e-16
3.1916041016090554e-15
5.15341991875042e-15
7.624040158289193e-15
9.451510548994143e-15
1.3114638172161687e-14
1.4856602023282547e-14
1.6782871751113686e-14
1.9771168304475235e-14
2.2065382432286864e-14
2.30863259439159e-14
-1.3619964745188332e-14
-9.885490894478404e-13
-2.128623209042783e-11
-3.797851599175968e-10
-5.765777548025817e-09
-7.458555134043087e-08
-8.221701626039945e-07
-7.72291714495742e-06
-6.181785061641272e-05
-0.0004216569920843312
-0.002450854868746931
-0.012139163632704007
-0.05123571716668204
-0.18427641572998904
-0.5647803473180706
-1.475034841349514
-3.282750410375939
-6.22567338480865
-10.061151393603005
-13.855490925318268
-16.259569223789484
-16.25956922378961
-13.855490925318588
-10.061151393603478
-6.22567338480914
-3.2827504103763947
-1.4750348413499077
-0.5647803473183932
-0.18427641573025455
-0.05123571716690557
-0.012139163632895193
-0.0024508548689120887
-0.0004216569922318303
-6.181785074635564e-05
-7.722917262126162e-06
-8.221702686080209e-07
-7.458564724265548e-08
-5.7658635888683556e-09
-3.798619217608739e-10
-2.1357216391133787e-11
-1.0510708973728806e-12
-7.059322086289183e-14
-2.701307890373794e-14
-2.3184711274536525e-14
-1.976589116628202e-14
-1.7818826825676103e-14
-1.4033848290019017e-14
-1.3200748384695749e-14
-9.529551954168385e-15
-7.749342395917083e-15
-4.554597945461061e-15
-3.015087854030765e-15
-1.6747449987483414e-15
-7.70601369418451e-16
2.1039426430682784e-15
5.218126531835889e-15
6.738610098195939e-15
9.320354564310315e-15
1.1032534899318296e-14
1.4949328476919962e-14
1.577893310045074e-14
1.960945114209459e-14
2.104999772324031e-14
2.3551417577188688e-14
-1.4103955154882374e-14
-9.887306107476455e-13
-2.1285912268693076e-11
-3.7978446807555615e-10
-5.765777000269215e-09
-7.458555162191183e-08
-8.221701621482855e-07
-7.722917144954781e-06
-6.18178506160592e-05
-0.00042165699208453374
-0.002450854868746907
-0.012139163632704012
-0.05123571716668212
-0.18427641572999026
-0.5647803473180744
-1.4750348413495245
-3.2827504103759626
-6.225673384808697
-10.061151393603083
-13.855490925318371
-16.259569223789615
-16.259569223789732
-13.855490925318692
-10.061151393603549
-6.225673384809184
-3.282750410376419
-1.4750348413499172
-0.5647803473183968
-0.18427641573025527
-0.051235717166905816
-0.0121391636328952
-0.0024508548689124686
-0.00042165699223143294
-6.181785074655694e-05
-7.722917261655435e-06
-8.221702684195435e-07
-7.458564677249672e-08
-5.7658640026063665e-09
-3.798611409658933e-10
-2.135641606577746e-11
-1.0509954539353809e-12
-7.068957899051449e-14
-2.6853455113022273e-14
-2.2470480387410692e-14
-2.0182424006793147e-14
-1.81751314595949e-14
-1.5734306211498794e-14
-1.3340293486855066e-14
-1.0687431111377821e-14
-8.044152743203228e-15
-6.160191839653921e-15
-3.321328901134531e-15
-2.0025148023484557e-15
-6.301796052456525e-16
2.2061336693148123e-15
4.456497196722992e-15
6.795268538581725e-15
7.8027761621855e-15
1.0243935780984912e-14
1.174605109567174e-14
1.4295825777418964e-14
1.6256772260594093e-14
1.8702559597662364e-14
1.99013209128363e-14
-1.2226541159637165e-14
-8.424098117335359e-13
-1.8138965107239183e-11
-3.2363097384828133e-10
-4.9132716871211755e-09
-6.355761478300968e-08
-7.006071963650258e-07
-6.581035878331144e-06
-5.267769745016089e-05
-0.00035931238687862547
-0.0020884807540603187
-0.010344312892852566
-0.04366019815681777
-0.15703000311726736
-0.48127406509728027
-1.2569417785647672
-2.7973753729281796
-5.305168906997022
-8.573547669907674
-11.806870535087844
-13.855490925318579
-13.855490925318687
-11.806870535088123
-8.573547669908077
-5.305168906997436
-2.7973753729285686
-1.256941778565103
-0.4812740650975542
-0.15703000311749332
-0.04366019815700832
-0.010344312893015878
-0.0020884807542014424
-0.0003593123870039648
-5.267769756063405e-05
-6.5810359770186175e-06
-7.006072873769152e-07
-6.355769599679782e-08
-4.9133453346465476e-09
-3.236954410528308e-10
-1.8198815592750047e-11
-8.959533917558449e-13
-6.001863287077598e-14
-2.2995223934709004e-14
-2.0335311022982033e-14
-1.710358822348509e-14
-1.6441391088335078e-14
-1.2635389902739247e-14
-1.1310979837377146e-14
-8.227921350674011e-15
-7.072050998717697e-15
-4.022394959131659e-15
-3.2324551995272954e-15
-1.6519666589307208e-15
5.052174726862167e-16
1.568614933181732e-15
3.540505982474172e-15
5.848022066327349e-15
6.6211432947748965e-15
7.258609882453641e-15
9.133472007808828e-15
1.0425023513029616e-14
1.2797023091374998e-14
1.3645658311525958e-14
1.4385064723028186e-14
-8.679415562199015e-15
-6.119631084856867e-13
-1.3171406992621781e-11
-2.350048771066775e-10
-3.567766885080706e-09
-4.615230044962347e-08
-5.087452408942883e-07
-4.7788128661780105e-06
-3.8251859278765096e-05
-0.0002609143437405085
-0.001516548288507406
-0.0075115128463343495
-0.031703810850020324
-0.11402718555528421
-0.3494766989389352
-0.9127270621625092
-2.0313114333854787
-3.852343293329218
-6.225673384808919
-8.573547669907875
-10.061151393603472
-10.061151393603547
-8.57354766990808
-6.225673384809207
-3.852343293329521
-2.0313114333857616
-0.9127270621627537
-0.349476698939135
-0.11402718555544866
-0.0317038108501594
-0.007511512846452436
-0.0015165482886104473
-0.00026091434383149247
-3.8251859358929825e-05
-4.778812936798314e-06
-5.08745307594166e-07
-4.6152359211005907e-08
-3.5678209654371487e-09
-2.350511251278405e-10
-1.3215180991235371e-11
-6.501348306360046e-13
-4.397958020733884e-14
-1.648515234733194e-14
-1.4038264370573643e-14
-1.2201175549935581e-14
-1.1415199282985087e-14
-9.366251749135839e-15
-8.513345880676868e-15
-5.571596529404247e-15
-4.27791760573718e-15
-3.118608176532401e-15
-1.9469621795316304e-15
-1.8689410168700697e-16
-3.8359927124474884e-16
-2.5351775556828e-16
2.1274751394226596e-15
2.833996361466551e-15
3.825743747618331e-15
4.1403356627821244e-15
5.131928337326415e-15
5.745092588294294e-15
7.63110108386086e-15
7.884152492218105e-15
8.430807278193945e-15
-5.4346374963509e-15
-3.7825647005037127e-13
-8.150302218601918e-12
-1.4541713828472864e-10
-2.2076745179489543e-09
-2.8558276717422178e-08
-3.1480310568072044e-07
-2.957050034340631e-06
-2.3669615227192616e-05
-0.00016144946259099202
-0.0009384148938004129
-0.004647999396650569
-0.01961779161095656
-0.07055812863600822
-0.21625037712665152
-0.5647803473181809
-1.2569417785648802
-2.3837660494479294
-3.852343293329338
-5.305168906997313
-6.225673384809131
-6.225673384809179
-5.305168906997434
-3.852343293329522
-2.383766049448116
-1.2569417785650545
-0.5647803473183319
-0.21625037712677495
-0.07055812863611012
-0.01961779161104276
-0.00464799939672376
-0.0009384148938645827
-0.00016144946264711602
-2.3669615277543622e-05
-2.9570500784352458e-06
-3.1480314716731015e-07
-2.855831346924763e-08
-2.2077084795939857e-09
-1.4544571806960401e-10
-8.177178381429903e-12
-4.0182289233774133e-13
-2.679981792751962e-14
-1.0305162291827512e-14
-9.242288062643175e-15
-8.095787146035398e-15
-7.899398677341502e-15
-6.381476883059951e-15
-5.666493618033373e-15
-4.033727209020497e-15
-2.7875859128398286e-15
-1.827890108478858e-15
-1.406943476986094e-15
-1.3644958511491163e-15
-1.4863240994031318e-18
-1.3274357997004943e-16
1.4168985546579831e-15
1.4068698515691654e-15
2.0453182751373058e-15
2.0755103496320086e-15
2.6050383984043246e-15
3.1184583496284032e-15
4.18972218090831e-15
4.172174385421788e-15
4.3315651310976364e-15
-3.0778450094861646e-15
-1.9958791409131745e-13
-4.297722282080201e-12
-7.667756668551525e-11
-1.164089659721018e-09
-1.5058562695257225e-08
-1.659932924208244e-07
-1.5592300808939468e-06
-1.2480808789399136e-05
-8.513107848990504e-05
-0.0004948190641101274
-0.0024508548688105996
-0.010344312892912771
-0.03720476668442306
-0.11402718555533822
-0.29780439838928635
-0.6627758773004742
-1.256941778564955
-2.0313114333856657
-2.797375372928501
-3.282750410376391
-3.282750410376413
-2.7973753729285664
-2.0313114333857594
-1.256941778565054
-0.662775877300567
-0.2978043983893668
-0.11402718555540414
-0.03720476668447685
-0.010344312892958955
-0.002450854868849335
-0.0004948190641442749
-8.513107851963816e-05
-1.2480808816089698e-05
-1.5592301038125437e-06
-1.6599331469103724e-07
-1.5058582420455384e-08
-1.1641081945897188e-09
-7.669235991550914e-11
-4.31180255451388e-12
-2.12023538199275e-13
-1.4383448418239782e-14
-5.807918420188891e-15
-4.892156373200104e-15
-4.289905272002326e-15
-4.504964398713994e-15
-3.4798953076686506e-15
-3.2343187525702365e-15
-2.008970249957558e-15
-1.3161770748621246e-15
-4.66901338056268e-16
-2.8954314926710754e-16
-8.336755034041186e-16
3.020121791672182e-17
-2.2668311015279215e-16
8.688138084849182e-16
7.302519515596759e-16
1.0952871983817021e-15
6.874285682367952e-16
5.878332207512888e-16
1.0012553877441292e-15
1.6762506843785869e-15
1.7333308258945832e-15
1.3939951021724404e-15
-1.2933674963888547e-15
-8.965215712055347e-14
-1.930730081717086e-12
-3.44534527444451e-11
-5.230582350331326e-10
-6.766247599152381e-09
-7.4585593373828e-08
-7.006072370127104e-07
-5.607988884705024e-06
-3.8251859311783036e-05
-0.000222336537502043
-0.0011012400794046685
-0.004647999396677411
-0.016717179274535875
-0.05123571716678568
-0.1338121418378193
-0.2978043983893244
-0.5647803473182867
-0.9127270621627087
-1.2569417785650716
-1.4750348413499035
-1.4750348413499155
-1.2569417785651014
-0.9127270621627525
-0.5647803473183299
-0.2978043983893659
-0.13381214183785556
-0.05123571716681559
-0.01671717927456044
-0.004647999396698594
-0.0011012400794221527
-0.000222336537517868
-3.825185932560807e-05
-5.6079888969093185e-06
-7.006072472065599e-07
-7.458560429195803e-08
-6.766257218282849e-09
-5.230673225517739e-10
-3.4459879906173845e-11
-1.9373009567495074e-12
-9.49906784675647e-14
-6.5755828429551366e-15
-2.7432182136381393e-15
-2.6785869750847857e-15
-2.389231145091097e-15
-2.655331724086871e-15
-1.9569889858991425e-15
-1.85164412229712e-15
-7.701028713855065e-16
-3.206376080434913e-16
2.3353329818327736e-16
3.602742193917412e-17
-3.1513046095523174e-16
1.5048554749620806e-16
-3.625989944830721e-17
6.181909436505164e-16
4.05780573759896e-16
6.042358026365657e-16
3.0826397184296873e-16
-7.977804060964892e-17
3.533715123803089e-16
4.301663924915295e-16
6.404771464988458e-16
-1.9414211046420796e-17
-6.333456029073876e-16
-3.448317804625195e-14
-7.392675057798517e-13
-1.3192206999963513e-11
-2.0027452984555461e-10
-2.5907477168130027e-09
-2.8558292581684012e-08
-2.68257527188395e-07
-2.1472590487682304e-06
-1.4646364805623601e-05
-8.51310785019433e-05
-0.00042165699215499376
-0.0017796859030049014
-0.006400889017791322
-0.019617791610998137
-0.0512357171668013
-0.11402718555538717
-0.21625037712675693
-0.3494766989391166
-0.48127406509754034
-0.5647803473183896
-0.5647803473183933
-0.4812740650975531
-0.34947669893913336
-0.21625037712677275
-0.11402718555540375
-0.051235717166815714
-0.019617791611010127
-0.006400889017801259
-0.0017796859030134661
-0.0004216569921619292
-8.513107850838608e-05
-1.4646364811193761e-05
-2.14725905346064e-06
-2.6825753081521313e-07
-2.8558297350308222e-08
-2.5907521854989633e-09
-2.0027896566313482e-10
-1.3194734281934412e-11
-7.419508736130973e-13
-3.6585209321730025e-14
-2.9011156238174905e-15
-1.47948380317685e-15
-1.5342931084660092e-15
-1.358926167820274e-15
-1.5661672794565554e-15
-1.0366784918589361e-15
-9.998342540656786e-16
-7.07758826691755e-17
1.7939009080819276e-16
6.444621693148421e-16
3.3446937438623915e-16
5.01948140638529e-18
1.9698389841824675e-16
2.1462716209125706e-16
5.661299045656747e-16
4.0507598425589887e-16
4.4039255276853227e-16
2.2911148795798963e-16
-3.78379251787458e-16
1.156538482742444e-16
-3.0531170475612485e-16
1.3930763050471367e-16
-6.127938527426291e-16
-2.5630531722387016e-16
-1.1363719332522508e-14
-2.409725256594141e-13
-4.3043291616574794e-12
-6.534441834714716e-11
-8.453080336948272e-10
-9.31799302211943e-09
-8.752701089398398e-08
-7.006072414439125e-07
-4.77881290043374e-06
-2.7776550809641055e-05
-0.00013757815680183483
-0.0005806755509264463
-0.002088480754130596
-0.006400889017796958
-0.016717179274555377
-0.037204766684471105
-0.07055812863610372
-0.11402718555544286
-0.15703000311748996
-0.18427641573025327
-0.1842764157302526
-0.15703000311749366
-0.1140271855554472
-0.07055812863610889
-0.037204766684476503
-0.016717179274560387
-0.006400889017801236
-0.002088480754134435
-0.0005806755509295384
-0.00013757815680438747
-2.7776550812061692e-05
-4.7788129024970486e-06
-7.006072428991044e-07
-8.752701187808847e-08
-9.317995115024471e-09
-8.453103489972455e-10
-6.53468177276432e-11
-4.3053164779182416e-12
-2.4193595591384727e-13
-1.2098230903482026e-14
-1.3005893644932383e-15
-1.0174371186376182e-15
-1.1803800895225528e-15
-1.0722939899249326e-15
-1.2206338241874204e-15
-8.03363574541144e-16
-7.568335831417518e-16
2.715384588187048e-16
4.562449297011151e-16
8.933297484515523e-16
5.055910857612202e-16
2.5977549310860927e-16
-3.2762300427094243e-17
1.5384934466865135e-16
3.3907873418857315e-16
3.236137826244276e-16
3.9703888864569863e-16
4.973044397722947e-16
-1.306005165076461e-16
5.241599536480155e-16
-2.3619038547428603e-16
3.4615814461015685e-16
-5.797219727361858e-16
-5.800355618249946e-17
-3.4314653435919813e-15
-6.698373244644347e-14
-1.1970535329646116e-12
-1.8167434083065066e-11
-2.3502695235585937e-10
-2.590749152472051e-09
-2.4335774148292653e-08
-1.947949463406833e-07
-1.3286882381471953e-06
-7.722917203206292e-06
-3.825185931872097e-05
-0.00016144946261940018
-0.0005806755509277332
-0.0017796859030115115
-0.004647999396696273
-0.01034431289295626
-0.019617791611039236
-0.03170381085015549
-0.04366019815700438
-0.0512357171669037
-0.05123571716690359
-0.04366019815700717
-0.03170381085015696
-0.01961779161104073
-0.010344312892958486
-0.00464799939669821
-0.001779685903013013
-0.0005806755509292939
-0.00016144946262040545
-3.825185931965189e-05
-7.722917204059028e-06
-1.3286882387665254e-06
-1.9479494642907085e-07
-2.433577415032382e-08
-2.5907500335957577e-09
-2.350283289562048e-10
-1.8168872619926854e-11
-1.1974322207888693e-12
-6.72538230596722e-14
-3.7941141002770516e-15
-7.762474643635476e-16
-8.575177400355561e-16
-9.515359899223658e-16
-6.671250682034612e-16
-6.359602166229817e-16
-3.667966317311152e-16
-4.502728835125193e-16
5.473248752473358e-16
5.769163216841857e-16
7.732905439090036e-16
3.2793053430896193e-16
1.3005111632474892e-16
-3.219376360729008e-16
-9.304953111300147e-17
-2.478195618286446e-17
1.960381041383201e-17
1.5263281089830763e-16
4.380858229512496e-16
-1.1559341061201126e-16
6.501610362952793e-16
-2.4623366123346803e-16
4.73815720978191e-16
-4.660764337756103e-16
3.631804916933442e-17
-1.1273001823337708e-15
-1.585474525292399e-14
-2.8388349471970003e-13
-4.303713296950536e-12
-5.568416574868275e-11
-6.138199285271375e-10
-5.765820668097592e-09
-4.615233013417811e-08
-3.148031261468145e-07
-1.8297734635088345e-06
-9.06292729380821e-06
-3.825185931933139e-05
-0.00013757815680339982
-0.0004216569921611575
-0.0011012400794212283
-0.002450854868848589
-0.004647999396722483
-0.0075115128464528155
-0.010344312893016336
-0.012139163632894471
-0.012139163632893385
-0.010344312893017137
-0.00751151284645193
-0.004647999396722774
-0.0024508548688492618
-0.0011012400794219981
-0.000421656992161792
-0.0001375781568042264
-3.825185931960876e-05
-9.062927294231853e-06
-1.82977346388511e-06
-3.148031262370488e-07
-4.615232970416416e-08
-5.765820350507747e-09
-6.138201851292631e-10
-5.5684933955946674e-11
-4.3044210503127875e-12
-2.837988878827498e-13
-1.5735423659368966e-14
-1.3569563770056346e-15
-5.550833074585477e-16
-8.994792449634421e-16
-9.157758560321149e-16
-5.075751155024984e-16
-3.16196012353577e-16
-2.588802975517138e-16
-4.769197281593708e-16
4.617776400157378e-16
4.729401198495048e-16
4.0484302328588156e-16
-5.168486892139509e-17
-1.6742534076579263e-16
-4.037735453437942e-17
4.279716481426469e-17
6.84362399326633e-17
7.714639025764877e-17
3.327451938538556e-16
6.694418949797939e-16
2.3044157104868345e-16
9.924441922273267e-16
4.586414770286686e-17
8.07309073345043e-16
-1.3527854765480815e-16
2.2749960051476795e-16
-5.076845005775504e-16
-3.2142496720902145e-15
-5.767004509676797e-14
-8.686466333586074e-13
-1.124245514878692e-11
-1.239281193557783e-10
-1.1640997417214688e-09
-9.317995104759585e-09
-6.355765525568261e-08
-3.694248912355932e-07
-1.8297734635610664e-06
-7.722917203929193e-06
-2.7776550811324665e-05
-8.513107850778013e-05
-0.00022233653751686926
-0.0004948190641430872
-0.0009384148938633674
-0.0015165482886090236
-0.0020884807541994236
-0.002450854868911204
-0.0024508548689096427
-0.002088480754200386
-0.0015165482886095693
-0.0009384148938633865
-0.0004948190641444294
-0.00022233653751752456
-8.513107850815157e-05
-2.7776550811895233e-05
-7.722917203949823e-06
-1.8297734637395148e-06
-3.6942489144292733e-07
-6.355765501793503e-08
-9.31799434904604e-09
-1.1640992110245845e-09
-1.2392802774166116e-10
-1.1242832974167956e-11
-8.688634699245637e-13
-5.731591084230257e-14
-2.9525090694518936e-15
-6.41855267874424e-16
-1.9133377298552047e-16
-6.922038591097397e-16
-5.735347137471151e-16
-1.3881306792949813e-16
1.4799093281762074e-16
2.802870660244399e-17
-2.6160661160898954e-16
6.159186566799089e-16
7.697207036650786e-16
5.001395568358771e-16
3.612579372680998e-17
1.1537961669150946e-17
7.623711794277166e-17
-7.241897289112605e-17
5.105621990467269e-17
-3.780288100754855e-17
4.011867574687073e-16
6.344379811523543e-16
2.972648654910912e-16
9.273910238031462e-16
-6.59738438391588e-18
7.724016250056242e-16
-7.560735445903861e-17
2.507778761188833e-16
-3.6999414098528053e-16
-5.747090815739568e-16
-1.026020635773765e-14
-1.4943860844914455e-13
-1.9341609779886533e-12
-2.132131365828219e-11
-2.0027797918735908e-10
-1.603113389484311e-09
-1.0934768385161466e-08
-6.35576553274365e-08
-3.1480312658559945e-07
-1.3286882392707995e-06
-4.778812902479653e-06
-1.4646364811426024e-05
-3.825185932540838e-05
-8.513107851973024e-05
-0.0001614494626464107
-0.0002609143438311645
-0.00035931238700607506
-0.000421656992230643
-0.0004216569922311132
-0.00035931238700505043
-0.0002609143438315709
-0.00016144946264637735
-8.513107851992096e-05
-3.825185932571244e-05
-1.4646364811586186e-05
-4.778812902879029e-06
-1.3286882391233037e-06
-3.148031265378471e-07
-6.355765552734822e-08
-1.093476806138522e-08
-1.6031125791434338e-09
-2.0027734411450072e-10
-2.1321044634089153e-11
-1.9341493866668206e-12
-1.4908607510414903e-13
-9.563176015473174e-15
-2.3206049629989405e-16
-4.4359005405810483e-16
-8.497001901850873e-17
-7.772792150360871e-16
-5.073970113817063e-16
-7.798855223900061e-17
2.5907834484529344e-16
9.740276816502774e-17
-2.1426599254675649e-16
5.393156477845004e-16
8.741843929180807e-16
4.299628147429923e-16
-1.0908619852656095e-16
-5.918956535202761e-17
6.095284572431787e-17
-3.6319945411369985e-16
-1.795421578449565e-17
-2.0235685364321163e-16
5.534548804553671e-16
6.813180861574219e-16
5.290364580094466e-16
1.019867700689047e-15
1.863981526089157e-16
9.623799814670778e-16
2.2005688404871822e-16
4.941958413417622e-16
-1.2946326484100744e-16
-2.1608444003022678e-17
-1.832134241196603e-15
-2.222011652510741e-14
-2.835829373297784e-13
-3.1262396578628308e-12
-2.936296051481083e-11
-2.350278523075637e-10
-1.6031136143132984e-09
-9.317995110941046e-09
-4.615233045758632e-08
-1.947949469332871e-07
-7.006072427412454e-07
-2.1472590534565027e-06
-5.607988896395505e-06
-1.2480808815603979e-05
-2.366961527658969e-05
-3.825185935826548e-05
-5.267769755969671e-05
-6.18178507451723e-05
-6.18178507449259e-05
-5.267769756024256e-05
-3.8251859358312426e-05
-2.3669615276759534e-05
-1.2480808816078258e-05
-5.60798889664954e-06
-2.1472590534332444e-06
-7.006072430424688e-07
-1.9479494660981794e-07
-4.615233009360095e-08
-9.317995199438865e-09
-1.6031131764146247e-09
-2.3502700669968055e-10
-2.936217840662485e-11
-3.125921454108859e-12
-2.8330512302733413e-13
-2.145295920867253e-14
-9.793170241634399e-16
1.8461357339832093e-16
-2.4963609923011555e-16
1.4633858736209226e-16
-5.330649452737629e-16
-7.270749764310353e-17
3.2865360336895885e-16
5.612143497268259e-16
4.3943049094835644e-16
7.221878001877333e-17
5.780057953557563e-16
1.0238554538020095e-15
3.8012560481109397e-16
-3.059324438642932e-16
-2.664084835007844e-16
3.879259843276615e-16
-3.2582205653314896e-16
2.228365219736146e-16
-1.7146642192697209e-16
8.152332353414851e-16
7.1502559735323865e-16
6.676915007174106e-16
9.32718522890702e-16
1.9337304262194813e-16
9.18921706770889e-16
3.081866939612394e-16
5.681069292423533e-16
-1.1324416494643391e-17
4.885681932145725e-17
-6.22476230955582e-16
-3.4080036130131192e-15
-3.553623701166515e-14
-3.9109171731149786e-13
-3.66916008621411e-12
-2.9362176155601176e-11
-2.0027762945218738e-10
-1.1640992717438928e-09
-5.765820755666161e-09
-2.4335774380582102e-08
-8.752701184535221e-08
-2.682575312081809e-07
-7.006072472503655e-07
-1.559230103959724e-06
-2.957050078115653e-06
-4.778812937614411e-06
-6.5810359791162285e-06
-7.722917260966553e-06
-7.722917262246088e-06
-6.5810359787726745e-06
-4.778812938235294e-06
-2.957050078118699e-06
-1.5592301042058595e-06
-7.006072475168941e-07
-2.6825753114266103e-07
-8.752701213131282e-08
-2.4335774019870147e-08
-5.765820177568379e-09
-1.1640992343277288e-09
-2.0027707730087937e-10
-2.936121988290469e-11
-3.668072199220693e-12
-3.906176683932102e-13
-3.4902660977606235e-14
-2.240656314223621e-15
3.0382243498720194e-16
-7.239640059406858e-18
-2.931505621404869e-16
4.62504009010442e-18
-5.821774440216622e-16
1.2366357100849565e-17
4.3791145980545436e-16
5.363089475432111e-16
6.30235160499136e-16
2.8193345795088346e-16
5.592595755617605e-16
1.1505510644363781e-15
4.325980774486205e-16
-2.43972004217823e-16
-1.8638395646001815e-16
6.799718324603308e-16
-3.7107220052574136e-16
3.092258433212706e-16
-3.1504885044755843e-16
8.198243226067397e-16
5.214794283907938e-16
6.078725894107062e-16
7.206655632513058e-16
1.3628432008932677e-16
7.989601958909676e-16
3.362544594053726e-16
6.04707168569183e-16
1.220702453356757e-16
1.7027669118260035e-16
-3.4243381756747623e-16
-1.0758673031370434e-15
-3.939706694406388e-15
-4.23325535095803e-14
-3.916819595337825e-13
-3.126209999353118e-12
-2.132187628006258e-11
-1.239287291858899e-10
-6.138212453986348e-10
-2.590750521686529e-09
-9.317995123135356e-09
-2.855829737443835e-08
-7.45856036802372e-08
-1.6599331380544293e-07
-3.148031464475383e-07
-5.087453070779025e-07
-7.006072873534303e-07
-8.221702661430603e-07
-8.221702655921889e-07
-7.006072873031873e-07
-5.087453065161833e-07
-3.1480314664832867e-07
-1.6599331441422627e-07
-7.45856036747071e-08
-2.8558297166748496e-08
-9.317995249729236e-09
-2.590750036158361e-09
-6.138204335678638e-10
-1.2392845939143086e-10
-2.132122050591436e-11
-3.1251910374553465e-12
-3.9050144909282817e-13
-4.1954675640830587e-14
-3.2001453155484553e-15
2.1126046049813474e-16
5.098405145947867e-16
-1.2747060069864092e-16
-1.9376663447157043e-16
-4.018952229750715e-17
-4.9370848668574415e-16
1.166150716448438e-16
5.083409432529572e-16
3.6562231128507043e-16
6.622193896583785e-16
3.1227616947189876e-16
3.8451990194859333e-16
1.1017308845349376e-15
3.924009779748812e-16
-1.6250274623934816e-16
-1.4450760619557256e-16
8.991246172159782e-16
-4.0778350144688563e-16
4.504833112238429e-16
-2.0043396852163903e-16
1.0237298747525748e-15
5.881161191948879e-16
7.024664341759453e-16
6.166149211310372e-16
9.037573077915282e-17
6.070532580531397e-16
2.6663440123361324e-16
5.528281486363706e-16
1.4843315773536994e-16
2.5242880856784414e-16
-1.6895244170592467e-16
-7.336829414034334e-16
-4.554252918270983e-16
-4.418888998895077e-15
-3.645059884759029e-14
-2.838983737710443e-13
-1.934809761031012e-12
-1.1242979011941259e-11
-5.568514870118927e-11
-2.3502788148389443e-10
-8.453098334636869e-10
-2.590751969657599e-09
-6.766256985595e-09
-1.505858275536764e-08
-2.8558313692856715e-08
-4.615235995593067e-08
-6.3557695174264e-08
-7.458564626577381e-08
-7.458564558235433e-08
-6.355769653396115e-08
-4.615235838555573e-08
-2.8558313043072936e-08
-1.505858282196965e-08
-6.766257122275314e-09
-2.5907515209623747e-09
-8.453097450073148e-10
-2.3502723925872336e-10
-5.568416808940639e-11
-1.1242477303566045e-11
-1.9341114606697213e-12
-2.828115820540189e-13
-3.533899775613241e-14
-4.236876475254065e-15
2.5828846408415387e-16
4.040610476079775e-16
4.327156732208148e-16
-3.5382088452490584e-16
-2.786268056083815e-16
-2.2929472388467306e-16
-5.271820746847894e-16
1.2084838886219796e-16
5.531273737694257e-16
2.7250796303914327e-16
7.874170796140727e-16
4.012702196595401e-16
2.7645452941843025e-16
9.51334425900462e-16
2.299503283115554e-16
-2.1053102886367185e-16
-2.693848265145015e-16
7.734766257006144e-16
-7.804681974428261e-16
1.5592712609527467e-16
-3.679064550033459e-16
8.136621668299397e-16
3.783521385526017e-16
5.347344058548167e-16
4.245776414630112e-16
2.7469942171036267e-17
4.671816967913453e-16
2.7162919299568236e-16
5.964051428047818e-16
1.8898139724273765e-16
3.838063562384196e-16
6.692170328602007e-17
-4.4224709371338563e-16
-1.4674649841871008e-18
-6.724038043911342e-16
-3.5099926570197592e-15
-2.2299695000666378e-14
-1.5017294094297702e-13
-8.697279021728527e-13
-4.305395043103233e-12
-1.8169178317712348e-11
-6.53469306433695e-11
-2.002791604053509e-10
-5.230671225403645e-10
-1.1641078217386462e-09
-2.207708330946082e-09
-3.5678195697496655e-09
-4.913342644514936e-09
-5.765861853492502e-09
-5.765864043839884e-09
-4.9133424624184715e-09
-3.5678197665416565e-09
-2.207707308202854e-09
-1.1641078424108542e-09
-5.230670915089283e-10
-2.0027852589602112e-10
-6.534664518307246e-11
-1.8168387858562103e-11
-4.304363503815179e-12
-8.690924374880586e-13
-1.495719851626056e-13
-2.1240931911133098e-14
-2.7217449994805144e-15
-7.978934983167696e-16
6.162518081922008e-16
4.0200189076476247e-16
4.312378705054185e-16
-4.033667047807636e-16
-2.6815228706634365e-16
-2.1811533181199948e-16
-4.4151819565754145e-16
1.7446745961661655e-16
5.281436897613439e-16
8.073734830881508e-17
6.862171230464702e-16
1.9362089114620328e-16
-2.2809240084050204e-17
5.185793917425214e-16
-1.3932291379974424e-16
-5.31393800461282e-16
-7.007047230520146e-16
7.910943362173334e-16
-9.021742918087644e-16
-1.3380985738058167e-17
-2.776540533456411e-16
7.696506202800418e-16
4.98116583496754e-16
7.081390862096733e-16
6.972929601811848e-16
3.7572481805947775e-16
6.843142868710286e-16
5.003331256662516e-16
7.577468658883896e-16
1.7393269583206347e-16
4.0281355362429214e-16
1.3975223008076971e-16
-3.1014906677698245e-16
-5.755633709744715e-17
-2.76999529082788e-16
-7.673182548282425e-16
-1.9074230418281828e-15
-1.0475239771472217e-14
-5.79199719521213e-14
-2.842711686075459e-13
-1.1974304829045868e-12
-4.30536600043648e-12
-1.3194959064563495e-11
-3.446017800241522e-11
-7.669308480576341e-11
-1.4544638235680192e-10
-2.3505235660850603e-10
-3.236947989127656e-10
-3.7986093713907914e-10
-3.7986001853726e-10
-3.236966770708621e-10
-2.350503099190911e-10
-1.4544540221402104e-10
-7.669284024334845e-11
-3.4460037230540037e-11
-1.3194302573628216e-11
-4.304949099349585e-12
-1.1966385498677844e-12
-2.8338287867230543e-13
-5.726923283410126e-14
-9.992286647314074e-15
-7.818713178717593e-16
-2.405163683883387e-16
-5.479652038910758e-16
5.584425714247793e-16
1.783684495112052e-16
2.312958916273508e-16
-6.118306165200896e-16
-4.593257933081524e-16
-2.5024198251684074e-16
-3.542713855724123e-16
3.698304786664363e-16
7.469482466913515e-16
3.133535359303322e-16
9.917200196902335e-16
3.5218525964740666e-16
8.304946324080378e-17
3.4325864927579465e-16
-2.1537408369812228e-16
-6.590054424257127e-16
-8.738251716245459e-16
6.238303112312808e-16
-9.769211454261783e-16
-2.4059932418215815e-16
-2.565248328569165e-16
4.771863131863771e-16
2.7781198392554104e-16
3.4419969731241687e-16
3.6247498249344983e-16
-2.7917149875018586e-18
1.9396199934818093e-16
5.724286536071276e-17
3.7273915358525e-16
-2.2002357029020686e-16
2.5822985742638565e-16
2.808448871279578e-16
8.373252665280472e-17
2.268667920547435e-16
2.306564733892355e-16
-9.94295686993823e-17
-4.561014064933569e-16
-1.1081767622252027e-15
-3.9900128571590395e-15
-1.6732431872387078e-14
-6.809558143030776e-14
-2.4258969710305275e-13
-7.425484753883304e-13
-1.9378572854429687e-12
-4.312292117859373e-12
-8.177895193536825e-12
-1.3215494476381896e-11
-1.8198626964547916e-11
-2.1355812803812253e-11
-2.135607504198468e-11
-1.819944699276619e-11
-1.3214764850166084e-11
-8.176876707201878e-12
-4.31164169263641e-12
-1.937370010145197e-12
-7.417813558935091e-13
-2.4199388333720285e-13
-6.720056572107491e-14
-1.5975522891427228e-14
-3.3774878858140658e-15
-8.797647074338028e-16
4.987142265048948e-16
-1.0894793673921895e-16
-3.7497715198127076e-16
7.017448355625201e-16
2.336758551097256e-16
3.391257147344169e-16
-5.870149423517999e-16
-5.661222804669061e-16
-3.666081287417084e-16
-5.772396249296403e-16
7.949653145803271e-17
3.1286906265446583e-16
-1.1281927271310363e-16
5.842748605418533e-16
-9.275972288674251e-17
-2.369208239483208e-16
-1.372425745225495e-16
-4.2765449704852173e-16
-9.065687673985618e-16
-1.0296785201342563e-15
3.9213964901720963e-16
-8.830913190800812e-16
-2.9157437982396616e-16
-2.355491624924692e-17
5.173582534790224e-16
5.165524102400431e-16
5.416007476534669e-16
6.984434172680072e-16
3.1214767568681463e-16
4.321016907499076e-16
2.7005195256211546e-16
5.080197150625525e-16
-1.938397682770502e-16
3.173958983238797e-16
4.703190737052493e-16
3.260289068903092e-16
3.1804755488946e-16
4.343799008544968e-16
2.4719003105194994e-16
-2.900365471509963e-16
-2.9595877416502855e-16
-6.492364170518388e-16
-1.1450239665429747e-15
-3.944364888278766e-15
-1.2175273350475209e-14
-3.7127641341638824e-14
-9.570392293680856e-14
-2.1243996013807515e-13
-4.0220925790393257e-13
-6.509290018727611e-13
-8.95680653940095e-13
-1.052100611037009e-12
-1.051819090310571e-12
-8.975489721602279e-13
-6.508895762165609e-13
-4.0191983184751225e-13
-2.1201242270538037e-13
-9.526899021122864e-14
-3.6280433345567886e-14
-1.1704120442202932e-14
-3.0436952159592874e-15
-5.742282698144272e-16
9.063543623491753e-20
-1.762779779048024e-16
6.324387704854153e-16
-1.0361420943632018e-16
-3.134647066247265e-16
6.833149002039697e-16
1.6389772370204843e-16
4.005525548782685e-16
-5.401659661151407e-16
-4.552859299801908e-16
-1.630532511799224e-16
-3.0658435976397316e-16
4.147808290409092e-16
5.706191414862322e-16
2.4657555100046354e-16
9.039062936800624e-16
2.1702900444909724e-16
6.840556746444051e-17
-8.690534201042801e-17
-2.50829033556206e-16
-8.786310188042195e-16
-9.383424715714442e-16
2.2679843305871995e-16
-6.107224768212925e-16
-1.8309259914610442e-16
1.7251242751490042e-16
4.935651011718668e-16
5.845796456861551e-16
5.31314434178475e-16
7.722101719219016e-16
3.1398390894063663e-16
3.278115297324036e-16
7.163802852068139e-17
1.5002538345399541e-16
-5.777600869973438e-16
-8.467284283986064e-17
2.7860825861557906e-16
1.7982295046701462e-16
2.232981073665439e-16
3.874224765622428e-16
4.073012249753356e-16
-4.459291572941346e-16
-3.357010717983336e-16
-7.044012271271853e-16
-4.870225316243483e-16
-1.1756014962752502e-15
-1.1932741078350342e-15
-3.2184147908987777e-15
-6.878393665401748e-15
-1.5032240464717745e-14
-2.7762255008982782e-14
-4.3430574110384115e-14
-5.946513977380954e-14
-7.060097631007522e-14
-7.268294585646353e-14
-5.947985416400646e-14
-4.3236907021736995e-14
-2.6293358479296578e-14
-1.404200508511775e-14
-6.338513708787662e-15
-2.2257559542720116e-15
-6.975799430410608e-16
-2.0653214175736204e-16
-9.325325545259612e-17
-4.398804068471757e-17
-4.239606631451177e-16
2.646701728350881e-16
-3.6501422156456417e-16
-4.479260688205698e-16
5.257463707507871e-16
-4.435020336882693e-19
3.4903883270591297e-16
-6.888882306494181e-16
-5.098833532057289e-16
-2.569901961130043e-16
-3.465372094061998e-16
3.7818832464146464e-16
3.862422546719405e-16
1.7282593565049616e-16
7.776069814869391e-16
2.7259716724589415e-16
1.6633770690782029e-16
-4.9596075624963687e-17
-2.6904599646830807e-17
-6.450693095836136e-16
-6.16280960848966e-16
-2.3245313100609154e-16
-6.360640687112253e-16
-2.5553504691880467e-16
6.353524062733832e-17
2.25407897811098e-16
3.68608236848833e-16
2.913451371692366e-16
6.565302913093712e-16
2.506988849711964e-16
3.089432152485305e-16
9.375398926080911e-17
1.1615401208392039e-16
-4.591428502263979e-16
-5.225539137349642e-17
4.552716571647128e-16
1.8770442588995532e-16
3.049854201291759e-16
3.580332475713454e-16
7.088472468409903e-16
-3.1114479669070364e-16
2.6585661405338098e-17
-3.885535948718075e-16
4.245148868483364e-18
-8.663772367581725e-16
-4.2035262286782034e-16
-1.5873944387353995e-15
-2.958286212697807e-15
-5.612228116949665e-15
-1.0240754888685818e-14
-1.645021227884145e-14
-2.3491989355254634e-14
-2.7915119392172866e-14
-2.6539982802052676e-14
-2.3646784741297487e-14
-1.6761848586361893e-14
-1.0290944151568096e-14
-5.314014023117272e-15
-2.337383740295583e-15
-5.722738758709325e-16
-1.2983418413547231e-16
4.598810071871123e-17
1.4106554380556614e-16
2.8906846653720124e-16
-1.5187823827082443e-16
3.4185647095794603e-16
-2.3946557439760085e-16
-3.093313472041793e-16
5.624353416875588e-16
4.709121215957104e-17
5.354646801670512e-16
-5.588250550240363e-16
-2.048691518881026e-16
-4.5368134303180946e-17
-8.325944915818271e-17
5.744487845189522e-16
3.512714627204027e-16
1.6567642165692026e-16
5.7755767115063625e-16
2.355193797135109e-16
3.155723878069716e-17
-2.2979581631687033e-16
-1.1151229294375856e-16
-6.211644048857302e-16
-5.993353862311183e-16
-3.5039620763362675e-16
-4.544037010681563e-16
2.9415532459483274e-17
2.3241671551966127e-16
2.5125637735888104e-16
3.625065955328797e-16
2.0537423906708868e-16
5.876633872567874e-16
1.8308819173565806e-16
2.080007574717145e-16
-5.112588293970177e-17
-1.249934092914979e-16
-5.045969757962993e-16
-2.0587585675366667e-16
4.779731103187933e-16
8.283212226558285e-17
4.744503431342401e-16
4.291342515883916e-16
1.1324026158897992e-15
-5.91564680064135e-17
2.8869251818620486e-16
-3.2932604103480357e-16
1.649691926193281e-17
-1.0811546047337387e-15
-5.957572872487332e-16
-1.7495601846891296e-15
-2.9416447604617934e-15
-5.549005221722711e-15
-8.937012991844179e-15
-1.5245421400939785e-14
-1.9608576908938528e-14
-2.4348641594875553e-14
-2.3055749002004086e-14
-1.9406408719030205e-14
-1.4725370012495836e-14
-8.929465188881164e-15
-4.465235929194882e-15
-2.1352477519254045e-15
-5.629175039457568e-16
-3.01922116935601e-16
-1.6735909472107228e-16
-6.270756286814559e-17
2.2191881129007974e-16
-1.6790360279448234e-16
2.7530980857035267e-16
-1.091334260451401e-16
-3.75465993029988e-17
7.506922582262942e-16
2.6934553482247646e-16
8.108322642833348e-16
-3.883945622382753e-16
3.8793590147253145e-17
1.433961092795239e-17
-4.820760523508995e-17
4.73317723640324e-16
6.126672007538542e-17
-3.492080957869378e-18
3.236883939960001e-16
3.224830048465589e-16
1.4581231625684285e-16
-3.614058971708221e-17
1.369126036234722e-16
-2.1865143106666244e-16
-3.707206435247958e-16
-4.3586375362522445e-16
-4.453600958029515e-16
2.1269908229956543e-16
2.87585518202866e-16
2.164004485826955e-16
3.191556138858899e-16
1.1538358112004883e-16
5.07495955415444e-16
1.6621090957293938e-16
1.7900061934737563e-16
-1.1549548963606045e-16
-2.530094750221196e-16
-4.460901141690803e-16
-3.131549752552641e-16
3.853211414059068e-16
-2.6654368483626365e-16
2.7689851752266505e-16
4.4676493780953875e-17
1.038491075930888e-15
-7.354432045487509e-17
3.850708282863567e-16
-1.5023393956523105e-16
2.288245273784669e-16
-8.194642086049357e-16
-3.1059670192320474e-16
-1.4583163834349345e-15
-2.553244903136363e-15
-4.18801284756982e-15
-8.167617379908e-15
-1.2119642714559543e-14
-1.775479768009898e-14
-2.0320994780832604e-14
-2.0929930717602537e-14
-1.691310359089022e-14
-1.2082166960611388e-14
-8.403816452278481e-15
-3.87075980141211e-15
-1.6895589312355202e-15
-2.4536489222034325e-16
-9.60649498351914e-17
4.9167919443832056e-17
1.371650827229356e-16
4.807183671882017e-16
7.344543162470013e-18
2.245602411252058e-16
-1.8031154388906058e-16
-9.17211844813508e-17
5.034953777796408e-16
9.297435788064917e-17
6.82373581463058e-16
-4.914120356158685e-16
5.1135775626048076e-17
-7.52223113672299e-18
-2.1381552788280546e-17
3.9992100233389007e-16
-8.942928365171134e-17
-2.427104997993809e-17
1.2983727357757803e-16
3.273419849904024e-16
1.246693745285295e-16
4.286940883901462e-18
2.1304722236634617e-16
7.128512165773342e-17
-2.992081147970922e-16
-3.271581989725099e-16
-3.6488829411780414e-16
4.747177120789685e-16
4.2542902116594117e-16
2.2097417203597536e-16
2.1982280159789853e-16
-8.998532074777108e-17
2.3912309504265426e-16
1.3357119690027274e-17
3.679543486313819e-17
-2.406028726091943e-16
-3.830796474394947e-16
-3.6631725847827677e-16
-3.461999256852509e-16
3.240959139031607e-16
-5.108217927595686e-16
1.3642195265489826e-16
-2.657757553190661e-16
8.315510095540596e-16
-1.652221249695897e-16
1.6748701910359076e-16
-3.621319700700366e-16
-1.491781227294685e-16
-9.972558117114068e-16
-4.900938429873682e-16
-1.5636696651412945e-15
-2.447916806218109e-15
-4.266878332342676e-15
-7.214377258428776e-15
-1.2260345432541846e-14
-1.4416417873476765e-14
-1.8084796610522358e-14
-1.8344371192324253e-14
-1.3910711168752923e-14
-1.111366338676989e-14
-6.307533995588866e-15
-3.2644606322726224e-15
-1.5157273896437849e-15
-2.1468557518619432e-16
-2.7146947399777465e-16
-1.4641705573590695e-16
-1.3330829761497993e-16
2.6908015892773854e-16
-2.031162100481777e-16
-9.518140342767515e-17
-4.0784271375810953e-16
-1.9401571170155288e-16
2.7388337280877003e-16
6.228766568827384e-18
5.967742637343742e-16
-5.421109907935471e-16
1.0452227670595024e-17
-7.117691381771589e-17
-1.204733051161936e-16
8.501332011962767e-17
-4.3432633759528584e-16
-2.325788855138673e-16
-2.1788294549029982e-16
1.8431070689916025e-16
1.0640019677284015e-16
1.3653154303924677e-16
3.983501275152852e-16
4.2739694917563953e-16
-1.578737103545243e-16
-1.6969159413305568e-16
-3.1200316755459096e-16
6.19021536416943e-16
5.062653946961797e-16
2.737254081243319e-16
2.402087047320593e-16
-5.1174899116478356e-17
2.2204444666749906e-16
1.823846902181626e-16
2.1033956759916047e-16
5.751816797857317e-18
-1.3048033313382877e-16
1.0022820117819206e-16
1.678302835745386e-17
5.984649383000121e-16
-3.5334647920360153e-16
3.44490818392794e-16
-1.4122981872296935e-16
1.0152247210468808e-15
3.1092473689510695e-16
5.594148166377291e-16
9.841259701760651e-17
5.831060239558605e-17
-6.324089064692317e-16
-2.634062337862302e-16
-1.4918390843789996e-15
-2.5352737524201097e-15
-3.3601495512263707e-15
-6.562709304426615e-15
-9.091525110232891e-15
-1.3871950619574857e-14
-1.5839925725128876e-14
-1.5471285457900372e-14
-1.1994486600521336e-14
-8.491920334634768e-15
-6.5690753037214575e-15
-2.9175813261119536e-15
-1.5161134641050547e-15
-1.9786818818769633e-16
-2.7091587539252784e-16
-3.86173635043644e-17
8.05783029597914e-17
6.373987607318729e-16
2.572326144651448e-16
2.2621224133478896e-16
-3.452305774502647e-17
1.6281177137771683e-16
3.764714533718438e-16
1.2466291762310264e-16
6.325596168084493e-16
-4.564786729670611e-16
1.2488894193937794e-16
1.4368405254943304e-16
1.3498016282708165e-16
1.2844995532867126e-16
-3.0745091973438686e-16
7.718488976992365e-18
-1.4389223477594294e-16
3.076212708300207e-16
3.026891526518529e-16
4.066667552795983e-16
6.443589905479278e-16
7.387969669393051e-16
1.6115626395290777e-17
-5.848083823754626e-16
-7.464409384354254e-16
2.9230324562836463e-16
2.2160430767966086e-16
8.065464539177997e-17
-3.3506324912888355e-18
-2.519939713586239e-16
-1.3729798612040248e-16
-3.474802097514663e-17
-8.806827310577429e-17
-2.1898816394844668e-16
-4.014038667567587e-16
2.7442882008528163e-17
-1.6581887939932517e-16
3.447342347959781e-16
-6.121578716550299e-16
1.3706522978246174e-16
-3.847452674772141e-16
7.537241497194608e-16
2.8968049937687696e-16
4.559954582639998e-16
7.173515841354872e-17
-6.752112868576207e-17
-4.319706575576232e-16
7.586309096258405e-18
-1.2317913981239704e-15
-2.153360814672846e-15
-3.1406642418320573e-15
-4.571278307985286e-15
-8.782593589096426e-15
-1.1105443166346335e-14
-1.2718135846169403e-14
-1.2685832837369397e-14
-1.0231954355711313e-14
-7.326866281811425e-15
-4.757256464001751e-15
-2.159008477291162e-15
-1.083126400089901e-15
4.132788286062023e-17
-1.118124413226633e-16
5.66101070071326e-17
1.3419601610680904e-16
6.177204072665451e-16
2.6577222629013455e-16
1.8011923110143008e-17
-1.107978205894623e-16
1.052583952860452e-16
1.4471945413053557e-16
-7.732068379440298e-17
3.7908400817747346e-16
-6.86970902568184e-16
-1.7588053625113442e-16
-1.502504724611588e-16
-1.3689696613094513e-16
-3.7014889955253626e-16
-6.11847041018136e-16
-1.5869573079985723e-16
-3.4968803617252294e-16
1.3639821213932385e-16
2.0455370404548495e-16
3.199050593633218e-16
4.1485173232298613e-16
4.1797295115532567e-16
-3.8679911847081853e-16
-5.302712415643324e-16
-7.36371885974944e-16
3.006463347096599e-16
1.5225342505694137e-16
1.2429014024389505e-16
-3.8142379813304325e-17
-1.7122669323041837e-16
-1.865201073619418e-16
8.07539638713954e-17
-4.422685179765547e-17
-7.130544299978564e-17
-3.1368122897409145e-16
2.7125887501097754e-16
-1.0057006833429164e-16
3.061001592174165e-16
-6.473123591405973e-16
1.1767029094850386e-16
-4.0634487975750245e-16
7.315956530661398e-16
4.291820953209701e-16
5.788163434293058e-16
2.1237011230628097e-16
9.922337490175669e-18
-2.371413171377937e-16
1.4629022052621535e-16
-1.0603903795451856e-15
-1.9300549692776623e-15
-2.500085749602291e-15
-4.37445129427452e-15
-6.7666795257692654e-15
-1.0402751833009154e-14
-1.1255013679781358e-14
-1.0657122759411992e-14
-8.578331663764675e-15
-5.810073041754241e-15
-4.2558141850742e-15
-1.9338382014644187e-15
-9.846798608909408e-16
3.378870702310061e-17
-6.048138460195116e-17
1.6814979273734677e-19
1.94167931294633e-16
6.109771858825854e-16
3.9406136039826633e-16
-5.106682494524843e-17
1.7199898685488712e-17
2.3746347919508477e-16
5.3581851184654497e-17
-1.921507441733318e-16
2.6948682150171417e-16
-6.427638010501113e-16
-1.1531145945393535e-16
-3.661214096974183e-17
1.0946306951734011e-16
-3.048437790517702e-16
-3.964593801068201e-16
1.8136349787069187e-17
-2.510728225485705e-16
1.5589023751400853e-16
2.5003992384822145e-16
4.041124522741118e-16
4.319313447677726e-16
4.2986951072032976e-16
-3.396024433014468e-16
-8.690540857842564e-17
-3.56377317925876e-16
6.519078485514833e-16
2.184996682756453e-16
2.229979956409125e-16
-1.4136080058591532e-16
-2.3338059092095547e-16
-4.103076245963807e-16
-7.691577077164803e-17
-3.0420811162419485e-16
-2.6723353878139584e-16
-5.262272364369595e-16
2.4832818457074254e-16
-1.9280055064126212e-16
2.7615585748577865e-16
-5.492030173918518e-16
2.3678556447729165e-16
-2.7889743698770364e-16
8.106012089341617e-16
4.830348277668182e-16
6.085865487325618e-16
2.4681314771457e-16
1.1201408483960828e-16
-1.1796027822564677e-16
2.7220660219740298e-16
-8.895348949803297e-16
-1.5054714626542757e-15
-2.058625168254493e-15
-3.495385335394699e-15
-6.329518124520007e-15
-8.412801781599445e-15
-9.54431922683767e-15
-6.691787568718728e-15
-7.514066228927183e-15
-5.763133438017628e-15
-3.089231220378994e-15
-1.5610349681061157e-15
-6.541948118583202e-16
6.782564484979527e-18
7.447809697599197e-18
-6.970394358720771e-17
2.5399387312789384e-16
5.008938383362142e-16
4.159593015484255e-16
-1.838930421109096e-16
1.4682875075622897e-16
4.772083017057875e-16
1.2099130742914997e-16
-1.1611981102563754e-16
3.3088261727175645e-16
-4.3759325761759784e-16
-7.599409032589011e-17
-1.5464034551927138e-16
3.388290059199245e-17
-5.318801915279433e-16
-5.236480546768649e-16
-1.7073993670390901e-16
-3.7261303722864294e-16
3.570580542269882e-17
1.9802578132285304e-16
4.3195056066303345e-16
4.872586167744582e-16
6.319056784665912e-16
-3.017121887021712e-17
1.1963724372264927e-16
-2.896215177371739e-16
8.392118894027503e-16
1.6631866371388866e-16
4.043572990923849e-16
2.3758115225013172e-17
9.245804794102163e-17
-1.3311670381215835e-16
1.869556202689784e-16
-1.88036357261194e-16
-2.3796422659070997e-16
-6.157479845541699e-16
1.2229530081521647e-16
-5.531636578834144e-16
-1.4441763423491804e-16
-9.550761983390427e-16
-2.58753218315385e-16
-7.012666116060367e-16
4.0624438156233914e-16
8.704226795637656e-17
2.9349528887408806e-16
8.080993461985812e-17
1.183347324684411e-16
-1.6803916412125186e-16
2.1982160678364404e-16
-7.387334734080292e-16
-9.771744050731643e-16
-1.6443656918812786e-15
-2.9273842160133434e-15
-4.398764650336233e-15
-6.760249002029605e-15
-7.205870294395541e-15
-6.574713235034904e-15
-4.6072116437198135e-15
-2.9098935150643093e-15
-2.7394420242363344e-15
-1.255749465654327e-15
-6.789101704118894e-16
-8.624296185617813e-17
7.792760836030503e-17
-1.8328957097305987e-16
2.371632741031172e-16
2.2064838891950416e-16
1.2851685930327863e-16
-6.794843013445088e-16
-2.39452269936515e-16
1.5088026301066748e-16
-3.618287059162673e-16
-5.29353540544934e-16
-8.644579824910293e-18
-4.330962835213925e-16
-1.3414818941658626e-16
-2.400225841391846e-16
1.1663179892731306e-16
-3.632608896901622e-16
-2.4428621060263566e-16
5.1165835234675956e-17
-6.005261402653384e-17
2.773745102424848e-16
3.6047532267734125e-16
4.859478057972325e-16
4.626004179912278e-16
7.111502399564524e-16
-1.1245710002829317e-17
2.8487338741489617e-16
-3.479403782631869e-16
1.022839200274552e-15
1.0704739749275703e-16
5.271105051963645e-16
3.126776298422178e-17
1.2276768550126558e-16
-1.8673196658404988e-16
7.73467512477848e-17
-3.375638117059057e-16
-3.7946757574626466e-16
-7.209293618582007e-16
3.003987272977089e-17
-7.551737895053814e-16
-2.927388737682959e-16
-1.0238951613486798e-15
-4.139927861349844e-16
-6.791474911018989e-16
4.243044484830219e-16
9.034745428152284e-17
2.8041515055657166e-16
2.188958059616867e-16
3.4014716522155606e-16
-6.43891809073345e-17
2.3316045154337825e-16
-5.422161080400983e-16
-5.843768234020339e-16
-4.167785186929621e-16
-1.1384721146534512e-15
-2.4242090434028298e-15
-3.961318897132595e-15
-8.848200749663762e-16
-3.0032542949166817e-15
-2.7962987222678476e-15
-2.55469807207592e-15
-1.0362815644304796e-15
-9.720558862839972e-16
-3.2117881411178457e-16
-4.282801568466945e-17
9.179635764112228e-17
-2.0922052287274317e-16
3.339932278864782e-16
2.0194653655145976e-16
1.4669694580247921e-16
-6.765246799679718e-16
-1.3205067955531425e-16
3.134739098662851e-16
-2.8145376247188025e-16
-4.879374607915513e-16
-1.0292686723399694e-17
-2.331044472344218e-16
-1.459083431680384e-16
-3.7410201558759807e-16
-3.6771933351527376e-17
-4.702873965089849e-16
-4.0445110931342067e-16
-1.949686678881326e-16
-1.418854348042039e-16
2.581706944647984e-16
4.1466386349348384e-16
4.882235418943799e-16
4.311332944467678e-16
7.70394116003839e-16
-1.3675872510597965e-16
2.622549464676512e-16
-7.160171869390112e-16
8.972971960767428e-16
-1.6835643057509142e-16
4.960781185315752e-16
4.66957740202447e-17
3.562656087500662e-16
1.3478467810800842e-16
4.189914919815859e-16
-1.7579583120052124e-17
-1.1676484593198597e-16
-5.129685112288163e-16
1.14892632208261e-16
-7.845978626620567e-16
-2.8882509108910486e-16
-9.829887902024194e-16
-5.58932830629119e-16
-6.724142092913978e-16
2.9409364565625585e-16
-4.788888525003127e-17
6.770399299305751e-17
2.1359008877948466e-16
3.5882105248034217e-16
-6.657480292049741e-17
1.493386708602804e-16
-4.661237488270605e-16
-2.4647833536138726e-16
-5.909638124105331e-18
-6.15757721324793e-16
-2.2565923716931856e-15
-1.8515341541875967e-15
-4.633318258099954e-15
-2.842982549795245e-15
-4.642424267298163e-16
-4.0069660001736256e-15
-4.648153029550117e-16
-1.3469058946335318e-16
-3.4104751295291147e-16
-2.5750303482015543e-16
-6.727104127003819e-17
-2.9859412131379423e-16
2.647670059782537e-16
9.085220278771659e-17
-5.541484020452443e-17
-8.598808497870771e-16
-2.9963845427107577e-16
1.7393349140688842e-16
-2.50010843540713e-16
-4.583092703128968e-16
1.2632902473603935e-16
1.0062237677881652e-16
8.669652435668549e-17
-1.2328475422301997e-16
2.1734745414536881e-16
-4.7707488966304204e-17
-1.8720118392863947e-18
1.1844747875880363e-16
1.823862492987794e-16
4.166003917294958e-16
4.535273249639274e-16
3.1157197406744477e-16
1.47070345699829e-16
5.251116490008645e-16
-5.570861914703273e-16
