9.64521049630699e-15
8.2700800765718e-15
4.113685070389435e-15
-1.2871671968930702e-15
-1.3413452183214251e-16
-4.067980762541946e-15
-3.3057560216670692e-15
-5.74441894489549e-15
-5.703186000900983e-15
-5.2146735493165445e-15
-7.103265354701912e-15
-8.282944102357559e-15
-8.606432446333707e-15
-1.2849109010257569e-14
-9.361459039281103e-15
-1.8829678394719035e-14
6.249581239784844e-16
-1.8254429453591482e-14
-2.9697761015849965e-15
-3.3853579036223213e-15
-4.140563825028633e-15
-6.3212536568505265e-15
-3.6682016459980254e-15
-5.359239883625491e-15
3.421701845378961e-16
-3.990261374426228e-15
4.807837304327604e-16
-2.580633066431668e-15
7.944638057250955e-15
-1.8339013479228628e-14
1.3549066988433154e-14
3.5457443952489502e-15
3.395245742819759e-14
3.373584543887582e-14
-7.211474008662047e-15
7.34258100582171e-15
1.2388785197222354e-15
1.0265354090157664e-14
4.89671699317022e-15
3.9851237591658534e-15
-4.934752287595923e-15
-1.3459926169783006e-15
-3.197024682309754e-15
-1.5930872241655632e-15
1.2511267040219285e-15
3.1214481645752227e-15
-1.0319981666712323e-16
-6.493782441650284e-16
-5.494505967672805e-15
3.4153597215790585e-15
-8.662248125944472e-16
7.23873574578241e-15
-6.556019922894198e-16
4.123663777833347e-15
-4.3145002720903214e-16
4.634068581720481e-15
3.544804642456129e-15
7.647160839141113e-15
8.257041438785113e-15
1.2792749223310988e-14
6.2975709107648804e-15
1.2281376379939107e-14
1.1390651828211192e-14
1.3170321701134992e-14
9.998258303913575e-15
6.272236926077746e-15
3.68166561759355e-15
-1.0734272338104343e-15
-1.149041659459762e-15
-4.680329876974899e-15
-4.216724504376516e-15
-5.288125017325846e-15
-3.590279170495525e-15
-3.656404066832742e-15
-4.984695134780707e-15
-5.275111686496007e-15
-5.9735160911844825e-15
-1.1702048782846559e-14
-8.542632398143735e-15
-1.78838451634082e-14
1.4124760220132751e-15
-1.6616401163023266e-14
-1.7315569831310732e-15
-1.7052030681319786e-15
-2.6635882212446e-15
-3.444769938169207e-15
-2.958011194060514e-15
-1.5492782127638666e-15
1.5438863798852805e-15
-1.0865289022247579e-15
-1.4406822255642162e-15
-8.729926057929474e-15
1.170960704141637e-14
1.1697407078043704e-14
-7.0169623486434976e-15
2.152957682886563e-14
4.3246626001569726e-14
1.1511177974842341e-14
1.2999902849359155e-14
1.626309591793286e-14
4.545196836663436e-15
5.481966076462084e-15
4.261124719753665e-15
4.0528611984885835e-15
-4.645815683028911e-15
-2.047378076334386e-15
-1.147281121131814e-15
-2.5288089420665446e-15
2.1599170948941415e-15
2.2620575921756263e-15
1.0726049209876105e-15
-1.1988096550705734e-15
-3.918471149874146e-15
3.788319843403693e-15
-3.2856615934535533e-16
7.378397430721173e-15
2.562837376966216e-15
6.5357594974642765e-15
1.8335812872181233e-15
7.647774138214492e-15
4.701950336972429e-15
8.246956649678254e-15
6.677693631855655e-15
1.028888454478013e-14
5.559392027384707e-15
1.0172109027568183e-14
1.0800260131183305e-14
1.0104096699712924e-14
1.0708149622049686e-14
5.351434092221405e-15
4.062746519048599e-15
-4.625551647144776e-16
-1.799042697540066e-15
-5.356675847087533e-15
-6.551419352153424e-15
-6.8533823720381765e-15
-4.980364372148752e-15
-5.715934687139329e-15
-6.253453421382921e-15
-4.6398485946680135e-15
-3.5057395574377547e-15
-8.36572890416022e-15
-4.606719344540849e-15
-1.296440124032594e-14
3.093454479689481e-15
-1.331620534702217e-14
-1.3003186235598264e-15
-2.225158388520587e-15
-4.423111389153592e-15
-3.783809855188698e-15
-5.055835573247178e-15
-6.732539945419082e-16
6.649756835327116e-16
1.2111768261301386e-15
-1.7368630323344325e-15
9.21748623802647e-16
9.725285249678392e-15
4.6652778032724715e-15
-2.2673411854705942e-15
1.5597737330935683e-14
1.1122966134792221e-14
4.0061644734490456e-14
-1.0135978983162819e-14
6.349387914613534e-15
1.4773599511736539e-15
6.4073592486051884e-15
3.5978772502917165e-15
1.814325882212401e-15
-6.3839715277324335e-15
-4.713873538117124e-15
-2.000553334912726e-15
-5.3515951706033545e-15
4.0613424162054925e-16
-1.1022532056678926e-15
3.0261751150639284e-16
-2.374771358388145e-15
-2.155029119028318e-15
4.8543648103053e-15
1.5484194128735966e-15
7.486820325846715e-15
3.755105102998722e-15
4.977672724561625e-15
-2.6543889654415995e-16
5.89800789503415e-15
2.5400540552208132e-15
6.546903506274794e-15
5.000314814588946e-15
7.87079994396693e-15
6.447007607624959e-15
9.7397077731497e-15
1.2858156727553238e-14
8.759376650481311e-15
8.082197728229398e-15
2.1621025601038343e-15
2.6251798291018478e-15
-1.9367515067569643e-15
-3.920874018120609e-15
-7.296663049670557e-15
-9.197998378896602e-15
-7.399481899557445e-15
-4.9004986545614195e-15
-4.993978583536321e-15
-4.997671260870061e-15
-2.9987737359578922e-15
-1.4588584121345453e-15
-6.9561617009569004e-15
-4.271524700207534e-15
-1.1631308085036217e-14
1.1442311983896393e-16
-1.1385074842901423e-14
-1.1730556322537714e-15
-1.589764507941884e-15
-3.236980603045056e-15
-4.977301240509927e-16
-2.422023008389515e-15
3.155276897181261e-15
1.3225331161342834e-15
1.6610035123731793e-15
-3.877002319545097e-16
-3.143251227638032e-15
-1.057235688100915e-15
3.44708645745111e-14
-1.3906838784296186e-15
-1.045073000591964e-15
3.182118472864956e-14
2.3593360472140634e-14
1.453992393800697e-14
1.194384964998118e-14
3.6192131682884236e-15
5.520808978028024e-15
2.5821046671195113e-15
3.496276511698847e-15
-4.105003482826873e-15
-3.129913962415696e-15
-5.463587366059541e-16
-4.914220599776331e-15
6.641889101399885e-17
-3.1018107566088444e-15
-1.2714991954446482e-15
-4.664725134053198e-15
-4.351140419023582e-15
9.582100687838575e-16
-1.320927554373256e-15
4.3566839879505036e-15
3.573965589748668e-15
3.542408601341283e-15
-7.368353140202715e-16
4.779396062454801e-15
2.609718141900292e-16
3.3785157544260022e-15
1.5901054154149264e-15
2.2118497945001855e-15
3.692418060214114e-15
4.812923063883406e-15
1.0721522910242113e-14
3.543791762183568e-15
5.644110658891002e-15
-2.2979789464912316e-15
-3.810127761590912e-16
-4.818579641124559e-15
-5.9776909768487525e-15
-8.818870826563897e-15
-1.0027508815204256e-14
-6.1746109755269545e-15
-3.886415000162552e-15
-3.1045661786118854e-15
-3.0449362337283373e-15
-6.935979492316374e-16
2.566607677523422e-15
-1.0895572110612514e-15
2.2043602298256895e-15
-3.294981883879682e-15
3.1821124003331895e-15
-3.909527951298778e-15
2.699444630899219e-15
4.636007840475898e-16
-1.8094070797017606e-15
6.568216085268346e-16
-1.6611694880270283e-15
3.593385542953413e-15
4.0007442910682585e-16
2.69869647631811e-15
4.2344654200873975e-15
6.8039428378827385e-15
2.1652202978570807e-14
2.7564673123337275e-14
2.312651495474885e-14
1.948311834710541e-14
3.274418453310368e-14
3.5107012055799164e-14
1.793094344126587e-14
1.7386999313850595e-14
5.7955723290757075e-15
8.673008532317622e-15
4.7410520769953215e-15
3.0971892388331567e-15
-3.965905860525376e-15
-3.425686308917237e-15
-1.5059424826928948e-15
-4.716961418441487e-15
-7.855786459901663e-16
-3.834524486950708e-15
-1.6525596705412953e-15
-2.819921273265391e-15
-2.5903053677525788e-15
1.7429702231372367e-15
-4.616472613108427e-16
4.276741145792268e-15
5.2886509041937505e-15
2.98358311856425e-15
1.3005177785642884e-16
5.330224208603396e-15
4.1467866721169866e-16
2.8739173229556288e-15
6.01288975672949e-16
-1.9386709150228417e-15
1.8841196617926158e-15
8.806554459110949e-16
9.088623740120996e-15
-1.0694185534805085e-15
6.3023471906003634e-15
-4.12315515629295e-15
-4.689547062023272e-16
-4.537191494843236e-15
-5.1065070516333515e-15
-9.387098972785856e-15
-1.0004015569810919e-14
-5.2709063664321014e-15
-3.1483064097343913e-15
-3.06380925663144e-17
8.911124828556985e-16
3.819025730931697e-15
8.24847875293898e-15
6.3075426719955714e-15
9.453577244277667e-15
4.478727921455235e-15
5.473667627692773e-15
1.6793003739700638e-15
5.175415477297957e-15
8.971935903888532e-16
-1.2252409098055239e-15
1.5408942726396632e-16
-1.6025607838610537e-15
2.0943690737521225e-15
-1.969153431089323e-15
1.5274235849739368e-15
4.709664471587698e-15
6.595933110793853e-15
1.5146806832447144e-14
4.7585785229195815e-14
2.3607549423268676e-14
4.807618691582037e-14
6.637262346561123e-14
5.0265945146468474e-14
2.5278477227412617e-14
3.28181948426331e-14
1.2346745739768378e-14
1.1494372514899158e-14
4.156902315215584e-15
1.5923784548307463e-15
-5.039520266913925e-15
-5.919722224169541e-15
-5.6444473504516025e-15
-7.303715620351043e-15
-4.666233735613599e-15
-6.620039366449031e-15
-4.1901021655157024e-15
-1.3975791604862052e-15
-1.0346954352506567e-15
3.2030057832523807e-15
9.433309610966304e-16
5.690042136545967e-15
8.659261149994465e-15
3.8531133126878694e-15
1.4570804040050412e-15
5.600427004040093e-15
-5.809183147258656e-16
1.5502524541337387e-15
-8.766458919172043e-16
-5.366013273878656e-15
8.733506644448559e-16
-1.334361600375241e-15
7.921927620233438e-15
-3.751579198074934e-15
6.6783119681095e-15
-7.368507917264237e-15
-2.760687201430562e-15
-5.268629606510281e-15
-4.331731068879996e-15
-9.753829532965842e-15
-8.548577432586666e-15
-4.356087748787698e-15
-3.6220866903093576e-15
3.3453767673862945e-16
7.427177801264702e-16
3.3149150998118893e-15
8.188318614478022e-15
8.366890679569395e-15
1.2362213939901297e-14
8.342506963562449e-15
6.177417189385599e-15
5.227811133099291e-15
7.47459548057398e-15
2.1080376712355935e-15
1.1372829667804682e-15
1.5190653923801871e-15
1.173736065911509e-15
3.2115332447143714e-15
-8.707588130506645e-16
2.4294141508173394e-15
9.815666416313762e-15
1.617806746450788e-14
2.0285197690768978e-14
5.3141440235985406e-14
3.318506372504003e-14
6.158082491248822e-14
5.606831773654077e-14
6.453917554021705e-14
3.043794134858157e-14
3.170244176327303e-14
1.3910060403498151e-14
1.4861108269028928e-14
5.5535575045259766e-15
1.0880388135436997e-15
-4.0427909037558656e-15
-6.196779111808953e-15
-6.69846868827498e-15
-6.765595648855716e-15
-5.453357831849798e-15
-7.297352565033592e-15
-6.335542598801779e-15
-1.7424417506868088e-15
-2.5622358622191757e-15
-2.6211376918152106e-16
-4.147248989052118e-15
4.820858129377481e-16
4.9860124213065725e-15
-1.0468396790538735e-15
-2.345278739202121e-15
3.046955894273499e-15
-2.8297656257311433e-15
9.328907052379326e-16
-1.5186903114668298e-15
-7.383075485340278e-15
-2.0657950551068655e-16
-3.0211625532287098e-15
5.011373514882785e-15
-6.66909306580808e-15
5.289049412526243e-15
-1.2007044149744172e-14
-7.328947132174008e-15
-6.97055972939112e-15
-4.762065390570495e-15
-1.0932338488193115e-14
-6.700364917459983e-15
-2.6149973919841853e-15
-1.3339619135782357e-15
4.4800925237085e-15
5.369817472713037e-15
7.36716214589534e-15
1.1454071588747966e-14
1.2081284373571056e-14
1.6463347964627086e-14
1.2892450427056998e-14
8.808851199880468e-15
9.194713772837007e-15
1.0413340962493347e-14
3.813846358610107e-15
2.9874392015462585e-15
1.3018758189452611e-15
8.343509013286154e-16
2.291139350086796e-16
-5.086213929522095e-15
-2.0660122489776483e-15
7.092458941011787e-15
1.5047887688328558e-14
2.5684050694110447e-14
3.974235722095012e-14
4.9438870228892526e-14
6.107095626801038e-14
7.366994580780845e-14
6.711756966042329e-14
3.936871760008626e-14
3.435343546183033e-14
1.5012914760287552e-14
1.1388347112888195e-14
9.394032096735093e-16
-4.803955141107777e-15
-7.464265080871566e-15
-1.0252398580866211e-14
-1.0129730635194904e-14
-8.305275473468904e-15
-7.208357868607155e-15
-8.796925003366586e-15
-8.759561638613257e-15
-2.857803496122539e-15
-2.2169193957304156e-15
-9.64356281920206e-16
-5.067070033051474e-15
5.730189615846254e-16
5.926578809326542e-15
-3.7950174576917925e-16
-1.7653602301654517e-15
3.921307253948522e-15
-3.541322234198059e-15
6.126501359726621e-16
-3.3662288932428952e-15
-1.0335061283822073e-14
-3.3517530358149934e-15
-5.2191910589036815e-15
-4.567750877331843e-16
-1.0598428335609504e-14
6.6191231561970345e-15
-1.19354480564556e-14
-8.239582380670503e-15
-4.3903307529584725e-15
-2.5309713573898675e-15
-1.0075370491248464e-14
-4.615833488013533e-15
-2.879920130576157e-15
-2.028147753616207e-15
4.099550549582723e-15
6.036533997957077e-15
8.346437838852698e-15
1.2947891757573302e-14
1.448495738227195e-14
2.0688120140205147e-14
1.8536905771457025e-14
1.3603075751931706e-14
1.437062327810295e-14
1.4252392704359243e-14
6.83891097809025e-15
6.242509153860246e-15
3.992123202253007e-15
4.0367776751804595e-15
2.9251921867983048e-15
-2.75100977898195e-15
1.7373744464843034e-15
1.03687443154401e-14
1.6630648983357595e-14
3.25857991175616e-14
6.391894103960135e-14
5.298284931122499e-14
7.73760980023547e-14
8.674410085542665e-14
6.360801775828908e-14
5.6060525411679814e-14
2.5974926146673336e-14
1.3822402969007073e-14
1.3960192274465528e-14
4.12678401575322e-15
-2.7128078771808493e-15
-4.743500760904484e-15
-9.132021642834198e-15
-9.363803148937646e-15
-6.3060840232569544e-15
-4.9889385161517744e-15
-6.1535491623259005e-15
-7.353610599162843e-15
-2.5416919389823285e-15
-4.2693499218911495e-16
-2.1162119317627955e-15
-7.006289000765475e-15
-1.1283430436003747e-15
3.0223477269945953e-15
-2.9278526116753883e-15
-4.634042983619034e-15
1.3855106429261914e-15
-6.589804381328856e-15
-2.4663268707483783e-16
-4.006629894529631e-15
-1.0278524270217922e-14
-4.125099894279345e-15
-3.5415687384155523e-15
-3.4243998865059116e-15
-1.0640518945423066e-14
2.8055846022192457e-15
-1.4957943795168114e-14
-1.3079652758810097e-14
-4.91462647283543e-15
-3.2133206981697482e-15
-9.943925044642677e-15
-2.6679249478056643e-15
-2.0344147751624846e-15
-1.9241872217754947e-16
5.797337010892745e-15
8.638085047066278e-15
9.759458406703348e-15
1.2977808454680137e-14
1.2918716247885622e-14
1.982484500033252e-14
1.870260424206589e-14
1.3189302545504587e-14
1.4173531905592836e-14
1.2732688933866341e-14
4.766774908724631e-15
3.987732217489904e-15
1.7634784396798462e-15
1.880226558764822e-15
1.0966818971614672e-15
-4.972431676850709e-15
1.879052323015965e-15
1.1500012963102351e-14
2.4183768166818738e-14
3.5311390978265764e-14
5.116420215397386e-14
7.318605982249589e-14
9.961880361985703e-14
1.0591252123534141e-13
8.553651103484942e-14
6.368989802893593e-14
4.8188950454256964e-14
2.556424455234473e-14
1.6944693804255326e-14
4.88153514129383e-15
-3.1366678450550457e-15
-4.6988946663708e-15
-1.0226978302200486e-14
-1.179098887249249e-14
-8.097012887143326e-15
-7.195275705133096e-15
-7.79106958186019e-15
-1.0349540342729402e-14
-7.008115097963619e-15
-2.068023985536584e-15
-5.631566856106068e-15
-9.718286851015287e-15
-2.918044230314486e-15
-3.318285710346362e-16
-4.266291488874358e-15
-5.444421969771029e-15
-4.481460515494095e-17
-9.04246587595466e-15
-1.3628451838557674e-15
-5.1509106524151156e-15
-1.0672904916057634e-14
-6.803095904100721e-15
-3.423960448836209e-15
-8.83594333462695e-15
-1.3324872676046991e-14
4.315326293266042e-15
-1.0605698130856065e-14
-1.1622009983715159e-14
-7.864560974773167e-16
-6.72515267413181e-16
-6.6379343418414895e-15
5.765670469522394e-16
-2.5845295530029366e-16
2.004859157840018e-15
7.071021045479022e-15
1.1337801698594764e-14
1.2103120944758502e-14
1.4712534479086315e-14
1.3399490545578167e-14
2.0628566018278433e-14
1.9349668525951035e-14
1.2643072463626612e-14
1.2690018675553793e-14
1.0019275761670895e-14
1.8527780494868042e-15
1.4083412568023047e-15
2.230362972403299e-16
3.395974751996178e-16
3.4656564254238355e-16
-6.881171193398968e-15
2.7886121420173656e-15
9.391350746688538e-15
1.878769754218196e-14
2.3490659415950273e-14
7.434235360033027e-14
8.710919102489599e-14
8.647669067396676e-14
1.0362544411591312e-13
1.0238477029269788e-13
5.738558023836413e-14
4.455295788529485e-14
2.029245552881182e-14
1.8546498713363897e-14
4.607042689008776e-15
-2.090066787229887e-15
-3.6304343434783466e-15
-8.677526124347057e-15
-1.158055763665843e-14
-7.085701817313191e-15
-7.188031883371224e-15
-7.186814729698259e-15
-1.1765895995596172e-14
-1.0406625375068684e-14
-3.5495168596107444e-15
-7.943692289244547e-15
-1.0736310447457699e-14
-3.4620880035866233e-15
-3.062163465724203e-15
-4.600392832072733e-15
-4.674842413311325e-15
-2.2270550446357285e-16
-9.410989561444708e-15
1.1200748236940001e-16
-2.7419687248159872e-15
-6.6016193939952084e-15
-5.4369893743929164e-15
1.0857169923502765e-15
-8.299696572567335e-15
-9.512945064308e-15
-3.0012941499689042e-15
-1.3749673433859927e-14
-1.66227154486347e-14
-3.0714094249653347e-15
-3.088770518205236e-15
-6.49906680805494e-15
6.204046588053732e-16
3.601924962926247e-17
3.120080622741825e-15
7.788106241307872e-15
1.3392884182089413e-14
1.368670426689643e-14
1.537286637156117e-14
1.3659231204619604e-14
2.1976089938024145e-14
2.1092151574927907e-14
1.5802473314135983e-14
1.5076536101420003e-14
1.2155052571181052e-14
2.674608091900089e-15
6.782651366418195e-16
-1.15458361878596e-15
-2.2682436053359483e-15
-2.669803457548159e-15
-1.4199200903288598e-14
-1.460165254073011e-14
-3.868454008973898e-14
-8.091011033714696e-14
-1.6442697912103374e-13
-2.5759275527345214e-13
-3.513283113060066e-13
-4.0737736495588633e-13
-4.020787092906193e-13
-3.4846578598174494e-13
-2.511784775853516e-13
-1.577478766507155e-13
-7.694845186087596e-14
-3.0196608879328684e-14
-1.376301343153136e-14
-7.287701113518462e-15
-5.1463817293136274e-15
-7.356551655332924e-15
-1.0479568859719669e-14
-4.576305232914918e-15
-4.891453437438536e-15
-2.9692782142553724e-15
-8.106989589238923e-15
-7.612693028131141e-15
-7.032210807695112e-16
-5.046845424812832e-15
-8.139688983333223e-15
-2.6233436669602084e-15
-5.0690188966154024e-15
-4.670506677865213e-15
-3.5423256324401137e-15
-3.2719811416263107e-16
-9.934574249469117e-15
2.004733106859874e-16
-2.8762791984185465e-15
-5.860352128033705e-15
-8.928151994554074e-15
-1.2416373900232496e-15
-1.398272714826432e-14
-1.3213449604055403e-14
-9.840003333905788e-16
-7.515959913379535e-15
-1.2284995300637443e-14
1.1707249591359055e-15
-7.016807124809955e-16
-3.3367274803697243e-15
1.01234895460821e-15
4.1899998165437376e-16
2.970498764194103e-15
8.00460218197455e-15
1.5294823688333113e-14
1.617189019250289e-14
1.713305027395472e-14
1.448899025538504e-14
2.113368656316508e-14
1.6083857705470576e-14
1.115154083634239e-14
7.007651819193541e-15
5.738366540991882e-15
-2.778764427339345e-15
-4.12689157154362e-15
-5.5413185326602024e-15
-1.3237755347092777e-14
-4.1920380590117176e-14
-1.5664242184274176e-13
-4.50660465632899e-13
-1.1813699205383915e-12
-2.624572769134805e-12
-4.986440927427265e-12
-8.040951113916912e-12
-1.1094561718176278e-11
-1.3008532719091337e-11
-1.3009872832940574e-11
-1.1073861444131412e-11
-8.032640237843805e-12
-4.9837991293411175e-12
-2.624597134445314e-12
-1.1737071270790569e-12
-4.508986181549201e-13
-1.4815558985293608e-13
-4.322398242874679e-14
-1.3982255747022249e-14
-1.0441480611316638e-14
-4.078971502809466e-15
-6.408027572996026e-15
-4.904531030686712e-15
-1.1012283584747036e-14
-1.0998935339227096e-14
-5.428576341277709e-15
-5.83975485074969e-15
-7.441621811011948e-15
-2.1309173320036763e-15
-4.695504307078454e-15
-2.3946350559798484e-15
-6.925513453721202e-16
8.133612950810768e-16
-9.37048374037712e-15
1.0393171387072438e-15
-1.7700893018093671e-15
-2.253593210205874e-15
-7.828584645954402e-15
1.5913888456950094e-15
-1.1396630325554999e-14
-8.063435225059057e-15
-5.725710614559339e-15
-8.327196888614128e-15
-1.2961415283324034e-14
9.462555315281758e-16
-3.680266094263013e-16
6.209277782535006e-16
4.339417394830648e-15
6.681795806910279e-15
8.423814206280557e-15
1.336851996022592e-14
1.926669112381023e-14
1.7984541396766446e-14
1.6477574086703763e-14
1.2405607076288102e-14
1.8126619539189077e-14
9.576882126701795e-15
9.23732001450285e-15
2.6259533105012503e-15
5.490510663506299e-15
-2.4221440312751534e-15
-1.080948524826655e-14
-4.4791693708681804e-14
-2.0977037090766557e-13
-8.669278445167323e-13
-3.123535957853378e-12
-9.541221537279277e-12
-2.4924537284698934e-11
-5.545627759177492e-11
-1.051876151294873e-10
-1.6998691363943873e-10
-2.340802045968062e-10
-2.7468053288672195e-10
-2.7469460985968093e-10
-2.3407186238732463e-10
-1.6998579773528632e-10
-1.0518497793932254e-10
-5.5457449735278335e-11
-2.4918537471266223e-11
-9.541851197384877e-12
-3.1142920190436873e-12
-8.681267213799266e-13
-2.0746011098779466e-13
-4.6298003469963855e-14
-7.41433383385536e-15
-4.2689962432758905e-15
-1.8100581457102363e-15
-7.308741494398083e-15
-7.784435734306856e-15
-7.53013309735879e-15
-4.948286186932218e-15
-8.204243022740274e-15
-4.821078740726866e-15
-5.795834640368418e-15
-7.673715513058384e-16
3.789338468793282e-15
6.471259963161242e-15
-2.3969490340309627e-15
7.506392392516595e-15
2.885482630476555e-15
2.3549054620574473e-15
-7.982359207934974e-15
1.9545530048300877e-17
-1.3803689101001871e-14
-9.594733583541622e-15
-8.213734228866103e-15
-7.383747570934705e-15
-1.1296365961046949e-14
8.623979546262207e-16
-1.7552114751321678e-15
6.823965930887528e-16
1.7042438100957249e-15
6.483392921522929e-15
7.095714406940412e-15
1.3756238833730517e-14
2.0384381116085682e-14
2.010236416470321e-14
1.9665248603042274e-14
1.5481672927297562e-14
2.038045040487087e-14
6.042327707484595e-15
8.776013351189263e-15
-3.417352331547061e-15
7.497455855097327e-16
-2.110356661977181e-14
-1.340250219368015e-13
-7.435682383924743e-13
-3.6635953970056785e-12
-1.5431409886834808e-11
-5.550146899065374e-11
-1.7006434451953462e-10
-4.441643454697946e-10
-9.885009282060134e-10
-1.874669244360505e-09
-3.0295923744574953e-09
-4.172125621031472e-09
-4.896047096512241e-09
-4.896030208897023e-09
-4.172108364360386e-09
-3.0295811665512026e-09
-1.874661727449381e-09
-9.884955303997278e-10
-4.441578052190924e-10
-1.700652621214081e-10
-5.549071802170123e-11
-1.5431755186234355e-11
-3.658406268746468e-12
-7.425131145667786e-13
-1.2850990588839153e-13
-2.3614497172437293e-14
-5.935061954147361e-15
-6.668748892449675e-15
-3.867017844807196e-15
-6.9566491295605525e-15
2.2596510109876185e-15
-1.9023767026415305e-15
-8.125121442398012e-16
-1.0365738780734576e-15
2.6255725312966733e-15
6.222807150213518e-15
6.8377314506129336e-15
-2.8246296396729102e-15
4.546713307341925e-15
-1.933439528735291e-15
-1.2465719023941618e-15
-1.3212944035412081e-14
-4.3631020218028105e-15
-1.6084088098120443e-14
-1.0223567338170205e-14
-6.7952737829203084e-15
-2.925349014246248e-15
-4.821544740552712e-15
5.243753236546903e-15
1.7226743633241286e-15
5.285653055841092e-15
3.3247657425351013e-15
9.255511989841101e-15
6.770711137321278e-15
1.1851898447440375e-14
1.5806416486364053e-14
1.4018859873685536e-14
1.4242545485859994e-14
9.65783106019229e-15
1.509169195356881e-14
-3.120765719181263e-15
3.680436777444562e-15
-1.4606914034278777e-14
-3.532505657415824e-14
-2.8493643346668415e-13
-1.9363947655752773e-12
-1.1207844616430097e-11
-5.5498825602729964e-11
-2.3421008098337853e-10
-8.423738542504618e-10
-2.581719028904481e-09
-6.742673530940816e-09
-1.500609371817638e-08
-2.8458781659027675e-08
-4.599147283846166e-08
-6.333616807354347e-08
-7.432564851058539e-08
-7.432565292778307e-08
-6.333614071542593e-08
-4.599149260319277e-08
-2.8458763142946e-08
-1.5006093442701683e-08
-6.74266857576634e-09
-2.5817168780343846e-09
-8.42360987927539e-10
-2.34208328472998e-10
-5.548914378384603e-11
-1.1202626290808086e-11
-1.9260757471003282e-12
-2.860886060680895e-13
-3.9321105423167854e-14
-9.601407492251036e-15
-2.2255032180298015e-15
-1.1436632426003416e-14
2.1171594564081885e-15
-4.982314648587611e-15
-6.7174393663461255e-15
-5.6866869974006456e-15
-3.0871466075234303e-15
1.4514940867970862e-15
3.1028214338988325e-15
-3.3950425223626983e-15
4.0357151308354496e-15
-1.863200141591137e-15
7.270360812070256e-16
-1.1888681168371803e-14
-2.8752829430832628e-15
-1.2924518112440823e-14
-7.0815589324342954e-15
-9.582013083264094e-15
-3.3104085120400692e-15
-3.0987967563776907e-15
4.492927960920301e-15
6.814631735777761e-16
5.3066100425360825e-15
1.656264987655865e-15
9.143503333739892e-15
5.958882650051664e-15
1.0725305296864658e-14
1.4357568649901726e-14
1.3158565931710153e-14
1.5835755554266306e-14
1.1088346173651402e-14
1.6551480677464823e-14
-5.494956350454541e-15
-1.3374915516582275e-15
-6.290710485809308e-14
-4.578327690160718e-13
-3.6561917036744136e-12
-2.4943297023776376e-11
-1.4492714009788376e-10
-7.178244286195691e-10
-3.0296848319535496e-09
-1.0896692682373117e-08
-3.339673964377977e-08
-8.722215430958275e-08
-1.9411647467345325e-07
-3.681381809640345e-07
-5.949386895728682e-07
-8.193065691129539e-07
-9.61465146466054e-07
-9.614651671959539e-07
-8.193065584814671e-07
-5.949387004563691e-07
-3.6813818011196116e-07
-1.9411646622559247e-07
-8.722214956519849e-08
-3.3396734234286043e-08
-1.0896677933503869e-08
-3.0296827332637038e-09
-7.178131541267148e-10
-1.4492132021917426e-10
-2.4930845881796248e-11
-3.658193628811179e-12
-4.605677975977786e-13
-5.2173038817483545e-14
-7.506794943221996e-16
-1.0708508471257635e-14
8.272127920950124e-15
-7.201175396005575e-16
-4.432567468880602e-15
-2.8079880308867054e-15
-2.8536779072278854e-15
9.544305765409498e-17
3.7109328655888113e-16
-5.342891660636511e-15
-3.774978368783379e-16
-6.647776250081768e-15
-3.3291996396842263e-15
-1.5597376560351867e-14
-6.01219791599378e-15
-1.3637214173837077e-14
-8.305803468715572e-15
-1.3587256835460346e-14
-5.360294526460611e-15
-3.662785478243083e-15
2.0707420237406765e-15
-5.98430806995712e-16
6.099830316868962e-15
3.283596057117984e-15
1.2424691800103631e-14
9.927229850200331e-15
1.271973767545871e-14
1.472305442230843e-14
1.2076120312194777e-14
1.5006536674021813e-14
9.034517158064665e-15
1.3576164321312478e-14
-1.2164581424301186e-14
-4.8367163244150266e-14
-5.51801452944345e-13
-5.035173552590594e-12
-4.029233065836637e-11
-2.7485560784210975e-10
-1.5975298815753628e-09
-7.912624131337273e-09
-3.339674768394235e-08
-1.2011607973972505e-07
-3.681382380510635e-07
-9.61465340990435e-07
-2.139780470729463e-06
-4.0580527553857e-06
-6.558115147861256e-06
-9.031362471398878e-06
-1.0598402028148747e-05
-1.0598402016828929e-05
-9.031362442799378e-06
-6.5581151685165265e-06
-4.058052738543203e-06
-2.1397804667011505e-06
-9.614653346998566e-07
-3.6813822999335635e-07
-1.2011606372676412e-07
-3.339674577183024e-08
-7.912612136151126e-09
-1.5975244874485773e-09
-2.7484217115713976e-10
-4.029502710715309e-11
-5.035846557970602e-12
-5.362387005282605e-13
-4.013935655807707e-14
-1.4531310111425e-14
1.0016685064558848e-14
-1.32843989201948e-15
-6.1759465854774205e-15
-3.1427597487713376e-15
-3.401827370377757e-15
-1.386888496908743e-16
1.3597110371411787e-15
-2.3710160662147708e-15
4.545089391429756e-16
-6.345907974179305e-15
-4.5738224199235446e-15
-1.7486821600076236e-14
-8.947716108611005e-15
-1.4922881688194425e-14
-1.0530293504154308e-14
-1.1996030567377368e-14
-2.472041055182915e-15
-1.4301819285488436e-15
1.8936602678697482e-15
-1.2456546428119673e-15
5.113491322400618e-15
2.332594905708324e-15
1.0886872505433579e-14
1.0213963367088746e-14
1.1556779832169371e-14
1.4197576734882053e-14
1.178457541135031e-14
1.539567186074003e-14
9.375129833230704e-15
1.0391416865512132e-14
-4.3535983410038224e-14
-4.586238716832823e-13
-5.051223439592855e-12
-4.729077446546687e-11
-3.7849946008083613e-10
-2.5817390542991177e-09
-1.500612893939774e-08
-7.432583953710716e-08
-3.1370672114697333e-07
-1.1282900605396885e-06
-3.4580444943459465e-06
-9.031362613470194e-06
-2.0099667137572225e-05
-3.811863439363177e-05
-6.160254929224148e-05
-8.483458096256432e-05
-9.955430300509415e-05
-9.955430298840447e-05
-8.483458094520884e-05
-6.160254927822522e-05
-3.811863438350876e-05
-2.0099667127979533e-05
-9.03136260679609e-06
-3.458044485274852e-06
-1.1282900420993652e-06
-3.137067179569528e-07
-7.432582632545171e-08
-1.5006123046005385e-08
-2.5817252117603192e-09
-3.785025931539699e-10
-4.7290268031701114e-11
-5.0348432231854495e-12
-4.4614705042978494e-13
-4.567077147776205e-14
1.0425203209178275e-14
-4.202741347771374e-16
-5.461575113199457e-15
-2.3094961601797475e-15
-3.653382342852183e-15
-2.1516510996345878e-15
-5.917881193210117e-16
-3.824233238589169e-15
-2.5869386288926137e-15
-7.906341265394613e-15
-6.287662220871509e-15
-1.684291708744373e-14
-7.831508090068241e-15
-1.1194762803900679e-14
-6.7963675679952915e-15
-1.5682789264641262e-14
-4.775539141179638e-15
-4.623189112148515e-15
-1.1128866745562944e-15
-2.966904440276803e-15
4.242380847057706e-15
3.0836116910742283e-15
9.732351376433452e-15
1.0654992318758512e-14
9.218153332946147e-15
1.2199746243542676e-14
9.515701669227585e-15
1.2678642170480296e-14
6.686404307964242e-15
-9.981666548024882e-15
-2.913075321473568e-13
-3.659679470214053e-12
-4.031124923604036e-11
-3.7850563331138353e-10
-3.029684722404254e-09
-2.066536405216937e-08
-1.2011607386976029e-07
-5.949388043930655e-07
-2.5110556876806438e-06
-9.031362641004853e-06
-2.7679809711503248e-05
-7.229126140244121e-05
-0.00016088716102348542
-0.00030511942460107995
-0.0004930956917125164
-0.0006790557675222504
-0.0007968793251785174
-0.0007968793251829907
-0.0006790557674943493
-0.0004930956917013995
-0.00030511942459116005
-0.0001608871610143174
-7.229126139692355e-05
-2.7679809700893475e-05
-9.031362621793533e-06
-2.5110556839805785e-06
-5.949387915624026e-07
-1.2011606807062166e-07
-2.066535110770261e-08
-3.02968714291301e-09
-3.7850240855158697e-10
-4.02941504995541e-11
-3.643158809861956e-12
-2.914326980366619e-13
-5.096897778819304e-15
-2.197404118777943e-15
-6.190514614719515e-15
-3.563836022279647e-15
-5.253766724180261e-15
-4.4544366827153536e-15
-1.7563809934675608e-15
-4.090574052760752e-15
-3.192025261274456e-15
-6.2553938633809215e-15
-6.2420807978878136e-15
-1.5327434371725676e-14
-8.425617123265113e-15
-1.130238430592102e-14
-7.608574415667625e-15
-1.737019170852216e-14
-5.9215814900101834e-15
-8.32508648214568e-15
-5.214517498302336e-15
-7.129490832927055e-15
-6.556901467138644e-16
-4.387090575919131e-16
3.619488492302087e-15
7.408623988836918e-15
5.42414450750425e-15
1.1367289664093751e-14
1.030996310572438e-14
1.3391350152970505e-14
3.8928019482600475e-15
-1.1742136184864866e-13
-1.9308276112103943e-12
-2.493450076490084e-11
-2.74858965307877e-10
-2.5817330811159684e-09
-2.0665352970630847e-08
-1.4095752519584604e-07
-8.193067368146763e-07
-4.058052823087165e-06
-1.712780654445571e-05
-6.160254942712643e-05
-0.00018880283250722105
-0.0004930956918260314
-0.0010974046438299015
-0.0020812069238786285
-0.0033633852353337898
-0.004631811189738692
-0.00543548078351659
-0.005435480783506485
-0.0046318111897131415
-0.0033633852353378325
-0.002081206923862206
-0.0010974046438201684
-0.0004930956918231606
-0.00018880283249906888
-6.1602549409058e-05
-1.712780653963341e-05
-4.058052810780831e-06
-8.193067309429768e-07
-1.4095751408461155e-07
-2.0665355179086175e-08
-2.58172859095231e-09
-2.7484443157975754e-10
-2.4917831350699636e-11
-1.9296612432300416e-12
-1.0884926305542524e-13
-4.3321107314774165e-15
-1.4276917360368232e-15
5.162893762463234e-17
-2.734879953419552e-15
-3.3762279025004363e-15
-2.3153252280502685e-15
-6.232497071402043e-15
-6.662713030022842e-15
-7.205659221631821e-15
-8.813135747454602e-15
-1.4766338248284162e-14
-9.711203340660302e-15
-1.1182357318249321e-14
-7.043333680673553e-15
-2.055615274699511e-14
-9.024136784159866e-15
-1.3129255927745478e-14
-8.962101700422044e-15
-9.30186132693618e-15
-2.9304666137116346e-15
-5.759188242740534e-16
7.547800234595662e-16
6.1248183725307394e-15
2.7562028812431493e-15
9.678839711219892e-15
8.255829325964805e-15
7.943622420574425e-15
-3.334918672338944e-14
-7.345962315054816e-13
-1.1209203015541534e-11
-1.4493036642217014e-10
-1.5975453728050354e-09
-1.500613922989847e-08
-1.2011607753683405e-07
-8.193067467753062e-07
-4.762169101057297e-06
-2.358717793857207e-05
-9.95543032277782e-05
-0.0003580609618306132
-0.0010974046438688866
-0.0028660878383047887
-0.0063785957888107475
-0.012096884950281082
-0.019549466114416415
-0.026922112564114326
-0.031593391764060445
-0.03159339176405083
-0.02692211256410515
-0.019549466114418188
-0.012096884950276873
-0.006378595788796294
-0.002866087838300451
-0.0010974046438599445
-0.0003580609618126831
-9.955430321986658e-05
-2.3587177925252307e-05
-4.7621690931227795e-06
-8.193067349434789e-07
-1.2011607686670285e-07
-1.5006131633011982e-08
-1.5975329451311836e-09
-1.4491418173608884e-10
-1.1206204331281937e-11
-7.236695484056818e-13
-4.149296828959675e-14
-3.1124113630691834e-15
-3.4846027536253907e-16
-1.996491255522518e-15
-6.290261939203697e-16
4.033770555436727e-17
-3.8387458936263205e-15
-4.6428690813542294e-15
-2.6425440244866253e-15
-7.331557749551645e-15
-1.1316674192050363e-14
-1.0796754410395555e-14
-1.2417232663061186e-14
-8.634035257609038e-15
-1.8618722240818554e-14
-8.399541107185328e-15
-1.5224684553322926e-14
-1.1780119069908073e-14
-1.1842680991399745e-14
-7.762510518385895e-15
-4.942489667715684e-15
-6.6231396728684985e-15
-1.0782235600597777e-15
-4.794413118170025e-15
3.043101539991902e-15
1.8418984470239162e-15
-6.333775277694996e-15
-2.014412026684807e-13
-3.656133226151455e-12
-5.549481840128838e-11
-7.178205052042777e-10
-7.912627148764059e-09
-7.432584008245454e-08
-5.949388003085434e-07
-4.058052826736172e-06
-2.3587177938396225e-05
-0.00011682805709570784
-0.0004930956918601203
-0.0017734875538284916
-0.005435480783801818
-0.014195825994399301
-0.03159339176429469
-0.05991626339336531
-0.0968291395450605
-0.13334609646425516
-0.15648309380512757
-0.15648309380509998
-0.13334609646423068
-0.09682913954505495
-0.059916263393346623
-0.03159339176427986
-0.014195825994387365
-0.005435480783786725
-0.001773487553805234
-0.0004930956918449267
-0.00011682805707897796
-2.3587177927408433e-05
-4.0580528131501705e-06
-5.949387966209674e-07
-7.43258294423595e-08
-7.91261588440867e-09
-7.178027078116819e-10
-5.548667610861484e-11
-3.639478462313114e-12
-2.0342623722212994e-13
-7.975076079007197e-15
1.2873547995681955e-16
-1.2644634300870072e-15
1.3677188507968036e-15
-5.176857636749239e-16
-5.245256491334624e-15
-6.484984028462334e-15
-1.810973609024329e-15
-8.503189204936856e-15
-8.967218733640572e-15
-1.1780519155496096e-14
-1.1988623933548689e-14
-6.895268591158169e-15
-2.0890392779200526e-14
-1.2251537093504402e-14
-2.0072215494551866e-14
-1.5137824211905204e-14
-1.2440817518168227e-14
-9.232283029165782e-15
-5.414135850333242e-15
-8.260673264920248e-15
-3.556668001486753e-15
-6.911404485254888e-15
1.3099025265253152e-16
-3.0956188767066093e-15
-4.308448542179316e-14
-8.679682311394116e-13
-1.543593507712658e-11
-2.342174917565637e-10
-3.0296959872257046e-09
-3.339676332988184e-08
-3.1370673700962996e-07
-2.5110556995594313e-06
-1.712780656221997e-05
-9.955430324313404e-05
-0.0004930956918728425
-0.0020812069239995066
-0.007485351499921557
-0.02294151100759513
-0.059916263393489676
-0.13334609646452217
-0.25288832227489033
-0.4086863442419258
-0.5628133115604816
-0.6604675394551444
-0.6604675394550976
-0.562813311560432
-0.4086863442418595
-0.2528883222748148
-0.1333460964644438
-0.05991626339343105
-0.022941511007543477
-0.0074853514998691716
-0.002081206923956795
-0.0004930956918355997
-9.955430321392233e-05
-1.7127806532508864e-05
-2.511055680177479e-06
-3.137067123781578e-07
-3.3396742906683405e-08
-3.0296686658690398e-09
-2.3419966818215026e-10
-1.5410884054498722e-11
-8.596989288670177e-13
-3.321389812526546e-14
4.249639937468103e-15
5.956608423621177e-15
1.1044035504135714e-14
7.149056920524011e-15
1.6229136182035783e-15
7.595837108270336e-18
5.3023072784759725e-15
-4.526796052221585e-15
-4.088945734210939e-15
-1.2398408393618471e-14
-1.436573525498231e-14
-9.460203440736508e-15
-1.7298419616543978e-14
-1.1373127138849748e-14
-2.2366320509797526e-14
-1.847321407589458e-14
-1.612244513083937e-14
-1.5916808011260015e-14
-1.3778144341873673e-14
-1.800020468620827e-14
-1.6549488759571705e-14
-1.9388949235220607e-14
-1.4505921596448222e-14
-2.2616645643001017e-14
-1.6684360601025877e-13
-3.133407740123722e-12
-5.5515079839034294e-11
-8.423890641510862e-10
-1.0896714409071349e-08
-1.2011610333248255e-07
-1.1282900874268995e-06
-9.031362668633039e-06
-6.160254946453347e-05
-0.00035806096187386766
-0.0017734875538745931
-0.007485351499963626
-0.026922112564450054
-0.08251234985452853
-0.2154972131287944
-0.4795978677940892
-0.9095481860268193
-1.4698975409988049
-2.024236714438546
-2.3754637898543036
-2.375463789854246
-2.0242367144383735
-1.469897540998577
-0.9095481860265499
-0.47959786779383917
-0.21549721312858644
-0.0825123498543522
-0.026922112564295365
-0.007485351499831634
-0.0017734875537627204
-0.0003580609617776319
-6.160254937619181e-05
-9.031362596035325e-06
-1.1282900157497846e-06
-1.2011604178509078e-07
-1.0896649686572854e-08
-8.423373400365517e-10
-5.545954107628558e-11
-3.0926639712122395e-12
-1.2683749105771523e-13
1.0456943974412069e-14
1.6635980645293986e-14
2.190525530440126e-14
1.5014408998261677e-14
7.219625511683031e-15
5.6106241490867204e-15
1.0198448599515382e-14
-1.409244781529635e-15
-5.397689580055082e-16
-1.1627381886155492e-14
-1.431828387750779e-14
-7.282016173526337e-15
-1.3454551066958687e-14
-1.3113841990880288e-14
-2.7470024933451338e-14
-2.552007807781842e-14
-2.50346454214479e-14
-2.9559455150556615e-14
-3.049519164875557e-14
-3.691548549791914e-14
-4.0598149190454433e-14
-4.478663938902722e-14
-4.558897406528524e-14
-6.944268326195389e-14
-5.127777498071358e-13
-9.607315379268027e-12
-1.7014165494611676e-10
-2.581800239917225e-09
-3.339683484375407e-08
-3.681383363162746e-07
-3.4580446049000943e-06
-2.767980982988973e-05
-0.00018880283264434167
-0.0010974046440233596
-0.005435480783972487
-0.02294151100777715
-0.0825123498546785
-0.25288832227526487
-0.660467539455809
-1.469897540999267
-2.7876325810421654
-4.505021656940853
-6.203990402707783
-7.280450181106254
-7.280450181106048
-6.2039904027072446
-4.505021656940121
-2.7876325810413554
-1.4698975409985047
-0.6604675394551562
-0.2528883222747241
-0.0825123498542236
-0.02294151100739117
-0.005435480783644713
-0.0010974046437373752
-0.0001888028323895784
-2.7679809607981747e-05
-3.4580443992656926e-06
-3.6813815369568154e-07
-3.3396663207641206e-08
-2.58165208561303e-09
-1.700001704430136e-10
-9.484574698528633e-12
-4.0036477577720485e-13
2.7297426235920362e-14
4.4332809191217225e-14
4.804636609809732e-14
3.8111407199341194e-14
2.7034533278956243e-14
2.4669609398790504e-14
2.6438408069895665e-14
1.2319584143498637e-14
1.1108671087833585e-14
-3.923087693458084e-15
-9.608246626421646e-15
-3.4538781931591153e-15
-1.516740870941186e-14
-2.3302006538692183e-14
-4.216023659913191e-14
-4.718396569974438e-14
-5.2126897970007386e-14
-6.265792858771545e-14
-7.043275342065084e-14
-8.517202195257849e-14
-9.684548967705915e-14
-1.061963626167715e-13
-1.1810829765088624e-13
-1.7920163996229751e-13
-1.3346776563318256e-12
-2.5088185262682626e-11
-4.4434932962155426e-10
-6.742874272592938e-09
-8.722238234175095e-08
-9.61465588635757e-07
-9.031362888330143e-06
-7.229126170839942e-05
-0.0004930956921749858
-0.0028660878387035734
-0.014195825994852206
-0.05991626339399585
-0.21549721312931708
-0.6604675394562229
-1.7249407436072546
-3.8389262241212574
-7.280450181107517
-11.76574917412773
-16.20293985590355
-19.01432606292871
-19.0143260629282
-16.202939855902116
-11.765749174125807
-7.280450181105396
-3.83892622411929
-1.7249407436055533
-0.6604675394548063
-0.21549721312813827
-0.059916263393003356
-0.014195825994005064
-0.0028660878379623044
-0.0004930956915212273
-7.229126113090077e-05
-9.031362364285886e-06
-9.614651170620498e-07
-8.722195431577045e-08
-6.742492637370111e-09
-4.4399983451119944e-10
-2.4772335442490597e-11
-1.0518833297813746e-12
7.392204654276729e-14
1.1111213147730936e-13
1.0857470879214822e-13
8.904129054835278e-14
7.12449937803628e-14
6.495599508101864e-14
5.833975669847021e-14
3.763919851303342e-14
3.024977177680096e-14
1.0122958441511526e-14
-3.1214333639432444e-15
-3.3479749473965544e-15
-1.2920901434702654e-14
-3.492924624732928e-14
-6.566835464645305e-14
-8.201821344988351e-14
-1.0293023211236973e-13
-1.2627043450632409e-13
-1.4906238710195814e-13
-1.7666975088776147e-13
-2.0191736503773514e-13
-2.2666221895885895e-13
-2.567673244114223e-13
-3.903159978713823e-13
-2.9662686438792594e-12
-5.5834007282098014e-11
-9.889129821736603e-10
-1.5006551722543055e-08
-1.9411698287005181e-07
-2.139781025882812e-06
-2.00996677527433e-05
-0.0001608871617129549
-0.001097404644600084
-0.006378595789690696
-0.03159339176529995
-0.133346096465672
-0.4795978677953655
-1.4698975410005595
-3.838926224122244
-8.543687433245065
-16.202939855905477
-26.185156341398205
-36.06030581121584
-42.31716088074965
-42.317160880748524
-36.06030581121269
-26.185156341393924
-16.202939855900787
-8.543687433240681
-3.838926224118457
-1.469897540997402
-0.4795978677927478
-0.13334609646346937
-0.03159339176342006
-0.006378595788041734
-0.001097404643155148
-0.00016088716042211523
-2.0099666593311665e-05
-2.1397799803536947e-06
-1.9411604443279402e-07
-1.500570515099304e-08
-9.881480671107208e-10
-5.514333695176017e-11
-2.346690203005413e-12
1.6549118293927549e-13
2.4188915896365643e-13
2.283727140954683e-13
1.9551948106861378e-13
1.6421936174550952e-13
1.426257074980033e-13
1.2438772166452882e-13
9.452336450653706e-14
7.369571060916125e-14
4.683502072071027e-14
1.6358596232232156e-14
1.1527074012462004e-14
-2.540433635854778e-14
-6.279383292178178e-14
-1.1225409789099497e-13
-1.4652398933022593e-13
-1.8848210814708885e-13
-2.3271534951246254e-13
-2.748546700727352e-13
-3.247707367002868e-13
-3.7580369026108873e-13
-4.2288681178172986e-13
-4.829341688752722e-13
-7.344077257021948e-13
-5.622048175564455e-12
-1.0588849976360359e-10
-1.8754446964963422e-09
-2.845963724554532e-08
-3.6813913572915116e-07
-4.058053796567838e-06
-3.811863556650904e-05
-0.0003051194259108709
-0.0020812069253392284
-0.012096884951959035
-0.059916263395282277
-0.25288832227710145
-0.9095481860293417
-2.787632581044952
-7.280450181110265
-16.202939855907434
-30.728565625253204
-49.65964832307304
-68.38768047286085
-80.2536864768141
-80.25368647681192
-68.38768047285483
-49.6596483230649
-30.728565625244304
-16.202939855899125
-7.2804501811030935
-2.7876325810389693
-0.9095481860243839
-0.2528883222729258
-0.05991626339171583
-0.012096884948838857
-0.0020812069226044554
-0.0003051194234606951
-3.8118633376195136e-05
-4.0580518177137745e-06
-3.681373640724914e-07
-2.8458027280523344e-08
-1.873998208014611e-09
-1.0458118541513429e-10
-4.446921818264817e-12
3.147689617661182e-13
4.576393117483149e-13
4.21731233296082e-13
3.682883734864051e-13
3.133732503754811e-13
2.7584220048066734e-13
2.3495309386573874e-13
1.8652092284366674e-13
1.4519971738576603e-13
9.992342378523162e-14
4.6903112319887706e-14
2.0570769958325887e-14
-2.899070351702393e-14
-9.902320918154112e-14
-1.6627322947397078e-13
-2.3092178190850343e-13
-3.0296782299590337e-13
-3.7753714995997685e-13
-4.45238454838184e-13
-5.24897854560296e-13
-6.043859232609472e-13
-6.777078097861041e-13
-7.834703233372585e-13
-1.1899279341763414e-12
-9.089519400561017e-12
-1.7112006752213395e-10
-3.0308565867123143e-09
-4.5992883797704296e-08
-5.949402236330882e-07
-6.558116866028448e-06
-6.160255118525804e-05
-0.0004930956938240654
-0.003363385237714116
-0.01954946611713008
-0.09682913954816547
-0.40868634424552586
-1.4698975410030104
-4.505021656945679
-11.765749174132978
-26.18515634140315
-49.65964832307641
-80.25368647682001
-110.51957983753769
-129.69592839679382
-129.69592839679035
-110.51957983752798
-80.2536864768068
-49.65964832306203
-26.185156341389714
-11.765749174121378
-4.5050216569360115
-1.4698975409949937
-0.40868634423878925
-0.09682913954240228
-0.019549466112098516
-0.003363385233282986
-0.0004930956898762987
-6.160254764491002e-05
-6.55811367630151e-06
-5.949373604118774e-07
-4.599028416388665e-08
-3.0285169695955585e-09
-1.6901597792723136e-10
-7.192121417039755e-12
5.147540344427238e-13
7.472817047918804e-13
6.798379415110312e-13
5.921234749714317e-13
5.09093820248843e-13
4.4324594278799484e-13
3.6975121590790315e-13
3.033603599599429e-13
2.3271495149930995e-13
1.6171548745381123e-13
8.707684264092302e-14
4.178194526312882e-14
-4.030866160911386e-14
-1.3082306598028452e-13
-2.1797029183925332e-13
-3.0847797216747484e-13
-4.088778201089358e-13
-5.119885327002737e-13
-6.026983889999651e-13
-7.092696503516642e-13
-8.24108317576172e-13
-9.39352175983067e-13
-1.0715915667262277e-12
-1.6322137967412135e-12
-1.251945252232544e-11
-2.356551505289757e-10
-4.173886355363657e-09
-6.333807810368341e-08
-8.193087091366125e-07
-9.031364813383987e-06
-8.48345835897137e-05
-0.0006790557704441452
-0.004631811193009063
-0.026922112567832637
-0.13334609646853887
-0.5628133115654751
-2.0242367144443993
-6.203990402714697
-16.202939855911435
-36.06030581122417
-68.38768047286828
-110.51957983754235
-152.19958189701828
-178.60786391655375
-178.60786391654892
-152.19958189700483
-110.51957983752425
-68.38768047284852
-36.060305811205666
-16.202939855895465
-6.203990402701381
-2.024236714433359
-0.5628133115561914
-0.13334609646059578
-0.026922112560909234
-0.0046318111869178185
-0.0006790557649923015
-8.483457870674284e-05
-9.03136043167831e-06
-8.193047655523939e-07
-6.33345117922079e-08
-4.170656265319972e-09
-2.3276175977714913e-10
-9.894441033677005e-12
7.076360996692011e-13
1.017613809517488e-12
9.290527392473366e-13
8.268494206277064e-13
7.117848564214013e-13
6.127493441236602e-13
5.213628262538417e-13
4.258450871188226e-13
3.237689306183691e-13
2.2924291017316614e-13
1.3440251687676979e-13
5.761417584707476e-14
-3.9110821545382244e-14
-1.5560388044065787e-13
-2.657301342658568e-13
-3.7532698762445893e-13
-4.788223086186833e-13
-6.090122095712654e-13
-7.072485776188421e-13
-8.386435251222397e-13
-9.728610148938602e-13
-1.0961925291239098e-12
-1.2532710433818283e-12
-1.909079314127622e-12
-1.4690112807314077e-11
-2.7654228789775405e-10
-4.898094198532243e-09
-7.432790487554095e-08
-9.614676598412656e-07
-1.0598404795264575e-05
-9.955430607293364e-05
-0.0007968793286256197
-0.00543548078739128
-0.03159339176842932
-0.1564830938101544
-0.66046753946099
-2.375463789861259
-7.280450181114572
-19.014326062938586
-42.317160880760795
-80.2536864768255
-129.69592839680357
-178.60786391655952
-209.5982699507021
-209.59826995069648
-178.60786391654386
-129.6959283967822
-80.2536864768023
-42.31716088073908
-19.014326062919853
-7.280450181098943
-2.375463789848302
-0.6604675394501005
-0.15648309380084846
-0.03159339176030145
-0.005435480780234913
-0.0007968793222436652
-9.955430036487676e-05
-1.0598399654818367e-05
-9.614630245151186e-07
-7.432372023444506e-08
-4.894305065789455e-09
-2.731381010765753e-10
-1.159809609709646e-11
8.348793961811127e-13
1.2078677369345963e-12
1.094163617620664e-12
9.717389962887505e-13
8.315204416335861e-13
7.228558825247934e-13
6.022846127024587e-13
4.897914487862045e-13
3.84962214324926e-13
2.6823819203844865e-13
1.602594635383847e-13
4.5166419021064454e-14
-4.913590668983565e-14
-1.443990598682092e-13
-2.649371346178021e-13
-3.729549517936039e-13
-4.815273402261044e-13
-5.961949270945107e-13
-7.086188853406139e-13
-8.323282214659527e-13
-9.712919647557538e-13
-1.0911919563828372e-12
-1.2578091008494181e-12
-1.913636661047626e-12
-1.4683286561210734e-11
-2.7654518704485954e-10
-4.898100620753042e-09
-7.432790823919513e-08
-9.614676524154663e-07
-1.0598404798274391e-05
-9.955430607290522e-05
-0.0007968793286187656
-0.00543548078737564
-0.03159339176842485
-0.15648309381014328
-0.6604675394609911
-2.3754637898612607
-7.280450181114593
-19.014326062938636
-42.31716088076092
-80.2536864768257
-129.69592839680394
-178.60786391656004
-209.5982699507028
-209.59826995069707
-178.60786391654437
-129.69592839678262
-80.25368647680249
-42.31716088073921
-19.014326062919913
-7.28045018109896
-2.3754637898483173
-0.6604675394500974
-0.15648309380084396
-0.031593391760290926
-0.005435480780230597
-0.0007968793222323956
-9.955430035591171e-05
-1.059839965290025e-05
-9.614630242188851e-07
-7.432371478395519e-08
-4.894302820051313e-09
-2.7314569849305245e-10
-1.1603264598998018e-11
8.447055679784239e-13
1.204111713207796e-12
1.088172749889397e-12
9.761474391451469e-13
8.348358273322164e-13
7.290452973905092e-13
6.003906959449313e-13
4.951506280381304e-13
3.8222535150712017e-13
2.7551198462005426e-13
1.5522274455996516e-13
6.522021259541828e-14
-4.844395284892495e-14
-1.2750206484308424e-13
-2.1270809677334238e-13
-3.0920910862644763e-13
-4.1305828074818887e-13
-5.115019343738816e-13
-6.021378719607392e-13
-7.100083759602422e-13
-8.316060303368961e-13
-9.44127260641567e-13
-1.073089937598713e-12
-1.6376149623803558e-12
-1.2525126420490649e-11
-2.3566123165453353e-10
-4.1738888374232035e-09
-6.333808160112587e-08
-8.193087102795117e-07
-9.031364814553753e-06
-8.483458359160594e-05
-0.0006790557704471803
-0.004631811193013129
-0.026922112567838264
-0.1333460964685425
-0.5628133115654836
-2.0242367144444184
-6.203990402714744
-16.202939855911545
-36.06030581122442
-68.3876804728688
-110.51957983754315
-152.19958189701933
-178.60786391655506
-178.60786391655014
-152.1995818970059
-110.519579837525
-68.38768047284903
-36.06030581120592
-16.202939855895586
-6.2039904027014305
-2.024236714433381
-0.562813311556204
-0.1333460964606063
-0.026922112560920405
-0.004631811186925655
-0.0006790557650002771
-8.483457871225999e-05
-9.031360440836234e-06
-8.193047664933357e-07
-6.333451620115849e-08
-4.1706528334851645e-09
-2.3276791603055977e-10
-9.889281317637272e-12
7.066202522651963e-13
1.0182709701413857e-12
9.237682826369079e-13
8.299609480615246e-13
7.088583540967276e-13
6.128515453793953e-13
5.14499074680783e-13
4.2152368096855246e-13
3.1685848351124695e-13
2.27550096290965e-13
1.3617374418746094e-13
5.802275583949994e-14
-4.096835352820925e-14
-9.56144223831926e-14
-1.5931973834869248e-13
-2.299868333160435e-13
-2.985460910532027e-13
-3.625087991970978e-13
-4.2665451242708187e-13
-5.147077934491799e-13
-5.987300420780376e-13
-6.682028651445836e-13
-7.698526288110557e-13
-1.1840480037429188e-12
-9.090515219095159e-12
-1.7111694111191383e-10
-3.030857184504135e-09
-4.5992882865964136e-08
-5.94940221343714e-07
-6.558116867268161e-06
-6.160255118214944e-05
-0.0004930956938236847
-0.003363385237710388
-0.019549466117131244
-0.09682913954816291
-0.40868634424552686
-1.469897541003034
-4.505021656945753
-11.765749174133147
-26.18515634140356
-49.659648323077164
-80.25368647682127
-110.5195798375394
-129.69592839679586
-129.69592839679237
-110.51957983752975
-80.25368647680807
-49.65964832306278
-26.185156341390126
-11.765749174121572
-4.505021656936085
-1.4698975409950155
-0.4086863442387944
-0.09682913954241121
-0.019549466112100074
-0.0033633852332842816
-0.0004930956898762389
-6.160254765217265e-05
-6.558113684240297e-06
-5.949373581480787e-07
-4.5990288182831826e-08
-3.02850635708535e-09
-1.6902058507594585e-10
-7.180946347663671e-12
5.17295051267463e-13
7.546567395730161e-13
6.803409579232148e-13
6.07627816319324e-13
5.207292075908241e-13
4.591093224878583e-13
3.7653216044495787e-13
3.025841726417402e-13
2.3330622297488817e-13
1.6538226014209303e-13
9.797094819204544e-14
3.32568913998923e-14
-3.0599685945864607e-14
-5.925260896588729e-14
-9.812915591815133e-14
-1.3971812251711744e-13
-1.8988827096677002e-13
-2.2425567370228269e-13
-2.670937314518241e-13
-3.204680379104978e-13
-3.758283185722452e-13
-4.2043775917268234e-13
-4.73339963364923e-13
-7.336306247302926e-13
-5.620646860819468e-12
-1.0589312730230948e-10
-1.8754462146386825e-09
-2.8459639128307173e-08
-3.6813913444180306e-07
-4.058053796953262e-06
-3.811863556247932e-05
-0.0003051194259124496
-0.002081206925341071
-0.012096884951961666
-0.05991626339527574
-0.2528883222771071
-0.9095481860293694
-2.787632581045025
-7.280450181110439
-16.202939855907843
-30.72856562525395
-49.65964832307429
-68.38768047286251
-80.25368647681604
-80.25368647681388
-68.38768047285652
-49.65964832306613
-30.72856562524507
-16.202939855899544
-7.280450181103275
-2.787632581039041
-0.9095481860244108
-0.2528883222729369
-0.05991626339172715
-0.012096884948846785
-0.0020812069226103544
-0.00030511942346971634
-3.811863338061742e-05
-4.0580518278306895e-06
-3.681373591705367e-07
-2.845803639768829e-08
-1.8739909515630855e-09
-1.045885428282327e-10
-4.43951016073309e-12
3.203375300573454e-13
4.623110855129116e-13
4.145046632979752e-13
3.781838162725281e-13
3.172198253337967e-13
2.8325311762096174e-13
2.2730993637897138e-13
1.8859041429703165e-13
1.3881361434584622e-13
1.067859152036509e-13
5.807080129479929e-14
2.3007968652265898e-14
-2.123441797179228e-14
-3.9086188741180043e-14
-5.389545322377884e-14
-7.134325492993807e-14
-9.90726070907585e-14
-1.173108188354831e-13
-1.3606112017168428e-13
-1.6538946610175755e-13
-1.9935999635078185e-13
-2.226034536782654e-13
-2.459976040276651e-13
-3.877648975344542e-13
-2.967958056143895e-12
-5.5834684212692097e-11
-9.889096377179105e-10
-1.5006550604980245e-08
-1.9411697858438658e-07
-2.139781022312237e-06
-2.009966774830377e-05
-0.0001608871617132363
-0.001097404644598417
-0.006378595789689381
-0.03159339176529583
-0.1333460964656749
-0.47959786779539104
-1.469897541000619
-3.838926224122406
-8.54368743324543
-16.20293985590618
-26.18515634139935
-36.060305811217425
-42.317160880751494
-42.31716088075033
-36.06030581121424
-26.18515634139508
-16.202939855901494
-8.543687433241063
-3.8389262241186266
-1.4698975409974695
-0.4795978677927709
-0.13334609646348125
-0.03159339176342301
-0.006378595788050335
-0.0010974046431572384
-0.00016088716042828602
-2.0099666595398155e-05
-2.139779985902915e-06
-1.9411603798761968e-07
-1.5005712712961402e-08
-9.881361293662884e-10
-5.515046994849838e-11
-2.3398775272820593e-12
1.628513316090557e-13
2.4318506326923877e-13
2.1352572715260389e-13
2.0400403925367848e-13
1.65258295227532e-13
1.527252247265575e-13
1.1831330272267363e-13
1.0047961506024506e-13
7.350202276351938e-14
5.847810708904272e-14
2.477250886677991e-14
2.388272837637602e-15
-1.2665408072965904e-14
-2.334324637896404e-14
-2.4582664154275136e-14
-3.085899326254362e-14
-4.687161695246628e-14
-5.341040178457192e-14
-5.760634795865937e-14
-7.692506953177031e-14
-9.261833662454e-14
-1.018474706988095e-13
-1.1012608932920382e-13
-1.7761892895727193e-13
-1.3387499527817148e-12
-2.509361131490674e-11
-4.443488783608097e-10
-6.742883395304319e-09
-8.722238683470159e-08
-9.614655977780994e-07
-9.031362890571038e-06
-7.229126171842635e-05
-0.0004930956921777953
-0.002866087838706521
-0.01419582599484829
-0.05991626339399822
-0.21549721312933845
-0.660467539456272
-1.724940743607391
-3.8389262241215727
-7.280450181108131
-11.765749174128715
-16.202939855904916
-19.01432606293029
-19.014326062929797
-16.20293985590348
-11.765749174126801
-7.280450181106019
-3.8389262241196196
-1.7249407436056967
-0.6604675394548601
-0.21549721312815534
-0.059916263393014806
-0.014195825994008676
-0.002866087837967337
-0.000493095691529532
-7.229126114195672e-05
-9.03136237446538e-06
-9.614651274152749e-07
-8.722196065751823e-08
-6.742512408345617e-09
-4.4400236544298645e-10
-2.478826535470165e-11
-1.0572246016136489e-12
6.301801956147782e-14
1.0237095918798117e-13
8.919816669626593e-14
9.067349924660286e-14
7.05280864342129e-14
7.184037017172715e-14
4.9610064728322126e-14
4.488861734517122e-14
3.3779761173273034e-14
3.024362231551593e-14
9.962253533409156e-15
-5.788053578685993e-15
-9.830707950728623e-15
-1.9723541425654347e-14
-1.458961892344988e-14
-1.2673944244243921e-14
-2.17272138689181e-14
-2.206032365999202e-14
-1.9854834626824122e-14
-3.143079012194037e-14
-3.867599665647462e-14
-4.2003711863870286e-14
-4.071082211376712e-14
-6.996589699190344e-14
-5.160086891547809e-13
-9.610947184026718e-12
-1.701367106828048e-10
-2.581803870414085e-09
-3.3396833352256605e-08
-3.681383373528679e-07
-3.4580445973093907e-06
-2.7679809830320283e-05
-0.00018880283263818644
-0.001097404644019236
-0.005435480783964282
-0.022941511007771462
-0.08251234985469094
-0.2528883222753018
-0.6604675394559175
-1.4698975409995096
-2.7876325810426463
-4.505021656941636
-6.203990402708863
-7.280450181107473
-7.2804501811072875
-6.203990402708314
-4.505021656940929
-2.78763258104184
-1.4698975409987634
-0.6604675394552676
-0.2528883222747631
-0.0825123498542291
-0.022941511007397383
-0.005435480783641035
-0.001097404643733911
-0.0001888028323892647
-2.7679809611861693e-05
-3.45804440312046e-06
-3.6813815615374066e-07
-3.3396666707010716e-08
-2.581668266768046e-09
-1.7000377860914113e-10
-9.496162287773628e-12
-4.094567153041169e-13
1.62766983804192e-14
3.356573697418502e-14
2.7989195330870884e-14
3.418280292285978e-14
2.3583036446370735e-14
2.847181403236063e-14
1.6049861757628146e-14
1.6162629909798328e-14
1.281843140821476e-14
1.0851231830725758e-14
-2.13395779979108e-15
-1.3441216078499488e-14
-6.328803506099513e-15
-1.5356720530089203e-14
-1.1515304471279607e-14
-5.767125528829682e-15
-1.2113625770662617e-14
-9.224007388387193e-15
-5.4105526212762285e-15
-1.1129992478432761e-14
-1.3820290473293961e-14
-1.3531509906222727e-14
-1.0289802530765872e-14
-2.130408335914038e-14
-1.7021070785099832e-13
-3.1379871606375084e-12
-5.5510316000351706e-11
-8.423949395717187e-10
-1.0896718389616765e-08
-1.201161067592283e-07
-1.1282900800060917e-06
-9.031362671788572e-06
-6.16025494614802e-05
-0.00035806096187157447
-0.0017734875538697454
-0.007485351499960092
-0.026922112564459012
-0.08251234985455932
-0.21549721312888692
-0.4795978677942896
-0.9095481860271951
-1.4698975409994455
-2.0242367144394664
-2.3754637898553104
-2.3754637898552744
-2.024236714439245
-1.4698975409992272
-0.9095481860269361
-0.47959786779405106
-0.2154972131286737
-0.08251234985438283
-0.026922112564296923
-0.007485351499839498
-0.0017734875537608965
-0.0003580609617746705
-6.160254937888708e-05
-9.031362603039875e-06
-1.1282900232487132e-06
-1.2011604650098102e-07
-1.0896661730690093e-08
-8.42358422115897e-10
-5.547296333363153e-11
-3.106336240202442e-12
-1.415638723504396e-13
-2.6429472567038786e-15
5.255468198585107e-15
5.3478537944350774e-15
1.1830522448869752e-14
7.094485115605061e-15
1.2079632058061104e-14
3.628407996491993e-15
6.07822127622694e-15
7.013016036803264e-15
4.862335555415797e-15
-6.474746626670699e-15
-1.3075232531465298e-14
-4.2189314553201496e-15
-1.0913638205117782e-14
-1.1371053645561571e-14
-4.1943099252779505e-15
-9.251533589543281e-15
-6.1327526726222096e-15
-3.581509709155635e-15
-6.775426176010527e-15
-8.024731804223833e-15
-6.313550202744707e-15
-3.894792592490174e-15
-5.634130927325012e-15
-4.9397654284763e-14
-8.734034751328108e-13
-1.542838085594395e-11
-2.342181660415041e-10
-3.029697733833674e-09
-3.3396759845300524e-08
-3.1370672289274386e-07
-2.51105569850455e-06
-1.71278065562047e-05
-9.955430323628863e-05
-0.0004930956918645563
-0.002081206923993181
-0.007485351499923569
-0.022941511007622213
-0.0599162633935692
-0.13334609646469028
-0.25288832227521985
-0.4086863442424684
-0.5628133115612494
-0.6604675394559588
-0.6604675394559558
-0.5628133115611779
-0.4086863442424049
-0.25288832227513564
-0.1333460964646303
-0.059916263393507856
-0.02294151100756981
-0.007485351499867161
-0.002081206923960353
-0.000493095691828246
-9.955430320361371e-05
-1.712780653031333e-05
-2.511055682054209e-06
-3.1370671588226715e-07
-3.3396743877262956e-08
-3.029680881309637e-09
-2.3421473142288945e-10
-1.5426600203769918e-11
-8.704449790150381e-13
-4.793054612499531e-14
-7.827670422009627e-15
-5.138035375867788e-15
-2.853914638706662e-15
9.87533073783156e-16
3.438470030138344e-16
3.006870690872079e-15
-1.882708037267505e-15
4.639993304444791e-16
4.5426173107034795e-15
5.727963962964105e-16
-1.0399363071993812e-14
-1.0393023083643918e-14
-7.040540621992678e-16
-4.5553660758252736e-15
-9.959125530581935e-15
-3.4249388069613427e-15
-7.445838709434471e-15
-5.612833861467125e-15
-4.487170125125923e-15
-5.52261798969124e-15
-6.1132425584150004e-15
-3.113178919832732e-15
-2.9683031026376495e-15
-2.6568321667540983e-16
-1.3749053776984606e-14
-2.079037491157328e-13
-3.649471073568368e-12
-5.5493777164707185e-11
-7.178241671445509e-10
-7.912620976061512e-09
-7.432582505661889e-08
-5.949388001376946e-07
-4.058052823043048e-06
-2.3587177933169124e-05
-0.00011682805709048727
-0.0004930956918586324
-0.001773487553830364
-0.00543548078382898
-0.0141958259944726
-0.03159339176444581
-0.05991626339364821
-0.0968291395455206
-0.1333460964649415
-0.15648309380585257
-0.15648309380587339
-0.1333460964648946
-0.09682913954552579
-0.05991626339362814
-0.03159339176443226
-0.014195825994456238
-0.005435480783811581
-0.0017734875538050882
-0.0004930956918502258
-0.00011682805707500534
-2.3587177919410883e-05
-4.058052814239675e-06
-5.94938799082556e-07
-7.432583406434682e-08
-7.912619433890801e-09
-7.178207753368081e-10
-5.5498679933280674e-11
-3.661463873336243e-12
-2.1475035012296397e-13
-2.153027015080599e-14
-8.69030473603019e-15
-7.684000706149759e-15
-4.303577286608849e-15
-2.7240722426687343e-15
-3.765217909681711e-16
-4.3919387774562706e-16
-2.231504457754266e-15
3.050711370046299e-16
6.790117942860477e-15
1.7466772289152473e-15
-9.535505786019062e-15
-3.41988193537585e-15
6.099003705830751e-16
-2.6191255744108026e-16
-8.773286616594854e-15
-3.758498012731732e-15
-5.980020030677224e-15
-6.450037042828956e-15
-6.444405127637091e-15
-5.963689562471825e-15
-6.441173535125583e-15
-1.879237475636854e-15
-3.5022682003080624e-15
2.1030827857245058e-15
-3.076423807888757e-15
-4.054637134155339e-14
-7.273322337282355e-13
-1.120112037979148e-11
-1.4492734670809524e-10
-1.5975282220833366e-09
-1.500611602168811e-08
-1.2011607060878426e-07
-8.193067376958597e-07
-4.762169091573807e-06
-2.3587177930253643e-05
-9.95543032265096e-05
-0.00035806096182919636
-0.001097404643893954
-0.002866087838366765
-0.006378595788935434
-0.01209688495052581
-0.019549466114810843
-0.02692211256464843
-0.03159339176467358
-0.031593391764672726
-0.026922112564641044
-0.019549466114831104
-0.012096884950523468
-0.006378595788929187
-0.0028660878383617574
-0.0010974046438838822
-0.00035806096181369693
-9.955430322330049e-05
-2.3587177920633118e-05
-4.762169083242188e-06
-8.193067344984785e-07
-1.2011607388945494e-07
-1.500613069142008e-08
-1.5975313487803096e-09
-1.4492976418872764e-10
-1.1205689088882413e-11
-7.444391381365341e-13
-4.8426631981563957e-14
-1.0993118901228527e-14
-4.854935716968215e-15
-4.734650515862129e-15
-2.844376392042201e-15
-3.952670243557826e-15
-7.875906890706204e-16
-4.121914286311909e-15
-4.0731509476217305e-15
-1.429466801100216e-15
6.117911381862275e-15
1.031294537007992e-15
-1.0295446792735961e-14
8.213297367322328e-16
2.5922315723740686e-15
2.8319020745433396e-15
-6.268983750666267e-15
-2.4452044316281927e-15
-1.1758799997385432e-15
-3.0040390926680317e-15
-2.714124495491192e-15
-6.675837019283561e-16
-2.09179795037717e-15
2.6023154604792414e-15
-2.291067364784184e-15
2.7589424148324106e-15
-1.3128023084766575e-15
-7.231237320360788e-15
-1.1708921841432902e-13
-1.925853111490401e-12
-2.4935962638323015e-11
-2.748455227052959e-10
-2.5817172631397934e-09
-2.066535304010823e-08
-1.4095752116442277e-07
-8.193067324804162e-07
-4.058052817139962e-06
-1.712780654630815e-05
-6.160254942316319e-05
-0.00018880283253014106
-0.0004930956918773136
-0.001097404643934948
-0.0020812069240793204
-0.0033633852356786723
-0.004631811190229884
-0.0054354807840882435
-0.005435480784076015
-0.004631811190210111
-0.003363385235684568
-0.0020812069240799024
-0.0010974046439380669
-0.0004930956918779525
-0.00018880283252156605
-6.160254941117257e-05
-1.7127806542236278e-05
-4.0580528096685195e-06
-8.193067261864078e-07
-1.409575209142582e-07
-2.0665357389253013e-08
-2.581733914394774e-09
-2.748487677546957e-10
-2.4941901774651392e-11
-1.927429290110924e-12
-1.3631617791883284e-13
-1.3683287779638024e-14
-8.525368978760834e-15
-3.960714416038357e-15
-2.5008152477366957e-15
-1.0770099485248776e-15
-1.8001766585354843e-15
2.8675869949729747e-15
-1.97657656241729e-15
-7.232330995427766e-16
1.8120131863938413e-15
8.557909345214787e-15
3.6496773139745615e-15
-8.32938972445903e-15
4.538938933956202e-15
6.476007045099153e-15
5.123594929952456e-15
-3.2337194844488573e-15
-1.635627086868241e-15
1.978075930662382e-15
-2.1598302787881607e-15
-2.5094423195397048e-15
4.231559256434071e-16
-1.877678097378391e-15
3.937286061179919e-15
-1.808268809103016e-15
3.777808827940056e-15
1.8816724508800773e-15
1.519288246285251e-15
-4.903977425624893e-15
-2.7665318622065594e-13
-3.651151410070066e-12
-4.028879325107307e-11
-3.784851967548718e-10
-3.029680498390229e-09
-2.06653543861159e-08
-1.201160673326163e-07
-5.94938795083627e-07
-2.511055689000737e-06
-9.031362633931612e-06
-2.767980973219889e-05
-7.22912614446127e-05
-0.0001608871611194295
-0.0003051194247818755
-0.00049309569201974
-0.0006790557679217269
-0.0007968793256782432
-0.0007968793256725267
-0.0006790557679386398
-0.0004930956920132571
-0.00030511942478363596
-0.00016088716112177355
-7.229126145016714e-05
-2.7679809725441222e-05
-9.031362627139937e-06
-2.5110556855667972e-06
-5.949387909100293e-07
-1.20116063361072e-07
-2.0665357188640092e-08
-3.029685460642188e-09
-3.7850310797225367e-10
-4.029055380500483e-11
-3.660683946757992e-12
-2.7573765951449096e-13
-2.4574101119253472e-14
-1.1427373425378482e-15
-2.6979599530876597e-15
-3.8980387212430365e-16
9.427837073333293e-16
-1.2500687704934645e-16
-1.897631158780896e-15
1.8784924670513017e-15
-4.045730435970315e-15
-2.046573514273033e-15
1.1759353770396456e-15
7.53810340177861e-15
5.005754943232339e-15
-6.0442811648692434e-15
7.11498316461276e-15
6.057411519530888e-15
1.1882419206238093e-15
-3.702577653750891e-15
-2.9199942503928314e-15
4.237706192105273e-15
-1.328737610348608e-16
1.598733396195578e-16
4.181300982951133e-15
1.0218586183703136e-15
6.084957555443366e-15
-1.3621970590587837e-15
2.4560910773998926e-15
1.32199419691303e-15
-6.24543719964038e-16
7.896103835458513e-15
-3.3475450233415244e-14
-4.536581596726779e-13
-5.0327445437141685e-12
-4.7275504390564583e-11
-3.7849777463660343e-10
-2.5817281144854423e-09
-1.500612340048064e-08
-7.432582914542618e-08
-3.137067227178046e-07
-1.1282900505220685e-06
-3.458044514360321e-06
-9.031362646042551e-06
-2.0099667221005478e-05
-3.81186345528216e-05
-6.160254955261599e-05
-8.483458136151133e-05
-9.955430344422384e-05
-9.955430343346308e-05
-8.483458135385619e-05
-6.160254956084518e-05
-3.81186345550097e-05
-2.0099667223703895e-05
-9.031362655358091e-06
-3.4580445117860546e-06
-1.1282900489447477e-06
-3.1370671936816894e-07
-7.432582665661304e-08
-1.5006120359405345e-08
-2.5817324761000202e-09
-3.785016236474759e-10
-4.729252086867683e-11
-5.030434262737731e-12
-4.64868641194146e-13
-3.0823847851819727e-14
-1.1497441110307416e-14
-4.785244646536306e-16
-3.87174196611452e-15
-2.4153298220065085e-15
2.30618631564795e-16
-1.3081773110389886e-16
-2.9860642695645924e-16
4.047791627894017e-15
-9.336578726434522e-16
1.0118593437937157e-15
3.150961573793475e-15
6.732524931132328e-15
4.683324931435736e-15
-7.064581598267222e-15
3.191801282735922e-15
8.507032140152661e-15
-1.3658250752514025e-15
-2.3006048012426727e-15
-4.1388186489967684e-15
3.794812940934052e-15
-2.825043760268592e-15
-3.4224367635504123e-15
2.849204954617288e-16
-2.1303624665658097e-15
2.6236499442389827e-15
-3.399233456582433e-15
3.9013852459082607e-16
2.3046274787571526e-15
-1.0609561859409167e-15
1.0292213831711298e-14
-2.8583154951831706e-16
-3.947847828199428e-14
-5.307990265545802e-13
-5.018510448661272e-12
-4.0288438460345366e-11
-2.7484151757656797e-10
-1.5975244050840055e-09
-7.912613849074739e-09
-3.339675093600842e-08
-1.2011606984812448e-07
-3.6813825893116036e-07
-9.614653732485937e-07
-2.139780551349233e-06
-4.058052903600568e-06
-6.558115397729934e-06
-9.031362788472986e-06
-1.0598402398785923e-05
-1.0598402437461505e-05
-9.031362808715844e-06
-6.558115408995386e-06
-4.0580528892497306e-06
-2.1397805527845185e-06
-9.614653821066296e-07
-3.6813825946908605e-07
-1.2011607328297464e-07
-3.3396749955126455e-08
-7.9126143064223e-09
-1.5975247547139265e-09
-2.748497983491273e-10
-4.029372761784458e-11
-5.036252710623039e-12
-5.252943899761569e-13
-5.053974629050557e-14
4.4734721951671605e-15
-5.3433130053083696e-15
4.24846664780935e-15
-1.8325831565432972e-15
-2.0225861388451048e-15
-2.422307459829103e-16
-1.3034656872307362e-15
-2.824563179293396e-15
-8.720081869816595e-16
-5.716343786791408e-15
-4.228935431773553e-15
-1.980236148649963e-15
1.5244015402796179e-15
2.7243207562783975e-15
-7.10114684599549e-15
1.5147820076965705e-16
1.147715316993162e-14
-2.182591799510722e-15
3.1286711602005886e-15
-2.593270080772158e-16
8.779677306913706e-15
2.609773452939773e-16
-9.822522771732247e-16
4.700979993649727e-16
-1.7522490865743946e-15
-6.010199133832478e-16
-6.307726825853366e-15
-4.322017432709823e-15
1.330016173125056e-16
-5.830129560313545e-15
5.677756523993477e-15
-9.364524005300384e-16
3.4679349282707414e-15
-4.649232184028924e-14
-4.4263467104010524e-13
-3.650009593425942e-12
-2.492526437093607e-11
-1.4491788596072503e-10
-7.178109261124108e-10
-3.029685625687418e-09
-1.0896679864238008e-08
-3.3396758203985664e-08
-8.72221821814009e-08
-1.9411654327031926e-07
-3.681383114783026e-07
-5.94938911498086e-07
-8.193068797086435e-07
-9.614655384927307e-07
-9.614655419332794e-07
-8.193069046853996e-07
-5.949389102509803e-07
-3.681383282360895e-07
-1.941165519833156e-07
-8.72221926769759e-08
-3.3396761530885375e-08
-1.0896685326082552e-08
-3.0296859450880548e-09
-7.178114607752141e-10
-1.4491864647292685e-10
-2.493299288051272e-11
-3.652869139907689e-12
-4.575769410946455e-13
-3.6850520937708453e-14
-5.682702163021327e-15
3.973155938783331e-15
-7.161812184186743e-15
1.933569459775139e-15
-5.7616210171500875e-15
-6.7981232032708614e-15
-5.297114483917688e-15
-5.121715451566435e-15
-5.302442458045725e-15
-2.7220050576035655e-15
-4.026505129951503e-15
-1.4693749273702761e-15
1.4180720896572052e-15
4.206158111774564e-15
6.569036658963594e-15
-3.277496867462871e-15
-1.634966692696889e-15
1.1674979881107771e-14
-4.18369944325131e-15
6.32626028928088e-15
2.661855877532785e-16
9.191817698501285e-15
-1.2622492671047916e-15
-1.672282873331363e-15
-1.6268415629843349e-15
-9.329440114683058e-16
-1.6669326177549965e-15
-4.525702395492785e-15
-2.7144983453819204e-15
5.350830294012627e-15
-2.8126711949182683e-15
8.354398687993205e-15
2.303287426923351e-15
1.0391077873368968e-14
-5.515547349394486e-16
-2.054403463553579e-14
-2.7690251638611617e-13
-1.9171371302229767e-12
-1.1195507414119883e-11
-5.548299695441944e-11
-2.34208871096164e-10
-8.423591642392458e-10
-2.5817358378199943e-09
-6.7426980376822534e-09
-1.5006155964938155e-08
-2.8458887136342788e-08
-4.5991702438397436e-08
-6.333642043387064e-08
-7.432600609256162e-08
-7.432598095637223e-08
-6.333644660627612e-08
-4.5991671535877806e-08
-2.8458881399286698e-08
-1.500616146772222e-08
-6.742708321206313e-09
-2.581741165396262e-09
-8.423664233722628e-10
-2.3421173989474557e-10
-5.5485123294714535e-11
-1.1198882707748652e-11
-1.9257050138289713e-12
-2.7971041214614983e-13
-3.4673160352012756e-14
9.731434667253947e-15
2.5259698230993268e-15
5.8505079321699166e-15
-2.0276526679663356e-15
6.69340205425198e-15
-1.220364822485505e-15
-3.644729452288309e-15
-3.466875042294033e-15
-4.746273280140408e-15
-5.7354388864835186e-15
-5.275246298337094e-15
-5.194242916156314e-15
-3.492945327369822e-15
4.8879567756559454e-17
2.7604219912648336e-15
7.35911845056093e-15
-1.120131898660502e-15
-4.322215744777664e-15
7.495710116400965e-15
-7.241803617462532e-15
7.607624964442276e-15
2.0343037392359256e-16
1.003513994426182e-14
-4.746043414236968e-16
2.1238344602888253e-15
1.6889715812015149e-15
5.4120841021704666e-15
2.3058125826617416e-15
2.894900780620408e-16
4.1625070298118374e-17
9.132332010884543e-15
-1.7338401942744887e-15
8.983688223596138e-15
4.25344489348568e-15
1.2051061604359944e-14
5.6041252085939484e-15
1.5214762666014966e-14
-1.0188458557223286e-14
-1.1391983334205204e-13
-7.2792479786446e-13
-3.6457358822947966e-12
-1.542770889050476e-11
-5.5483795206289085e-11
-1.7007722163466874e-10
-4.441825910764834e-10
-9.885542821412103e-10
-1.874774520318414e-09
-3.0297789404012025e-09
-4.17239116796148e-09
-4.896348492854923e-09
-4.896339287661453e-09
-4.172404491512585e-09
-3.029774366704854e-09
-1.8747924451324018e-09
-9.885634212312785e-10
-4.441912316828116e-10
-1.7008554453039084e-10
-5.549209617436793e-11
-1.543298719924473e-11
-3.650485470220232e-12
-7.347011756762377e-13
-1.2308270056157068e-13
-1.3169120600041213e-14
2.450964960504398e-15
1.609380517926781e-14
6.958551258976183e-15
7.482950929748622e-15
6.008248555836451e-16
7.760262740558987e-15
9.527080909769727e-16
-1.8028469222242243e-15
-3.7256484504527963e-16
-1.8511544868816298e-15
-8.240976230880163e-16
-1.0771334032721899e-15
4.609501918245277e-16
-8.562267396741412e-17
2.7511027753482927e-15
2.9447910052691784e-15
7.569517849885987e-15
-9.652257284314653e-16
-8.393619839819063e-15
9.552004906803774e-15
-1.8928519182956365e-15
1.3170702256314371e-14
3.518236887934326e-15
1.2203201718211607e-14
-6.0057737546751e-17
3.770874833290713e-15
1.4211807332158854e-15
6.757765909281862e-15
2.3139616707365262e-15
1.4086422557037755e-15
7.88972900570371e-16
1.0586181875664534e-14
-1.4061700787011505e-15
8.509532510825521e-15
4.086983776192852e-15
8.2739504335265e-15
2.752172157235191e-15
1.2546174096370524e-14
2.199090032190987e-15
1.7202065116869256e-16
-3.480519110711236e-14
-1.9742031452060562e-13
-8.66973883255475e-13
-3.1093092255253483e-12
-9.554494578471964e-12
-2.4940831220626732e-11
-5.5515837411570163e-11
-1.0530416778324074e-10
-1.701451430274676e-10
-2.343112866069137e-10
-2.7496250678358596e-10
-2.750079930198395e-10
-2.343339528307291e-10
-1.701504531784365e-10
-1.0528888813905494e-10
-5.552318414330264e-11
-2.494833748381103e-11
-9.563074838826741e-12
-3.1173527281386296e-12
-8.720553764347733e-13
-2.0285625072776825e-13
-4.2402665884147175e-14
-6.8235781386297485e-15
6.035893428089883e-16
1.4004091399378671e-15
1.1684241399284997e-14
3.8379680613722005e-15
5.50318340849924e-15
-8.4065581296058285e-16
6.093861287469708e-15
1.4843460256069887e-15
-1.8220743178108227e-15
8.46589935402313e-17
-4.017968100419115e-15
-1.58874351568326e-15
-2.713884055849796e-15
1.0174209321792784e-15
2.430740239037838e-16
5.490990451915951e-15
5.765801990378016e-15
1.2156129036276543e-14
4.8383305121608925e-15
-3.4955120381070812e-15
6.244761653975197e-15
-1.0702846872952449e-17
1.2637424396331332e-14
3.2933108396498354e-15
1.2509054891604044e-14
-2.2286962240241986e-16
4.9452847305181125e-15
4.917331777885468e-16
6.273799892603884e-15
5.688611821076594e-16
-2.1604810938096938e-16
-9.665158597189298e-16
8.374006562307809e-15
-2.2870000076403288e-15
8.270522164489139e-15
5.723467191824361e-15
7.70937211960354e-15
4.927786105165015e-15
1.4053120519232447e-14
4.830917169372777e-15
7.019739884334804e-15
6.117346196704819e-15
-5.756425591556439e-16
-4.1251864404764884e-14
-1.4303260977300513e-13
-4.610198981947113e-13
-1.1989277832619938e-12
-2.6756585115442036e-12
-5.085588715900732e-12
-8.208410882035602e-12
-1.1298170450613136e-11
-1.3260269730452845e-11
-1.326627976423253e-11
-1.129167508906954e-11
-8.208459316657271e-12
-5.0794188631908504e-12
-2.683816173372212e-12
-1.2022065118823368e-12
-4.683931469474006e-13
-1.4986276138522858e-13
-4.6009854663322577e-14
-7.222642295140829e-15
-2.3206446442471842e-15
2.0700716063803258e-15
4.8870773186609546e-15
4.567466900957808e-15
1.2818243561974651e-14
4.479313148812728e-15
7.902355682705724e-15
-1.1859501057127732e-15
4.37592563194821e-15
2.897240885244092e-16
-3.999649287706296e-15
-2.079615954487084e-15
-8.806484992988192e-15
-4.277143185327274e-15
-5.602423120616896e-15
6.134786319486972e-16
6.993180390605651e-17
7.427357969910979e-15
7.0792672890443345e-15
1.3323537067757602e-14
5.706938084261771e-15
-1.4162034360227714e-15
6.082870127546429e-15
5.441718518618522e-15
1.213254441725696e-14
3.348997327940376e-15
1.2669394819707651e-14
-7.786440538438892e-16
5.187165139475179e-15
-1.1392373458027676e-15
5.6775933789407036e-15
1.3423178427200868e-16
9.03029684000582e-16
1.141028344747926e-15
8.860409414791002e-15
-6.467595204021127e-17
9.279210181298835e-15
5.81158862083492e-15
4.146104405342484e-15
1.7123997804534136e-15
9.13200064266931e-15
6.537338195295839e-17
2.0992923892892835e-15
5.1174391653633445e-15
7.467234675206018e-15
-1.546243876684718e-15
-6.18913534109775e-16
-2.2197075441007608e-14
-5.3487349165602236e-14
-1.2356719747879247e-13
-2.438377038332035e-13
-3.9208968543175445e-13
-5.368552626232712e-13
-6.463964111557024e-13
-6.471072025637785e-13
-5.585213350101339e-13
-4.017708144049036e-13
-2.428502593464384e-13
-1.2579466329583262e-13
-5.941920835008032e-14
-2.80813078870261e-14
-6.520518367206758e-15
-5.388558363716049e-15
1.3285311052886396e-15
-2.070335707158177e-15
2.527452526072343e-16
2.9873695347307574e-15
9.26907496870175e-16
7.897517687027632e-15
-2.4349312036747603e-16
7.46031940912937e-15
-2.9368168997148588e-15
3.7031078088891836e-15
1.1209852970600244e-15
-2.277269371434284e-15
-6.810794003432031e-16
-9.933219787664875e-15
-4.6141814704432894e-15
-7.089197468121552e-15
5.805191429125758e-16
1.630633107818159e-16
8.882692675704684e-15
8.080138367733217e-15
1.3820157286481939e-14
6.582474732824276e-15
4.179575861669944e-15
4.033218803752519e-15
8.329438210127653e-15
8.433546347052332e-15
2.0507477397029813e-15
1.3262445495097384e-14
1.2744854336990439e-15
9.059899007425032e-15
1.8678732448239668e-15
9.858487298701937e-15
3.3643482466217638e-15
4.059938175067638e-15
2.571973084925083e-15
5.751503457105932e-15
-1.6778804124651902e-15
6.892858858397221e-15
3.5221369206961578e-15
2.20685563821006e-15
1.1296886408053432e-15
8.508733856678906e-15
-4.03137681425426e-16
1.0342633706415168e-15
3.763991449100707e-15
6.214770500304428e-15
-1.4292989929647053e-15
2.703303800508221e-15
-5.7133814728050855e-15
-8.243376285722038e-15
-2.0434084659095644e-14
-4.6626993734382895e-14
-8.573746219518813e-14
-1.0089811596221661e-13
-1.2075715455267906e-13
-1.161641932064213e-13
-1.0220476371436995e-13
-7.248044527445006e-14
-4.86576191823863e-14
-3.127048106697687e-14
-1.2665839094563394e-14
-9.750260407559826e-15
-2.3508518396436356e-15
-4.6066448150840785e-15
5.373076309767085e-16
-2.5280880012250047e-15
4.047419342512797e-16
4.651925799739304e-15
9.491666416631373e-16
6.776939533327503e-15
-2.193534532053305e-15
7.187054211930425e-15
-5.9375496192731125e-15
-3.127085816044821e-17
-2.7249189862044193e-15
-3.752498196576129e-15
-1.2434533429912106e-15
-9.292609129410351e-15
-1.8633965667667645e-15
-3.949541123041694e-15
4.977041114043992e-15
4.5256402273576085e-15
1.2640343753566382e-14
9.880428386564104e-15
1.3335721030741507e-14
5.7321815435287725e-15
8.356401489576208e-15
8.62484871427172e-15
1.6663455283022642e-14
1.0247722970113243e-14
4.3205611220316e-15
1.460834525987074e-14
2.2021063518469936e-15
9.007259565655617e-15
2.4390983038475082e-17
8.724003583088375e-15
2.5727936241593933e-15
5.836498592489667e-15
5.430421447209911e-15
6.529148195690676e-15
1.699497825680662e-15
8.707896496081315e-15
2.7852230592538316e-15
1.1980040942526685e-15
-1.7771124720878613e-15
4.850483859835555e-15
-3.943195914666413e-15
-1.533070606124041e-15
1.0839531956192566e-15
4.6352708886546245e-15
-1.9476575767499197e-15
1.78871732796638e-15
-4.737165412318643e-15
-4.5143263506325844e-15
-1.0090975812976395e-14
-3.60972329789003e-14
-5.410717562988264e-14
-8.812299697562361e-14
-1.024064271760988e-13
-9.659726158608365e-14
-8.481437643699816e-14
-6.735556421147485e-14
-3.91109366626128e-14
-2.064510639742383e-14
-9.36317799874857e-15
-5.499466718628693e-15
-4.334261205593394e-16
-2.945655769330645e-15
8.727414659165493e-16
-2.88754892780937e-15
-9.478714509743697e-16
3.880987000888601e-15
-2.0535307630397046e-15
3.2180144789955387e-15
-5.279778608241595e-15
5.543600155366858e-15
-6.722867460429647e-15
-3.3978426970721644e-16
-3.2066612075444765e-15
-2.0608283930723343e-15
-1.023038707838365e-15
-8.835441624489523e-15
-2.626677188977151e-15
-4.874632503346579e-15
4.672875400020602e-15
6.1178058435249026e-15
1.4928568340741064e-14
1.2095407878295439e-14
1.5287452049740613e-14
9.653708002116233e-15
1.7718811570159322e-14
5.522117200411372e-15
1.5812153225794847e-14
5.576302839911809e-15
3.6445780677143293e-16
1.065407284427806e-14
9.010450219842858e-16
8.380369670586842e-15
3.4605859211627775e-16
9.476541929527402e-15
3.3651746957398894e-15
6.548070494970698e-15
4.680492408005904e-15
2.3733335664967385e-15
-7.61150497982852e-16
5.616794401873366e-15
-1.0098623792839342e-15
7.65474982480264e-16
-3.0840034945065136e-15
3.922508755940814e-15
-5.0372279092170875e-15
-2.6059676776709983e-15
-2.2239636819117816e-15
1.3198883729486736e-15
-5.710964377331249e-15
-2.381501373475402e-15
-8.252565254783129e-15
-8.008937421265163e-15
-1.6199360886960755e-14
-3.292064583902504e-14
-4.776902040735151e-14
-5.912210662449814e-14
-7.635255305412958e-14
-6.395489985776206e-14
-7.780711437726218e-14
-5.203033796820523e-14
-3.85830043287393e-14
-2.1415627577092732e-14
-9.690337141464273e-15
-5.477491935808302e-15
-2.470561500346647e-15
-4.759733503639121e-15
-8.251222261723529e-16
-3.796557185365378e-15
-2.2646933288737653e-15
3.5048520733606813e-15
-4.3436928039202345e-15
8.6894952804665e-16
-7.040876480702078e-15
2.729266971683677e-15
-7.774956078194306e-15
-2.5001408971359043e-15
-6.84154282231108e-15
-3.954089734075273e-15
-3.9884648897232085e-15
-8.982800885634815e-15
-3.5518289894759583e-15
-4.253617184419978e-15
4.340380555634641e-15
6.79201210498063e-15
1.3821384411152292e-14
9.01979461066662e-15
1.1456864261863992e-14
7.896177873356278e-15
1.875305403507539e-14
7.563802561363445e-15
1.989817295368304e-14
8.519316552147528e-15
2.3817643168123222e-15
1.0122475264920551e-14
1.3194405075926757e-15
6.566252032375533e-15
-1.1038641787799724e-15
6.55558140067996e-15
2.1455944488167653e-15
6.054347312943135e-15
5.423960707327221e-15
2.711730893496712e-15
1.9406416485441813e-15
7.46821695410319e-15
-6.520347103355889e-16
3.423900188110534e-15
-2.5127565987822063e-15
4.857606665536994e-15
-3.8719575302726646e-15
-1.0522853953753684e-15
-2.0129667541623676e-15
2.7510483599877552e-15
-4.7731826450429585e-15
-1.726276853852505e-15
-7.517865636767423e-15
-6.838707143593421e-15
-1.0616117870426576e-14
-1.9051207102928348e-14
-4.597798595227248e-14
-6.742403239052543e-14
-8.394498090030559e-14
-6.728394170288425e-14
-5.207405588716818e-14
-6.127687044774723e-14
-1.9195903738444895e-14
-1.549757934540395e-14
-4.024206593368842e-15
-1.1480859102751366e-16
7.139271883116314e-16
-1.120654163145546e-15
2.051049138025364e-15
-9.23168935999031e-16
-1.1237455410984843e-16
6.225615501675362e-15
-3.0071959445469102e-15
2.6483800352792704e-15
-4.783212153657304e-15
2.257008047878257e-15
-5.400994224106113e-15
-1.3239502509940982e-15
-6.747013552898698e-15
-3.2266693568489556e-15
-5.158068494584605e-15
-8.310207752634318e-15
-5.424435682777624e-15
-4.096050101052451e-15
2.9611987058508306e-15
8.059723206069824e-15
1.422672378532473e-14
8.504570612394888e-15
1.1787078547384008e-14
1.110800664409481e-14
2.303880331423914e-14
2.9633839558680212e-15
1.662532334120386e-14
5.862144157502507e-15
-1.058440216484954e-15
4.8776255042793515e-15
-1.3060798493638095e-15
3.2506350631400182e-15
-1.3611350221653127e-15
5.248792485205857e-15
3.969597893870264e-15
6.976859843624229e-15
6.3914468044756204e-15
2.2145926862093165e-15
1.884492621586506e-15
5.320086863945808e-15
-4.2236448855415404e-15
1.4973360065102526e-15
-5.982005643078757e-15
2.2586063392366884e-15
-6.34609320736766e-15
-4.4819345624357664e-15
-6.821595648986702e-15
-6.985635495352004e-16
-9.115516158400347e-15
-4.922626776874485e-15
-9.516159658302296e-15
-4.28432859801605e-15
-1.1915139897396749e-14
-2.1409744450087968e-14
-3.340588581947176e-14
-3.68440214597563e-14
-5.985567376619359e-14
-3.515643165037803e-14
-4.414039781501258e-14
-3.814345324601871e-14
-2.8880057666435734e-14
-1.056176856618288e-14
-4.041216099579523e-15
1.0228191369614509e-15
1.2156442986311749e-15
-1.318184117136397e-15
6.51451657134423e-16
-3.287173554705995e-15
-2.77425614739002e-15
3.510437111977152e-15
-6.134795734841357e-15
4.854074624473354e-16
-5.806006601003985e-15
-1.2701418599579879e-15
-4.804641308068292e-15
-9.778018250504483e-16
-5.601244317261271e-15
-1.821813199389669e-15
-4.146709697114223e-15
-5.652701355764739e-15
-5.736130817160478e-15
-3.240216908032039e-15
1.3690793073797156e-16
6.641277561588046e-15
1.0790921911957462e-14
3.76584282489015e-15
8.201538510477873e-15
9.411962053110862e-15
2.024159767060849e-14
2.4699224696616237e-15
1.7339496331875993e-14
8.154400977572819e-15
1.061285405375962e-15
5.841711023656041e-15
1.7312533704507441e-15
4.6599269544193666e-15
1.3435916645220859e-15
4.123383266700216e-15
4.1091496712366335e-15
4.551832065390831e-15
4.244721410568927e-15
4.2498344340678124e-16
1.8229719345620696e-15
4.121312464396387e-15
-5.983470265296417e-15
1.6215250648369356e-16
-8.775020258077418e-15
6.525082049189843e-16
-7.153468239486796e-15
-6.3911987346948824e-15
-8.836264478562202e-15
-1.3373607377843942e-15
-1.1139433203964122e-14
-7.006722350644536e-15
-1.093187214247973e-14
-4.282010217098064e-15
-9.84748832033594e-15
-1.583726949214561e-14
-3.636117034696146e-14
-5.87539832210011e-14
-6.472101825688346e-14
-2.169712944726704e-14
-4.1863159556630286e-14
-4.0017385137744366e-14
-1.0693877840536664e-14
-1.1043477945367431e-14
-7.891352012825278e-16
1.9448649102504623e-15
1.531174699463541e-15
-1.4529785991435854e-15
2.543227473652764e-16
-4.786749219947113e-15
-2.9694925657410303e-15
2.6528283831782776e-15
-6.423569519286494e-15
4.8789553666277434e-17
-5.531272754293257e-15
-4.089359925022669e-15
-4.146177287773497e-15
-1.0465944543688212e-15
-4.342009045725308e-15
-2.7635706946583167e-15
-4.651407032392075e-15
-5.0061280645324606e-15
-5.738686404850168e-15
-2.943266451014189e-16
1.7260830655210175e-15
1.0731033225629241e-14
1.357242402928539e-14
5.457401121695259e-15
1.0796616032508282e-14
1.223701128775879e-14
2.088462907527902e-14
-1.4318783615814636e-15
1.432582831224842e-14
6.531756720791722e-15
-6.492212541229102e-16
3.2960344060650214e-15
4.613522445332459e-16
2.6378601969542362e-15
1.407920979863384e-15
2.66221748673089e-15
5.626321000962383e-15
5.2712743968356124e-15
5.498493038701336e-15
2.1172910196940852e-15
3.889316565188204e-15
4.482845586199184e-15
-6.061209026464494e-15
2.2100932102505152e-16
-1.0026661471000123e-14
3.3707315445912856e-16
-7.142068701798748e-15
-8.871664191661896e-15
-1.1762929211290841e-14
-3.972578911818825e-15
-1.5116016281794284e-14
-1.1250218795413928e-14
-1.58100077575463e-14
-5.998834221818267e-15
-1.905507505361152e-14
-1.6282019289349722e-14
-2.949368904205368e-14
-4.6446306626931506e-14
-5.307035674390325e-14
-2.8488542024732075e-14
-2.9491321464702653e-14
-4.1391260786580745e-14
-1.0716934551259475e-14
-1.0582051337627525e-14
-3.3894370262282953e-15
-1.1901883362986394e-15
-1.3088283667225282e-15
-4.763275880438386e-15
-2.3111291358132283e-15
-8.62924995881372e-15
-4.2557077601580565e-15
6.825377951741196e-16
-5.48957935908574e-15
5.096479943062602e-16
-3.2379808654403e-15
-4.136862574914668e-15
-4.922685625037336e-16
2.5369193400499975e-15
2.5122213807348777e-15
9.951012613726062e-16
6.825509799704428e-16
-7.986065507389307e-16
-3.2576594712806954e-15
1.4694371314058026e-15
7.578603748715296e-16
9.835158430674263e-15
1.1204277298665678e-14
2.2849926782888333e-15
8.52676458272013e-15
9.565348858413243e-15
1.669684830419391e-14
-1.925361226198298e-15
1.2528827168981914e-14
5.046565916352138e-15
-2.038521653622259e-15
2.0818102193341507e-15
3.768444628984016e-16
2.556453145915116e-15
2.0824867895845727e-15
1.2176576280026718e-15
4.318956851512467e-15
1.854551863678852e-15
9.09897521320445e-16
-1.7698850729501983e-15
3.086594097105118e-16
1.0601903372567846e-15
-8.566315395903146e-15
-6.456536379533042e-16
-1.2006967414420362e-14
-1.5901759326594214e-16
-5.966634418191659e-15
-8.525187149828058e-15
-1.0498062089936181e-14
-2.000927430120229e-15
-1.2607681938167296e-14
-8.098283814254786e-15
-1.3029616164295037e-14
-5.253077753604866e-15
-1.837023234522982e-14
-1.2394343212087639e-14
-2.973623096052573e-14
-2.8056213450602227e-14
-3.74227692350755e-14
-2.109335940069812e-14
-1.6071658720995586e-14
-3.531232926659935e-14
2.237368543687119e-15
-8.302801727799476e-15
6.663186625553875e-16
1.1683105076821895e-15
1.6114185036016288e-15
-2.9223440281626098e-15
3.4079979391134e-16
-7.56338499806363e-15
-1.4656072728450318e-15
1.3374050495664064e-15
-2.072830470922836e-15
9.261428312446036e-16
-1.7699985874298504e-15
-5.886998421175711e-15
-2.084892563694078e-16
1.2823021123219986e-15
4.153356252964168e-15
-1.3167213114600368e-15
1.3144790363466512e-15
-3.4840587840269277e-16
-1.3148405027755288e-15
3.598782021176907e-15
2.88981430674433e-15
1.1382053159800805e-14
1.2078706671888844e-14
2.551751881542264e-15
9.249592554542598e-15
9.397732671512512e-15
1.537642320530933e-14
-1.2503311653867633e-15
1.0935546312993422e-14
4.17282287194406e-15
-2.7159348357958516e-15
8.958251852990758e-16
-1.5435418332069455e-15
2.7110592364324654e-17
-7.121978363052323e-16
-2.1311934304459478e-15
1.4115733580761808e-15
-1.127295169828145e-15
-2.5127083027741604e-15
-3.891861337670512e-15
-2.605969394314933e-15
-1.0960306119868752e-15
-9.912397150892637e-15
1.0558933721893265e-15
-1.2054157679112297e-14
7.648734372931385e-16
-3.913304306752873e-15
-7.44436560906758e-15
-1.0190831781861182e-14
-3.1257101928792733e-15
-1.3369787997810054e-14
-8.508675031884346e-15
-1.387562538931072e-14
-4.86332388841572e-15
-1.9685007527127622e-14
-2.4490547284172942e-14
-5.558448914511815e-15
-3.5967077603366864e-14
-5.253437456270272e-14
2.1556757378938735e-16
-1.0683558655095947e-14
-1.6960770150272864e-14
-3.896692318052326e-15
-5.462333990041441e-15
3.092085331954841e-15
-1.4598994947238758e-16
1.6203022466164477e-15
-4.741435405323984e-15
-8.630349426820743e-16
-9.248644154668534e-15
-1.8195225970169197e-15
2.0362552863818916e-16
1.1263659525536139e-15
1.8663683257684877e-15
1.3241432784328577e-15
-4.816599990405217e-15
2.610336890329468e-15
2.4086232229314855e-15
8.09532025788635e-15
-7.170823593375097e-16
3.841631164361164e-15
4.573657460633732e-16
-1.2263026279007336e-16
2.627765571482362e-15
2.3736305679551327e-15
9.30518198694724e-15
1.0790204914492506e-14
1.4873214249945265e-15
8.448534770386597e-15
7.735189713371368e-15
1.3293389080852732e-14
3.669117351643672e-15
1.1127150241919748e-14
4.505033042999379e-15
-2.2196309371372206e-15
1.0542953480081517e-15
-1.8397371509281993e-15
-4.314901654281505e-16
-2.309398134929229e-15
-4.4914595264684274e-15
-2.5158355689505384e-15
-5.692109358539444e-15
-7.769108043005323e-15
-7.867842284913115e-15
-7.592266627123421e-15
-4.4524111330945245e-15
-1.2954053324951573e-14
1.154781602557393e-15
-1.522489854973472e-14
-2.395316018021104e-15
-6.23911107838472e-15
-9.424602541197059e-15
-1.2332352627984455e-14
-5.78894241997342e-15
-1.2827642609732255e-14
-5.7313775810947576e-15
-9.186648666487186e-15
-4.676549506779609e-15
-9.315209335488064e-15
-5.596959122641606e-15
-1.1698452003667281e-14
-5.906826518553266e-15
-3.439979269824498e-14
1.4910671648612274e-14
1.2609795917259095e-14
-2.4737643088983572e-14
-1.2167532958787833e-15
-9.429730832997156e-15
6.990703540061171e-15
2.1228276070616322e-15
2.0088525753290558e-15
-6.11847469120963e-15
-2.3245492093203707e-15
-1.0091342981956904e-14
-3.439719039970966e-15
-2.080132826245581e-15
1.4422354975436618e-15
1.0083688457002115e-16
1.4986511266612419e-15
-5.010836623374291e-15
3.7505699932916725e-15
1.2977997399610807e-15
7.996622806640658e-15
-3.250505504635732e-15
1.9813916099288985e-15
-1.898510367962109e-15
1.0173527453431136e-16
2.4597769384761768e-15
4.787357178482801e-15
1.0132093691857282e-14
1.2957419176851544e-14
4.057574241517079e-15
1.1028694594834586e-14
9.872061341108149e-15
1.492231381779175e-14
4.571014646572206e-15
7.597164379661096e-15
2.436004065639629e-15
-3.272131130197293e-15
-4.076779283026667e-16
-3.454167406158714e-15
-1.714644892822329e-15
-3.689736784031284e-15
-4.586435534905123e-15
-3.0860878989438146e-15
-5.650841599012169e-15
-7.867053726622998e-15
-8.422883261619874e-15
-1.124862689464443e-14
-8.229719182155023e-15
-1.733067358979569e-14
4.947347848960218e-16
-1.7014215023379783e-14
-1.9609067017168046e-15
-3.1650477172234163e-15
-4.422154429850651e-15
-7.19043630872618e-15
-2.803819321698258e-15
-8.257717176118953e-15
-2.6003625450473725e-15
-7.826667784669175e-15
-3.9683854132277e-15
-1.4500406290332895e-14
1.4014765704604943e-15
-8.43931051821076e-15
-7.633556464644392e-15
1.8116521657876135e-14
4.3339514060699244e-14
1.1408730486694245e-14
5.332879550832583e-15
4.5980256119080615e-15
-7.102023209792895e-16
2.026898184461461e-15
1.6660332565663719e-15
2.759242757445588e-15
-4.96852369616784e-15
-2.253910833393469e-16
-5.1423256589709926e-15
-6.291443390455144e-16
8.028893536017275e-16
4.1232953205916826e-15
6.652569941282906e-16
1.3155816905663521e-15
-5.400106972066366e-15
3.562134845269238e-15
-1.3422261077253263e-16
8.093297440182433e-15
-1.7071721868233468e-15
4.114932156047688e-15
-4.068606661993592e-17
3.3678184428807463e-15
3.5168910310930284e-15
6.565373847894328e-15
8.948750821656122e-15
1.2379188547024987e-14
3.72627990457408e-15
9.737842567018008e-15
7.930467725456985e-15
1.1659354064344554e-14
