-5.379215431681997e-16
3.902790074669907e-16
3.101998754767975e-16
-1.248253882461042e-16
-7.399217630482033e-16
-8.153489974371423e-16
-2.703872374426148e-16
-8.526813999206881e-16
-1.5282484831409528e-15
-6.452518447838502e-16
-7.083058089514907e-16
-6.653453232640225e-17
-1.0420802744268674e-15
5.545677180546735e-16
-9.825611513747257e-16
-6.667006235757171e-16
6.367415029177205e-16
-4.848086271070727e-16
-6.094678462570094e-16
7.292762841728328e-16
4.2337628832345804e-16
5.992926193215763e-16
6.668790863240558e-17
-6.3970231905029755e-18
6.488674268668246e-16
2.078329637487411e-16
-1.4971888383768426e-16
7.204542028000521e-16
-9.224853132568645e-16
1.7833847546646183e-15
-2.0454681948953963e-15
-6.784984841304668e-16
-1.2588578695889902e-15
-1.3366527910751847e-15
-1.6632131910625632e-15
7.828031877751671e-16
-9.652890018024467e-17
7.618427939880793e-17
-2.956497851250881e-17
1.0051046173545223e-16
-1.0361968626343169e-17
-4.474107695475845e-16
-3.941509814316326e-16
-5.192211967913311e-16
-1.2522446993893987e-16
-3.0384247248321577e-16
-1.0633631241955842e-16
7.562174059143069e-16
-1.0351231420308758e-15
5.285634123702772e-16
-4.224575637072183e-16
-4.1407984786523396e-16
2.4892221947321674e-17
-3.1522922414538136e-16
-3.3914248239808644e-16
-4.947935658269552e-16
4.529258394824809e-16
8.350223865501249e-17
1.5006929634841434e-16
4.546867654329763e-16
1.199491213484579e-16
1.0103825246751829e-16
-3.9157166448861946e-17
9.025270662949543e-16
-2.171493402705968e-16
4.686409221312263e-16
6.270801122156722e-16
-1.9049522501786239e-16
-6.52194376767452e-16
-8.801862746456138e-16
-2.6371201276057104e-16
-7.338052815814183e-16
-1.5435868190775225e-15
-6.136115814252595e-16
-7.773898535129039e-16
-1.4724793282198118e-16
-1.0799353763056547e-15
6.413311111609602e-16
-1.0634774169294644e-15
-5.226696627307469e-16
3.040985032198214e-16
-4.115365435748045e-16
-6.807718946323206e-16
7.495232947974994e-16
3.842763857503127e-16
6.820266875793962e-16
2.128892257941403e-16
3.0546692604027834e-16
7.246880990375095e-16
6.379012289811321e-16
-4.795393081035641e-16
-2.0421188126323736e-16
-6.918941551453148e-16
-1.3805599718659174e-15
-4.511683520364911e-15
-1.1786244455186052e-15
-2.931732446602422e-15
-4.543706232171732e-15
-5.476980940439284e-15
-6.477011109189315e-16
-9.88451584814692e-16
-4.596426150678146e-16
-8.941560475264303e-17
2.763477827257814e-16
1.5110909032304827e-16
-2.784140687534707e-16
-3.1790546813776436e-16
-4.071073388689159e-16
-1.897896530925795e-16
-4.353790888939861e-16
-3.3379896019175316e-16
7.205685091067356e-16
-1.3928725571079354e-15
4.597055512397363e-16
-5.510303222862995e-16
-5.409690005899001e-16
-5.229991981068728e-17
-4.019633185233287e-16
-3.517241581628799e-16
-7.470383399008545e-16
3.6215420466962353e-16
-7.087638527344368e-17
1.3611654585379482e-16
2.761106291320474e-16
1.150778256288519e-16
-3.394849508143383e-18
1.1590840951545605e-16
8.596041607259091e-16
-1.9659198786646631e-16
1.3631867532780652e-16
6.367895732757549e-16
-5.178934798547872e-16
-6.700658785168514e-16
-9.851701863148242e-16
-2.8705352579505983e-16
-6.387845289722955e-16
-1.4789566689902593e-15
-5.290249344289873e-16
-6.740476691373187e-16
-2.2056843445319903e-16
-1.0193156042985403e-15
5.774531953767132e-16
-1.1565292073691292e-15
-5.09829087464678e-16
-8.402382588880106e-17
-3.5411016945249545e-16
-7.055013734100016e-16
7.253656989697965e-16
2.0644039366978033e-16
5.000832911366798e-16
-8.048926425082303e-17
1.2236215544351046e-16
1.1150129157025219e-16
2.562299677722606e-16
-1.0855804947780138e-15
-6.986336500885138e-16
-3.4420114508817653e-15
-2.2923930626573146e-15
-9.863048410207875e-15
-7.851892348066777e-15
-4.156183522181186e-15
-7.661899993954392e-15
-5.715080750841921e-15
-2.942565861831502e-15
-2.1455166082418957e-15
-8.804000206021937e-16
-7.292649332391278e-16
-1.9264749135808547e-16
-2.7266342223085383e-16
-6.354286095074023e-16
-6.148300321626278e-16
-4.635904066752566e-16
-2.6491253217071396e-16
-5.135774992299371e-16
-4.2232931308260063e-16
6.995357148802328e-16
-1.5328067424494255e-15
3.227103669214374e-16
-6.871985748890608e-16
-6.925351577351121e-16
-1.2016703972758757e-16
-4.295600114400666e-16
-3.406329060526764e-16
-8.947798794140392e-16
1.8462252087215532e-16
-1.8456795767396457e-16
1.1210311191519507e-16
1.146546630098123e-16
8.075729961178212e-17
-2.1696585719067355e-16
1.3721563836570642e-16
4.958460569661548e-16
1.5879928543964625e-16
9.943062368701819e-17
8.877719832296002e-16
-6.889163293609525e-16
-5.131836750302564e-16
-8.811755517118153e-16
-4.8769718242648155e-17
-2.68642115372635e-16
-1.0203469923691024e-15
-1.3681579617868174e-16
-1.704299865506356e-16
7.47891855826304e-18
-4.938260865588227e-16
8.175879479125292e-16
-7.964267655069125e-16
-2.253223219337625e-16
-2.1204386290259355e-16
-3.178103339517096e-16
-8.070291906603509e-16
5.23200818995258e-16
-1.8290727183415638e-17
4.523762576665312e-16
-5.886609407454711e-17
4.511670577970762e-16
1.0191192808564635e-16
5.690181352487453e-16
-1.110253210577258e-15
-1.1334454856441536e-15
-3.795902930721428e-15
-3.5351441331419605e-15
-1.0219988037350947e-14
-1.2574607667672629e-14
-1.0290944206963095e-14
-1.0047328805487277e-14
-7.429198469628985e-15
-4.964467366270865e-15
-2.361230953161725e-15
-1.354020280767726e-15
-7.192517171736842e-16
-1.319884352576675e-16
-1.4783169448374578e-17
-4.568963386719497e-16
-4.575547872482336e-16
-2.68578553578162e-16
-1.5238188015714302e-16
-5.627665018002556e-16
-4.704395051232814e-16
6.395685776001371e-16
-1.3782488630188534e-15
3.9693442356103864e-16
-4.885873106477635e-16
-4.094196798403965e-16
2.4143267596579055e-16
3.316399774557484e-17
1.6238179562927936e-16
-3.910837839775514e-16
4.570613074830572e-16
1.698688759003443e-16
3.006552368916641e-16
1.114637937541208e-16
5.85451831886674e-17
-3.309329072339084e-16
3.666941148562314e-16
4.123751561620382e-16
-8.866192946405904e-17
-3.8131577630029e-16
7.442992656345521e-16
-1.1226614788870038e-15
-6.076321573405383e-16
-1.0743768435017322e-15
-1.752279708707264e-16
-3.641839160168289e-16
-9.018029309918082e-16
-1.4942667565058473e-16
3.802720777221461e-17
-5.3037923054619456e-17
-1.22520960712731e-16
8.641962803678079e-16
-4.0176516790816156e-16
2.1515794588310696e-16
1.1254130516170466e-16
9.669140783492928e-17
-4.695531989077095e-16
6.010265407239261e-16
-6.99333341434376e-18
4.756641547406566e-16
-1.3100912042159556e-16
4.498506319404685e-16
-2.602872916031091e-16
3.9244705371591054e-16
-1.259251919037699e-15
-1.3920004493605833e-15
-4.376106763589343e-15
-6.49405190678795e-15
-1.448644094180635e-14
-1.5590772208763664e-14
-1.3946254990945602e-14
-1.1648315363571393e-14
-9.712122343468487e-15
-4.901542813308708e-15
-3.0288248098762038e-15
-1.7466265862600932e-15
-7.473350958098111e-16
-2.442710778360325e-16
9.893716302414219e-17
-3.893310552542148e-16
-2.5555168669607883e-16
-8.052304011039144e-17
1.5727489066639153e-16
-4.0099136169555563e-16
-1.3169907983931388e-16
8.639504501154989e-16
-7.892129889576742e-16
7.022718066574299e-16
-1.714283473871855e-16
-1.0174946166295526e-16
3.9877084072174557e-16
1.8998443256708789e-16
2.371510402548665e-16
-2.4970295978727587e-16
2.509932413093084e-16
1.7200188845594267e-16
1.1266884197283313e-16
-1.151927564267015e-16
-2.846852163099039e-16
-7.248744977812836e-16
1.5934140795942794e-16
-1.3944629610502877e-16
3.0055341086170077e-16
-4.174548540621703e-17
1.2160265836569323e-15
-9.512123663202602e-16
-2.947900156406817e-16
-9.948000670065948e-16
-1.929289886034106e-16
-5.878137517209481e-16
-9.652775503158688e-16
-5.9892071056261525e-16
-2.817560572750003e-16
-6.263043260117958e-16
-2.5107807604631136e-16
4.0828782610848754e-16
-4.3953232173168083e-16
2.613683748175654e-16
1.9314812664693985e-16
1.2680728323851923e-16
-4.634645238884216e-16
2.9713792869860503e-16
-2.503781139409865e-16
2.9121123865825866e-16
-2.759369614095212e-16
3.7376326600757465e-16
-4.515142579272841e-16
1.9582811218654426e-16
-1.7255472887080917e-15
-2.6502232338797656e-15
-5.984147378878009e-15
-9.743071894740365e-15
-1.6331086228557887e-14
-1.8461408524929718e-14
-1.6856680850276846e-14
-1.5322198632348623e-14
-1.194947809365205e-14
-7.266197680510988e-15
-3.996642955491515e-15
-1.631944373309488e-15
-7.256730476022376e-16
-2.0878844635631584e-16
2.729620824850521e-16
-2.9868573696691128e-16
-6.065594650460932e-17
-1.302763665943417e-16
2.750066477116564e-16
-5.710323172194766e-16
-1.0903324421582466e-17
6.628487089196914e-16
-5.411071737312928e-16
6.04305189161291e-16
-2.0890852189922912e-16
-1.6757194932257975e-16
1.0230488660134441e-16
-5.473013573378079e-17
-4.0279295340166254e-17
-3.2292571411038655e-16
-1.0234838226695902e-16
1.5629717776707824e-16
-4.845582739543002e-18
-9.36672468778577e-17
-3.274094234064597e-16
-6.132240998017701e-16
4.840628751604858e-16
7.913475390264172e-17
2.919918051434038e-16
1.5149380492615165e-16
1.4698550952983506e-15
-7.115034073996074e-16
1.428640777285878e-16
-5.881756245056002e-16
2.4226359158863137e-16
-2.393404237717696e-16
-2.4715014959508357e-16
-2.648513356332419e-16
1.0781272477098231e-16
-4.821807722600726e-16
5.492268114795708e-17
1.7391744732042907e-16
-4.93691398695567e-16
9.556829427514377e-17
1.0507121780184962e-16
-9.120442800362012e-17
-5.455653073144155e-16
-3.059796179237428e-17
-4.2381306876047284e-16
1.2435011620671818e-16
-4.33886121719534e-16
1.0442639871661463e-16
-8.019535658053173e-16
-2.735556822735512e-16
-2.3246997451110504e-15
-3.3512135468385197e-15
-7.611497182434884e-15
-1.2300194764704686e-14
-1.8612122899258955e-14
-2.3401022130925003e-14
-2.073724405774983e-14
-1.6853749182003422e-14
-1.4406544971376304e-14
-8.380943052524049e-15
-4.527973986448847e-15
-2.249540243948523e-15
-9.96656895118261e-16
-3.9678079357852044e-16
2.1475465371870215e-16
-2.8382133523280903e-16
7.863447063344485e-17
-3.126346742188116e-16
3.1798294611561533e-16
-8.804621058156263e-16
1.1477622161276474e-16
2.7143446837974383e-16
-4.532783352076676e-16
3.907039966941891e-16
-1.35565434318368e-16
-3.950769832868743e-17
1.5645048886579025e-16
2.4940963983049303e-16
3.4294776708263814e-16
2.6988590838145393e-16
1.854526038276693e-16
6.341501734915482e-16
2.9056612771437676e-16
1.9653791522471858e-16
-2.4560665721924773e-16
-5.14542295254247e-16
5.6663969042478585e-16
1.2751353968287454e-16
3.2687169178096124e-16
4.493565668992779e-16
1.559202118363958e-15
-5.724302794222902e-16
2.9984305422715455e-16
-4.213559336498424e-16
3.312990156053414e-16
-2.189430780846401e-16
1.770912729349076e-16
-1.3604777284374542e-16
2.97114127215489e-16
-2.710926846425361e-16
3.658326420034216e-16
4.4789189168606803e-17
-4.835719813876011e-16
-2.0926301781075082e-16
-1.3350397181921015e-16
-6.10638477395162e-16
-8.69049733516538e-16
-5.871883321694786e-16
-7.840074361326701e-16
-1.568201492661441e-16
-5.21487973644997e-16
8.52666553487076e-17
-6.150258479361888e-16
-1.454186808524875e-16
-2.385195391059624e-15
-4.02520877759191e-15
-9.093433912739836e-15
-1.520578541162156e-14
-2.0905011704007705e-14
-2.845551895282899e-14
-2.413357951657964e-14
-2.0981720316613403e-14
-1.7450681084248402e-14
-9.485636022881068e-15
-5.2620610500763365e-15
-1.847100730723166e-15
-7.183120525986402e-16
3.0919400419515023e-17
5.006750300874743e-16
-6.824617622561929e-18
2.789754600181508e-16
-5.209305790278838e-16
2.2121644960025694e-16
-1.3927033592217521e-15
1.8954000858108902e-17
-4.780788165969792e-16
-7.812057143715904e-16
-1.3567887998017447e-16
-1.8864556154791259e-16
-6.318940423472727e-17
1.260503613059774e-16
4.965112321434749e-16
6.343421753184801e-16
6.524118481115545e-16
2.6137184770803703e-16
8.006743974032259e-16
3.90765960432525e-16
3.2032693485404494e-16
-1.4909762098957156e-16
-3.522766640733428e-16
7.216632115891513e-16
4.0216907368014504e-16
2.4657551898631687e-16
7.37798672031619e-16
1.5685477968557529e-15
-3.7219609140390334e-16
3.890141371726891e-16
-2.621772347226991e-16
2.4167944978241157e-16
-3.534050462857623e-16
3.1881519026784643e-16
-1.9145143222787237e-16
2.1240621106594618e-16
-1.4351093501262527e-16
5.395088492148774e-16
4.933184358725397e-17
-1.1751877417807286e-16
-1.2365134219774272e-16
1.981587809873471e-16
-5.156775752307302e-16
-5.005957684978409e-16
-4.747029031627673e-16
-6.326917946176478e-16
-8.334027477857651e-17
-4.198540336782262e-16
1.2029328672637676e-16
-4.874522089229905e-16
-1.831438841634829e-16
-2.5830650191647885e-15
-4.748280076012012e-15
-9.266215319133977e-15
-1.6303988152449906e-14
-2.3805728872984758e-14
-2.8657458531396634e-14
-2.681163574392255e-14
-2.3434328752579606e-14
-1.7760382304861575e-14
-9.625658316711687e-15
-5.773081186634968e-15
-1.8793807224178824e-15
-6.118388549343389e-16
2.7800798469165057e-16
6.301501554767753e-16
2.6004213130775733e-16
5.175195899358027e-16
-4.570015456320421e-16
4.3163989508215096e-16
-1.3133307790611264e-15
5.254782272594108e-16
-4.797309455426352e-16
-5.669496291688253e-16
-1.605304761841159e-16
3.330275724295954e-17
-1.0896956573764475e-16
-9.756638508274161e-17
4.0212520562173275e-16
5.26692521103394e-16
6.307575140424371e-16
1.0627414829425784e-16
7.740755100516418e-16
4.3183578929156376e-16
3.329059524745402e-16
-9.441340414299997e-17
-3.4302219703207014e-16
6.876638786027314e-16
5.731552649029818e-16
4.238124330981144e-16
1.2098144966348537e-15
1.6661723547073535e-15
-5.054665231657896e-17
5.443191692577003e-16
1.116037182518905e-16
3.2407628790173857e-16
-2.1937157630934592e-16
5.059727405756603e-16
-1.4065431148018556e-16
4.664974720441936e-17
-1.4204398349096666e-16
3.7714311818100422e-16
-1.8672410008265246e-16
6.088993063717639e-17
-2.667185492227322e-16
2.9452227722106557e-16
-5.757356042547278e-16
-2.772515084335821e-16
-4.226347595875781e-16
-6.107034353394496e-16
-1.4506339265336816e-16
-4.778343998518816e-16
4.415917423499648e-18
-5.834752009060598e-16
-5.404211505939544e-16
-2.95913509103671e-15
-5.583764813612952e-15
-1.1922317171781058e-14
-1.9396608561136026e-14
-2.7131790426572432e-14
-3.6865654685051725e-14
-3.160843341158867e-14
-2.867632937910516e-14
-2.2107324285582827e-14
-1.2101181783884621e-14
-7.248163228919926e-15
-2.4076193444804803e-15
-9.666084542164083e-16
4.5298154169499864e-17
3.6791083813061663e-16
1.9841977943288934e-16
5.12538804431006e-16
-4.509648668501272e-16
4.066295142881563e-16
-1.2975897159360155e-15
6.35002831510208e-16
-6.330891987007086e-16
-7.368121331495148e-16
-3.9697627313721775e-16
-8.175589647929807e-17
-4.2699154284910613e-16
-4.912058060387734e-16
1.7926387296121635e-16
3.8812443419189634e-16
6.570180487492164e-16
1.620118674406521e-16
9.48320803429265e-16
6.929544332150282e-16
5.087356885977149e-16
1.750745163648877e-16
-1.560386189365143e-16
8.607354021221267e-16
9.726837166374488e-16
-8.471188020828614e-17
8.94615559390148e-16
1.0734631915234881e-15
-3.2063411257078015e-16
2.0418191706793255e-16
1.170892379154552e-16
1.0422384778986287e-16
-2.135026286880374e-16
5.145673344363227e-16
9.675971569983654e-18
9.920554673516324e-17
1.3199425941573784e-16
4.115429951358341e-16
-2.0917746991501606e-16
3.168384828252884e-16
-4.006259005606747e-16
1.9087716606497719e-16
-7.114065865139942e-16
-2.2115991568867512e-16
-3.907706006775984e-16
-6.453078050433611e-16
-2.399937737005829e-16
-5.821320339674865e-16
-1.4865351761273164e-16
-7.011806678625201e-16
-8.379137177267601e-16
-3.3030017646200995e-15
-6.626727262127579e-15
-1.4041123274405448e-14
-2.31909008699527e-14
-3.279164318913044e-14
-3.897518900189762e-14
-3.8116705632366224e-14
-3.145223873390827e-14
-2.5652708029523414e-14
-1.4162545995415073e-14
-8.064701990176361e-15
-2.9236695664107082e-15
-1.1290957102058368e-15
-1.7683658704635524e-16
7.007637147302925e-17
-8.534758508452885e-17
2.595191548911971e-16
-5.786042872198228e-16
1.0809017433134642e-16
-1.290367249357332e-15
4.0391882783796475e-16
-7.255362565054033e-16
-1.012169463064878e-15
-4.881805025005065e-16
-2.104928005996412e-16
-6.2092680745081945e-16
-7.020425011935807e-16
4.156085882817124e-17
2.7516924880282965e-16
5.743503412264606e-16
8.385661119448654e-17
8.595466884483823e-16
6.270341989749552e-16
3.3912293358222707e-16
6.300000130746604e-17
-4.0866098041455764e-16
4.888834532624995e-16
6.612075187003627e-16
-2.369234889265985e-16
8.015236457089095e-16
8.36234755956663e-16
-2.207160729728402e-16
3.290079660735155e-16
5.5054347378666e-16
3.2874502406435133e-16
2.101786833542799e-16
7.416703976780116e-16
3.4843772901264923e-16
3.0413379743705997e-16
4.3832825808273454e-16
4.790391182954039e-16
-1.0179774237270552e-16
6.835240862088664e-16
-2.33152475663362e-16
2.0683924053181888e-16
-6.344105599352442e-16
-2.2841041638498625e-16
-3.8954810702161353e-16
-7.559584086186991e-16
-3.3308232733872287e-16
-5.741064877170616e-16
-2.48783512598476e-16
-1.0387217769933242e-15
-2.267680027097976e-15
-7.267069259381045e-15
-1.593691092248654e-14
-3.0275905180488734e-14
-4.8510862846908026e-14
-7.031354712373187e-14
-8.294069027479482e-14
-8.046062359053957e-14
-7.100635227605479e-14
-5.1314751898960935e-14
-3.056001814130603e-14
-1.7468123920501397e-14
-6.987939174308964e-15
-2.625387625205614e-15
-8.002153485104797e-16
-1.883302916961959e-16
-2.8401470985228313e-16
1.4027935660315345e-16
-5.320350198185185e-16
-1.6222120056402542e-16
-1.0873876751692185e-15
9.746322521089488e-17
-5.338691482571254e-16
-1.107881570600351e-15
-2.3425801860501067e-16
-1.991198941977896e-16
-6.152780989230174e-16
-7.256274348966134e-16
-3.435970206702273e-17
2.476442254082978e-16
5.605560046585212e-16
2.2144519773160703e-16
1.0135641155964196e-15
8.631123779053808e-16
6.082531737681365e-16
3.984575766534714e-16
-1.301940947030316e-16
5.78327893652944e-16
6.45225841818593e-16
-2.904228366713866e-16
6.852583434974639e-16
5.926773922338439e-16
-3.0680823920739957e-16
2.1819644369611143e-16
5.792850581103085e-16
2.0713969639256556e-16
3.519352495190329e-16
7.49145169223085e-16
5.264305488177707e-16
4.4234355829410974e-16
6.068430845243637e-16
4.3919261642367647e-16
-1.0586653366033256e-16
8.198462170138715e-16
-7.985661023251754e-17
2.1778187323753394e-16
-3.4653531661629283e-16
-5.717192544409585e-17
-1.1909377814067618e-16
-6.538647807508765e-16
-4.1758105839579e-16
-1.1687447936478404e-15
-3.4282691237280065e-15
-1.2186120332786242e-14
-3.643731105501741e-14
-9.556174859909653e-14
-2.1259802734497908e-13
-4.034468427455291e-13
-6.530990376478048e-13
-9.011865894097329e-13
-1.053495698388814e-12
-1.055952546676945e-12
-9.00179738813983e-13
-6.548444872009291e-13
-4.035396933722341e-13
-2.1417762860485828e-13
-9.563763021580359e-14
-3.679529589826284e-14
-1.2239431994604245e-14
-3.56698040541243e-15
-1.332184269895074e-15
-1.723030027672407e-16
-4.2778853114955914e-16
-2.86838756590314e-16
-6.11989880856023e-16
-6.544050506484229e-17
-9.15768703632787e-17
-1.064032894631956e-15
1.3962216667758726e-16
-2.1228140459692226e-16
-6.187371540832007e-16
-7.472937736205807e-16
-2.1031173147618646e-16
1.1107298859149783e-16
3.144357436811451e-16
1.0388890335747509e-16
7.717753598196759e-16
6.123145109595135e-16
4.640604798750826e-16
2.9971860878309564e-16
-6.697502916403965e-17
5.535228254235264e-16
5.64510439990516e-16
-1.986642848653381e-16
7.100934671606667e-16
6.289937719436007e-16
-6.20061493415148e-17
5.247715385131646e-16
9.368218415238345e-16
3.7972226002466164e-16
6.687930190045474e-16
8.394980141623345e-16
5.836113189394531e-16
3.631176191038212e-16
4.511124165809072e-16
1.194130480930848e-16
-3.969955225210552e-16
5.135673742857353e-16
-3.1757426304321566e-16
-1.5516922671180396e-16
-5.232190110020161e-16
-3.7860430950743736e-16
-4.1983964010489084e-16
-1.511282081871124e-15
-3.872992149658139e-15
-1.6444120139661386e-14
-6.735817744691276e-14
-2.406755565981585e-13
-7.359973824028336e-13
-1.9220055830912914e-12
-4.277175322042548e-12
-8.111228316735534e-12
-1.310582891561645e-11
-1.8053518780989125e-11
-2.1185138339924197e-11
-2.1185689656689757e-11
-1.8052481487296017e-11
-1.3107758850261408e-11
-8.111032599476104e-12
-4.278138503401273e-12
-1.921925010930781e-12
-7.361068398523762e-13
-2.4075698690738896e-13
-6.745552993580652e-14
-1.6879126309287363e-14
-3.6625590274272314e-15
-1.1468504912910598e-15
-8.069755411867192e-16
-5.673311422669209e-16
-6.415307945538739e-16
-1.0865250218175082e-16
-1.4072914084241389e-15
9.146520695554217e-17
-5.84676145237139e-16
-9.740651553508334e-16
-1.063282799913644e-15
-6.9568189266260785e-16
-2.3708482343234974e-16
-3.929831612622765e-17
4.9991721959299215e-17
6.983279128111153e-16
5.751234088947808e-16
6.582652045078529e-16
4.539718484562827e-16
3.118361876688067e-16
7.441948783012642e-16
6.246344341759821e-16
-5.311206574767439e-16
3.814551333121903e-16
3.2185487715935596e-16
-1.5841711628986824e-16
4.258002758835862e-16
8.406968714987941e-16
9.9783173127531e-17
5.840842371338282e-16
7.445575922612567e-16
5.880734763453192e-16
4.479170758537691e-16
7.16827024184531e-16
5.125136516337273e-16
1.754667576423834e-16
1.0056184057171117e-15
2.529974774520827e-16
4.484219937128756e-16
9.885250400828397e-17
7.064344134426634e-17
-1.141488251408525e-15
-1.0223745375974017e-14
-5.718428070886852e-14
-2.81412999022312e-13
-1.1872109877363573e-12
-4.268199556282213e-12
-1.3080035514560779e-11
-3.416005905270387e-11
-7.602452609387064e-11
-1.4417947651463326e-10
-2.3300324584979067e-10
-3.2087458304934454e-10
-3.7654738635178847e-10
-3.7655160880504015e-10
-3.20875744479089e-10
-2.3300450922815085e-10
-1.4417877221353373e-10
-7.602449702141068e-11
-3.415992038147964e-11
-1.3080003839603192e-11
-4.268365869385898e-12
-1.1873191403559387e-12
-2.8216049146923885e-13
-5.712075035801664e-14
-9.922419907032858e-15
-1.7745948720796312e-15
1.09937245713308e-16
-1.9714683209433142e-16
7.905074915413204e-16
-6.997140081870824e-16
9.05734308532211e-16
-1.8122662839991606e-17
-5.125362779033281e-16
-6.172721620681378e-16
-6.197328005421034e-16
-2.7430264408052025e-16
-3.2494644440978244e-16
-2.229648123003893e-16
2.5297003861451693e-16
3.6823718904053585e-17
4.058419590091357e-16
1.1634458407799276e-16
2.8849440263513964e-16
5.148058438714844e-16
3.193470883198293e-16
-3.7897986472117334e-16
6.885434128946047e-16
6.058939025774075e-16
3.4197931031684585e-16
7.223839310592177e-16
1.088880994218667e-15
9.192243371671604e-17
6.858604044127153e-16
8.510161973944718e-16
6.1932439839665655e-16
3.241553753581494e-16
5.592560473545645e-16
3.1660368213663044e-16
-2.6679629881961105e-18
5.118935217754528e-16
-2.9368520131757794e-16
2.4006948179283616e-17
-7.805352598554712e-16
-2.9420382455420724e-15
-2.180699187061241e-14
-1.4885713605551046e-13
-8.620767720348472e-13
-4.2670687347336164e-12
-1.8010203844392036e-11
-6.477483777183712e-11
-1.9852484768479185e-10
-5.184860705378891e-10
-1.1539122072318565e-09
-2.188371553131287e-09
-3.5365693729304993e-09
-4.870313598293662e-09
-5.7153656816649505e-09
-5.71536974564985e-09
-4.870313500608361e-09
-3.536571587089049e-09
-2.1883719673359344e-09
-1.1539120887738237e-09
-5.18486227447322e-10
-1.9852477217529575e-10
-6.477490382173707e-11
-1.8010091736761876e-11
-4.267627035186813e-12
-8.616641424854199e-13
-1.4819495474159706e-13
-2.2213040031481775e-14
-2.602863007349933e-15
-1.0690869654195282e-15
2.8838772059987015e-16
-1.1784613176044262e-15
4.216634637688598e-16
-4.363750939154186e-16
-9.025276157818843e-16
-7.730124177961377e-16
-9.366077863195358e-16
-4.887615345951177e-16
-4.505771277613426e-16
-2.0420439631330137e-16
2.8536218277689606e-16
-2.490792248066662e-17
6.130250017292146e-16
1.7930660650973153e-16
6.874666656121449e-16
7.213172934573326e-16
5.799744588983264e-16
-5.126272569821321e-16
7.6671078454198405e-16
5.398604588890031e-16
5.320797112600726e-16
5.790639329251781e-16
1.0178718855084703e-15
-1.3267805454746923e-16
5.580108642638077e-16
8.455072808596859e-16
5.595623397393415e-16
1.8096547602680377e-16
5.028882048586234e-16
3.8244612337197277e-16
2.3827871068433697e-16
4.805028292994022e-16
-3.0734986574569915e-16
2.5597422340425402e-17
-4.211707393109125e-15
-3.516474762304195e-14
-2.80961728403328e-13
-1.917651236215154e-12
-1.1144538304496264e-11
-5.519664316233353e-11
-2.329689380724807e-10
-8.379041516274075e-10
-2.5680538106522855e-09
-6.706976761518563e-09
-1.49266517455805e-08
-2.8308108100396174e-08
-4.574801249108546e-08
-6.30008543989545e-08
-7.393218448282086e-08
-7.393218855192602e-08
-6.300085580455025e-08
-4.574801177586506e-08
-2.8308109071352437e-08
-1.4926650590291543e-08
-6.706976695779262e-09
-2.5680537489324812e-09
-8.379042504776066e-10
-2.3296879059561436e-10
-5.519713130182913e-11
-1.1144112123936704e-11
-1.9169910768627087e-12
-2.81273354533766e-13
-3.4645289458886294e-14
-4.264837593884494e-15
1.939389827733965e-16
-8.400624659174329e-16
4.199046569925677e-16
-3.630973186905856e-16
-9.101136074260132e-16
-6.241556645911539e-16
-1.0413017039931384e-15
-6.458526228297215e-16
-5.411107407684635e-16
-3.3971134002291395e-16
1.5978922003759417e-16
-2.636397619337181e-16
5.624207500903995e-16
6.618889520406737e-18
8.159003892611108e-16
6.67056692412444e-16
6.736994820732384e-16
-8.601725829665444e-16
6.318318245610946e-16
1.651071912387962e-16
4.409193485310521e-16
6.755319213327569e-17
6.563196231790139e-16
-5.031426801257482e-16
2.661543008244851e-16
8.163592134178771e-16
5.247688749747672e-16
1.5726552642787125e-16
5.46322973524535e-16
4.712410774167735e-16
4.1080183416817256e-16
2.113460898368832e-16
-8.44932714803224e-16
-3.4647330308450555e-15
-4.207505552358946e-14
-3.874191418466751e-13
-3.0985173960741084e-12
-2.1134865903048115e-11
-1.2284314270103418e-10
-6.084427811946498e-10
-2.5680518961475575e-09
-9.236356243010682e-09
-2.8308085192423692e-08
-7.39321255868631e-08
-1.6453897241744242e-07
-3.1204501316785944e-07
-5.042879574072435e-07
-6.94468952265098e-07
-8.149668653391415e-07
-8.149668689016748e-07
-6.944689519595553e-07
-5.042879593070721e-07
-3.120450137316612e-07
-1.645389710962305e-07
-7.393212580815502e-08
-2.8308085047939525e-08
-9.236356301103325e-09
-2.5680516263025925e-09
-6.084430100236615e-10
-1.2284265834809087e-10
-2.1134173619267034e-11
-3.0986375517291237e-12
-3.8667632061437667e-13
-4.18008794390552e-14
-3.481221366568276e-15
-1.0028817312965916e-15
1.665452350577523e-17
-4.888909503319657e-16
-9.522902239986173e-16
-4.918650535564696e-16
-1.1067125626617614e-15
-8.017663872548427e-16
-5.708530023418007e-16
-4.827259340563471e-16
1.8587264144714168e-17
-5.170403861989174e-16
2.814623613410734e-16
-3.677354051226759e-16
6.174193223052638e-16
3.211452572894937e-16
5.614952423765737e-16
-9.551811253805308e-16
7.229424177279652e-16
1.0929428445431953e-16
8.241612326437981e-16
1.8176485507325013e-16
9.37079433563597e-16
-1.8178149625101324e-16
4.3328274391128775e-16
1.1026215890882183e-15
6.087886515196792e-16
2.0691291056854484e-16
5.387969912502049e-16
4.267314985757265e-16
4.4349094418414862e-16
-2.8058362127095057e-16
-3.527779944596028e-15
-3.504491670174803e-14
-3.883066064393686e-13
-3.636695623901045e-12
-2.910493699423093e-11
-1.9852283271440041e-10
-1.1539002847742602e-09
-5.715303220324523e-09
-2.4122556779536757e-08
-8.676014590075309e-08
-2.659071988056836e-07
-6.944688934934549e-07
-1.5455689471183896e-06
-2.931141955770422e-06
-4.73694348284336e-06
-6.5233763873370235e-06
-7.655253106536742e-06
-7.655253109400892e-06
-6.523376389252599e-06
-4.736943483190448e-06
-2.931141955454327e-06
-1.545568945809486e-06
-6.944688933041342e-07
-2.65907198858878e-07
-8.676014620271665e-08
-2.4122556574576152e-08
-5.715303238973201e-09
-1.1538997926841887e-09
-1.9852209036692944e-10
-2.9104841586763635e-11
-3.6357657158539693e-12
-3.8783811458902445e-13
-3.5402171681623747e-14
-3.4424445011837567e-15
-6.566071766424941e-16
-6.520133105402865e-16
-8.38968367595012e-16
-2.3066639561406946e-16
-9.001627280241359e-16
-6.381772590676683e-16
-2.0467613730598428e-16
-1.6038287771593354e-16
4.1516628800831887e-16
-5.69408459812021e-17
5.889568575307523e-16
-5.236427971153225e-17
8.54092146815113e-16
3.1515797434151537e-16
6.820746792882451e-16
-9.026383509940662e-16
8.161512407757069e-16
-2.9647514529019276e-17
9.05902522133361e-16
-1.1899189666259061e-17
6.973930846916429e-16
-3.433472849750328e-16
5.056334228017175e-17
9.009140568197009e-16
3.0523110136846707e-16
8.974631174307603e-17
4.3539312511103384e-16
3.5374000090783504e-16
4.5204182265613935e-16
-1.6755201705060346e-15
-2.252359486992068e-14
-2.8109473963436673e-13
-3.0997851988550945e-12
-2.9105669425484224e-11
-2.329687300908234e-10
-1.5890679060632142e-09
-9.23635588325498e-09
-4.5747967504278716e-08
-1.9308825447330598e-07
-6.94468886614403e-07
-2.128445887343293e-06
-5.558854618411152e-06
-1.23714584700617e-05
-2.346223443699908e-05
-3.791671649256337e-05
-5.2216163015890306e-05
-6.127623494093327e-05
-6.127623494250734e-05
-5.221616301675887e-05
-3.791671649190939e-05
-2.3462234436911805e-05
-1.2371458469514007e-05
-5.558854618693739e-06
-2.1284458875382216e-06
-6.944688869923033e-07
-1.9308825425951502e-07
-4.574796729450957e-08
-9.236355429049696e-09
-1.589067216602064e-09
-2.3296858870869336e-10
-2.910472516346534e-11
-3.0992651110253898e-12
-2.8174243840528775e-13
-2.2256479709983682e-14
-2.1420203864420996e-15
-7.496147188179287e-16
-6.260917858255011e-16
-1.1291780010812963e-16
-8.484309014279587e-16
-7.200190785473349e-16
-2.1391746366377395e-16
-2.5586772404908184e-16
3.161245735612375e-16
-7.228182073253987e-18
4.025025928031147e-16
-1.643425339736451e-17
7.812166645048987e-16
1.9939378105066494e-16
7.739652456988818e-16
-6.953434004655577e-16
8.907054174429562e-16
-1.5770959288327133e-16
8.590017771226203e-16
-9.085985872684095e-17
5.450147584405439e-16
-2.445621339154695e-16
-6.417779652151795e-17
8.926919304606044e-16
1.3973271355818118e-16
8.221476481402946e-17
3.0379799212945004e-16
1.7870714958082044e-16
-1.0745556917969252e-16
-1.0179381688474722e-14
-1.489810858894575e-13
-1.9173320684496442e-12
-2.1135611176119148e-11
-1.9852331505901428e-10
-1.5890677573320773e-09
-1.0838963529738654e-08
-6.300079632950512e-08
-3.120449853022826e-07
-1.317046963697056e-06
-4.736943430594645e-06
-1.4518040985559096e-05
-3.7916716443897556e-05
-8.438520432047365e-05
-0.00016003492648926091
-0.00025862834815698117
-0.00035616427889129516
-0.00041796265313839566
-0.00041796265314141673
-0.0003561642788924247
-0.0002586283481590499
-0.00016003492649049167
-8.438520431991103e-05
-3.7916716443968734e-05
-1.4518040985875767e-05
-4.736943431207015e-06
-1.3170469637246249e-06
-3.120449851207948e-07
-6.300079609587918e-08
-1.083896301181431e-08
-1.589067686001093e-09
-1.9852246121776535e-10
-2.113504365922079e-11
-1.918028876457638e-12
-1.4852966025847848e-13
-1.0554586005398145e-14
-1.3239733452781556e-15
-5.026085586766168e-16
-1.0448799077715166e-16
-7.124597463480963e-16
-5.866728310352244e-16
-2.875280356895133e-17
-1.1004319830252706e-16
3.9054389032753e-16
2.1240763708539528e-16
3.048183851768285e-16
1.61089174778695e-16
7.693653845958831e-16
2.2972092652871535e-16
9.293140053246267e-16
-3.992385927390148e-16
9.665705615239619e-16
-1.490046827109e-16
7.848710153733975e-16
-6.175891862626435e-17
3.7705684759003707e-16
-1.2218860733796597e-16
-1.6257575531027462e-16
8.304691997887138e-16
-1.0103915082426317e-17
1.2921165868422555e-16
1.8357074840231752e-16
-4.111873567486187e-17
-2.885009723749272e-15
-5.72598296851889e-14
-8.622736771275241e-13
-1.1144159038423242e-11
-1.2284354179804143e-10
-1.153900457165981e-09
-9.236355593993218e-09
-6.300079604587803e-08
-3.6618818270295756e-07
-1.8137419408382757e-06
-7.65525302203737e-06
-2.7533187128713985e-05
-8.438520430287109e-05
-0.0002203885404875337
-0.0004904837170253987
-0.0009301929909494491
-0.0015032610817731016
-0.002070182572755837
-0.002429381754067075
-0.0024293817540689826
-0.0020701825727573045
-0.0015032610817743391
-0.0009301929909500651
-0.0004904837170258735
-0.00022038854048788423
-8.438520430328193e-05
-2.7533187129509617e-05
-7.655253022395057e-06
-1.8137419407474657e-06
-3.6618818273442256e-07
-6.300079571157e-08
-9.236355703129337e-09
-1.1538998935056475e-09
-1.228430295298577e-10
-1.1144782284018697e-11
-8.617276334625832e-13
-5.743922327459608e-14
-4.052989294967522e-15
-5.349877887716608e-16
-1.9820983230863253e-16
-6.651524042352733e-16
-4.971376560440421e-16
5.275164224299636e-17
2.4315911951412534e-17
4.555854930557808e-16
4.2946349331213925e-16
2.6580010826377915e-16
3.841872756732927e-16
8.147510139596312e-16
3.7464640254980837e-16
1.0773585628953371e-15
-2.1252082739544016e-16
8.952011516742597e-16
-9.260550133946677e-17
6.605518667496088e-16
7.555763528018133e-18
2.045760067170623e-16
3.003849639545241e-17
-1.9608861645460799e-16
7.63110119722152e-16
-8.901078399225683e-17
2.4288335938161667e-16
1.1290266166129766e-16
-5.827042357254715e-16
-1.5562527346923628e-14
-2.8153702384141857e-13
-4.267861283493162e-12
-5.51969397424942e-11
-6.084437334665974e-10
-5.715303696610377e-09
-4.574796759990788e-08
-3.120449851147247e-07
-1.8137419408061951e-06
-8.983522641493985e-06
-3.791671643454096e-05
-0.00013637276859234293
-0.00041796265303641197
-0.001091591586958688
-0.0024293817539744154
-0.0046072760449455226
-0.007445700880069866
-0.01025368140688888
-0.012032806598668996
-0.012032806598671925
-0.010253681406889184
-0.007445700880071983
-0.004607276044945626
-0.0024293817539744124
-0.0010915915869590222
-0.0004179626530371347
-0.00013637276859331047
-3.7916716435269516e-05
-8.983522641564699e-06
-1.8137419412467027e-06
-3.120449850254403e-07
-4.5747968007928e-08
-5.715303550735436e-09
-6.08443272268191e-10
-5.519735209473686e-11
-4.26727106088607e-12
-2.815616752378592e-13
-1.6696896411081332e-14
-1.0796814732928426e-15
-2.528983326752601e-16
-6.01572047212921e-16
-3.6395613272184273e-16
8.498589937610549e-17
1.7058654747629432e-16
5.118946020518229e-16
6.149727369501038e-16
3.41019356859717e-16
6.391158912152913e-16
9.448638329137315e-16
5.737218765614013e-16
1.0894355285180112e-15
-1.0316008698251328e-16
7.612630589932696e-16
4.4491879066110805e-17
5.709390346388061e-16
1.112992605121249e-16
2.5844545832693332e-17
9.119795182156888e-17
-3.4890304650296255e-16
4.682552169943559e-16
-3.5914199974724264e-16
1.1584654538040242e-16
-2.2912347077785943e-16
-3.0669288795427168e-15
-6.654278552336886e-14
-1.1866234362265647e-12
-1.801045172713035e-11
-2.3296843966902426e-10
-2.568052094673053e-09
-2.4122556472820456e-08
-1.9308825437154977e-07
-1.3170469634998634e-06
-7.655253022017003e-06
-3.791671643464866e-05
-0.000160034926449466
-0.000575587973947218
-0.001764093221318035
-0.004607276044906529
-0.010253681406802169
-0.01944591073048439
-0.03142603855886478
-0.04327767022250716
-0.050786816477308275
-0.05078681647730988
-0.043277670222507676
-0.031426038558866755
-0.019445910730486994
-0.010253681406803043
-0.004607276044907336
-0.0017640932213191128
-0.0005755879739483869
-0.0001600349264506034
-3.791671643492814e-05
-7.65525302300765e-06
-1.3170469637394696e-06
-1.930882552558667e-07
-2.412255694665846e-08
-2.568051786510605e-09
-2.329686117687692e-10
-1.800970181263539e-11
-1.1863931140333012e-12
-6.73991493223741e-14
-3.584686481531991e-15
-5.396739709652181e-16
-8.991742087772739e-16
-5.853562613218088e-16
-2.6573198189542545e-16
4.3998011299347774e-17
3.1392207643703153e-16
5.467198636203121e-16
3.597230427125945e-16
7.952491172874141e-16
1.1267202453791503e-15
8.195940863928657e-16
1.0326497172075696e-15
-2.2229380796636857e-16
4.569160718530437e-16
7.192565793847649e-17
4.530077526603571e-16
2.580463521703845e-16
2.6562261428360532e-17
3.7350369850230604e-16
-8.975488465647256e-17
6.358420735596736e-16
-1.0232669462179615e-16
3.853228976591797e-16
-4.020672644637128e-16
-1.1123070401465978e-14
-2.3946509994054567e-13
-4.266917027043514e-12
-6.477480101504652e-11
-8.379032122592881e-10
-9.236355905963155e-09
-8.676014475501807e-08
-6.944688858004688e-07
-4.736943429646622e-06
-2.753318712753477e-05
-0.00013637276859113602
-0.0005755879739455712
-0.0020701825726546033
-0.006344807759386235
-0.016570712049738576
-0.03687879788095672
-0.06993993503298625
-0.1130281386978442
-0.1556541879520184
-0.18266188167709407
-0.18266188167709874
-0.15565418795201968
-0.1130281386978471
-0.06993993503299
-0.03687879788095855
-0.01657071204974043
-0.006344807759388252
-0.002070182572656447
-0.0005755879739474058
-0.00013637276859184314
-2.7533187129231377e-05
-4.73694343021195e-06
-6.94468887169541e-07
-8.676014583907577e-08
-9.236355875570875e-09
-8.379033786698342e-10
-6.477416864430075e-11
-4.266851428707304e-12
-2.403077317460797e-13
-1.200919301814827e-14
-8.633621763802683e-16
-9.405253359494688e-16
-4.3339102742055356e-16
-2.272634504760148e-16
2.9591911476952605e-16
4.033211395111812e-16
6.414144834151313e-16
5.352173614426563e-16
9.342121303436164e-16
1.2746485521116232e-15
9.356702778572203e-16
7.983135789152335e-16
-4.673078234243313e-16
1.5601498452370416e-16
5.908058177789488e-17
4.038190456313526e-16
3.9958708966028453e-16
-3.748605456066612e-18
4.142440752337651e-16
-4.9181740570727405e-17
5.487426064025289e-16
1.65541909991164e-17
5.964790677517581e-16
-9.681738997869908e-16
-3.433761030656519e-14
-7.336883453566967e-13
-1.3077015611502526e-11
-1.9852313116295813e-10
-2.5680509764751004e-09
-2.8308082578356195e-08
-2.6590719493010773e-07
-2.1284458837247776e-06
-1.4518040981576238e-05
-8.438520429797945e-05
-0.00041796265303123555
-0.001764093221311901
-0.006344807759381519
-0.019445910730429318
-0.05078681647716632
-0.11302813869777077
-0.21435570386375186
-0.3464147659782517
-0.47705739220459753
-0.5598320358390974
-0.5598320358390999
-0.47705739220460014
-0.3464147659782583
-0.21435570386375927
-0.11302813869777611
-0.050786816477170975
-0.019445910730433585
-0.006344807759385051
-0.0017640932213152365
-0.0004179626530332568
-8.43852043010992e-05
-1.4518040983171245e-05
-2.128445886132787e-06
-2.659071970119917e-07
-2.830808332493358e-08
-2.568051643433613e-09
-1.9852314328838402e-10
-1.307767716760147e-11
-7.348168902564939e-13
-3.581580948737121e-14
-1.813910825071292e-15
-1.135204219908192e-15
-4.89736563912479e-16
-5.387529785035943e-16
7.272665758611463e-17
9.993184923001292e-17
4.779919686407583e-16
5.805710959762588e-16
9.803285085263348e-16
1.4085016980555683e-15
9.918134064992367e-16
5.485149891729564e-16
-3.637566864098842e-16
2.678663775079209e-16
2.6735347654899797e-16
6.376184544169933e-16
8.081961375046806e-16
4.738711928008456e-16
8.391465368254735e-16
6.102099348076403e-16
1.0736989501860535e-15
7.444097180029091e-16
1.0611646455869411e-15
-2.58961220481119e-15
-9.02944655062736e-14
-1.9161715890077116e-12
-3.415337344139745e-11
-5.184801756348526e-10
-6.706969229456138e-09
-7.39321178489107e-08
-6.944688838038994e-07
-5.55885460818688e-06
-3.7916716432243636e-05
-0.00022038854047380893
-0.0010915915869434373
-0.004607276044889044
-0.016570712049720767
-0.05078681647715169
-0.13263974948977217
-0.2951951912344808
-0.5598320358389679
-0.9047302226468916
-1.2459291088408948
-1.4621113537099282
-1.4621113537099375
-1.2459291088409035
-0.9047302226469072
-0.5598320358389812
-0.29519519123449345
-0.13263974948978371
-0.050786816477161406
-0.01657071204972871
-0.004607276044895965
-0.0010915915869486553
-0.00022038854047982584
-3.791671643629254e-05
-5.558854612645305e-06
-6.944688877159261e-07
-7.393212034611951e-08
-6.706971390872438e-09
-5.18481751830735e-10
-3.415532467654921e-11
-1.918253759354181e-12
-9.290064800579133e-14
-4.346271749249416e-15
-1.510706929136511e-15
-6.274891776098963e-16
-6.949775294773185e-16
-1.0698734617262401e-17
7.819486679813917e-17
4.754118629697413e-16
5.602593085397721e-16
9.248406966696954e-16
1.4242949856898104e-15
9.390240781254335e-16
5.15875575894503e-16
-3.197804670435209e-16
6.131037367140062e-16
3.2420066676013475e-16
1.1052015892369806e-15
1.106400121166454e-15
9.98288939327951e-16
1.0658885290260255e-15
1.2793480791348962e-15
1.6674537110266244e-15
1.6704180597068216e-15
1.6658657291897572e-15
-5.908280525343661e-15
-2.014132805874809e-13
-4.264285427150327e-12
-7.601027847893026e-11
-1.1538976686496434e-09
-1.4926634601014545e-08
-1.6453895372090477e-07
-1.5455689255381843e-06
-1.2371458446965798e-05
-8.438520429460748e-05
-0.0004904837169963076
-0.002429381753941099
-0.01025368140676378
-0.03687879788091427
-0.1130281386977276
-0.29519519123444854
-0.6569689799864366
-1.2459291088407685
-2.0135141397445766
-2.772866225725299
-3.253988659694677
-3.2539886596946843
-2.7728662257253163
-2.0135141397446112
-1.2459291088407993
-0.6569689799864656
-0.2951951912344733
-0.11302813869774718
-0.03687879788093073
-0.010253681406777555
-0.0024293817539528294
-0.0004904837170075988
-8.438520430373642e-05
-1.2371458455570728e-05
-1.5455689332405027e-06
-1.6453895990207526e-07
-1.4926640094292313e-08
-1.1539024692880564e-09
-7.601482619510876e-11
-4.268793120731915e-12
-2.061740038553699e-13
-9.354794036278343e-15
-2.2105503867494942e-15
-1.2822322022654663e-15
-1.2796584129541475e-15
-8.559216773954894e-16
-5.656370244324829e-16
-1.4257978353311614e-16
3.0438004816863123e-16
4.309798454199833e-16
1.3722922036513986e-15
5.979481195065915e-16
4.0817172106582294e-16
-5.446920140912118e-16
6.868905256214369e-16
1.9920910543220072e-16
1.7449833231643802e-15
1.9534754512732294e-15
1.9561638212770584e-15
2.63544022444653e-15
3.096901565094265e-15
3.0953991025643982e-15
2.8253385970457117e-15
3.0732319799643254e-15
-1.1554689539957315e-14
-3.830419489178667e-13
-8.087647143051051e-12
-1.441517972623895e-10
-2.1883439889475865e-09
-2.830807674457674e-08
-3.1204497891050566e-07
-2.931141914879791e-06
-2.3462234393471426e-05
-0.00016003492644047366
-0.0009301929908940097
-0.00460727604488122
-0.01944591073041165
-0.06993993503290308
-0.21435570386365954
-0.5598320358388766
-1.2459291088407038
-2.362880731885876
-3.818591066235591
-5.258687777958301
-6.17112727458584
-6.1711272745858645
-5.258687777958334
-3.8185910662356526
-2.3628807318859355
-1.2459291088407571
-0.5598320358389232
-0.2143557038636969
-0.06993993503293401
-0.019445910730437187
-0.004607276044902982
-0.0009301929909139085
-0.00016003492645765092
-2.3462234409266476e-05
-2.9311419287072744e-06
-3.1204499070615155e-07
-2.8308087473929197e-08
-2.1883538376921226e-09
-1.4416104314648292e-10
-8.09526602739965e-12
-3.9096392700038437e-13
-1.8459916248381225e-14
-4.041272448056888e-15
-1.4485250653996921e-15
-1.6919722468532222e-15
-1.426936770137636e-15
-1.4369852387893217e-15
-4.644159641482129e-16
2.5648705659746906e-16
3.1214651616752675e-16
8.791219440238592e-16
2.8015378489476924e-16
6.140201060021251e-16
-1.1187101123532687e-15
-8.292089362032449e-17
-4.828197613126641e-16
1.1645692232414648e-15
1.7762443714927073e-15
3.1958042936351085e-15
3.1589893687909103e-15
3.877341960661428e-15
3.5088352473278667e-15
5.3589110495249e-15
3.8362316698463695e-15
-1.9245974817027858e-14
-6.186843274018568e-13
-1.3070246576429905e-11
-2.329614276994706e-10
-3.536525682819725e-09
-4.574795771923925e-08
-5.042879028831686e-07
-4.736943419338981e-06
-3.7916716421618814e-05
-0.0002586283480777111
-0.0015032610816837514
-0.007445700879969052
-0.03142603855874529
-0.11302813869770555
-0.34641476597809284
-0.90473022264672
-2.013514139744414
-3.8185910662354807
-6.171127274585661
-8.498430707082832
-9.973000821132338
-9.973000821132368
-8.498430707082889
-6.171127274585757
-3.818591066235576
-2.013514139744503
-0.9047302226467968
-0.3464147659781519
-0.1130281386977545
-0.03142603855878637
-0.0074457008800044916
-0.0015032610817138983
-0.0002586283481048801
-3.7916716446614045e-05
-4.736943441053862e-06
-5.042879226378601e-07
-4.574797541266487e-08
-3.536542289035689e-09
-2.3297577887035426e-10
-1.3084159728127633e-11
-6.312348741626849e-13
-2.9786605760935523e-14
-5.10200531605605e-15
-3.5167063011836532e-15
-3.2801496893392978e-15
-3.681045234030265e-15
-1.8463170151073736e-15
-2.022121848797498e-15
-1.1976794163961803e-15
-1.0496832541034715e-15
-2.773649356767838e-16
-1.0686979968741187e-15
-5.695752328185025e-16
-3.3651012509736486e-16
1.6454543123717653e-15
1.5296422932155877e-16
2.5251619281955768e-15
2.6277123125481058e-15
4.449791050149468e-15
4.090569464280599e-15
6.071790075207993e-15
5.5670300459606536e-15
7.150582587465675e-15
5.557758745698572e-15
-2.7045720259365882e-14
-8.528427971389279e-13
-1.800069275888318e-11
-3.2081838228227295e-10
-4.8702491788553444e-09
-6.300078332204548e-08
-6.944688722561794e-07
-6.523376300869606e-06
-5.2216162917446856e-05
-0.0003561642787816844
-0.0020701825726314894
-0.010253681406745126
-0.0432776702223403
-0.15565418795182384
-0.47705739220436755
-1.2459291088406321
-2.772866225725021
-5.258687777958051
-8.498430707082672
-11.703424880008857
-13.73409632452644
-13.734096324526483
-11.703424880008946
-8.498430707082807
-5.25868777795818
-2.772866225725144
-1.2459291088407376
-0.47705739220444926
-0.15565418795189093
-0.043277670222396716
-0.010253681406794349
-0.002070182572674044
-0.00035616427881953946
-5.2216162950502094e-05
-6.5233763296138e-06
-6.944688999457717e-07
-6.30008085208865e-08
-4.870271318331003e-09
-3.208378223743191e-10
-1.801834431783972e-11
-8.696998605989449e-13
-4.193739202450998e-14
-8.004752536963914e-15
-5.271058633704121e-15
-3.6517226462885274e-15
-3.9671514438304864e-15
-2.2742305563150057e-15
-2.432686384222263e-15
-7.627948834232191e-16
-1.4823753435400893e-15
-5.76400268660633e-16
-1.1802276900654031e-16
4.01260221216042e-16
-1.0164177159713553e-15
1.7861731457296374e-15
5.684564458971354e-16
3.0976974272709668e-15
2.3866370791067888e-15
3.954427469319241e-15
4.055714574215091e-15
6.504655227598654e-15
5.401203663824769e-15
7.575189889585473e-15
6.365943405818935e-15
-3.149704595669795e-14
-1.0011849608438362e-12
-2.1123158489698475e-11
-3.7648302869134173e-10
-5.715289667813595e-09
-7.393210343485791e-08
-8.149667717491139e-07
-7.655253005124979e-06
-6.127623482716679e-05
-0.0004179626530108557
-0.002429381753922523
-0.0120328065985024
-0.05078681647711626
-0.18266188167686637
-0.559832035838822
-1.462111353709603
-3.253988659694305
-6.171127274585464
-9.973000821132015
-13.734096324526245
-16.117111340080257
-16.117111340080292
-13.734096324526348
-9.973000821132167
-6.171127274585619
-3.253988659694447
-1.4621113537097252
-0.5598320358389176
-0.18266188167694564
-0.05078681647718093
-0.012032806598559789
-0.002429381753971523
-0.0004179626530559043
-6.127623486569463e-05
-7.655253039747445e-06
-8.149668034685782e-07
-7.393213342916955e-08
-5.715315724707847e-09
-3.765065140413114e-10
-2.1144571950019835e-11
-1.0195720663425452e-12
-4.931790829883111e-14
-9.102650371037183e-15
-6.1934300811986924e-15
-4.964011672974374e-15
-5.301944845328972e-15
-3.726160713230763e-15
-3.1536465817841e-15
-1.55876576021984e-15
-2.091450304424841e-15
-1.4767350411994795e-15
-1.4760554921904437e-15
1.5261730492754426e-15
-9.105070881538129e-16
1.4387273952313099e-15
-3.926566435283281e-16
2.0062026704777354e-15
2.345254828621569e-15
3.8037883755899454e-15
4.362628076327007e-15
6.280028192608752e-15
5.5310475816875165e-15
7.74154322388291e-15
6.348198570718048e-15
-3.2152166479439854e-14
-1.0020051950636484e-12
-2.1123724001703176e-11
-3.7648407924641515e-10
-5.715290110058882e-09
-7.393210412239533e-08
-8.149667725402425e-07
-7.655253005025456e-06
-6.127623482618947e-05
-0.0004179626530097061
-0.0024293817539220103
-0.012032806598502095
-0.05078681647711522
-0.18266188167686387
-0.5598320358388167
-1.4621113537095884
-3.253988659694274
-6.1711272745854036
-9.973000821131912
-13.734096324526114
-16.117111340080093
-16.117111340080136
-13.7340963245262
-9.973000821132075
-6.171127274585557
-3.2539886596944156
-1.4621113537097101
-0.559832035838913
-0.18266188167694375
-0.050786816477179905
-0.012032806598559712
-0.0024293817539711975
-0.00041796265305519577
-6.127623486426904e-05
-7.655253040207838e-06
-8.149668029550508e-07
-7.393213340086522e-08
-5.715316531510306e-09
-3.76507560885025e-10
-2.114521560223118e-11
-1.0206200400509396e-12
-5.026778949876603e-14
-8.875448765594724e-15
-6.9517718940399305e-15
-4.835632137086106e-15
-5.029710462667568e-15
-3.280551412067636e-15
-3.0690036575853663e-15
-2.442622425038354e-15
-2.069187088189713e-15
-2.1494115394499353e-15
-2.0331852028347503e-15
1.0777309507895092e-15
-4.657994190028698e-16
1.810364065354659e-15
-2.2368288388607337e-16
1.4958678721467485e-15
2.023398226382129e-15
4.15606167595387e-15
3.899904650450521e-15
6.151564870832491e-15
5.371651755060731e-15
7.274518485727126e-15
5.343717391838255e-15
-2.7446508986836104e-14
-8.533185563896512e-13
-1.8000925355034068e-11
-3.208191853022658e-10
-4.870249541917935e-09
-6.300078351976926e-08
-6.944688724186757e-07
-6.523376301594848e-06
-5.22161629175004e-05
-0.00035616427878215075
-0.002070182572631754
-0.010253681406744989
-0.04327767022233947
-0.1556541879518192
-0.47705739220435184
-1.2459291088405893
-2.7728662257249286
-5.258687777957874
-8.498430707082388
-11.703424880008457
-13.734096324525975
-13.734096324526014
-11.703424880008548
-8.498430707082516
-5.258687777958004
-2.77286622572505
-1.2459291088406945
-0.4770573922044335
-0.15565418795188563
-0.043277670222395606
-0.010253681406794092
-0.0020701825726740265
-0.0003561642788199089
-5.22161629505852e-05
-6.523376329680319e-06
-6.944689000706628e-07
-6.300080877558778e-08
-4.870271515842411e-09
-3.2083825375977314e-10
-1.8019059966126866e-11
-8.696013076287017e-13
-4.2528252325244305e-14
-7.62308250000746e-15
-5.338609027262935e-15
-3.096760558478027e-15
-3.4124267058822726e-15
-2.2532692315256867e-15
-2.6780224655819376e-15
-1.3349152933268908e-15
-1.7403817531296934e-15
-2.0051468038170404e-15
-6.677471972645059e-16
4.0300052837735763e-16
3.4926423621707246e-16
2.297688264555256e-15
3.235708109903785e-16
1.3707973720582696e-15
1.6469201603377973e-15
2.6415319617355427e-15
2.178087630060617e-15
3.585261836652158e-15
3.158446082890454e-15
4.41187618779501e-15
3.567050534395091e-15
-2.0360571242034042e-14
-6.196261919624779e-13
-1.3071024918091734e-11
-2.329624935801643e-10
-3.5365263461307643e-09
-4.574795809503181e-08
-5.042879029443051e-07
-4.7369434203341256e-06
-3.7916716421763135e-05
-0.0002586283480779879
-0.0015032610816837254
-0.007445700879968295
-0.03142603855874421
-0.11302813869769916
-0.3464147659780712
-0.904730222646664
-2.0135141397442893
-3.8185910662352445
-6.171127274585273
-8.498430707082305
-9.973000821131723
-9.973000821131748
-8.498430707082367
-6.171127274585373
-3.818591066235339
-2.0135141397443777
-0.9047302226467402
-0.3464147659781308
-0.11302813869774772
-0.03142603855878462
-0.007445700880003495
-0.0015032610817144933
-0.0002586283481051925
-3.791671644661684e-05
-4.736943440722862e-06
-5.042879223874709e-07
-4.5747975411841033e-08
-3.5365424190399526e-09
-2.3297583235546255e-10
-1.3084691904044402e-11
-6.313630807213637e-13
-3.113187301722003e-14
-5.645020264861042e-15
-4.28701723958618e-15
-3.788940078883186e-15
-3.136455975751081e-15
-2.749975605208489e-15
-2.061423231607905e-15
-1.4702498141210593e-15
-7.523995236244244e-16
-1.5253053954789575e-15
-7.837750524895963e-16
1.6000121629099364e-15
1.0500247200056376e-16
1.3550661022354928e-15
-4.7570652706330694e-18
3.4434329966959605e-16
7.081436067919089e-16
1.417698961531125e-15
1.3746306191474996e-15
2.764029426803466e-15
2.2315782140510865e-15
2.9689682486173206e-15
2.0583993943876055e-15
-1.2731719423187288e-14
-3.8396738932081086e-13
-8.088116791629103e-12
-1.4415370501541495e-10
-2.1883441694150697e-09
-2.8308076953741998e-08
-3.1204497854846695e-07
-2.931141916299688e-06
-2.3462234393200592e-05
-0.00016003492644078225
-0.0009301929908939208
-0.004607276044880544
-0.019445910730409917
-0.06993993503289556
-0.21435570386363648
-0.5598320358388142
-1.245929108840565
-2.362880731885614
-3.8185910662351708
-5.258687777957718
-6.171127274585162
-6.17112727458518
-5.258687777957755
-3.818591066235231
-2.362880731885674
-1.245929108840619
-0.5598320358388611
-0.2143557038636737
-0.06993993503292573
-0.019445910730434782
-0.0046072760449022985
-0.0009301929909133902
-0.0001600349264576938
-2.3462234408812178e-05
-2.9311419284334634e-06
-3.120449906549696e-07
-2.8308087710008814e-08
-2.1883538080173577e-09
-1.4416169229291646e-10
-8.09638055014034e-12
-3.914296175614378e-13
-1.9364144566698455e-14
-3.8964880810290894e-15
-2.7934145277658735e-15
-1.5039409377536795e-15
-1.5764488757745879e-15
-1.6165570632344328e-15
-1.4146671957907264e-15
-7.44648016689466e-16
-7.784720267683595e-16
-1.4745165487182304e-15
-4.9663142065985975e-16
1.2581497399943642e-15
-1.800661176319808e-16
1.2902963270715373e-15
-1.3116892577442516e-16
-4.465141466400739e-16
4.20486549947829e-16
9.102105340922524e-16
7.901338108098994e-16
1.5508326582418613e-15
1.2312174020047346e-15
1.8891809752465047e-15
8.545500179110165e-16
-6.681652904570301e-15
-2.0262886610342606e-13
-4.264869126200867e-12
-7.601186433225251e-11
-1.153897537474194e-09
-1.49266346036538e-08
-1.6453895325883615e-07
-1.5455689266614468e-06
-1.237145844637774e-05
-8.438520429442345e-05
-0.0004904837169961026
-0.002429381753939932
-0.01025368140676171
-0.036878797880907074
-0.11302813869770559
-0.2951951912343894
-0.6569689799863074
-1.2459291088405229
-2.0135141397441814
-2.772866225724755
-3.2539886596940364
-3.253988659694044
-2.772866225724772
-2.0135141397442142
-1.2459291088405533
-0.6569689799863359
-0.29519519123441423
-0.11302813869772488
-0.03687879788092262
-0.010253681406775086
-0.0024293817539518046
-0.0004904837170061502
-8.438520430349352e-05
-1.2371458454651689e-05
-1.5455689329114477e-06
-1.645389593920152e-07
-1.492664019328691e-08
-1.1539021920975652e-09
-7.601547659519708e-11
-4.269616843694523e-12
-2.0669675810708112e-13
-1.0469503449085278e-14
-2.1224919501024067e-15
-1.4755061196118472e-15
-7.381303687971822e-16
-5.446323833149624e-16
-7.786326387366321e-16
-5.170350370300418e-16
-6.352924308588947e-16
-1.5609249264454824e-16
-8.59082448222475e-16
-2.0242422642390347e-16
4.414263381273908e-16
-7.721191936829726e-16
2.4964607702439634e-16
-6.069067029421986e-16
-9.164034103110656e-16
-4.61150907134732e-16
-2.0473056476599267e-18
-1.6318502270305137e-16
6.106132262861587e-16
2.7261420868207916e-16
7.2699378699522005e-16
1.5369557680101221e-16
-3.2782280501547406e-15
-9.122556326156078e-14
-1.9165818993786264e-12
-3.4155039187716356e-11
-5.184798085243204e-10
-6.706969379899407e-09
-7.393211730751635e-08
-6.944688853525892e-07
-5.558854607974898e-06
-3.79167164323873e-05
-0.00022038854047402357
-0.0010915915869427468
-0.004607276044887828
-0.01657071204971465
-0.050786816477133206
-0.13263974948972101
-0.2951951912343693
-0.5598320358387566
-0.9047302226465523
-1.2459291088404232
-1.462111353709378
-1.4621113537093835
-1.2459291088404307
-0.9047302226465673
-0.559832035838769
-0.2951951912343812
-0.1326397494897322
-0.05078681647714166
-0.016570712049721537
-0.004607276044893733
-0.0010915915869480206
-0.00022038854047889365
-3.791671643667323e-05
-5.558854612003369e-06
-6.944688879420641e-07
-7.393212027987378e-08
-6.706972014672951e-09
-5.184816717798201e-10
-3.415641760319087e-11
-1.918784304317219e-12
-9.361234429219201e-14
-4.7878165435267995e-15
-1.4584663007326858e-15
-9.247640231286102e-16
-3.737654770266611e-16
-3.371798191737137e-16
-5.152408264400867e-16
-3.6870637491065804e-16
-3.287767821916321e-16
-1.7786089997763548e-16
-1.010780922661102e-15
-9.056802195718439e-17
1.8361204802350433e-16
-2.8656448907937915e-16
4.1351206421249363e-16
-2.5748594366458807e-16
-7.330862859208523e-16
-4.385061334048479e-16
-2.447722188076522e-16
-5.875048549898269e-16
-5.684388536082857e-17
-3.358467259279599e-16
1.2951617404812183e-16
-2.1531364223423774e-16
-1.3910595796083683e-15
-3.5052381006118765e-14
-7.338388752748748e-13
-1.3078071461844252e-11
-1.985220960163433e-10
-2.5680504123331626e-09
-2.8308081299786788e-08
-2.6590719584079796e-07
-2.128445882992327e-06
-1.4518040980942776e-05
-8.438520429732403e-05
-0.0004179626530297953
-0.0017640932213102093
-0.0063448077593759224
-0.019445910730413296
-0.05078681647712316
-0.11302813869767751
-0.21435570386357514
-0.34641476597796617
-0.4770573922042026
-0.5598320358386344
-0.5598320358386368
-0.4770573922042035
-0.3464147659779716
-0.21435570386357966
-0.11302813869768139
-0.0507868164771272
-0.019445910730416398
-0.006344807759378349
-0.001764093221312829
-0.0004179626530320581
-8.438520429954747e-05
-1.4518040983048546e-05
-2.1284458846545886e-06
-2.659071967183941e-07
-2.8308082557892153e-08
-2.5680518682242466e-09
-1.9852245270488883e-10
-1.307834474207876e-11
-7.347332952812187e-13
-3.650002099471318e-14
-1.7750375473910585e-15
-9.95359494601651e-16
-7.046745975626649e-16
-1.4799216467217788e-16
-1.9052605360211573e-16
-1.7246074863034514e-16
-9.147431135938907e-17
-5.701648366449244e-18
2.79704356799651e-16
-4.914069754804246e-16
3.993385157648294e-16
3.943713816924788e-16
-2.773653578086333e-16
-7.304934217582002e-17
-2.25706904590639e-16
-6.842280429874802e-16
-4.904470437857342e-16
-3.422804595934116e-16
-6.822706511694475e-16
-3.1997699471514994e-16
-6.660918210910272e-16
-2.784473450517067e-16
-5.017568049002415e-16
-8.141834992169742e-16
-1.1724968950423133e-14
-2.3962165776040685e-13
-4.267446106187039e-12
-6.47736337140123e-11
-8.379026368498213e-10
-9.236354631817361e-09
-8.676014569784185e-08
-6.944688855039342e-07
-4.736943429643356e-06
-2.7533187127459353e-05
-0.00013637276859072066
-0.0005755879739449523
-0.002070182572650782
-0.006344807759373582
-0.016570712049703194
-0.03687879788087939
-0.06993993503284103
-0.11302813869760767
-0.15565418795168884
-0.18266188167671232
-0.18266188167671343
-0.15565418795168812
-0.11302813869760847
-0.06993993503283967
-0.03687879788088014
-0.016570712049704298
-0.00634480775937436
-0.0020701825726512327
-0.0005755879739461249
-0.00013637276859140428
-2.75331871286203e-05
-4.736943430839229e-06
-6.944688862525741e-07
-8.676014608041383e-08
-9.236355443167643e-09
-8.379037827784857e-10
-6.477348854756968e-11
-4.267434147079938e-12
-2.3985323360110325e-13
-1.2711163980909647e-14
-5.639548154180644e-16
-9.076993943114493e-16
-8.016877884708701e-16
-6.856638955833325e-17
-2.6908439377729885e-16
2.4807318502605423e-17
8.492975625332973e-17
3.02309880884333e-16
5.749302791141239e-16
-2.450581650085875e-16
6.30061308316249e-16
2.973225399834641e-17
-4.193828071886153e-16
-8.172092211529082e-16
-4.692741424863979e-16
-9.030567984711786e-16
-7.316353605645638e-16
-5.653234683871365e-16
-8.222216315000954e-16
-5.000897653647151e-16
-7.470015232548376e-16
-4.290988572070974e-16
-5.190341604523944e-16
-5.944751140672692e-16
-3.59673834240713e-15
-6.687415099787318e-14
-1.1866901785328952e-12
-1.800919646827322e-11
-2.329678633418005e-10
-2.568050651118907e-09
-2.4122557085351836e-08
-1.9308825415450536e-07
-1.317046963549514e-06
-7.655253021680146e-06
-3.791671643409103e-05
-0.00016003492644849654
-0.0005755879739437221
-0.001764093221306873
-0.00460727604487687
-0.010253681406736694
-0.01944591073036224
-0.03142603855866445
-0.04327767022223085
-0.05078681647698544
-0.05078681647698384
-0.043277670222231085
-0.03142603855866543
-0.0194459107303614
-0.010253681406737266
-0.004607276044876682
-0.0017640932213070825
-0.0005755879739434171
-0.00016003492644927605
-3.79167164340039e-05
-7.655253022307073e-06
-1.3170469642318172e-06
-1.9308825437688568e-07
-2.4122557324821754e-08
-2.5680514505870717e-09
-2.3296890087606764e-10
-1.8009086190031278e-11
-1.186838158154214e-12
-6.68897069718547e-14
-4.3783625284911875e-15
-1.4852161056828953e-16
-7.223723233946877e-16
-7.726348387106981e-16
1.129414278736593e-16
-3.1021249531498744e-16
1.4564266145937655e-16
5.242933675237997e-17
2.375597952411672e-16
4.79864406143561e-16
-3.968708244316563e-16
4.707464911162048e-16
-6.766087988037476e-16
-3.162806786280774e-16
-1.4164605464203007e-15
-5.106121524734533e-16
-1.0143124652684824e-15
-8.869254807858817e-16
-8.433528311212407e-16
-1.165439340571187e-15
-9.160019501962009e-16
-1.070869300930408e-15
-8.061855110183926e-16
-7.50190947606235e-16
-6.677043876185136e-16
-1.3036872068672746e-15
-1.6166424427894903e-14
-2.8119034095879477e-13
-4.2664759635525044e-12
-5.5196409443337e-11
-6.084420591802893e-10
-5.715303924428672e-09
-4.5747967626786984e-08
-3.120449855185637e-07
-1.8137419408596442e-06
-8.983522641626343e-06
-3.791671643426032e-05
-0.00013637276859020288
-0.00041796265302741244
-0.001091591586933754
-0.002429381753918766
-0.00460727604484025
-0.0074457008799019885
-0.010253681406650336
-0.012032806598393283
-0.012032806598394898
-0.01025368140664838
-0.007445700879900419
-0.004607276044837941
-0.0024293817539188228
-0.0010915915869332182
-0.0004179626530273476
-0.00013637276858956434
-3.791671643499993e-05
-8.983522641309419e-06
-1.8137419413457043e-06
-3.1204498602493423e-07
-4.574796762780125e-08
-5.715304197392625e-09
-6.084430077904086e-10
-5.5197305259892474e-11
-4.266570226623612e-12
-2.81564309904686e-13
-1.6099445526993426e-14
-1.873494842856486e-15
-1.7401760948345728e-16
-7.423018483236205e-16
-1.051222606291799e-15
-9.744456981454608e-17
-7.395575752153405e-16
-7.44301649165807e-17
-2.1263016543237785e-16
9.211440383134357e-17
4.2423562637433825e-16
-3.7202551587247215e-16
5.410708843225176e-16
-1.1613064421343738e-15
-2.5259930518982575e-16
-1.9947877777254188e-15
-4.127852442176335e-16
-1.0370493997268144e-15
-7.897496343328603e-16
-7.490707507205656e-16
-9.696301463511877e-16
-6.426272722076091e-16
-6.936751916061189e-16
-5.46031118411677e-16
-5.798215133160328e-16
-5.280048380561972e-16
-7.364899407232191e-16
-3.6787811117328726e-15
-5.678736365948815e-14
-8.61017678997504e-13
-1.1144098208899265e-11
-1.2284200992489631e-10
-1.1539006033395243e-09
-9.236355896290267e-09
-6.30007964491187e-08
-3.661881825416563e-07
-1.8137419407349828e-06
-7.655253021414835e-06
-2.7533187126868216e-05
-8.438520429474437e-05
-0.00022038854046602812
-0.0004904837169774539
-0.0009301929908589572
-0.0015032610816258858
-0.0020701825725503767
-0.002429381753823231
-0.0024293817538239785
-0.002070182572547779
-0.0015032610816241483
-0.000930192990857142
-0.0004904837169774023
-0.0002203885404651522
-8.438520429486003e-05
-2.7533187126217864e-05
-7.655253022250865e-06
-1.8137419403855687e-06
-3.6618818285702687e-07
-6.300079670856103e-08
-9.2363556325082e-09
-1.1539008040763382e-09
-1.2284303830311682e-10
-1.1144754967306033e-11
-8.613330948766173e-13
-5.735553322729695e-14
-3.646550100429603e-15
-1.173019560932845e-15
-1.8101998777897655e-16
-5.283793245300826e-16
-8.706122988432857e-16
1.9317926275488266e-16
-5.445456712770077e-16
2.8433453147789703e-16
9.169427010769089e-18
2.424791841131509e-16
4.365013584788308e-16
-3.5891165168235065e-16
5.618380232309175e-16
-1.674571270911829e-15
1.8591575851159386e-16
-2.136523122903698e-15
7.685421307501322e-17
-8.887514666250077e-16
-6.324710694886693e-16
-7.804510733268715e-16
-1.0054564591316419e-15
-7.013857679211945e-16
-7.349321531049302e-16
-6.26076894063596e-16
-7.277174856382018e-16
-5.784128754712183e-16
-6.790368314839768e-16
-1.0901002432908095e-15
-9.744822142005393e-15
-1.4778006038800715e-13
-1.9175766595820926e-12
-2.113411905976209e-11
-1.9852340564375088e-10
-1.5890683700626593e-09
-1.0838964151964947e-08
-6.300079646822906e-08
-3.1204498564178274e-07
-1.3170469635195883e-06
-4.736943429699909e-06
-1.4518040978847017e-05
-3.791671642542258e-05
-8.438520427764965e-05
-0.00016003492641029432
-0.0002586283480273426
-0.00035616427871068497
-0.000417962652925989
-0.0004179626529273075
-0.0003561642787079727
-0.00025862834802574397
-0.00016003492640833273
-8.438520427778803e-05
-3.791671642468815e-05
-1.4518040979002859e-05
-4.73694342902429e-06
-1.317046964455309e-06
-3.1204498555303455e-07
-6.300079689382236e-08
-1.083896448174271e-08
-1.5890681579330918e-09
-1.9852367019870426e-10
-2.1135236569168634e-11
-1.918034429116001e-12
-1.4821383212416862e-13
-1.0352412181430734e-14
-1.0026412759103268e-15
-8.696354752829528e-16
-2.1212474088627455e-16
-5.245162855501541e-16
-9.321046412608982e-16
6.57492306964864e-18
-8.22887252912489e-16
1.4329512723633017e-16
-1.3446108368390871e-16
1.7172054377219417e-16
3.857226523537319e-16
-1.6388183727705906e-16
9.089065445178664e-16
-1.7050298875953668e-15
1.9110472081397807e-18
-2.7280907772012753e-15
1.0775275980979639e-16
-1.1039922965293043e-15
-7.002391552324424e-16
-8.941763165748158e-16
-9.038050443655725e-16
-5.195284584879186e-16
-5.270069719980677e-16
-4.2921200156213516e-16
-7.005424586803206e-16
-5.826151526957226e-16
-6.980262968424634e-16
-7.076171828137639e-16
-1.4569634585132892e-15
-2.1366287816013423e-14
-2.8136054840488876e-13
-3.0981011449028268e-12
-2.910538716502513e-11
-2.3296901610599293e-10
-1.5890680033760406e-09
-9.236355508749243e-09
-4.5747967409779174e-08
-1.9308825384502382e-07
-6.944688856942013e-07
-2.1284458811211013e-06
-5.558854602451809e-06
-1.2371458431716949e-05
-2.3462234366996154e-05
-3.791671637654655e-05
-5.221616285386939e-05
-6.127623474982775e-05
-6.127623474947653e-05
-5.221616285215245e-05
-3.7916716375694125e-05
-2.3462234364613166e-05
-1.2371458432548705e-05
-5.5588546016644205e-06
-2.1284458815777134e-06
-6.944688852298074e-07
-1.9308825491725368e-07
-4.57479675893486e-08
-9.236355963953079e-09
-1.5890683217839866e-09
-2.329688279649573e-10
-2.910558914577402e-11
-3.099104464335229e-12
-2.8163431738925745e-13
-2.1767429705919957e-14
-2.068294842712854e-15
-6.502758524164335e-16
-8.904505641202874e-16
-3.5808369216258764e-16
-5.676312173699761e-16
-7.871673637110954e-16
2.9684724433106936e-17
-7.980070858746438e-16
2.21399251281699e-16
-1.2434491785971428e-16
8.095295971072133e-17
1.2652236138562868e-16
-2.9157864628852836e-16
7.538877585115126e-16
-2.1704326251812538e-15
1.0964352052063341e-16
-2.844921382121733e-15
3.0846662309930924e-16
-1.0743799901561468e-15
-5.927140617730847e-16
-8.456826884364214e-16
-6.212796718177464e-16
-2.2619110756926665e-16
-2.505636376071769e-16
-1.48814523436549e-16
-5.386214451030992e-16
-4.803029650960261e-16
-5.764465958697716e-16
-6.951359462345521e-16
-3.963666401847939e-16
-2.7270179368270573e-15
-3.563853629490123e-14
-3.8717064593248775e-13
-3.6368724789703686e-12
-2.910558328738288e-11
-1.9852307960324594e-10
-1.1539000151168927e-09
-5.715303192669915e-09
-2.4122556071447554e-08
-8.676014500063493e-08
-2.659071930598487e-07
-6.944688790343898e-07
-1.5455689122565266e-06
-2.9311418917379963e-06
-4.7369433787686425e-06
-6.5233762427882905e-06
-7.655252935769911e-06
-7.655252937078221e-06
-6.52337624174515e-06
-4.736943377921513e-06
-2.931141889836082e-06
-1.5455689124148079e-06
-6.944688784033782e-07
-2.659071934241901e-07
-8.676014471078032e-08
-2.4122557221493304e-08
-5.715303661214233e-09
-1.15390052982188e-09
-1.9852341877184895e-10
-2.910546903515163e-11
-3.6369702794644878e-12
-3.8796604965227027e-13
-3.5940874422910846e-14
-3.1340633543410034e-15
-1.1076121401163123e-15
-6.894785999871859e-16
-8.958652166562535e-16
-4.1411470310109385e-16
-5.847829226949854e-16
-5.9897548718183e-16
2.0866685830093518e-17
-7.372897897822127e-16
3.406410056560052e-16
7.2175646809026e-18
9.965164115418801e-17
-8.58091527818151e-18
-2.336954939323719e-16
7.3773549648482245e-16
-2.194773816167197e-15
-1.3249004861696709e-17
-2.9345502029104695e-15
1.0734697918632513e-16
-1.2487332428994485e-15
-8.227540157502863e-16
-1.1532513550038146e-15
-7.251398440614997e-16
-3.329888913074118e-16
-3.0382494749521016e-16
-1.5975567762835195e-16
-5.241069585034982e-16
-4.3878662868814886e-16
-3.476989034230925e-16
-5.269991091823621e-16
-9.228941436489733e-17
-2.2031109159019757e-16
-3.854077357913629e-15
-4.109389108933357e-14
-3.874550350764638e-13
-3.098753969344596e-12
-2.113451678784516e-11
-1.2284238458607726e-10
-6.084423697108741e-10
-2.5680508973138636e-09
-9.236355261291057e-09
-2.830807990868328e-08
-7.393211273121833e-08
-1.6453894167677942e-07
-3.1204495701578844e-07
-5.042878663699501e-07
-6.944688221675451e-07
-8.149667103462357e-07
-8.149667107525145e-07
-6.94468821371774e-07
-5.042878641780857e-07
-3.120449554819656e-07
-1.6453894250298107e-07
-7.393211240308384e-08
-2.8308080441621045e-08
-9.23635511595098e-09
-2.56805206208395e-09
-6.084430639091712e-10
-1.228430220886319e-10
-2.1135080879877805e-11
-3.0989698460217916e-12
-3.8758482900930233e-13
-4.1620577227616045e-14
-4.256655139126695e-15
-5.235891842515405e-16
-8.530605382717735e-16
-4.921357743186657e-16
-8.174068033263241e-16
-4.990328908811368e-16
-7.290843938888504e-16
-6.235165174641679e-16
-3.0538182323155096e-16
-1.0270136550370893e-15
4.6404667260629893e-17
-1.8077746754209923e-16
-1.6184831745743264e-16
-3.3493357027898835e-16
-3.318836982075647e-16
4.1430063788179776e-16
-2.2414250566122285e-15
1.344334177513748e-16
-2.4464758991786824e-15
1.2015120327085034e-16
-8.600468512049023e-16
-5.408674130530706e-16
-9.414886686327752e-16
-4.882569158525428e-16
-2.357972439777914e-16
-2.1507636272499358e-16
-1.6695385908289307e-16
-5.313472419037532e-16
-4.934638983135748e-16
-3.3994693524365487e-16
-6.347736765813306e-16
-2.817867915429736e-16
-2.899364474715139e-16
-5.038145108295134e-16
-4.0463248431936085e-15
-3.573075631582283e-14
-2.815262137274672e-13
-1.9174539118668683e-12
-1.1143974043645173e-11
-5.5196237944315946e-11
-2.3296781565521556e-10
-8.379028985232806e-10
-2.568048896765892e-09
-6.706964802431302e-09
-1.4926623599609873e-08
-2.830805827559468e-08
-4.574792694837933e-08
-6.300073690685064e-08
-7.393204908482935e-08
-7.393204877145642e-08
-6.300073810923223e-08
-4.57479250268488e-08
-2.830805604537613e-08
-1.4926623839074184e-08
-6.706964288612703e-09
-2.568049170206939e-09
-8.379028086090655e-10
-2.3296872741184105e-10
-5.519678803378184e-11
-1.1144352344833624e-11
-1.9179301816528806e-12
-2.819184784153014e-13
-3.594122468249593e-14
-4.4894769078136676e-15
-1.3967160484952842e-15
-7.826885525591845e-16
-1.2546295868143646e-15
-6.338485352361016e-16
-9.575489692856953e-16
-7.10469042347345e-16
-9.101110003140922e-16
-6.032035645591001e-16
-4.4289602812139065e-16
-9.722620716034808e-16
9.913970252664259e-17
5.580757289209008e-17
-5.029061266144232e-17
-2.5818402454592895e-16
-6.952113286180611e-17
2.928261815279543e-16
-1.8333735365789077e-15
1.540083121670141e-16
-1.9631876420541503e-15
-2.025208953248881e-16
-6.29189827530219e-16
-4.469219474157912e-16
-8.195958909331359e-16
-4.060484481238489e-16
-2.4002255637648703e-16
-1.4424461642187402e-16
-1.906281243278879e-16
-4.716389609364983e-16
-3.96653011556568e-16
-2.1598197860580584e-16
-4.4809085616316465e-16
-1.382667193998138e-16
-1.0890040598710893e-16
3.5973782513935267e-16
-3.450503794820337e-16
-2.918673397302733e-15
-2.170778928953158e-14
-1.4805933722225543e-13
-8.61225331972101e-13
-4.266392851071973e-12
-1.8009028438410842e-11
-6.477363034806878e-11
-1.985204457564346e-10
-5.184751413131617e-10
-1.1538880566306937e-09
-2.1883264978559683e-09
-3.5364964972352403e-09
-4.870205220223361e-09
-5.71523920617391e-09
-5.71524236758499e-09
-4.870205134390531e-09
-3.536493604503092e-09
-2.188325559748934e-09
-1.1538878396101935e-09
-5.18475098070967e-10
-1.9852061033665466e-10
-6.47735656395325e-11
-1.800976451003054e-11
-4.2669262529994495e-12
-8.615244636750674e-13
-1.4858135979010915e-13
-2.2354099893467838e-14
-3.20579285782151e-15
-6.086918074757355e-16
-7.687489637087598e-16
-5.558977559308051e-16
-1.027839717867395e-15
-3.72649058174742e-16
-7.7609820998316675e-16
-6.558065124966333e-16
-8.918468857700285e-16
-4.928655889673234e-16
-5.789413282367867e-16
-9.810335345099719e-16
-7.926651709389523e-17
8.240209616147323e-17
-1.7068594289952078e-16
-2.9613071909225363e-16
6.401984879286713e-17
1.618024557509821e-17
-1.4339285453151123e-15
-5.1311975994788365e-17
-1.7175382919676118e-15
-8.303519683977927e-16
-7.027053345187812e-16
-6.770954530018231e-16
-9.687607938431913e-16
-6.750507922908651e-16
-5.17748862849117e-16
-2.3674041116699404e-16
-2.7950459183723296e-16
-3.647843996089073e-16
-1.913348072885775e-16
-1.0175680470674812e-16
-2.2115838042013775e-16
-1.2848649013111298e-16
-1.3331668059242652e-16
5.836338000436123e-16
-1.156998695293221e-16
-3.4753995467846407e-16
-1.3096342058823508e-15
-9.673181661794706e-15
-5.662166000565696e-14
-2.8073826690319153e-13
-1.1860690880344805e-12
-4.266884580180832e-12
-1.3075757614566862e-11
-3.4150094171626596e-11
-7.600163343348801e-11
-1.4413683001354829e-10
-2.329359585080562e-10
-3.2077849000328577e-10
-3.7643816703128684e-10
-3.764365399221749e-10
-3.2078048654612443e-10
-2.329335398497507e-10
-1.4413577060069541e-10
-7.600159816542753e-11
-3.414978793036404e-11
-1.3075866751509506e-11
-4.266754842533837e-12
-1.1865012722536656e-12
-2.8113701898418273e-13
-5.67766091399438e-14
-1.012721886675457e-14
-2.131315319799744e-15
-6.577779353021224e-16
-2.762421020062068e-16
-5.73533705191828e-16
-5.055311247946923e-16
-7.854099300135196e-16
-1.5500375026896407e-16
-5.093223194717912e-16
-4.73807850240184e-16
-8.161775016849302e-16
-4.163666399834475e-16
-8.265732217653905e-16
-1.1343260225674742e-15
-5.446457820016676e-16
-2.1130514422280303e-16
-6.78862893741256e-16
-6.391071599953372e-16
-1.642228544766268e-16
-5.114821382442868e-16
-1.2933165890381061e-15
-2.101375914698732e-16
-1.4576700212608534e-15
-1.1252099876346193e-15
-4.0867149574279396e-16
-3.9017113085047087e-16
-5.008477796613566e-16
-4.016153201439808e-16
-3.100504310601824e-16
2.6207330097113386e-17
-1.4805923051998785e-16
-1.903558542564853e-16
-7.386075995895428e-17
-2.0898151291695462e-16
-1.8231907367832863e-16
-3.749661272571462e-16
-3.2857039998237454e-16
4.2590695401922315e-16
-2.484463030120216e-16
-2.86322880315972e-16
1.690018774801767e-16
-3.783278810340156e-16
-2.8721837627491603e-15
-1.5306035789030656e-14
-6.611158131735625e-14
-2.393075947030863e-13
-7.320269273279506e-13
-1.912495522746134e-12
-4.256658293750665e-12
-8.072224772274479e-12
-1.3045763054423678e-11
-1.7965496614389746e-11
-2.1084192196434644e-11
-2.108607774355229e-11
-1.7967240877679188e-11
-1.3043499914868837e-11
-8.072505952249652e-12
-4.2577390145301474e-12
-1.9127997207814103e-12
-7.32247717496072e-13
-2.3921560650539353e-13
-6.63611946314091e-14
-1.56627220966775e-14
-2.9278521040910296e-15
-5.983180857032075e-16
-6.110116146131508e-16
-4.1315276836673525e-16
-4.005745067265826e-16
-5.186080341100505e-16
-6.678489570331028e-16
-6.843595150680032e-16
-1.627362798735723e-16
-3.4116317036969294e-16
-2.6808291413348676e-16
-6.303031330591502e-16
-8.613209002105986e-17
-6.980240573847057e-16
-7.9731791061454e-16
-4.905673081800311e-16
1.4312945921142863e-17
-7.152133111438145e-16
-5.243212828106406e-16
-1.5122231906800339e-16
-7.673885624364883e-16
-1.1651477758835148e-15
-4.185044758185791e-16
-1.2936502789010595e-15
-1.2494896374498848e-15
-1.5432508591398051e-16
-1.7995619819281168e-16
-1.785925028382979e-16
-3.660971478024184e-16
-3.7090081621881226e-16
2.0589665285045586e-17
-1.5717303178796285e-16
-2.7108658807369964e-17
1.5411386631225495e-16
-1.810773452671722e-17
2.7831134184586553e-16
-1.4123758127657534e-16
6.605678681712899e-17
5.253547947420648e-16
-2.273787769854469e-18
-2.722461645563794e-16
4.0551316242258245e-16
1.62324772454244e-16
2.9163079114813175e-16
-2.0210424629857726e-16
-2.5326757606502004e-15
-1.1012286840503795e-14
-3.305332037262795e-14
-8.730938918849179e-14
-1.9439305720065978e-13
-3.6967867862816627e-13
-5.979254284082522e-13
-8.188470041222549e-13
-9.655671622190402e-13
-9.646512197989216e-13
-8.233902990800525e-13
-5.973309941708679e-13
-3.706400520285554e-13
-1.9446738708192587e-13
-8.74947516429045e-14
-3.319914267898098e-14
-1.1097024701836537e-14
-2.5642018474909985e-15
-4.345058801487648e-16
3.602973448655428e-16
2.779488827740305e-16
-2.468915608401227e-16
-1.460968476015204e-16
-3.722350131657619e-16
-9.243888256602315e-17
-3.9519030124368656e-16
-1.5531814495577943e-16
1.6715770672613116e-16
1.1233285196803687e-16
1.3700355690506044e-16
-4.001265290238476e-16
1.6070466103516934e-16
-7.659377901416424e-16
-7.346342041194719e-16
-6.477018957413637e-16
5.809147561728494e-17
-8.343363291242432e-16
-4.1621948725878944e-16
-2.1214483384662673e-16
-9.215123864102585e-16
-1.1413076508813091e-15
-4.658192397710026e-16
-1.0425982612955957e-15
-1.2940573746480602e-15
-1.5151786013085283e-16
-2.8007344480829226e-16
-1.468704757348148e-16
-4.801250182431507e-16
-4.60206279516413e-16
2.2402939324541688e-17
-1.1591801497101519e-16
7.446776571056805e-17
1.70822672449671e-16
-1.0710556179537442e-16
3.105443472669458e-16
-3.224042268494218e-16
2.0409946779885419e-16
2.5642141263586056e-16
1.952937657514214e-16
-3.361717802265642e-16
5.459020308138229e-16
1.4690920879365739e-16
3.995862793463761e-16
3.2482666693985093e-16
2.7687415395021457e-16
-3.0054330626634233e-16
3.277025898966682e-16
1.658211366012484e-16
4.147835421421212e-16
-8.820311037722576e-16
-3.7609318765843244e-17
3.1081621430693158e-15
-2.2393211547565876e-16
-2.3000740560225787e-17
1.6158931886561988e-15
1.8497102622885216e-15
-5.721593229209756e-16
2.747709554178093e-16
-2.4296076300749726e-17
1.389406304397108e-16
-4.042623925384607e-16
3.2820713583799115e-16
4.218579427329563e-18
2.4342946221506294e-16
3.034156026066888e-16
-1.5401597786134042e-16
-2.31026160652715e-18
-5.005535274018438e-16
1.3344819142565554e-16
-3.2958765085016183e-16
3.116276022464061e-17
1.5053936286803869e-16
2.300957730825664e-16
2.9232604045992206e-16
-3.0683668274620726e-16
3.446333539455676e-16
-8.388968608174596e-16
-7.876059074343838e-16
-9.046869921609522e-16
-1.556260198935092e-16
-1.1963059937545297e-15
-5.414210855251948e-16
-4.2329416871867203e-16
-9.21302101670543e-16
-9.270300389309761e-16
-5.101094448980063e-16
-6.516422949042061e-16
-1.0634667282392645e-15
1.228480510102406e-16
-2.7151503805583985e-17
1.784518803156735e-16
-3.0420160403998764e-16
-3.745717769293198e-16
4.3593360162642185e-17
-9.668526195234275e-17
7.628469891713618e-17
1.4121087945767812e-16
-1.2030557283061711e-16
4.309535694250427e-16
-3.285885660183304e-16
5.374972334100752e-16
2.934546126381828e-17
4.037408225267338e-16
-5.060175165584735e-16
4.706879204051649e-16
-1.0229194170544162e-16
1.3697727595888824e-16
1.9971159167469328e-17
5.691100212904934e-17
-8.855395172229261e-17
1.3216384991862898e-15
3.376803682499777e-15
8.035733946644857e-15
1.3603583231334278e-14
2.2546229345385727e-14
3.210484687351706e-14
3.55067464537956e-14
3.451128626828511e-14
3.0030100860851676e-14
2.2762472900892898e-14
1.2936966740385537e-14
7.540101222309636e-15
3.291242188895148e-15
1.4168563969752603e-15
-1.0524510925863727e-16
2.8082286355177643e-16
-2.22897735989012e-16
-1.3520889119850295e-16
1.591900121244121e-16
-2.0694064804364874e-16
2.6669252314903486e-17
-6.869102914384962e-16
2.582569176033589e-16
-2.428395549985842e-16
1.8782850905449704e-16
1.4480074657198016e-16
2.640401810101234e-16
2.671517537221117e-16
-3.995527149501965e-16
3.0901160765300694e-16
-9.41934457500831e-16
-8.158127753344132e-16
-8.533558430990843e-16
-5.2681366486989816e-17
-1.1186537599635596e-15
-3.431233590052284e-16
-4.00369470235493e-16
-7.451644061575955e-16
-5.803763192352375e-16
-9.457682209920584e-16
-5.892634965561135e-16
-1.1386145921335589e-15
1.308918760050628e-16
8.759881105177723e-17
3.6550903581174337e-16
-1.1456047986730442e-16
-2.4931149618468382e-16
1.0637875315876245e-16
-1.1635445665910607e-18
1.1992641844851853e-16
1.8783684040679695e-16
-6.100410690149772e-17
5.52406761814119e-16
-3.0266297275352987e-16
8.541907552081093e-16
-5.817967181853087e-17
7.804846915105442e-16
-2.869487394155837e-16
8.116163864310602e-16
1.8634497331436693e-16
3.536395378602965e-16
1.392415460894587e-16
4.6154630314968025e-18
-2.698563168270685e-16
1.0031583071505727e-15
2.5676093292867436e-15
6.617672404359443e-15
1.2083789082560701e-14
2.167142517839986e-14
3.21724492641008e-14
3.1590677577642166e-14
3.27699931413045e-14
3.013633221809157e-14
2.2382848655382283e-14
1.2140640793177051e-14
6.9228875855288165e-15
2.78338985222064e-15
1.165990876695764e-15
-1.2291847922968984e-16
2.2179967718679282e-16
-1.326144633272367e-16
-1.3158784894568047e-16
4.187855037302801e-16
1.4350709285356698e-16
4.1315609493420565e-16
-5.186331526220677e-16
4.920531366043822e-16
-1.007654213292997e-16
2.8926248728956966e-16
1.0116229827500524e-16
2.298780630699303e-16
1.7397481572538155e-16
-4.3323480541526473e-16
2.782572411297309e-16
-8.817621668430549e-16
-8.030113138779108e-16
-6.738019123634502e-16
1.4828093874677207e-17
-1.031157681407977e-15
-3.1208213870840213e-16
-5.925039926495857e-16
-8.988099210111683e-16
-5.197966653619628e-16
-1.088894954103935e-15
-3.964295266589238e-16
-1.268645985526453e-15
-8.758934073994742e-17
-1.0247489917967032e-16
1.4596436267368754e-16
-1.7961260822977086e-16
-2.7834828870176085e-16
2.0907981776396486e-16
3.127827766898275e-16
5.221301268107265e-16
6.419722959131623e-16
3.468659930232638e-16
8.542887232249389e-16
-2.151084072948542e-16
8.60950810505591e-16
-4.1473526193375315e-16
5.448014727396195e-16
-6.016617927758428e-16
4.9987210160185e-16
-2.4377412906885517e-17
1.7120756854259823e-16
8.851593922337344e-17
-4.575367635094021e-18
-1.6907607105202298e-16
9.59726646993034e-16
2.489124094503333e-15
6.130031219142454e-15
1.1469472323261499e-14
1.7652389713801814e-14
2.5110739829332378e-14
3.2857574349645317e-14
2.8618721194584904e-14
2.5749469125295552e-14
2.0621815311945285e-14
1.1234299957145848e-14
6.689451224714121e-15
2.9392027142576488e-15
1.3733945717705932e-15
2.0136186445120844e-16
3.1885354054265036e-16
3.359886538990604e-17
-1.899394900922337e-16
4.091330153955777e-16
1.0683000895707232e-16
3.1349871193854235e-16
-7.296200861866854e-16
2.2515600069887226e-16
-3.619086397522637e-16
9.84094909719111e-17
-3.540007024196376e-17
2.400683197172486e-16
2.550182153178187e-16
-1.0176437717164114e-16
5.136995767247292e-16
-4.836152596267633e-16
-7.035646439660962e-16
-4.85799791481777e-16
-1.1485703594048155e-16
-1.056313839644541e-15
-4.213316089336533e-16
-7.324927253472702e-16
-9.332379277382637e-16
-1.6813394713349087e-16
-1.1891875871207334e-15
-2.1320457002607206e-16
-1.2965188054512874e-15
-1.6064861478284502e-16
-1.872825779733519e-16
-8.110284263223582e-17
-3.2195782732971965e-16
-5.843363532760729e-16
-6.368340061178348e-17
1.6158986399992694e-16
5.480902632278838e-16
8.011187873627693e-16
6.699012127090062e-16
1.2825320017878187e-15
3.296286302203603e-16
1.2903700316175164e-15
6.601661144465198e-17
9.30639189498045e-16
-1.7870248346171011e-16
7.03830250386432e-16
1.9334837503323892e-16
2.0081605002726717e-16
8.747541430851698e-17
-7.85388544954841e-17
-2.426720741277667e-16
6.971181772007532e-16
2.116421762616087e-15
5.396727169535672e-15
8.591174678678186e-15
1.5713600962245374e-14
2.264363983150899e-14
2.635967749771547e-14
2.4208459888580817e-14
2.2322932380111512e-14
1.504108853803898e-14
9.348689972989262e-15
6.127010258825918e-15
2.798777769751129e-15
1.4776577651567183e-15
4.1854229767840797e-16
2.8026840754525913e-16
9.22930701360247e-17
-2.0873103502583604e-16
5.01192070178893e-16
3.80243786556487e-16
6.997853567765291e-16
-9.602437583610603e-17
7.819148661831559e-16
2.2321330545106133e-16
5.90831012558256e-16
3.2695647140834034e-16
4.141533762211341e-16
2.1850059943069214e-16
-5.920191383097742e-17
2.3756274350117587e-16
-4.916855917062798e-16
-9.722864252492368e-16
-5.006308033345342e-16
-3.585740340254492e-16
-1.0435107111210843e-15
-5.57882330908924e-16
-8.626776839990372e-16
-1.061857316519377e-15
9.26321957777877e-17
-9.02918523134211e-16
2.0232316401922947e-16
-1.077588676788565e-15
-4.9096042422694586e-17
-1.8426542510313232e-16
-1.4652734676950427e-16
-2.3753468553966264e-16
-6.857692786755911e-16
-1.7699619260979338e-16
2.726262912858604e-17
5.039581368620604e-16
6.760210726770982e-16
6.13273576481678e-16
1.2646980507644036e-15
5.32950891237053e-16
1.2165148742942192e-15
3.769669582147745e-16
9.54962724165016e-16
5.140218895501909e-17
7.264008730102279e-16
3.443108503822485e-16
2.1375976337765883e-16
1.0414026901083164e-16
-4.097759832350232e-17
-1.4100462565915677e-16
4.682878026706467e-16
1.7485775520671125e-15
4.656707005529052e-15
8.139913930360458e-15
1.317951443697169e-14
1.8875746307234722e-14
2.624686837323059e-14
2.0741716123934815e-14
1.8541719080282064e-14
1.5861254400234572e-14
8.53637103669096e-15
5.5105646474634226e-15
2.6033742924206906e-15
1.3463804659552036e-15
4.045029554815819e-16
1.3962729190144583e-16
1.1288312633770134e-16
-1.2762528954556526e-16
5.997217656553204e-16
5.862407422946302e-16
8.310250452390732e-16
3.1816052841092503e-16
9.410897843380504e-16
4.4196223403836158e-16
6.55882504894186e-16
3.502903986434698e-16
2.520425776469749e-16
-3.3185635229025105e-18
-4.7534023378860144e-17
8.171172474614166e-17
-1.7010452826777785e-16
-7.939685734830485e-16
-1.2694119153112397e-16
-2.7917575469031205e-16
-7.844349464667225e-16
-5.579446334361821e-16
-7.895040421367849e-16
-9.59735694438437e-16
5.831864619389625e-16
-1.1393366595937967e-15
1.1068785223115524e-17
-1.2919570825461984e-15
-3.019844789296345e-16
-5.945612050890331e-16
-5.509375745070486e-16
-5.48446177864221e-16
-1.1790782597080348e-15
-6.445918668310094e-16
-3.022299333098688e-16
4.752037801554321e-16
6.981251699688071e-16
7.497376007120239e-16
1.3977147768648923e-15
8.044625714259306e-16
9.782996636582005e-16
6.493332238101604e-16
7.3431429745630885e-16
1.0543763374329722e-16
6.462665769778575e-16
4.183997213236161e-16
1.7165096757054533e-16
-7.856673200958629e-18
-1.4579859538516132e-16
-2.0479615532250625e-16
1.935405870806438e-16
1.1725583781467407e-15
3.858788041758784e-15
5.6944925121338596e-15
1.1646749813964788e-14
1.8803926094110383e-14
1.835458902272763e-14
1.823314336371231e-14
1.5791885130061993e-14
1.1612755921659395e-14
6.745878386156119e-15
5.005829119722145e-15
2.186921341308049e-15
1.0716045690572989e-15
2.1416432136101662e-16
-1.588361906677264e-16
-1.4778072331041061e-16
-2.6974993125729263e-16
4.281346825305428e-16
5.502773461326496e-16
6.731992354568506e-16
5.346285389668655e-16
8.878709303895609e-16
5.80728978424827e-16
6.888764280916799e-16
5.031078706163963e-16
2.7886878862355043e-16
7.038587723473457e-17
1.234410900297597e-16
-4.606733319753153e-17
-5.5293773684534744e-17
-8.664091688640939e-16
-1.6368452258017633e-16
-4.893108397533137e-16
-7.383359535421469e-16
-7.371167705336411e-16
-8.978495636872677e-16
-1.1460628914017072e-15
5.295854534975466e-16
-8.593734953629724e-16
2.4960247011433514e-16
-1.0273506105364054e-15
-1.6340707104742038e-16
-6.556908700839964e-16
-4.949362721340844e-16
-3.8011938315858044e-16
-1.137479362497888e-15
-7.273564522888897e-16
-3.733431349088211e-16
4.477605538572301e-16
5.920713501035051e-16
5.983812345481959e-16
1.269645869681504e-15
7.908925206398674e-16
5.088318560287088e-16
7.568800576500147e-16
1.778774977025714e-16
-2.8077946908223143e-16
1.920231003943589e-16
1.1704455093622406e-16
-2.917933311789136e-17
-9.523435314194703e-17
3.170790746187579e-17
3.112163503334263e-16
4.1827368077898833e-16
1.332413403327758e-15
3.924260950437568e-15
5.638985309053704e-15
9.326636967011812e-15
1.2314081904963062e-14
1.4935421601776223e-14
1.270804508342532e-14
1.2528266080032925e-14
9.456598993704734e-15
6.928090358094409e-15
4.234145214047563e-15
2.250694221607253e-15
1.2317365159832867e-15
3.8947473310763444e-16
-8.017153640296368e-17
-2.1413198387262786e-16
-3.4751691845381945e-16
1.1050879536244465e-16
2.3490208673799113e-16
1.2747714363639996e-16
3.0598787262454206e-16
4.468100828233554e-16
3.7548493397563043e-16
4.510636811971854e-16
4.171924032284848e-16
1.2875618740982592e-16
1.1508969328960452e-16
2.7662276760082164e-16
4.415410686669704e-17
3.469559086478173e-16
-3.760875023033527e-16
2.6109298807472084e-16
-1.82391356837275e-16
-2.5472634734913693e-16
-4.83301589217884e-16
-5.438029601038622e-16
-7.888489506199993e-16
9.211797891950763e-16
-1.1075289244283652e-15
-7.809639359766222e-18
-1.1132155171907693e-15
-4.357861345639629e-16
-1.1153364955289375e-15
-8.576963401687345e-16
-6.269792961837465e-16
-1.3635597674187034e-15
-1.0318314535313873e-15
-4.960958512523855e-16
3.500653681924449e-16
5.544389312023737e-16
4.462670288090495e-16
1.2345540441806768e-15
7.949178396714506e-16
3.055092913990342e-16
1.2143985242312026e-15
1.0643511498804048e-16
-1.5976550687573586e-16
3.9289547305143306e-16
3.4225504352742617e-16
2.479100907116059e-16
6.747317538618835e-17
1.9638190913130169e-16
5.904014791986879e-16
3.599027225164303e-16
1.0327469413611866e-15
2.7302924361850442e-15
2.9574839945286897e-15
6.5566738689966385e-15
8.688986678961813e-15
1.2105758978380565e-14
9.229553275218115e-15
7.915818118497098e-15
6.6529423884343785e-15
3.962557452183442e-15
2.9075401791993278e-15
1.766697571591697e-15
9.701034479984148e-16
3.0463460668822253e-16
-4.567540420788349e-17
-2.3330496921511743e-16
-2.166346777812215e-16
1.2513372507703268e-16
3.79248994726467e-16
1.4790084864381007e-16
5.2831596755299825e-16
5.244775160711723e-16
4.636969126840539e-16
5.279483932010235e-16
4.702127521589616e-16
1.1864246819900525e-16
2.6285636156166327e-16
3.445422159027355e-16
4.9592006168485294e-17
4.656708044727881e-16
-6.937885916716965e-17
3.3646813558133074e-16
-1.891029529224512e-16
-1.5637048393325853e-16
-6.210100704990618e-16
-6.514750836452734e-16
-9.107841411227936e-16
7.074794894171353e-16
-6.086312489191428e-16
4.6200524718441615e-16
-4.738646638744666e-16
-1.601548359100756e-16
-1.067396900995416e-15
-9.06351443038921e-16
-6.900364898868845e-16
-1.4976392394273601e-15
-1.4638727746507383e-15
-8.745068935603581e-16
-2.38572867888876e-16
5.316085020372693e-17
-2.4553363376751735e-16
7.883690641841636e-16
3.1286841190725685e-16
-8.790899906904904e-17
1.3723520663496325e-15
-1.215149164466108e-16
-3.048204759618773e-16
3.6223670589605443e-16
2.089733386552513e-16
1.603149935887061e-16
-1.7717226795316116e-16
-9.383393017083667e-17
4.614779472451789e-16
5.574660048726887e-17
2.787213178800724e-16
1.6721020177773516e-15
3.094613458748727e-15
6.0733209224860775e-15
7.663593297882539e-15
6.113776877952185e-15
7.90466206562082e-15
6.097609154655976e-15
3.88198513377194e-15
3.962536065154504e-15
2.3486409196976786e-15
1.2241818802005377e-15
5.288208138487005e-16
-1.6990585662265492e-17
-2.884753528208221e-16
-5.919714078175067e-16
-4.923991038486784e-16
-2.914064487866619e-16
1.0872157863707518e-16
-1.3438714766941217e-16
3.4112374284891596e-16
4.1388125789929186e-16
1.5759205919959006e-16
3.97672728492232e-16
1.4236507282965214e-16
-2.23728299416601e-16
2.0574013261857037e-17
-3.674211428894967e-17
-2.7153673930715724e-16
2.162124882404641e-16
9.032704573583365e-17
3.0516138470707416e-16
-1.2535170637796637e-16
1.121889134679454e-16
-3.7935236165922057e-16
-2.563864170950383e-16
-3.9983561534681994e-16
1.1564258723217727e-15
-4.3782784564704733e-16
6.123531699061396e-16
-4.7154274172229277e-17
7.581639530138586e-18
-8.859380388180199e-16
-7.822949159588463e-16
-4.919215771710732e-16
-1.2907164782483232e-15
-1.5462141852268432e-15
-8.575306663278671e-16
-4.721800106534266e-16
-5.924288831580357e-17
-6.786871290227565e-16
4.83212448805997e-16
-3.6659790183822495e-16
-6.487185634638061e-16
1.0236908943395616e-15
-6.081558498614761e-16
-7.021362325240556e-16
2.2062538646392847e-16
3.364784800241181e-17
1.0295859855174043e-16
-3.2271260828089784e-16
-2.9604035648460374e-16
4.077961146106403e-16
-9.748189837745256e-17
-1.8757246345519505e-16
1.0960733283413672e-15
6.225701288987957e-16
2.7378348835403017e-15
1.794092224201864e-15
6.742725158115804e-15
7.957762642062084e-15
2.3446177104784617e-15
2.827920305977537e-15
1.4500365958195046e-15
5.907696431142156e-16
8.876935842234553e-16
1.7984955498126617e-16
-1.181908950622783e-16
-3.1729713627175735e-16
-7.179379223652229e-16
-6.236976842540268e-16
-6.406381197856989e-16
-2.2317969685168424e-16
-4.989039739999282e-16
-1.0870766189256623e-16
1.8106651878079233e-16
-4.803240218866166e-16
2.0950153668906664e-16
-2.1588362336875029e-16
-3.6669189195530476e-16
3.686534993234468e-17
-1.2601289112390864e-16
-2.9995679854023925e-16
4.89782567701091e-17
3.110687501398792e-16
2.928180482964976e-16
1.2742314533373084e-17
4.0067436278743633e-16
-7.831543007384881e-17
8.347292776803888e-17
-7.109355901156876e-17
1.2985153019442985e-15
-2.166392286486433e-16
8.009560688502372e-16
4.0440176101548053e-16
1.8932362454219254e-16
-6.121966030695988e-16
-5.924639767593185e-16
-1.7208975475262387e-16
-8.810473092060989e-16
-1.3781076783208317e-15
-5.839069982140473e-16
-4.3727120462012983e-16
1.4240046790913923e-16
-6.8406216456548e-16
7.152233050312269e-16
-5.184669920794107e-16
-5.562829666065159e-16
9.969181831680782e-16
-5.479823483320698e-16
-6.592391560339088e-16
4.93769318434885e-16
2.8082701376382663e-16
4.610344554150645e-16
1.1942703771745428e-17
1.7619616595673572e-19
7.940530770808677e-16
3.0925862343103757e-16
-9.295294847594403e-17
7.112097211482011e-16
1.2373123912421459e-15
1.952806435465902e-15
2.183143690904671e-15
5.4050964499415155e-15
3.040164777277891e-15
9.220428225540068e-17
-1.5034141143703698e-15
1.6836661226190927e-15
3.953770297948435e-16
3.7566129326313905e-16
2.7684426983364743e-16
1.6783657734002306e-16
2.0620466198772697e-17
-4.462458099548723e-16
-3.979434363736576e-16
-5.4776956565431585e-16
-1.1543637985469825e-16
-3.289797052752389e-16
-2.2313346548842205e-17
5.891626513805003e-16
-6.219221313126389e-16
5.667535640816658e-16
-1.2405228242303806e-16
-1.4153473392447536e-16
2.864310809001035e-16
-7.86596497380785e-18
-1.3290287391115095e-16
-2.856879196251616e-17
6.141533491004576e-16
3.9319821854930963e-16
2.786504946992664e-16
6.741590626434339e-16
2.332734314506591e-16
3.5288541758084615e-16
2.0095457868959609e-16
1.4041721748368802e-15
