-7.931547504862144e-16
-5.812965595811622e-15
-6.410106646734634e-16
3.389466606544615e-16
3.118691212797972e-15
2.74266569213718e-16
4.2658787510196935e-15
6.9684500240597305e-15
5.310496726873096e-15
5.528433475694635e-15
5.951358069920224e-16
-1.5973830203029644e-15
1.3954043124287475e-15
-1.551189528589792e-15
3.56686215903634e-15
-6.726266766195512e-15
5.515918789537686e-15
-3.652580685112391e-15
7.184720602488023e-15
3.0048626034283643e-15
6.4983227787285595e-15
5.6065672985641915e-15
7.755306353831066e-15
1.5727903748521933e-14
3.324883337039793e-15
1.1763723887110329e-14
1.5329888860731615e-15
-2.519379376852962e-15
-7.175589071508928e-15
-1.0498222837312525e-14
-1.5442956566583687e-14
-6.749250414623644e-15
-4.3935312376910595e-14
1.0992448428473619e-14
-4.1151057199956896e-15
4.2206873034121445e-15
4.702671945965704e-15
-2.140256137946291e-15
-2.96344577951401e-15
2.6169271237668363e-15
4.8956173920542365e-15
3.4754927181210835e-15
2.4008039948397058e-15
1.3863967824833637e-15
-6.764127854101964e-16
-8.762593527480773e-17
-4.2243510197885276e-16
-2.4424032397487492e-15
-6.825273614914998e-15
-1.4611956283312746e-15
-3.1294936862573855e-15
2.1378753266798292e-15
-3.58933431215238e-15
3.1338281252600557e-15
-2.6527816522767963e-15
-5.561427084457625e-16
-1.0743460722550249e-15
-4.572244777682296e-17
-4.7363266266309005e-15
-4.64987159083749e-15
-5.4560278184670855e-15
-7.120171590725381e-15
-5.253548787709601e-15
-4.317098170342669e-15
1.6998979014986628e-16
-6.028413261829282e-15
1.1088722062845332e-15
1.398208650359546e-15
5.294287496050504e-15
1.9666140752082102e-15
6.711218537631374e-15
6.290781849123116e-15
5.278025475590277e-15
4.792756993933562e-15
1.8143292865256512e-15
-8.781526775830035e-16
1.8396160533199614e-15
-1.4541090849066328e-15
4.747495671608474e-15
-7.147562737397254e-15
6.052764421349119e-15
-4.6029063663086914e-15
5.469785550230894e-15
2.8833590576050393e-16
2.7007153770452795e-15
1.9346503617836117e-15
2.851076889144491e-15
1.3656070899148722e-14
-8.182736021628234e-16
1.2238739446944215e-14
1.1633646344430468e-15
-1.2188030152197769e-15
-6.91870135606497e-15
-1.9987734564030662e-14
-2.1952332689625763e-14
-1.7799873385726257e-14
-5.453429084146207e-14
-4.1396923944690795e-14
-2.4956512003215506e-14
-8.0567482047408e-15
-3.582943590834863e-15
-8.902477930834532e-16
-3.951374177349442e-15
1.1714756801533923e-15
3.3171086608358906e-15
7.448184271297058e-16
-1.857383380017027e-15
-1.3708684699179368e-15
-4.301387351906242e-15
-2.2260375340995447e-15
-4.510714584683627e-15
-5.448413892551523e-15
-7.780994334250725e-15
-3.6317670787847866e-15
-2.683095426206202e-15
2.1121407570770513e-15
-1.3765786526880601e-15
2.5778729929364815e-15
-1.6564918891483131e-15
7.779760178472333e-16
-3.7198169580066253e-16
2.4903997895357708e-15
-1.1036189889311362e-15
-1.2354879835779777e-15
-2.6037318823171167e-15
-4.558686143936095e-15
-1.0463840797817233e-15
-3.758043196905282e-15
-5.205901476759971e-16
-9.209647393624435e-15
2.0168778192568869e-16
-1.0331048766027457e-15
2.6392611404531608e-15
-4.3251987807302876e-16
5.338103379998088e-15
3.2651939893476244e-15
3.775609806058151e-15
2.0285241732311105e-15
2.1213728594812406e-16
-2.9181809517167746e-15
2.652951954795701e-17
-2.559714514814571e-15
5.264220766693734e-15
-5.502511007489169e-15
8.12029199239854e-15
-2.234887003596391e-15
6.748348159548025e-15
1.860383831497224e-15
3.873396595964477e-15
4.158438497933759e-15
4.6495082356509684e-15
1.6984508829487655e-14
6.802859562495034e-16
1.4494549637578555e-14
7.525855485047724e-16
-8.143653424397375e-15
-2.9596482474891334e-14
-3.9933273997015024e-14
-4.143840210135797e-14
-5.555630349479741e-14
-6.139636507108032e-14
-2.452722674303164e-14
-4.306487306698541e-14
-1.5393515676876053e-14
-8.888557388479938e-15
-4.8454653854152874e-15
-1.5873330549806287e-15
4.844647929096993e-15
6.904627597531629e-15
3.7329942348335e-15
-9.73412523556774e-17
-2.6145321085278443e-17
-4.025765983689545e-15
-2.7957041086995763e-15
-5.939001123031695e-15
-7.870487161771825e-15
-7.377177697690495e-15
-6.003746032718266e-15
-2.0357118538667762e-15
-2.467013618591357e-17
-1.6870017225518866e-15
-4.338251862486647e-16
-2.6170511295377192e-15
-5.4332788066102884e-17
-1.9955091481615653e-15
1.7004639629942006e-15
-1.6474316479007346e-15
-2.071558874350521e-15
-4.8593242857910684e-15
-4.862914069143645e-15
2.599523076671101e-16
-6.315603437023986e-15
-4.653013374606379e-15
-1.543942876469978e-14
-2.3970597145896618e-15
-3.622075844929258e-15
-6.631931096041673e-16
-3.4981322741404417e-15
1.6330508430485333e-15
-1.7862420441131823e-15
4.613351815205205e-16
-2.0091406013656847e-15
-2.4572348294962853e-15
-4.631371478313313e-15
-1.0194178896945036e-15
-3.456584173356444e-15
3.582228051484185e-15
-5.131009646806135e-15
7.176493195994263e-15
-1.4586200771737465e-15
6.269791637720374e-15
2.978130474939422e-15
4.37206834306151e-15
4.6542931914026266e-15
4.2281515904174135e-15
1.6330463622687466e-14
-8.627782399098487e-16
1.2859064967584212e-14
-5.0796197159523495e-15
-1.3467293070024677e-14
-3.529944276504524e-14
-3.9132600609414814e-14
-7.792972208064904e-14
-6.703100431373112e-14
-7.95146201389545e-14
-8.436324995677393e-14
-4.887965234641449e-14
-3.28042269533196e-14
-1.6766194470701026e-14
-5.322315203865077e-15
-3.03315589102507e-16
4.915880905424625e-15
7.567311561669387e-15
3.4924907683786857e-15
-4.477688716986646e-16
-9.491601218096014e-16
-4.383526577060056e-15
-4.5412258605177e-15
-6.7882544948048396e-15
-1.0936951435769309e-14
-7.509095695446518e-15
-9.491575639601872e-15
-2.3900387949474874e-15
-3.811813526836985e-15
-3.752757646452941e-15
-4.6473055831482305e-15
-5.246289881383575e-15
-3.0941486285514915e-15
-5.4030883053627335e-15
-6.854654513453448e-16
-3.0537726764993937e-15
-2.6787281431369223e-15
-6.9801666401697256e-15
-5.0089686360673454e-15
-6.633282412074352e-16
-1.190725837536565e-14
-7.361050859457272e-16
-1.3077329306823894e-14
2.2236187024168054e-15
4.500465135815586e-16
1.2709365880205412e-15
-1.3326938681099414e-15
2.5742492478001826e-15
-1.0309609049096568e-15
2.8293928285661967e-15
-3.6088357234299677e-16
-8.431445989264038e-16
-2.0630657994935093e-15
2.0198792173917972e-15
-4.72043804678264e-16
4.062038851025402e-15
-1.2798162937926289e-15
7.977395195545839e-15
6.189791214753519e-16
4.962084128186599e-15
2.3652649911256753e-15
1.8961785254152775e-15
7.894668707954029e-16
-6.020355728817123e-16
9.300178501839799e-15
-7.536253619388883e-15
5.018945407859753e-15
-1.1153531902581382e-14
-2.2397813724140674e-14
-4.6811841325679856e-14
-6.600154426179746e-14
-9.531518029307123e-14
-9.549795115000877e-14
-1.1597195548541478e-13
-7.399034248888229e-14
-6.012872570386068e-14
-3.4260971039716375e-14
-2.5638780825048726e-14
-1.1192522501386983e-14
-5.683077521687606e-15
-2.604484103724891e-16
2.2231224806052725e-15
-2.4184185654895456e-15
-5.329924612906453e-15
-6.03282954315663e-15
-7.203838022112655e-15
-7.853885084192569e-15
-6.901014378250541e-15
-1.1890811764505476e-14
-5.001334881641086e-15
-9.258979285325834e-15
2.7409306334231365e-16
-3.82573475869619e-15
-2.1287106070915346e-15
-3.322650796574786e-15
-2.497002289236119e-15
-6.140091444075837e-16
-3.1383988717058574e-15
1.9064163863006606e-15
2.418175625192624e-16
1.91557104422841e-15
-2.8129938204782155e-15
1.5354031197169016e-15
5.116552934892595e-15
-8.83889526984903e-15
-1.0754021448701173e-15
-1.3568955213301376e-14
3.729141309786947e-15
2.7474214955535994e-15
2.079025538011796e-15
6.233266381216677e-16
3.070514197538654e-15
-3.5369800815726724e-16
4.208841184170771e-15
6.922261655224037e-16
-4.0009318069902895e-16
-5.069947564746178e-16
3.861536817127232e-15
8.396219816023371e-16
9.916919142518435e-16
-6.337204641438125e-16
5.092050908693014e-15
2.2813354509589095e-17
2.0286523182967893e-15
1.9401098946395327e-15
1.4326135069579492e-15
-1.3218348432630714e-16
-8.630021588349507e-16
6.417180416690331e-15
-8.067086011269167e-15
4.15116986253153e-15
-1.0693758584065868e-14
-2.6150175583761006e-14
-5.4464622107864665e-14
-7.072518239492729e-14
-1.0116107878087088e-13
-1.0058197654793252e-13
-1.1888478935849e-13
-1.1231460712364682e-13
-7.135489651062736e-14
-4.6682571721523184e-14
-2.2305842100329986e-14
-1.0031945514253192e-14
-3.3300062716699418e-15
1.3144254850270074e-15
3.3112355726126645e-15
-2.2078157223590006e-15
-4.325419580096409e-15
-6.196930074321813e-15
-6.1864355241682555e-15
-8.498386034852352e-15
-5.568662159972041e-15
-1.1527323292829048e-14
-2.946207006514112e-15
-8.924321908733337e-15
1.147921524322253e-15
-4.439956030173632e-15
-2.279367847941463e-15
-2.6477879591590233e-15
-1.5039295097081558e-15
2.3594961167230297e-16
-1.963245442486456e-15
3.3278533058224175e-15
2.337530400356715e-15
4.770307032820292e-15
-2.615262188473693e-16
4.626083437761044e-15
6.736150670192031e-15
-8.864902772801272e-15
1.2512669611657799e-15
-1.096971037302315e-14
6.104118902602941e-15
4.61638685133856e-15
7.70151918329894e-16
-4.908356893037191e-17
8.071724940403165e-16
-1.818455825633845e-15
3.0010701616152405e-15
-1.3341866650038066e-17
-1.529155258176658e-15
-5.743028845111007e-16
4.479221390374567e-15
1.8477964961509765e-15
-1.7039299165020015e-15
1.0510660711997737e-15
3.6855708799740625e-15
8.593219675973651e-16
4.038614498217324e-16
2.4808333715761992e-15
2.744256886899349e-15
1.1003952652974759e-15
1.9925123090556523e-15
5.8337429634100456e-15
-5.56963026223517e-15
2.2080352807474894e-15
-9.847483586077115e-15
-2.7400358593335656e-14
-5.97401297706432e-14
-8.346077127161636e-14
-1.2981138644082281e-13
-1.4795812821258074e-13
-1.382041543240436e-13
-1.1604751835376216e-13
-8.807647200583625e-14
-4.7444018441316716e-14
-2.643141377558193e-14
-8.251159335206268e-15
2.3660344438086184e-16
4.931170098412812e-15
7.263546966857427e-15
1.2454654347509126e-15
-9.683107114349356e-17
-3.4570694238542676e-15
-3.0420798917806744e-15
-6.59819697872434e-15
-1.998559936111966e-15
-7.716690271030456e-15
1.6881867591423277e-15
-5.377273966378726e-15
3.304033754853476e-15
-3.085150731227234e-15
-2.3758599460690303e-15
-1.5589676658985368e-15
-1.261430954838024e-15
-1.5623185158510933e-16
-2.2716928200274957e-15
2.5550499667113773e-15
2.1671752258299707e-15
4.850008903037045e-15
9.213177101948289e-16
6.449243716832865e-15
8.903563236241962e-15
-6.1967328884560236e-15
-1.6318869212994396e-15
-1.2856027683814626e-14
3.95250339852028e-15
3.566152276235358e-15
-2.714225890622909e-15
-2.155290893453716e-15
-2.66891956021381e-15
-4.394543918836708e-15
-8.096082706958949e-17
-1.9823902408719826e-15
-3.031859777667879e-15
-1.3333989466965013e-15
4.22393612982404e-15
1.868331492456489e-15
-4.969146263974064e-15
7.08709902502862e-16
5.627952562575852e-16
-6.34556826123433e-17
-2.2900418602122755e-15
1.2374370492336453e-15
2.4898667110760546e-15
4.281960619170756e-17
2.327386806965741e-15
2.1546561717300647e-15
-5.60879030296529e-15
-3.744027747151019e-16
-1.2556062856251186e-14
-3.470113421705521e-14
-6.55456683486134e-14
-1.0233065480768835e-13
-1.3902504395914304e-13
-1.5916114221377445e-13
-1.6409478441329057e-13
-1.4460825358815082e-13
-1.0034735478424437e-13
-6.504706407678032e-14
-2.91819092955157e-14
-9.077995141791505e-15
4.099038705431606e-16
4.161628547923221e-15
7.021733534200557e-15
1.1685608508548133e-15
1.924339316685881e-15
-9.536989401893873e-16
8.195262550894817e-16
-2.4395914175402777e-15
3.147131000461087e-15
-2.8166611182280907e-15
6.1553345085576654e-15
-2.0714726309008405e-15
4.917327660751017e-15
-1.171679917978399e-15
-2.8210082716624447e-15
-8.224442160923182e-16
-2.120272567761322e-15
-2.7142517384153137e-15
-5.3813595368116384e-15
-1.3836930103550013e-15
-7.037524061743463e-16
1.5729827977359878e-15
-9.820310422484055e-16
4.073093887485334e-15
6.41967137489991e-15
-8.475806128371299e-15
3.544782466333626e-15
-6.533520730324839e-15
8.592972550058241e-15
9.133954822960075e-15
-3.4649313049545323e-16
9.171384799629437e-16
-1.40987840041729e-15
-2.2556226248592314e-15
8.020263223882681e-16
-3.7057386478923226e-17
-4.617323787097875e-16
8.015086220465358e-16
5.85470467072904e-15
3.136511656082004e-15
-6.0399842868659755e-15
8.814626710972284e-17
-2.8563552906453227e-15
-2.210895616568159e-15
-5.859259925888976e-15
-2.222271446497963e-15
4.347224467666698e-16
-2.535584250316795e-15
1.996924439703585e-15
-1.6146180432100213e-15
-5.51427211752947e-15
-5.195779595148288e-15
-1.62658470506126e-14
-3.7296201448352104e-14
-7.58781487028275e-14
-1.2770449568433136e-13
-1.7800442831009537e-13
-1.8542866362971347e-13
-2.035691040105505e-13
-1.676917113102832e-13
-1.1541703802025938e-13
-6.88552107004369e-14
-4.0420031804066054e-14
-1.187683490427907e-14
-9.19273493350561e-16
2.9758824701724475e-15
6.334024888254876e-15
5.939568618833838e-16
2.65620447164977e-15
5.390540016785221e-17
2.2086015137929846e-15
-3.2460011887742013e-16
5.724753918766149e-15
-8.266684715740413e-16
8.167968652837035e-15
-4.666769515522251e-16
6.633474811059772e-15
2.3273637459137937e-15
-9.578366190805771e-16
2.844933462061584e-15
9.918979113696483e-16
-8.93827358828042e-16
-3.93158748678162e-15
-3.4137986372113756e-16
1.789314662378141e-15
3.287077460094376e-15
2.5334309405920516e-15
7.793800664267723e-15
1.0746456237895042e-14
-3.0650503757929956e-15
3.753056885841836e-15
-4.618845172942731e-15
8.551164361573568e-15
1.144257404491715e-14
8.383859199073082e-16
4.217485047962709e-15
1.4583835659746457e-15
2.980884097945315e-15
4.753352600828027e-15
4.706837302628424e-15
3.9207559767944505e-15
3.231673816374832e-15
6.409474470250075e-15
2.675697505981765e-15
-7.2800741589121e-15
-2.7807375968180206e-15
-7.850103635754617e-15
-6.349347001387141e-15
-1.02802001059683e-14
-7.593861215935225e-15
-3.3625740552143073e-15
-6.579639612384423e-15
7.058414136105101e-16
-5.312322885748543e-15
-5.721727554388004e-15
-6.4938881293679195e-15
-1.5864048454344282e-14
-4.587694022704548e-14
-8.148271347802197e-14
-1.2792922130122526e-13
-1.7667022881633748e-13
-2.1444447197431496e-13
-2.0955192279942507e-13
-1.8442386804549132e-13
-1.2964701852621226e-13
-7.700280413963829e-14
-3.871625629715817e-14
-1.1439078562819447e-14
-1.806089724248779e-15
1.306448136871694e-15
4.69176540970885e-15
-1.1226942149991422e-15
1.2351868818490537e-15
-9.161750084778617e-16
1.1563691247427292e-15
-4.206891818168848e-16
5.490261465080694e-15
-2.4957956329276305e-15
6.6964949031879754e-15
-1.961538726350938e-15
6.702651045371976e-15
4.437633974319825e-15
1.2728539154261788e-16
5.793023488551498e-15
4.538224317540338e-15
2.489446463388546e-15
-7.941813610370478e-16
2.7696913437696803e-15
5.604050025489236e-15
5.15552281614196e-15
4.556726296023954e-15
8.933050994960606e-15
1.1097717469969292e-14
-1.9400081624150607e-15
2.819144500239832e-15
-3.5278069941244872e-15
6.199684105900706e-15
9.92272968609671e-15
-1.791210621019249e-15
2.35890954512106e-15
-1.6218425058932768e-15
2.260594871045033e-15
2.044751629460795e-15
2.9411993619549727e-15
1.5437097840083926e-15
7.194752063085337e-17
2.745150514123008e-15
-2.9968593454793052e-16
-7.868333398029841e-15
-5.006924967880563e-15
-1.0170694765693512e-14
-6.943913100880516e-15
-8.992333106311762e-15
-7.295616740100666e-15
-1.4455182837426565e-15
-4.6498789588181246e-15
4.791082974584872e-15
-3.825670456036397e-15
-3.0961975219994237e-15
-8.439907256369026e-15
-1.7351053212052933e-14
-5.152047865830169e-14
-9.726788652557323e-14
-1.6487220876508652e-13
-2.3053755207835424e-13
-2.641312451861014e-13
-2.4942650466746625e-13
-2.267162719242503e-13
-1.6031122705685984e-13
-9.166842174524414e-14
-4.9893052292790864e-14
-1.6722406168051593e-14
-4.4121116510558946e-15
1.232644656015262e-15
5.761744116736243e-15
1.355739488915532e-15
3.593712032565929e-15
2.100033799773293e-15
3.5461510041928798e-15
2.4709599991168574e-15
7.299651310702522e-15
-3.25085540967474e-15
4.8606417718868706e-15
-4.491065138782056e-15
5.1790612940688025e-15
3.618082433418293e-15
-2.2931279062450484e-15
3.6173891198625816e-15
1.9927736017814526e-15
-1.6750027486524482e-16
-4.1862998048166145e-15
7.992074444819336e-17
3.8487793682989756e-15
2.7406341319101353e-15
2.8305566360742966e-15
7.399179446124094e-15
9.53622444687812e-15
-1.4600955018642462e-15
1.512747348629712e-15
-2.3925071451087386e-15
3.662214301310636e-15
7.121526960245345e-15
-4.0332443780880166e-15
8.338436079946898e-16
-3.727262823725946e-15
3.2713928802356343e-15
1.2533509207446462e-15
3.994474411813234e-15
1.8129263632038283e-15
7.926828690808748e-16
3.6770419168752115e-15
1.2740123303974399e-15
-3.778425977890766e-15
-4.393224610648159e-15
-1.0668785476631606e-14
-7.638807869085042e-15
-8.740869698838887e-15
-9.579920798603373e-15
-3.754934833238839e-15
-6.997848608604551e-15
3.657713400349041e-15
-6.437481447670116e-15
-7.951225477297395e-15
-2.3443683852270026e-14
-5.758973618400098e-14
-1.42162963089745e-13
-2.6880984502725653e-13
-4.432025871685756e-13
-5.939791461156088e-13
-7.146990070372214e-13
-7.047309642746148e-13
-6.054726455307232e-13
-4.3776668852252233e-13
-2.5598435091608857e-13
-1.3499237463203193e-13
-5.750505682593135e-14
-2.1738142519646783e-14
-5.369743013350886e-15
1.8021874903310895e-15
-1.1903732722556135e-15
-1.0258063484420201e-16
-8.777101397849849e-16
4.263460263917043e-16
9.605146268455435e-16
6.182769364476543e-15
-4.833216442257904e-15
3.226855038802511e-15
-4.543067478334265e-15
7.195938434158169e-15
6.9763217180376e-15
2.2789831533180034e-16
5.740631317262438e-15
2.784409277797508e-15
3.921573936045044e-16
-5.053613590462195e-15
-4.964073741167296e-16
3.2007634837887208e-15
1.5881372560480963e-15
1.4955434542001065e-15
5.800500208983743e-15
7.957499549643487e-15
-5.808862871284991e-16
7.314508325321673e-16
-3.023497419804455e-16
3.1301981753607013e-15
5.523591614921804e-15
-3.4941041950648114e-15
1.719922455176118e-15
-3.0945487782210165e-15
6.482575733789693e-15
1.9907660898116726e-15
5.764447159145059e-15
6.960442593035354e-16
-1.3639360294234312e-15
3.513537770706143e-16
-2.733590947596135e-15
-5.35498934190302e-15
-8.165065345800362e-15
-1.3252223501053848e-14
-8.259419280135808e-15
-6.38221874892941e-15
-7.818748655847614e-15
-2.246979504142051e-15
-6.089810522811849e-15
-1.830647239579774e-15
-3.6578987355215514e-14
-1.2274665742046142e-13
-3.784423685662996e-13
-9.856916065071687e-13
-2.2087206116918185e-12
-4.188728860139651e-12
-6.773853722363517e-12
-9.338550986709257e-12
-1.094682016791626e-11
-1.0925145524125214e-11
-9.336405004993689e-12
-6.768944257746649e-12
-4.177688980918172e-12
-2.2076799663612324e-12
-9.881825162883632e-13
-3.796471374618645e-13
-1.2221943318323457e-13
-3.073035244671695e-14
-7.829688828517008e-15
-1.629478778407816e-15
-1.0878002971073457e-15
-8.490626653258224e-16
1.7517584150145058e-16
4.706151736224245e-15
-7.335960023743298e-15
-1.6185651955625173e-15
-8.54939419600347e-15
3.739348987689125e-15
4.942876141160926e-15
-1.175569256332235e-15
5.632740643422077e-15
2.9049257336369273e-15
1.9494928472356724e-15
-3.61714924773126e-15
1.3388743208603155e-15
4.389266804973316e-15
2.296450052531879e-15
1.0191525094776113e-15
4.471162128041119e-15
6.8047732912496595e-15
8.284601226503526e-16
-3.1461035714691664e-16
2.7075168949481703e-16
1.848148086419133e-15
2.636083581269672e-15
-3.141822977645387e-15
2.5976929393688475e-15
-1.3967923685455623e-15
1.029594665304554e-14
3.773306845141795e-15
8.598002102129406e-15
1.0613762930044773e-15
-1.4488901817837645e-15
1.7728229319506137e-16
-3.2411511471317317e-15
-3.63315037244372e-15
-8.124309147005203e-15
-1.2664950843861345e-14
-7.012184876258071e-15
-4.080485126348402e-15
-6.631243778526193e-15
-6.7017541006315705e-15
-3.581360496638663e-14
-1.5931690855459794e-13
-7.013661834695395e-13
-2.521230955221725e-12
-7.730514149431425e-12
-2.0190174449675828e-11
-4.4948578930974554e-11
-8.524629316275736e-11
-1.377711951941366e-10
-1.8970617196514403e-10
-2.2263157148333894e-10
-2.2262914261588805e-10
-1.89719711171947e-10
-1.3776677946502221e-10
-8.524208811217826e-11
-4.494439838639723e-11
-2.0194809072638646e-11
-7.735427636665433e-12
-2.522931243536868e-12
-6.991819620185789e-13
-1.6645461390210577e-13
-3.45219499393844e-14
-7.662844655857797e-15
-3.667765043206775e-15
-4.914125352325899e-16
4.840746656295792e-15
-6.255120025372575e-15
-2.444816412022807e-15
-7.713066120568383e-15
4.276440718233925e-15
6.4072650276484015e-15
3.5805860652944885e-16
8.09659160376281e-15
5.2793113713911396e-15
5.206148453666955e-15
-1.7204080945988053e-16
4.4043235603743176e-15
6.3820838910269634e-15
4.055318788848511e-15
1.3404237150258706e-15
4.105633799621867e-15
6.456141254836935e-15
2.1210799383299942e-15
-1.5779242664400228e-15
-1.954321384525102e-16
8.505790108672537e-16
4.1082179135622654e-16
-2.6765356114757003e-15
2.3722879061063957e-15
-1.4624684336415497e-15
1.0337574966064395e-14
2.0886947202593064e-15
7.573137223276393e-15
-1.323384414621362e-15
-4.306526845453872e-15
-2.7775563303597344e-15
-7.081038432924955e-15
-6.0918312774633625e-15
-1.1052250147101922e-14
-1.4498888379566757e-14
-8.079370150882426e-15
-6.471311982797773e-15
-2.1086740069850498e-14
-1.0533756604686199e-13
-5.998350480950434e-13
-2.953191960218251e-12
-1.2479952917657797e-11
-4.4885035492560887e-11
-1.3756292440361086e-10
-3.592737275666225e-10
-7.995857527011182e-10
-1.5164119414192344e-09
-2.45061737314089e-09
-3.374804784634304e-09
-3.960389683276316e-09
-3.9603626799524906e-09
-3.3747992565178823e-09
-2.45060762312185e-09
-1.516404973839041e-09
-7.995882441007898e-10
-3.5927808176627375e-10
-1.3756970859058972e-10
-4.488741788729508e-11
-1.2480393787833152e-11
-2.9601130947644728e-12
-6.004897084408808e-13
-1.0743090209293553e-13
-2.151096388255202e-14
-4.458663898808981e-15
3.2019057338628065e-15
-6.686066890146308e-15
-5.414507802886251e-15
-9.578537451765209e-15
1.0192505377520654e-15
4.100010138034773e-15
-1.783893918249325e-15
7.193827671464848e-15
4.527996258700134e-15
4.7883286035720755e-15
2.0884359241567097e-16
4.306658669143636e-15
5.6611988741328e-15
3.5220726423833164e-15
-5.887855257609045e-16
2.140769958324609e-15
4.281378393555152e-15
1.4042711048484102e-15
5.154442398736069e-15
4.7955969394116634e-15
4.087261436984599e-15
1.732582404262198e-15
-9.19793033204604e-16
2.114462619998242e-15
-1.9164891532358458e-15
8.527470267235647e-15
-9.252411569982653e-16
4.121043451736423e-15
-4.8045533507199915e-15
-7.388030229087369e-15
-4.5979607649977905e-15
-8.287948538776633e-15
-5.715288788657459e-15
-9.962682936855079e-15
-1.2878352893062823e-14
-9.104448091423616e-15
-3.25496184116155e-14
-2.329811657851285e-13
-1.5602796015593413e-12
-9.060696616212866e-12
-4.4875512768222796e-11
-1.8942221389427484e-10
-6.81298021619157e-10
-2.088081782200172e-09
-5.453446684765243e-09
-1.2136877862729032e-08
-2.3017354493511912e-08
-3.719776899212897e-08
-5.122604639935129e-08
-6.011434997490635e-08
-6.011436237512362e-08
-5.122608234011329e-08
-3.71977696533064e-08
-2.301735668101846e-08
-1.2136870253866996e-08
-5.453447965165948e-09
-2.088088725263255e-09
-6.813005411401173e-10
-1.8942431015573528e-10
-4.4881132219156183e-11
-9.062042448737823e-12
-1.5626383097236686e-12
-2.355360958698664e-13
-3.100258185254965e-14
1.6099044037691462e-15
-3.382469406683296e-15
-3.0744394573352626e-15
-5.7054585144655575e-15
2.2271421989680805e-15
4.905334274659071e-15
-3.088212298114289e-15
4.920637168715739e-15
1.2706868706694472e-15
1.1748074248447525e-15
-2.047442803465586e-15
2.1443077976910948e-15
4.042967491382506e-15
3.3567921467344924e-15
-3.1894280904033996e-16
5.044033092379472e-15
7.852016682803104e-15
7.075878890043773e-15
7.84095209389091e-15
5.479225650659443e-15
4.458476024967958e-15
3.14801510520246e-15
1.1295982297636813e-15
2.1735680969548094e-15
-1.894760520641627e-15
6.7144147791232956e-15
-2.626316017092448e-15
1.3740912822806945e-15
-6.717101288157249e-15
-9.307764619178539e-15
-6.723165322117701e-15
-1.0906001197093885e-14
-8.977011382404481e-15
-1.2819259977023035e-14
-1.769474900348567e-14
-4.6499108637993984e-14
-3.750536335093257e-13
-2.960901613097183e-12
-2.0166584712378922e-11
-1.172107747334398e-10
-5.805571508791104e-10
-2.4503699318482983e-09
-8.81312111823324e-09
-2.7010936373467853e-08
-7.054437964989161e-08
-1.5699941201843678e-07
-2.9774638320441895e-07
-4.811803285696466e-07
-6.626467810924576e-07
-7.776231870568678e-07
-7.776232017054022e-07
-6.626467815973076e-07
-4.811803032780429e-07
-2.977463878309152e-07
-1.569994098834613e-07
-7.054438405649036e-08
-2.7010943562721387e-08
-8.813124108624325e-09
-2.450374237887731e-09
-5.805623429367518e-10
-1.172124999633462e-10
-2.0168403711471576e-11
-2.9630341602469015e-12
-3.7210463148102956e-13
-3.553689452197054e-14
-6.376195458180465e-15
-4.828524457877853e-15
-6.016453007544008e-15
-9.05976850162818e-16
3.25503248931964e-15
-5.076164902193592e-15
2.966428505372816e-15
-7.50987010384161e-16
-8.769662603840376e-16
-3.1243446335208465e-15
9.155200293330602e-16
3.14608254626876e-15
3.34455740087773e-15
-5.080146722229793e-16
6.695579215303816e-15
7.639016036938529e-15
7.742020261028172e-15
7.342308662788995e-15
2.3178035151809e-15
3.339488121591522e-16
1.046140046961771e-15
-3.623997743856505e-16
-4.698030383969866e-16
-2.6051986229511228e-15
6.252324774789829e-15
-3.9862946793110896e-16
2.811763268573992e-15
-3.902682569762967e-15
-6.354895685990799e-15
-4.44773370923576e-15
-8.111601414017211e-15
-7.0463515983879914e-15
-1.187937415505283e-14
-4.8205148771783215e-14
-4.360350683783335e-13
-4.074086131327755e-12
-3.259161366218395e-11
-2.2229130463476852e-10
-1.2920604457554963e-09
-6.399634188123681e-09
-2.7010921399852048e-08
-9.714857610772183e-08
-2.977462213149767e-07
-7.776227679415766e-07
-1.7306312946817777e-06
-3.2821091578350084e-06
-5.304132600392084e-06
-7.304468246130286e-06
-8.5718729118946e-06
-8.571872927255055e-06
-7.30446827348391e-06
-5.304132600921479e-06
-3.2821091580683884e-06
-1.7306312885247316e-06
-7.776227673208348e-07
-2.97746229901019e-07
-9.714857970295063e-08
-2.7010927685849072e-08
-6.399639665551599e-09
-1.2920626816596958e-09
-2.222927618988699e-10
-3.2592147619636395e-11
-4.0703078116968995e-12
-4.2647618691581524e-13
-3.72748902903211e-14
-4.470456006187385e-15
-2.6701434598813504e-15
-1.7183912245689385e-15
4.25742238822e-15
-3.88298121586072e-15
4.339598026497809e-15
1.2745288295374686e-15
1.7587146331406033e-15
-5.733640941973588e-16
2.2728355580435667e-15
3.073138249514067e-15
2.6403462863719962e-15
-2.2035916105686595e-15
6.456414346999084e-15
4.532803513588838e-15
5.3512865082387474e-15
9.98668012719909e-15
2.9716877773837653e-15
4.6888201076663186e-17
3.0572399342889326e-15
1.5907984314986776e-15
-1.155221307235788e-15
-3.208299110324311e-15
4.1653688792790074e-15
-1.0064661345592866e-15
4.072498233824068e-16
-4.847588714734728e-15
-6.16397122119139e-15
-4.693880736789302e-15
-7.247201931514598e-15
-9.6952511024378e-15
-3.7952731388820906e-14
-3.7827028440236166e-13
-4.076268486460509e-12
-3.825035851999666e-11
-3.0613213395953516e-10
-2.0880735364189906e-09
-1.2136790108211552e-08
-6.01139203970793e-08
-2.537225773211057e-07
-9.125487184290485e-07
-2.7968287757408967e-06
-7.304467859775142e-06
-1.6256392180028742e-05
-3.082993694725206e-05
-4.982347191603472e-05
-6.861328647454732e-05
-8.051843758767789e-05
-8.05184375752461e-05
-6.861328647223638e-05
-4.982347189920175e-05
-3.082993694583154e-05
-1.6256392182661273e-05
-7.304467859652985e-06
-2.7968287830794203e-06
-9.125487212218243e-07
-2.5372258308803507e-07
-6.011392490420162e-08
-1.2136791870820909e-08
-2.088074611933173e-09
-3.0613062668442733e-10
-3.8246950743062484e-11
-4.06979726381134e-12
-3.694053680879751e-13
-3.1725913155757384e-14
-4.251525766274768e-15
-5.287178913347717e-15
3.5044309858846584e-15
-4.460316272972147e-15
2.8722623619184405e-15
-1.834940998011765e-17
1.4108629236612238e-15
-8.11518750450074e-16
2.773773004479854e-15
3.993076937028063e-15
5.145687911519989e-15
7.106451240393208e-16
1.0880084599941483e-14
5.682376646561024e-15
6.854295995352489e-15
9.842853742558597e-15
1.792988663612036e-15
-2.1781569483121954e-15
2.4548057144508973e-15
9.496113408629645e-16
-3.737696376613458e-15
-4.87468551460663e-15
2.630290768730057e-15
-2.0992393698483966e-17
6.431477084406423e-16
-3.058955483111054e-15
-3.2515907443718414e-15
-2.555409624147173e-15
-4.014323320711311e-15
-2.0178423526313455e-14
-2.3371257095048636e-13
-2.9596520945085093e-12
-3.25911132550163e-11
-3.061294003513833e-10
-2.4503820117379003e-09
-1.6713912776008628e-08
-9.714857056596776e-08
-4.81180020967555e-07
-2.0309145081104345e-06
-7.304467810616757e-06
-2.238712887594962e-05
-5.846838554232448e-05
-0.0001301237850437532
-0.00024677727027840176
-0.0003988104295477664
-0.0005492129152122447
-0.0006445073265195001
-0.0006445073265345761
-0.0005492129152295173
-0.0003988104295327982
-0.00024677727029287256
-0.00013012378504224145
-5.846838554052136e-05
-2.238712888097506e-05
-7.304467811981659e-06
-2.0309145117395293e-06
-4.811800243851988e-07
-9.714857191157e-08
-1.6713914249145496e-08
-2.450379044933014e-09
-3.0612737332139276e-10
-3.258893402784439e-11
-2.953971125278139e-12
-2.290400162243114e-13
-1.4232389612455797e-14
-7.162108487602745e-15
4.471208281879456e-15
-3.201471748009371e-15
3.565638730160228e-15
1.469798130385132e-15
3.7361169851374884e-15
5.748696749859443e-16
4.072193432585187e-15
4.452896156681746e-15
6.563098466490995e-15
1.8836393001724206e-15
1.2443360368862233e-14
4.537104352638301e-15
6.127345155744084e-15
9.66271758096088e-15
1.8613323392103757e-15
-2.064933212464244e-15
4.180443322900807e-15
3.03687794505638e-15
-2.8842148740143707e-15
-4.211218635096987e-15
2.4888193020114614e-15
4.867485341810485e-16
1.0016890131705536e-16
-2.6937683215058517e-15
-2.3347989499592035e-15
-2.968192857480687e-15
-8.070640280480136e-15
-1.0892797979390507e-13
-1.5643625406103068e-12
-2.0168398672069322e-11
-2.222949924808521e-10
-2.0880754811754363e-09
-1.6713918752484715e-08
-1.1400490243600834e-07
-6.626463677673275e-07
-3.2821089479941776e-06
-1.3852783524434655e-05
-4.982347154356712e-05
-0.00015270167619213653
-0.0003988104292014403
-0.000887568932898502
-0.001683257510308275
-0.002720269374708547
-0.0037461584823899065
-0.004396157703540422
-0.004396157703533705
-0.003746158482394698
-0.002720269374696018
-0.0016832575102982707
-0.0008875689328950645
-0.00039881042919694105
-0.000152701676194512
-4.982347154418674e-05
-1.385278352661403e-05
-3.282108951218649e-06
-6.626463684519617e-07
-1.1400490359624081e-07
-1.6713913344429635e-08
-2.0880728114937717e-09
-2.2229522420491278e-10
-2.016455732093842e-11
-1.5606670085561486e-12
-1.0256811801289224e-13
-1.5260119388569462e-14
3.553155910590504e-15
-3.0244744473554318e-15
3.673691876132437e-15
2.805153879520364e-15
5.64158148910728e-15
2.1090490256764723e-15
6.155120627661404e-15
6.6635393495240616e-15
1.0428425791051158e-14
5.644143292853574e-15
1.5069491683903378e-14
4.888144378235348e-15
5.981166950135425e-15
1.0037495618659196e-14
2.383855721412507e-15
-2.4543795043325104e-15
2.860929964813903e-15
7.621937084020498e-16
-5.280840569797634e-15
-6.361512179108825e-15
1.0799386499922094e-15
1.1537837286587468e-16
3.9378050656602396e-16
-1.1630098799145993e-15
-6.163149051548626e-16
-3.080974429225199e-15
-3.317120449082428e-14
-6.011248294555206e-13
-9.063574859617394e-12
-1.172132057778705e-10
-1.2920656372493503e-09
-1.2136794166825591e-08
-9.714857879025394e-08
-6.626463687895802e-07
-3.851590537166882e-06
-1.907705280383889e-05
-8.051843698440899e-05
-0.00028959580909743935
-0.00088756893277829
-0.002318060651653269
-0.005158938854981343
-0.009783828895980637
-0.01581139543422678
-0.02177431164536343
-0.0255523914242331
-0.02555239142423353
-0.021774311645375542
-0.01581139543422967
-0.009783828895986772
-0.005158938854981487
-0.002318060651648341
-0.0008875689327769662
-0.0002895958090957815
-8.051843698289487e-05
-1.9077052805601858e-05
-3.851590536378409e-06
-6.62646369979991e-07
-9.714857302345766e-08
-1.2136791749715612e-08
-1.292068391932893e-09
-1.1721067781456207e-10
-9.060592895217903e-12
-5.938913297707678e-13
-4.18968002592346e-14
3.6405960152912805e-15
-1.9121995684754646e-15
4.275943025037211e-15
4.436775968023805e-15
6.835872901345086e-15
3.0257810452842813e-15
6.303054276874246e-15
6.518413357131023e-15
1.1288531737863882e-14
7.015538158072599e-15
1.5365710657467234e-14
5.57157336882421e-15
6.52864518204624e-15
6.439405092736772e-15
-9.645528024216398e-17
-4.096688694585678e-15
6.744386968371022e-16
-1.2979600830652333e-15
-5.541680811924501e-15
-6.53789366727009e-15
1.151494786090022e-15
-7.976540824669549e-16
-1.2638052787061573e-16
-1.4083222489753332e-15
-1.781948813135084e-15
-1.0728361378188574e-14
-1.6564772871321605e-13
-2.960214728365652e-12
-4.4881345410988395e-11
-5.805614826467502e-10
-6.399638735349329e-09
-6.011392425494987e-08
-4.811800302464391e-07
-3.2821089523426377e-06
-1.9077052810865124e-05
-9.448926111270262e-05
-0.00039881042914142903
-0.0014343774324080444
-0.0043961577028259384
-0.011481429569068047
-0.025552391423565222
-0.04845962175530642
-0.07831435425869591
-0.10784887159571048
-0.12656182324176712
-0.12656182324175116
-0.10784887159569906
-0.07831435425869174
-0.04845962175529733
-0.02555239142356302
-0.011481429569063239
-0.004396157702822151
-0.0014343774324049265
-0.0003988104291382795
-9.448926111430071e-05
-1.907705280889057e-05
-3.2821089525431435e-06
-4.811800234608754e-07
-6.011391976840483e-08
-6.399640667017922e-09
-5.80557291493188e-10
-4.4877941080710124e-11
-2.9516239391849735e-12
-1.7308811087674081e-13
-2.3692942744213977e-15
-2.0257875433862318e-15
4.0080159671748816e-15
5.475738581102954e-15
7.423761601525017e-15
4.789023910340983e-15
6.9548377413322895e-15
7.259042192616903e-15
1.1986989041179106e-14
7.684637978659083e-15
1.3329092173176954e-14
4.1209690250691734e-15
3.553661319982235e-15
8.175200450830526e-15
2.461583034825389e-15
-8.22331265449565e-16
1.36896898843226e-15
-1.802071791251087e-15
-5.118154084914587e-15
-7.023539825339383e-15
4.706843912104767e-16
-2.8388457821008328e-15
-3.0336281616178834e-16
-6.126619254955039e-16
-2.158612835361756e-15
-3.57164755436121e-14
-6.988296785044429e-13
-1.2480008298063405e-11
-1.894253979289876e-10
-2.4503763110767785e-09
-2.701092746107708e-08
-2.537225833887878e-07
-2.030914518378275e-06
-1.3852783528785146e-05
-8.051843698977586e-05
-0.0003988104291358862
-0.0016832575100331744
-0.006054070828924439
-0.01855484442705704
-0.048459621755040275
-0.10784887159510453
-0.20453332283472764
-0.3305410674286482
-0.45519728120924907
-0.5341789579449713
-0.5341789579449632
-0.4551972812092495
-0.33054106742865336
-0.2045333228347171
-0.10784887159509432
-0.04845962175503027
-0.018554844427046795
-0.00605407082891554
-0.0016832575100239778
-0.0003988104291329386
-8.051843698329866e-05
-1.3852783525440349e-05
-2.030914510213515e-06
-2.5372257713312235e-07
-2.701092776096486e-08
-2.450369388216425e-09
-1.894210708209567e-10
-1.2469540337865102e-11
-7.021037473606056e-13
-2.3763683353105353e-14
1.0070270358410457e-15
6.648152646775363e-15
7.97010592884494e-15
8.031169191925932e-15
6.262305013501707e-15
6.491975067859484e-15
7.356444065392839e-15
1.2557908375734356e-14
1.002539174965506e-14
1.4776225133083204e-14
8.216264539284807e-15
6.259498616896308e-15
2.7255981848344917e-15
-1.9038410826764477e-15
-2.7927210776829206e-15
-2.1764349717861066e-15
-4.824163874713526e-15
-6.388144776429625e-15
-8.422099182362475e-15
-8.784066719761792e-16
-6.1803016131723935e-15
-2.59802457547492e-15
-3.657062527277033e-15
-9.882809193024446e-15
-1.2768770309876645e-13
-2.522817724356764e-12
-4.4886029343366435e-11
-6.813012107773464e-10
-8.81312766851924e-09
-9.714857865709944e-08
-9.125487208713699e-07
-7.304467817827564e-06
-4.982347154710517e-05
-0.0002895958091034172
-0.0014343774324021405
-0.006054070828925066
-0.021774311644684546
-0.06673509056800339
-0.17429180068999423
-0.38789353593623155
-0.7356326741090379
-1.188837134044297
-1.6371806245659937
-1.9212492607053289
-1.9212492607053258
-1.6371806245659728
-1.1888371340442685
-0.7356326741089797
-0.3878935359361874
-0.1742918006899622
-0.06673509056797514
-0.02177431164466031
-0.00605407082890234
-0.0014343774323878117
-0.00028959580908588376
-4.982347153314109e-05
-7.304467801350249e-06
-9.125487065424173e-07
-9.714856966340138e-08
-8.813111283266637e-09
-6.812906069864829e-10
-4.48700621661991e-11
-2.5182564491945763e-12
-1.1019333225300934e-13
-1.5153550828143003e-15
6.55452123091074e-15
8.37749992246379e-15
8.116285356143454e-15
8.122786606752174e-15
7.085248750336522e-15
7.681068526126559e-15
1.1817298775626493e-14
9.140335341858511e-15
1.1781238618272927e-14
6.13246751740827e-15
2.014690899711834e-15
4.013583864114113e-15
-6.621760937031568e-16
-5.110223027318724e-16
-2.7372920693204322e-15
-6.015141478671757e-15
-8.350035199406949e-15
-1.145741304856196e-14
-5.5599396242839315e-15
-1.2825048974978451e-14
-7.917542047725129e-15
-8.973565837085876e-15
-2.5092023216909542e-14
-3.8156143429884134e-13
-7.730699696280455e-12
-1.375615130341644e-10
-2.0880850250471547e-09
-2.7010943778094704e-08
-2.977462234198573e-07
-2.796828775511423e-06
-2.238712887802145e-05
-0.00015270167618958708
-0.0008875689327751989
-0.004396157702809953
-0.01855484442704721
-0.06673509056799329
-0.20453332283439063
-0.5341789579440196
-1.1888371340438293
-2.254606893321771
-3.643612487304919
-5.017719918748786
-5.88834887224381
-5.888348872243766
-5.017719918748703
-3.64361248730482
-2.254606893321653
-1.1888371340437152
-0.5341789579439256
-0.20453332283430747
-0.06673509056792473
-0.018554844426986527
-0.004396157702763257
-0.0008875689327288534
-0.00015270167615033978
-2.238712883905599e-05
-2.7968287413159713e-06
-2.977461934108583e-07
-2.701090753256913e-08
-2.088058097783925e-09
-1.3753224267996772e-10
-7.71070965020473e-12
-3.5292541205482084e-13
-5.843611740518922e-15
9.912462688630685e-15
1.1972958251767816e-14
1.068184589627947e-14
1.0781346378649378e-14
9.550087855953392e-15
1.0285656671458614e-14
1.4327385205647835e-14
1.3142607341554069e-14
1.562635880860904e-14
1.0882875727793499e-14
5.105884384004164e-15
-2.1142076521745469e-16
-5.791269552064145e-15
-4.546525979316516e-15
-7.843975437809357e-15
-1.138573210743981e-14
-1.3352637887015792e-14
-1.7212267410500406e-14
-1.4805764459570895e-14
-2.198634200893576e-14
-1.6761927454096982e-14
-1.975513877322326e-14
-6.090982073406725e-14
-9.88965070794173e-13
-2.019023944239706e-11
-3.5926893662765746e-10
-5.4534448808142005e-09
-7.05443810844096e-08
-7.776227598206781e-07
-7.304467848360176e-06
-5.846838553198863e-05
-0.0003988104291868725
-0.002318060651640242
-0.011481429569044221
-0.04845962175502078
-0.1742918006899744
-0.5341789579440063
-1.395113300639034
-3.104881750456255
-5.888348872243052
-9.516009883613282
-13.104761416419159
-15.37857998392182
-15.378579983921753
-13.104761416418944
-9.516009883613009
-5.888348872242742
-3.1048817504559545
-1.3951133006387841
-0.5341789579437923
-0.174291800689797
-0.04845962175486726
-0.011481429568918816
-0.0023180606515249206
-0.0003988104290871076
-5.84683854380874e-05
-7.304467766479379e-06
-7.77622683781638e-07
-7.054430421248779e-08
-5.453380906058343e-09
-3.5920727405901314e-10
-2.0139425876506816e-11
-9.362169268646568e-13
-1.8143285864881355e-14
2.0089997695481263e-14
2.2016006480148274e-14
1.8529244888034613e-14
1.803671981775464e-14
1.7609356111355513e-14
1.556176252544481e-14
1.7781091437951543e-14
1.579581254566948e-14
1.6682005271647304e-14
1.0435600178043519e-14
2.303631989360615e-15
-2.7836278513647675e-15
-1.2027605746766968e-14
-1.2885954105888082e-14
-1.2067868039819679e-14
-1.9751202154015956e-14
-2.4086863881644874e-14
-3.118451560507506e-14
-2.940111717514654e-14
-3.941063070544907e-14
-3.6102107613621777e-14
-4.385711207382152e-14
-1.3297234386844773e-13
-2.1945604553473706e-12
-4.493357747441056e-11
-7.995665689990581e-10
-1.2136861299292928e-08
-1.5699939531252325e-07
-1.730631271172722e-06
-1.625639214831302e-05
-0.00013012378501373696
-0.0008875689328591522
-0.005158938854944613
-0.02555239142350902
-0.10784887159505119
-0.3878935359361665
-1.1888371340437642
-3.1048817504561974
-6.910041413769305
-13.10476141641858
-21.178269471918906
-29.16518289036795
-34.22565917631093
-34.22565917631077
-29.16518289036747
-21.178269471918306
-13.104761416417883
-6.910041413768649
-3.1048817504556405
-1.18883713404329
-0.38789353593577075
-0.10784887159471528
-0.025552391423229952
-0.005158938854691311
-0.0008875689326403758
-0.00013012378481128502
-1.6256391972872978e-05
-1.7306311038727542e-06
-1.5699924169466336e-07
-1.2136723273989704e-08
-7.994408625787684e-10
-4.482163516766895e-11
-2.092981599010934e-12
-4.333610766521309e-14
3.7252643895943e-14
3.764698729010568e-14
3.511034213333797e-14
3.013771130417699e-14
3.067665121855547e-14
2.491172401171325e-14
2.775597258168352e-14
2.263818036772624e-14
2.0103249398119343e-14
9.843108367719336e-15
5.7538568713585555e-15
-1.0356299431166175e-14
-2.006489007324036e-14
-2.484810360932005e-14
-3.42172043814378e-14
-3.669761736087531e-14
-4.5576384256821444e-14
-4.9764898970924924e-14
-5.384916392827725e-14
-6.472854657548646e-14
-6.822977957892666e-14
-8.073139852306849e-14
-2.4696796101043355e-13
-4.161510751066549e-12
-8.521620063583166e-11
-1.5163630850080542e-09
-2.3017321132183836e-08
-2.9774634652626015e-07
-3.282109109985435e-06
-3.0829936877986e-05
-0.00024677727021571325
-0.00168325751023045
-0.009783828895898737
-0.04845962175520617
-0.204533322834618
-0.7356326741089014
-2.25460689332163
-5.888348872242916
-13.10476141641849
-24.852929454090454
-40.16418311026091
-55.311211693013256
-64.90830820948
-64.90830820947973
-55.311211693012325
-40.16418311025975
-24.852929454089125
-13.104761416417247
-5.88834887224185
-2.254606893320735
-0.7356326741081517
-0.20453332283398254
-0.04845962175466767
-0.009783828895425502
-0.0016832575098143692
-0.0002467772698379098
-3.082993654060275e-05
-3.2821087971391615e-06
-2.9774606407782427e-07
-2.301706756668275e-08
-1.5161301124068215e-09
-8.500863661242498e-11
-3.974740887652911e-12
-8.628918945394496e-14
6.582658454824851e-14
6.755876995225198e-14
6.151663605281978e-14
5.1389688620004145e-14
4.7995296921011085e-14
3.86601503888339e-14
3.312615375800555e-14
2.6420663299261307e-14
1.9558333239200124e-14
1.3325886612555926e-14
-3.8411087286936046e-15
-1.2910983997744995e-14
-2.1811766796895578e-14
-3.484714736508209e-14
-4.3506079403560515e-14
-5.572392305043661e-14
-6.863711449720254e-14
-7.783054297950546e-14
-9.03564825475602e-14
-1.0397121971382206e-13
-1.081772122969276e-13
-1.3151980311653161e-13
-4.011840092968808e-13
-6.719876687492598e-12
-1.3771130225109253e-10
-2.4505561406555332e-09
-3.71977015130436e-08
-4.811802433197963e-07
-5.304132515777918e-06
-4.982347181161225e-05
-0.0003988104294377825
-0.002720269374582117
-0.015811395434097035
-0.0783143542585365
-0.33054106742847256
-1.1888371340440802
-3.6436124873046793
-9.516009883613012
-21.178269471918664
-40.16418311026073
-64.90830820947977
-89.38703337134955
-104.89665538698574
-104.89665538698524
-89.38703337134808
-64.9083082094779
-40.16418311025861
-21.178269471916657
-9.516009883611307
-3.643612487303214
-1.1888371340428698
-0.33054106742744577
-0.0783143542576703
-0.01581139543332502
-0.002720269373911458
-0.00039881042882817104
-4.982347126816441e-05
-5.304132022110982e-06
-4.811797986156633e-07
-3.719729648016358e-08
-2.4501865429748294e-09
-1.3738274762643736e-10
-6.4301288786845685e-12
-1.3827533505962014e-13
1.0632227843997078e-13
1.0349618411398976e-13
8.7580204631855e-14
7.243379768318584e-14
7.254793482106545e-14
5.5020408485423707e-14
5.287869082850215e-14
3.7451792836676605e-14
2.5235117707726533e-14
1.3678521906710908e-14
8.246618952032167e-15
-5.970693086887192e-15
-2.4310578282781482e-14
-3.9357147029745646e-14
-5.3445931816339735e-14
-6.62749719665869e-14
-8.707424018819423e-14
-9.988779617689822e-14
-1.0697434452126083e-13
-1.3313629446158162e-13
-1.445296180678192e-13
-1.7646290065326078e-13
-5.498097912379439e-13
-9.25554611243162e-12
-1.8965497181599182e-10
-3.3747315668597996e-09
-5.12259857051093e-08
-6.626466665526758e-07
-7.304468149555293e-06
-6.861328634489514e-05
-0.0005492129150756706
-0.0037461584822060965
-0.021774311645185764
-0.10784887159546783
-0.4551972812089897
-1.6371806245656808
-5.01771991874842
-13.104761416418738
-29.165182890367532
-55.31121169301285
-89.38703337134928
-123.09736542730903
-144.45609651939765
-144.45609651939702
-123.09736542730704
-89.38703337134672
-55.31121169300995
-29.16518289036477
-13.104761416416386
-5.017719918746405
-1.6371806245640104
-0.45519728120757985
-0.10784887159427323
-0.021774311644124945
-0.003746158481278076
-0.0005492129142450838
-6.861328560205031e-05
-7.304467468770584e-06
-6.626460638149604e-07
-5.1225430646627065e-08
-3.374229502963352e-09
-1.8919981788098803e-10
-8.857178282049165e-12
-1.9452501872351662e-13
1.400348240101959e-13
1.3883511846518413e-13
1.3039674977721795e-13
1.0388709170327106e-13
9.849945527052162e-14
8.122236658745969e-14
7.573004307972047e-14
5.3024251378333736e-14
3.517207087815428e-14
2.2691162429921855e-14
1.492610147574072e-14
-1.5966658783578373e-14
-2.4189320854639253e-14
-5.268263288384737e-14
-7.748374512974372e-14
-7.624904856277005e-14
-1.0205394809045327e-13
-1.0644190403956296e-13
-1.284539147559545e-13
-1.4532990735466686e-13
-1.610968739928642e-13
-1.963446916149311e-13
-6.391731896263005e-13
-1.0853607975152265e-11
-2.225506545698119e-10
-3.960284602917532e-09
-6.011424526709521e-08
-7.776230660631819e-07
-8.571872784823854e-06
-8.051843742244705e-05
-0.0006445073263362229
-0.0043961577033369646
-0.025552391423996318
-0.12656182324149634
-0.5341789579446682
-1.921249260704978
-5.888348872243364
-15.378579983921302
-34.225659176310366
-64.90830820947937
-104.89665538698526
-144.4560965193973
-169.52079964655405
-169.52079964655326
-144.45609651939498
-104.89665538698219
-64.90830820947596
-34.22565917630713
-15.378579983918527
-5.888348872241013
-1.9212492607030134
-0.5341789579430185
-0.12656182324008658
-0.025552391422751206
-0.004396157702246255
-0.0006445073253624919
-8.05184365481469e-05
-8.571871984895131e-06
-7.776223599733223e-07
-6.01135986955684e-08
-3.959701857598721e-09
-2.2202666317229588e-10
-1.039325616118555e-11
-2.2041979734338546e-13
1.7295251077976793e-13
1.7372913845517635e-13
1.5284140033982702e-13
1.2722108975294202e-13
1.159202429470726e-13
9.79364077463666e-14
7.798994629389696e-14
5.364360537812363e-14
3.379416225542596e-14
1.552237342578679e-14
1.1207314232322703e-14
-8.09419432620959e-15
-1.1947284555298688e-14
-4.6585145865486957e-14
-6.359854400302944e-14
-8.044507736076243e-14
-9.738521983561409e-14
-1.1445897781927282e-13
-1.2768540958081523e-13
-1.4636111406378748e-13
-1.6636610683267602e-13
-2.001981400299999e-13
-6.390082460079968e-13
-1.08558555379836e-11
-2.2255403579619056e-10
-3.960274202643034e-09
-6.01142536962582e-08
-7.776230635718437e-07
-8.571872781798798e-06
-8.051843742224085e-05
-0.0006445073263485197
-0.0043961577033265475
-0.025552391423987242
-0.12656182324149115
-0.5341789579446581
-1.9212492607049603
-5.8883488722433235
-15.37857998392121
-34.225659176310124
-64.90830820947899
-104.89665538698456
-144.45609651939643
-169.52079964655283
-169.52079964655212
-144.45609651939407
-104.89665538698155
-64.90830820947554
-34.225659176306905
-15.37857998391844
-5.888348872240977
-1.9212492607029954
-0.5341789579430116
-0.12656182324008078
-0.025552391422752146
-0.004396157702251973
-0.0006445073253560881
-8.051843654021525e-05
-8.571871982228637e-06
-7.776223698452528e-07
-6.011359839163025e-08
-3.9596988676317025e-09
-2.220240135584627e-10
-1.040001527726424e-11
-2.2568368054469712e-13
1.7183898240300427e-13
1.7515418883977648e-13
1.5213161099170366e-13
1.247966413543262e-13
1.0669409327416126e-13
8.837287331881742e-14
8.097014748092004e-14
5.214751596217516e-14
3.888798541708598e-14
1.641704544328177e-14
3.2473470487599665e-14
-7.961961338918156e-15
-1.3455239976355963e-14
-3.9420980771974483e-14
-5.684660203674527e-14
-6.720069212767426e-14
-8.871298152854312e-14
-9.660219582238583e-14
-1.0597533393969391e-13
-1.2936638918834466e-13
-1.4058988824614569e-13
-1.7312596410429472e-13
-5.511365930099087e-13
-9.252493689470062e-12
-1.8965699967081432e-10
-3.374735795072499e-09
-5.12259843676885e-08
-6.626466661712276e-07
-7.30446814760981e-06
-6.861328635116225e-05
-0.0005492129150745464
-0.0037461584822068286
-0.021774311645185188
-0.107848871595467
-0.4551972812089763
-1.637180624565639
-5.017719918748303
-13.104761416418437
-29.165182890366864
-55.3112116930116
-89.38703337134729
-123.09736542730627
-144.4560965193944
-144.45609651939378
-123.09736542730421
-89.3870333713447
-55.31121169300871
-29.16518289036412
-13.104761416416093
-5.017719918746291
-1.6371806245639755
-0.4551972812075755
-0.10784887159427428
-0.021774311644127686
-0.00374615848128002
-0.0005492129142504886
-6.861328560305515e-05
-7.3044674702272615e-06
-6.626460693053339e-07
-5.1225432888633325e-08
-3.374235031732358e-09
-1.8920422198127359e-10
-8.86274886129509e-12
-1.9432676810143385e-13
1.3774837395158605e-13
1.35959620686288e-13
1.2488803768078588e-13
9.992936261341744e-14
9.01722208722185e-14
7.624008828268152e-14
6.947683328956287e-14
4.3939157263503183e-14
2.7564177334935008e-14
2.1556607200972353e-14
2.5310882579982453e-14
-2.713649574742483e-15
1.8340655222335672e-15
-2.546011583538222e-14
-4.130328586161142e-14
-4.839743954940208e-14
-6.206126040175143e-14
-5.994008230181464e-14
-8.654424079615501e-14
-8.648282966174284e-14
-9.72062182565614e-14
-1.20477140467452e-13
-3.963263071804156e-13
-6.709069101072689e-12
-1.3771560065529552e-10
-2.4505635734380524e-09
-3.7197697744201115e-08
-4.811802381511457e-07
-5.304132510809026e-06
-4.982347181578137e-05
-0.00039881042943010236
-0.002720269374579946
-0.015811395434090512
-0.078314354258539
-0.3305410674284515
-1.1888371340440358
-3.643612487304524
-9.516009883612629
-21.178269471917808
-40.16418311025911
-64.90830820947711
-89.3870333713459
-104.89665538698152
-104.89665538698105
-89.38703337134447
-64.90830820947527
-40.16418311025698
-21.178269471915804
-9.516009883610923
-3.6436124873030815
-1.1888371340428192
-0.3305410674274458
-0.07831435425766547
-0.015811395433326336
-0.0027202693739097235
-0.000398810428835006
-4.982347126739057e-05
-5.304132017828546e-06
-4.811798030016401e-07
-3.719729909662568e-08
-2.4501957163452547e-09
-1.3738734736942543e-10
-6.4337026231533724e-12
-1.3283254170035378e-13
1.0564129738028107e-13
1.0485431560607985e-13
8.348313960863821e-14
7.67478563524107e-14
6.636783552162693e-14
5.354023724522599e-14
4.550386461943915e-14
3.1846610163917366e-14
2.316133172532755e-14
2.0600076035226477e-14
3.0777899225201584e-14
-3.491933990782177e-15
4.433210602398195e-15
-1.313684228672891e-14
-3.036581353116393e-14
-3.099204835918802e-14
-4.043181920395608e-14
-3.882586634814046e-14
-5.181990172711459e-14
-5.706388170246257e-14
-6.025458184974326e-14
-7.576887236000651e-14
-2.501976698407048e-13
-4.154294912564207e-12
-8.522255688310355e-11
-1.516369128422463e-09
-2.3017320832835308e-08
-2.977463383394302e-07
-3.28210910749771e-06
-3.082993688300714e-05
-0.000246777270210197
-0.0016832575102245352
-0.009783828895895711
-0.04845962175520199
-0.20453332283459705
-0.7356326741088417
-2.254606893321461
-5.88834887224248
-13.104761416417531
-24.85292945408863
-40.164183110257966
-55.31121169300918
-64.90830820947524
-64.90830820947497
-55.31121169300829
-40.1641831102568
-24.852929454087338
-13.104761416416292
-5.88834887224143
-2.2546068933205685
-0.7356326741080967
-0.20453332283397324
-0.048459621754668725
-0.009783828895424734
-0.0016832575098163138
-0.0002467772698429055
-3.08299365430318e-05
-3.2821087965365797e-06
-2.9774607239000824e-07
-2.3017070194470807e-08
-1.516141279756718e-09
-8.501430173700706e-11
-3.985606810921526e-12
-8.637522475467966e-14
6.002170337798375e-14
6.026013612917631e-14
5.166486828675367e-14
4.1942944903058375e-14
3.994411548670196e-14
3.3823386811711704e-14
2.6822646296979833e-14
1.8066997946875693e-14
1.2481094446777563e-14
1.5451115682185253e-14
2.1413788023901564e-14
-3.045535587749593e-16
7.24371323707911e-15
-1.1470099176223354e-14
-1.6890389425240706e-14
-1.745236967630236e-14
-2.0549287705662327e-14
-2.0805290570872202e-14
-2.476321681068232e-14
-2.800435100389775e-14
-2.941146452683194e-14
-3.854789113489832e-14
-1.3292660272496076e-13
-2.1853374515771452e-12
-4.4936726745538596e-11
-7.995715459267974e-10
-1.2136859249425729e-08
-1.569993857562276e-07
-1.7306312691445591e-06
-1.62563921554926e-05
-0.00013012378500577284
-0.0008875689328544129
-0.005158938854939392
-0.025552391423511126
-0.10784887159503179
-0.38789353593610937
-1.1888371340436037
-3.1048817504557964
-6.910041413768408
-13.104761416416874
-21.178269471916174
-29.16518289036416
-34.225659176306465
-34.22565917630634
-29.165182890363663
-21.178269471915545
-13.104761416416183
-6.910041413767752
-3.104881750455246
-1.1888371340431365
-0.38789353593571946
-0.10784887159470458
-0.025552391423229095
-0.0051589388546927056
-0.0008875689326408484
-0.00013012378481732617
-1.625639197318289e-05
-1.7306311033607315e-06
-1.5699924621831865e-07
-1.21367249403466e-08
-7.994455613760286e-10
-4.482871968986313e-11
-2.101170893620297e-12
-4.3096514254646576e-14
3.193745306748186e-14
3.1656950497762605e-14
2.8621272802458274e-14
2.1080361082013717e-14
1.962173126624532e-14
1.5504996772888703e-14
1.5591414106541273e-14
7.393230946638568e-15
7.702578958981471e-15
5.8976165323908185e-15
1.8713777007545926e-14
4.3109723907199266e-15
6.551944520153102e-15
-7.151800959718311e-15
-1.0095543719390048e-14
-8.673549128381123e-15
-9.42952195642619e-15
-8.058587144988216e-15
-9.604385940162582e-15
-1.2787462263115022e-14
-1.079047783416512e-14
-1.6641087636137837e-14
-6.035667066540705e-14
-9.786143197469114e-13
-2.0192518518205786e-11
-3.592716443293109e-10
-5.453443110876466e-09
-7.054436741332043e-08
-7.776227565039874e-07
-7.304467849863496e-06
-5.84683855218033e-05
-0.0003988104291802683
-0.002318060651632721
-0.0114814295690456
-0.048459621755004505
-0.1742918006899284
-0.5341789579438689
-1.3951133006386893
-3.1048817504554815
-5.888348872241594
-9.516009883610916
-13.104761416415872
-15.378579983917994
-15.378579983917941
-13.104761416415673
-9.516009883610632
-5.888348872241289
-3.1048817504551858
-1.3951133006384429
-0.5341789579436598
-0.17429180068975378
-0.04845962175485839
-0.011481429568917977
-0.0023180606515254966
-0.00039881042908850766
-5.8468385442240106e-05
-7.304467766587616e-06
-7.776226801513325e-07
-7.054430629283289e-08
-5.453379578003219e-09
-3.5920991126074025e-10
-2.0143301272194482e-11
-9.432721040057072e-13
-1.6511941503953564e-14
1.5178119891005584e-14
1.350568171695534e-14
1.51785061225614e-14
6.948952726281041e-15
9.952456194027723e-15
5.698695501321517e-15
6.641712091340953e-15
2.658756505105447e-15
4.172623403713515e-15
5.562159544573128e-15
1.681967454789959e-14
3.587683971858517e-15
3.386377084859729e-15
-6.534666014445653e-15
-5.367528030007644e-15
-2.9768922975463993e-15
-2.408099036934896e-15
-1.2541609528162104e-15
-1.1614852909002076e-15
-4.7094016849995054e-15
-2.2539329445316464e-15
-6.2191868299793995e-15
-2.532992307548088e-14
-3.740348974327129e-13
-7.733784144598524e-12
-1.3756470837363476e-10
-2.0880857135168445e-09
-2.7010931804319965e-08
-2.9774622196203067e-07
-2.796828775997481e-06
-2.2387128866459727e-05
-0.0001527016761829703
-0.0008875689327680203
-0.004396157702813113
-0.01855484442703808
-0.06673509056795862
-0.2045333228342781
-0.534178957943732
-1.1888371340431825
-2.2546068933205463
-3.643612487302917
-5.017719918746025
-5.888348872240563
-5.8883488722405275
-5.017719918745927
-3.643612487302829
-2.2546068933204144
-1.1888371340430677
-0.5341789579436392
-0.20453332283419745
-0.06673509056789183
-0.018554844426979362
-0.004396157702765095
-0.0008875689327310552
-0.00015270167615474088
-2.2387128842860047e-05
-2.7968287435123853e-06
-2.9774619140268886e-07
-2.7010909785875193e-08
-2.0880564767663797e-09
-1.3753513305811014e-10
-7.71427817201585e-12
-3.6109463537700317e-13
-4.6352827962321764e-15
5.647513111462367e-15
4.123577991660824e-15
8.889106161794219e-15
1.910339239242552e-15
7.489288581875258e-15
3.972583209868836e-15
4.2963480120524016e-15
1.6265447794598742e-15
1.2355172796813863e-15
2.8726526776094944e-15
1.1857160209153326e-14
5.7663677425899915e-15
3.431728788780106e-15
-4.692554923852361e-15
-1.915425535159868e-15
-3.464245946580211e-16
1.2721339407523395e-15
9.774505190078842e-16
3.27368720562124e-15
-2.0399526631165037e-15
2.240201072617728e-15
-1.1914318848088978e-15
-7.821045448963305e-15
-1.2054832197512992e-13
-2.5229258207953017e-12
-4.4884970219908665e-11
-6.812997854596149e-10
-8.813116159310428e-09
-9.714857530513994e-08
-9.125487176637602e-07
-7.304467804423501e-06
-4.982347154152427e-05
-0.0002895958090959127
-0.001434377432405024
-0.006054070828917894
-0.021774311644657176
-0.06673509056791041
-0.17429180068975647
-0.38789353593568954
-0.7356326741079962
-1.1888371340426225
-1.637180624563673
-1.9212492607026506
-1.9212492607026397
-1.6371806245636515
-1.1888371340425827
-0.7356326741079664
-0.3878935359356468
-0.17429180068972883
-0.0667350905678818
-0.021774311644633202
-0.006054070828895752
-0.0014343774323894022
-0.00028959580908815554
-4.9823471539369035e-05
-7.30446780519816e-06
-9.125487102930887e-07
-9.714856667274446e-08
-8.813111860047962e-09
-6.812854568389159e-10
-4.4870025685104204e-11
-2.516303035369637e-12
-1.1489945726948562e-13
3.3194634510549676e-15
4.184782214326747e-15
2.134303817289578e-15
8.354545429911642e-15
5.038245960619136e-16
7.560783659007666e-15
3.4699459541915275e-15
3.1939604453511293e-15
2.941216121256987e-15
1.696073109096554e-15
4.573863255403308e-15
1.039519529203319e-14
9.461911307164783e-16
-2.4013924694428454e-15
-7.331744202469411e-15
-3.1695448161330584e-15
-1.0546394818782342e-15
1.2224134530347284e-15
1.7078031574117725e-15
5.5178838064756295e-15
-1.3734817357115037e-15
4.347460692055396e-15
5.040476108869029e-16
-8.501977473927865e-16
-3.4057663633072286e-14
-7.005976369469964e-13
-1.2480527743310323e-11
-1.8942651179248193e-10
-2.4503725383025917e-09
-2.7010926862714405e-08
-2.5372258131679373e-07
-2.030914506672197e-06
-1.3852783525188363e-05
-8.051843698144657e-05
-0.00039881042913593
-0.0016832575100256524
-0.006054070828901883
-0.018554844426977087
-0.04845962175483773
-0.10784887159465213
-0.2045333228338609
-0.33054106742727013
-0.4551972812073123
-0.5341789579426849
-0.5341789579427234
-0.4551972812072933
-0.33054106742724393
-0.20453332283385547
-0.10784887159464125
-0.04845962175483384
-0.018554844426967275
-0.006054070828892163
-0.001683257510017544
-0.0003988104291322972
-8.05184369837655e-05
-1.38527835317309e-05
-2.030914514148165e-06
-2.5372258353686745e-07
-2.701092695221112e-08
-2.4503733815358637e-09
-1.8941764326335708e-10
-1.2471471336547183e-11
-6.985010967081325e-13
-2.8730484756476444e-14
6.015242968357434e-15
3.1882481243468958e-15
1.9922883617707555e-15
8.616630930318594e-15
1.4815422545026867e-15
8.373831516358507e-15
4.590465202818891e-15
1.5201359541431367e-15
2.1758309679969302e-15
-2.351234962386487e-15
1.0526825303708572e-15
2.5849673250417705e-15
3.171885090381145e-15
-1.2422798825035291e-15
-3.608916834081731e-15
-8.93952565632873e-16
6.328140837862178e-16
1.6785544781925442e-15
2.301672314856848e-15
6.351878852578449e-15
-1.834825468942763e-15
5.314748678762364e-15
1.625568735523128e-15
3.258417058089425e-15
-8.500231810894353e-15
-1.6212062509035787e-13
-2.955589658537101e-12
-4.4876529253261466e-11
-5.805579777428117e-10
-6.399633466119187e-09
-6.01139187031857e-08
-4.811800177404169e-07
-3.282108949599672e-06
-1.907705280280198e-05
-9.448926111084572e-05
-0.0003988104291338338
-0.0014343774323891292
-0.004396157702754941
-0.011481429568893486
-0.025552391423176633
-0.04845962175456055
-0.07831435425749732
-0.10784887159403533
-0.1265618232398257
-0.12656182323982484
-0.10784887159404646
-0.07831435425748466
-0.04845962175456731
-0.025552391423175752
-0.01148142956889672
-0.004396157702753376
-0.0014343774323835072
-0.0003988104291325113
-9.44892611120009e-05
-1.907705280856217e-05
-3.282108958657566e-06
-4.811800262921614e-07
-6.011392467911381e-08
-6.399636917140543e-09
-5.805580279309428e-10
-4.486920266342456e-11
-2.948537435691362e-12
-1.6166841436299572e-13
-2.0204293879491286e-15
7.693733934170958e-15
3.1491632870447715e-15
2.843142614873288e-15
8.814030240686198e-15
3.090822718509808e-15
8.79556687661683e-15
6.935524464220041e-15
2.380979224047462e-15
5.316600588248045e-15
-4.3249536147531176e-16
4.803016935244879e-15
2.445464286932011e-15
2.1558009425959833e-15
-2.356666615347962e-15
-1.804766979986707e-15
-1.2016587288977193e-15
2.9119305545361804e-16
2.115097412049596e-16
1.7249484964799404e-15
5.321937311794525e-15
-2.8449093162106018e-15
5.072407473671966e-15
1.7171779587921179e-15
4.595765975704216e-15
-3.7677027607203716e-15
-2.9284500978756575e-14
-5.977655821147094e-13
-9.058737452068839e-12
-1.172152272576853e-10
-1.292061925605974e-09
-1.213679098957733e-08
-9.714856973658687e-08
-6.626463696248873e-07
-3.851590533195299e-06
-1.9077052805208435e-05
-8.051843698302641e-05
-0.000289595809088244
-0.0008875689327214296
-0.002318060651500792
-0.005158938854646316
-0.009783828895342128
-0.015811395433170606
-0.02177431164394074
-0.025552391422526792
-0.0255523914225197
-0.021774311643931316
-0.015811395433197133
-0.009783828895336182
-0.005158938854653657
-0.0023180606515076038
-0.0008875689327237659
-0.00028959580908407764
-8.051843698611426e-05
-1.9077052808544742e-05
-3.85159054018153e-06
-6.626463782528894e-07
-9.714857652555868e-08
-1.2136797079736865e-08
-1.2920663093954e-09
-1.1721323343075829e-10
-9.052755272857515e-12
-5.921951757902235e-13
-2.99052218058453e-14
3.4401418476988198e-15
7.42386713867547e-15
2.4699807235312055e-15
3.441347829788408e-15
7.99852465752566e-15
4.32209495203057e-15
7.53660539306449e-15
7.369215127716704e-15
6.226167243453974e-16
4.436132354192993e-15
-2.2826718564211737e-15
4.666815348318019e-15
-6.579545413438344e-16
5.898161267613427e-16
-3.576611958495434e-15
-4.852162305016969e-17
-1.0357743463142339e-15
1.0845629530780878e-15
2.9561684693445737e-16
2.460438538145832e-15
4.6202297134047235e-15
-2.481560626766182e-15
5.008009096825648e-15
2.2650382072323318e-15
5.953729298429881e-15
-1.665097791412218e-15
6.968812685538209e-16
-1.0200819209193696e-13
-1.553247129939167e-12
-2.0167016980064324e-11
-2.2228710535934997e-10
-2.0880706768936555e-09
-1.6713910540275688e-08
-1.1400490515314874e-07
-6.626463667657895e-07
-3.282108950762416e-06
-1.3852783524939925e-05
-4.982347153650775e-05
-0.00015270167614307286
-0.0003988104290683454
-0.0008875689326004362
-0.0016832575097404372
-0.0027202693737906633
-0.003746158481126625
-0.004396157702050006
-0.004396157702046594
-0.003746158481131789
-0.002720269373784036
-0.001683257509738564
-0.0008875689326073779
-0.0003988104290749187
-0.00015270167614665726
-4.982347153278471e-05
-1.3852783530599301e-05
-3.2821089544953673e-06
-6.626463747129846e-07
-1.1400491355029745e-07
-1.671391715435707e-08
-2.088076969524302e-09
-2.222922484125807e-10
-2.016304410706477e-11
-1.5467150512706004e-12
-9.5420910725838e-14
1.5716555249654094e-15
6.84945729566408e-15
8.710480799928592e-15
2.8102517149955204e-15
4.377004658884167e-15
6.753970686566792e-15
5.8563841781008465e-15
6.5805022633960225e-15
8.653651263812232e-15
8.129100805121996e-16
5.243559343700791e-15
-2.0893387175034386e-15
5.408600843701262e-15
-2.7547347247403646e-15
-4.255065755046424e-15
-7.602275745194997e-15
-1.390453675960189e-15
-2.944182506252392e-15
3.301478664488626e-16
-3.2584991347504093e-16
2.3490381351151997e-15
2.9179134915853918e-15
-1.9895166514373383e-15
3.7052295466213195e-15
1.2415199548477125e-15
4.618354524479391e-15
-2.564069008010136e-15
3.4716469224471673e-15
-1.756900049749553e-14
-2.2486561548797905e-13
-2.959746305177431e-12
-3.2584024327457736e-11
-3.0612410696836163e-10
-2.450371677115744e-09
-1.671391150644889e-08
-9.714856607342122e-08
-4.811800203299209e-07
-2.0309145065400015e-06
-7.304467802698355e-06
-2.2387128831069166e-05
-5.846838541931588e-05
-0.00013012378477552815
-0.00024677726976860323
-0.00039881042872158296
-0.0005492129140900033
-0.0006445073251920263
-0.0006445073251857801
-0.0005492129140939423
-0.00039881042871723146
-0.00024677726978065186
-0.00013012378478481325
-5.846838543052801e-05
-2.238712883753665e-05
-7.30446780021598e-06
-2.0309145145722523e-06
-4.811800244491276e-07
-9.714857505373353e-08
-1.6713918799419095e-08
-2.4503772622139387e-09
-3.0612838305386844e-10
-3.258798028920941e-11
-2.9544392814006114e-12
-2.170018614699917e-13
-1.0306943066633828e-14
5.68545249749606e-15
5.7595629239909675e-15
7.81704292253495e-15
2.1932115907184185e-15
4.543879605203842e-15
4.647523124047721e-15
6.694310040473216e-15
4.7466299205982086e-15
8.33316188521048e-15
-3.6136057708892016e-16
3.862922071605174e-15
-4.5513173540603164e-15
2.4313735826610417e-15
-7.585452087216271e-15
-4.236428341695619e-15
-8.203568712663158e-15
-1.5101340586864756e-15
-4.147104218643257e-15
-6.744492286491908e-16
-1.5414061249440302e-15
1.0314632640396394e-15
-2.2173042674714969e-16
-2.0673101116269243e-15
1.153544870732248e-15
-4.619190207723266e-16
2.795349800828246e-15
-2.117697883322251e-15
3.3910607668393643e-15
-4.925125594638029e-15
-2.4257346673018903e-14
-3.709638819656438e-13
-4.064532464434399e-12
-3.824156019340115e-11
-3.061192051452534e-10
-2.0880695449926457e-09
-1.2136784829989654e-08
-6.011391988179145e-08
-2.5372257583251654e-07
-9.125487108940418e-07
-2.7968287360343376e-06
-7.304467754138131e-06
-1.6256391942555632e-05
-3.082993648239592e-05
-4.982347117344516e-05
-6.861328547508867e-05
-8.051843639745337e-05
-8.051843637988035e-05
-6.861328547450715e-05
-4.9823471168665065e-05
-3.0829936488541885e-05
-1.6256391952638777e-05
-7.304467758544356e-06
-2.796828742552281e-06
-9.125487084897937e-07
-2.5372258489406284e-07
-6.011392367482084e-08
-1.213679480538821e-08
-2.0880764919632797e-09
-3.061245537058014e-10
-3.824406388156716e-11
-4.066780879884923e-12
-3.6564399046555965e-13
-1.422306073039821e-14
2.6133993588029284e-15
6.796980815478405e-15
4.572446266200794e-15
5.8357588196241695e-15
-8.72631283664215e-17
2.1943826540277888e-15
3.3885834997394476e-16
5.397465468129379e-15
1.831370944276072e-15
7.131055385861441e-15
-7.887011648633077e-16
4.366625992818257e-15
-4.088670632817549e-15
2.7505794451101253e-15
-7.421855195926207e-15
-4.791478645320302e-15
-9.66608017614525e-15
-2.1336216398801084e-15
-4.088323022139989e-15
3.1095515516055677e-16
-7.426798177700869e-16
1.8504812630612866e-15
-1.5588209167381846e-15
1.7765607275316354e-16
7.043520602833992e-16
3.682925750462121e-16
2.5138338069671353e-15
-6.845668366168073e-16
1.964100019699969e-15
-4.917925624545419e-15
-4.751009998510427e-16
-4.1345651530325876e-14
-4.28890126782592e-13
-4.071323075759786e-12
-3.2585299350478656e-11
-2.2229225460467465e-10
-1.2920608874581557e-09
-6.399639084505527e-09
-2.70109232103152e-08
-9.714857150848464e-08
-2.977461872676821e-07
-7.776226737686809e-07
-1.73063108213614e-06
-3.2821087505187967e-06
-5.304131926476874e-06
-7.304467346835328e-06
-8.57187184779801e-06
-8.57187184051849e-06
-7.304467370537296e-06
-5.304131928672153e-06
-3.282108754245778e-06
-1.7306310903742369e-06
-7.776226788891876e-07
-2.9774619533436603e-07
-9.714856986051561e-08
-2.7010932340445105e-08
-6.399641167381029e-09
-1.292068719649065e-09
-2.2229624976133789e-10
-3.2587676806195884e-11
-4.071440558651017e-12
-4.297610715622635e-13
-3.887063661721169e-14
9.844095621288074e-15
1.898058010036273e-16
4.660574364448014e-15
2.6226726521789612e-15
4.5088424151521804e-15
-3.070632315027849e-17
2.77501385035893e-15
2.2027233270240707e-16
7.05606709739533e-15
2.009568252306195e-15
7.568914348645325e-15
1.6399059614731488e-16
5.443198409443705e-15
-3.913237134052341e-15
1.234394885628958e-15
-8.592005259535758e-15
-3.3790367782207175e-16
-7.792684543491398e-15
-1.4021032059014683e-15
-3.941395175277981e-15
1.7473411644817707e-16
-2.244778121768148e-15
8.180498338587277e-16
-5.274263929899147e-15
-1.7805469375563557e-16
-2.3388838927182975e-15
-4.911665290134635e-16
9.271311815622179e-16
4.713550825108217e-16
1.694547785608291e-15
-3.6083584762920954e-15
3.4010616567737062e-15
-3.04387283185905e-15
-3.4766128452775106e-14
-3.694769752407565e-13
-2.953263445933734e-12
-2.0164944358600718e-11
-1.1721042241824682e-10
-5.805619769817905e-10
-2.4503698740316627e-09
-8.813116809653641e-09
-2.7010903226911512e-08
-7.054429973885587e-08
-1.5699921968221607e-07
-2.9774601761318375e-07
-4.811797222211783e-07
-6.626459431314577e-07
-7.77622227427758e-07
-7.776222027239748e-07
-6.626459837334212e-07
-4.811797256856682e-07
-2.977460310026664e-07
-1.5699923553375365e-07
-7.054430117451374e-08
-2.701091247639739e-08
-8.813113100215876e-09
-2.450376341999232e-09
-5.805612016199793e-10
-1.1721516493225887e-10
-2.0167085658913358e-11
-2.953029587498076e-12
-3.6874945467608134e-13
-3.486485413287714e-14
-3.895063276388938e-15
1.4528685392206766e-14
-2.2019280378758668e-16
5.137421983451168e-15
2.2436106726093934e-15
2.557359153013833e-15
-2.2283158873500575e-15
-4.3708512603592485e-16
-3.0049508546312974e-15
4.238152497516539e-15
-6.502226579929368e-16
5.348680345882173e-15
-1.0647339891230864e-16
6.317096396563998e-15
-1.9596723392812926e-15
2.2180596935384455e-15
-5.600224095770694e-15
1.0303719073943615e-15
-8.42502331111762e-15
-2.27751101159206e-15
-4.242360739951298e-15
5.002578115792305e-16
-3.3142473890663865e-15
1.0069440105114448e-15
-8.031796186835208e-15
-3.49015219819758e-16
-4.923100493098529e-15
-1.0006584805611722e-15
-1.2063793995102308e-15
-6.454545912287071e-16
-1.5453244564494507e-15
-6.3265492472029575e-15
-1.0446593208251454e-16
-1.7351742413430296e-15
-1.7417257883193642e-15
-3.033907841992707e-14
-2.277359845979603e-13
-1.5572288304480096e-12
-9.058611951747677e-12
-4.4878121804039924e-11
-1.8941736204814234e-10
-6.812912682359293e-10
-2.0880485090510276e-09
-5.453371213392676e-09
-1.2136699186517126e-08
-2.301702426384486e-08
-3.719722045212413e-08
-5.122531337212071e-08
-6.011349384329179e-08
-6.011349217154788e-08
-5.122532379265065e-08
-3.7197205804784315e-08
-2.3017030644147245e-08
-1.2136706563031158e-08
-5.453374269509775e-09
-2.0880573595196175e-09
-6.812876569745992e-10
-1.8942250997090035e-10
-4.487584204204188e-11
-9.059707008028545e-12
-1.5565262810773524e-12
-2.2201157166779896e-13
-2.6662970728947442e-14
1.023689430308959e-15
-4.3270053121634204e-15
1.1879252084597484e-14
-5.757277238256835e-15
7.452053399146494e-16
-1.7337555743909134e-15
-1.836374375941619e-15
-5.408065993913902e-15
-3.654358109090668e-15
-4.560422588541749e-15
1.7759365801685662e-15
-1.6962089970218901e-15
3.9559674365744014e-15
5.794253605271895e-17
5.973185118814772e-15
-1.5057396546729769e-15
3.0484169349325184e-16
-5.837238264922765e-15
-2.730245911919833e-15
-1.3504011515199265e-14
-7.75713220698321e-15
-9.282617828063326e-15
-3.1751544276209335e-15
-6.914288122339052e-15
1.0619510956940032e-15
-8.019407326570327e-15
3.2033533218955788e-15
-1.6150751273251248e-15
4.511029977565914e-15
3.0139585633117217e-15
3.9742749821674084e-15
1.843943794636545e-15
-2.2134003261828756e-15
2.4957990331789992e-15
2.545108325118029e-15
2.8322017874693755e-15
-1.4741928984741145e-15
-1.486497691420305e-14
-9.972519664616588e-14
-5.956873339170267e-13
-2.953884579963465e-12
-1.2470860979217721e-11
-4.4876312646797726e-11
-1.3752943817293437e-10
-3.592059997716196e-10
-7.994290476206588e-10
-1.516100436482132e-09
-2.450132706213773e-09
-3.3741260379221272e-09
-3.959564594673378e-09
-3.959562075334337e-09
-3.374152345513131e-09
-2.4501318478382125e-09
-1.5161134938139802e-09
-7.994385534009408e-10
-3.592085700605892e-10
-1.3753980567365634e-10
-4.4873343361507926e-11
-1.2475543025139664e-11
-2.9515196297456484e-12
-5.942914721734916e-13
-9.738545325060483e-14
-4.224468765949041e-15
4.084013759519232e-15
7.279539258209091e-15
-2.677634939266066e-15
1.356100344440617e-14
-5.898557644252763e-15
1.2837216996441381e-15
-7.855767598187005e-16
-1.160614768872078e-15
-3.0261140110309405e-15
-8.48483047318019e-16
2.2533427488007813e-16
3.5175919985311817e-15
9.43466370524116e-16
3.755438759617179e-15
-8.049645158886736e-16
1.9354809580975746e-15
-4.910464408389106e-15
-5.558850469512701e-15
-1.0295485294719698e-14
7.64097418006142e-16
-9.852513457941425e-15
-5.03553535936424e-15
-7.456474722618423e-15
-1.530027776085694e-15
-6.509341814409547e-15
2.4643322875402563e-15
-7.847805137373866e-15
3.533740836414149e-15
-1.910840289699209e-15
4.660686851507245e-15
2.2980868573715447e-15
3.383017426862616e-15
5.14107865358977e-16
-3.1512294118641977e-15
-8.339302080776632e-16
5.196246963326964e-16
-1.7731273678736485e-15
-3.5319053674978313e-15
-6.306950809695085e-15
-5.27623837979777e-15
-3.551091705305036e-14
-1.633477868295788e-13
-6.936267032494854e-13
-2.5151559295597992e-12
-7.701755880137484e-12
-2.0132336391152018e-11
-4.4805313748967636e-11
-8.497755782786455e-11
-1.3733743331173643e-10
-1.8911781582311593e-10
-2.2194903065041182e-10
-2.2191864448163924e-10
-1.891281510820329e-10
-1.3731760627928251e-10
-8.498000061702049e-11
-4.481105021131341e-11
-2.0134228747480417e-11
-7.710065578241267e-12
-2.512651501441693e-12
-6.976253300712491e-13
-1.6101930109223278e-13
-3.216147712573759e-14
-1.8526116057316733e-15
8.195572430286642e-15
2.857422693749718e-15
3.764200861974303e-15
-6.873046475664584e-15
9.607469763810117e-15
-9.460188154354627e-15
-1.4748892498310948e-15
-3.2999377537487827e-15
-4.276991790396751e-15
-4.795975673108187e-15
-2.2146178987198717e-15
8.366785572828581e-16
1.3977366802904595e-15
2.0210102858061283e-15
4.014133262060731e-15
7.126004215567715e-16
1.585684696575267e-15
-2.3814826591708028e-15
-3.2789603465916175e-15
-6.2769337131625096e-15
1.3199847592550212e-16
-8.355723205017689e-15
-4.6462106710985386e-15
-8.449895225755499e-15
-3.439400519247714e-15
-8.737995882520738e-15
8.332620034972134e-16
-8.467750201610532e-15
3.1822263126392027e-15
-6.179789365409022e-16
6.3972799385819426e-15
4.612937109540544e-15
6.335219536401239e-15
3.2419958180917433e-15
4.344201812955662e-16
7.864651650056771e-16
3.893744700389735e-15
-1.3162445194583628e-15
-2.3853968279926395e-15
-6.598541530049164e-15
8.255575316030932e-16
-4.454254910228518e-15
-4.0735778566909216e-15
-2.6640865994609132e-14
-1.1559278927632605e-13
-3.5061100130326317e-13
-9.296547874774825e-13
-2.078856724289706e-12
-3.951106774378206e-12
-6.381527683573346e-12
-8.778096899433775e-12
-1.0299014440036712e-11
-1.0267804708310767e-11
-8.770063700881983e-12
-6.372718398287812e-12
-3.953570482462984e-12
-2.082687643696411e-12
-9.371839178756841e-13
-3.604276423758697e-13
-1.1417818617677493e-13
-3.108624897226858e-14
-3.2648435059966017e-15
-1.0945444393744761e-15
3.664190762091045e-15
9.551459677565877e-15
3.2744124055951836e-15
4.453625488174014e-15
-5.895290364083798e-15
9.423789491822736e-15
-8.206298424311637e-15
-4.2897700729805976e-17
-2.0246957238151427e-15
-3.5420655705688914e-15
-2.744041032405273e-15
-3.9416524789882265e-16
2.4630504252184778e-15
-1.152569785550846e-15
1.4479688518072864e-15
2.007582283015767e-15
-1.1580955920138079e-15
-2.838839718661523e-15
-3.88844842555004e-15
-3.731304053839549e-15
-5.0895337094495634e-15
3.8633877747682377e-16
-3.913367064704905e-15
-3.0515312429271527e-17
-3.540761764140328e-15
6.946638002383632e-16
-4.178613494860453e-15
3.985983155478831e-15
-4.983478980354845e-15
4.767661472921787e-15
1.9031628854049572e-15
7.655656778323066e-15
5.858167688056313e-15
7.390903158218713e-15
2.8760638434145597e-15
1.387767268701319e-16
-1.4155585103776237e-15
3.0303843855243986e-15
-3.8153961811879775e-15
-3.4165890016380436e-15
-8.033104354910523e-15
1.6005381566828301e-15
-2.9187263329933515e-15
5.6638887318525555e-15
6.364222315463988e-15
1.6674017775849587e-15
3.165962535396921e-15
-6.759690305859092e-15
-2.643675704306736e-14
-5.304074028447618e-14
-9.602925154866181e-14
-1.185612669609059e-13
-1.4472793546399908e-13
-1.3417153694151061e-13
-1.1187171378138265e-13
-7.964993422445438e-14
-6.553672894152865e-14
-2.9744985542141173e-14
-1.5554173034655925e-14
-7.257919355085145e-15
1.3596501352638317e-15
1.3296821163006657e-15
4.624075581840471e-15
-2.8313601438997586e-16
2.8943288847921305e-15
7.753600258596876e-15
3.873087673535174e-16
2.273594090127251e-15
-7.639863976978018e-15
5.42827939051848e-15
-9.643901317387275e-15
-1.3604037637350228e-15
-3.4153803424072984e-15
-4.676145162070154e-15
-1.175173919835152e-15
2.0788919348988726e-15
4.943390392636663e-15
-9.944350906617444e-16
4.21357264368619e-15
4.7599170050034836e-15
1.6202348818070648e-15
-2.7954935078521212e-15
-1.981031862917733e-15
-1.1795030995315566e-15
-1.9894074171801857e-15
-1.1898568622243467e-15
-1.6227366072131503e-15
1.954089866171563e-15
-1.298939269614928e-15
1.2112888593910947e-15
-2.4760032634916757e-15
4.415531478599392e-15
-2.9801249018937583e-15
5.691229280908949e-15
4.469891410460789e-15
9.33122163513325e-15
7.959764650955418e-15
1.0186419990722243e-14
5.000839903015726e-15
3.0148174227072314e-15
8.105606787153181e-16
4.4996870581463e-15
-3.2634172967787237e-15
-3.2272324189035663e-15
-8.94943656915893e-15
6.6274769686282915e-16
-4.800385961520957e-15
5.4942129597639184e-15
6.573888704021811e-15
6.276823411421758e-15
1.6372531427023884e-14
2.95264048313747e-14
5.3492135106560854e-14
8.999368980947622e-14
1.505733784034302e-13
1.9188376477674818e-13
2.581657001928424e-13
2.7277406116851687e-13
2.1022075236601248e-13
1.4491925457999777e-13
8.506346972342516e-14
5.041145247389245e-14
1.8955016032499548e-14
7.006293633103322e-15
5.22070704067282e-15
1.642652233115113e-15
3.2473220129082506e-15
-2.5451660002560235e-15
3.547628683124198e-16
4.758797261279932e-15
-2.8814830873293803e-15
1.2115107954487722e-15
-7.437345859616913e-15
3.82403069482302e-15
-7.59349272296757e-15
1.0426828815981364e-15
-1.5826974969359675e-15
-3.3169093233583077e-15
2.403041505738242e-15
5.41381411975188e-15
6.761996718797968e-15
-1.4003863171554383e-15
4.761834858652032e-15
5.240046774570183e-15
2.0054674090766047e-15
-4.378979607290121e-15
-1.6175528608688547e-15
-4.951960639496772e-17
-6.985392953915746e-16
-3.478967708975174e-15
-1.1515552011306615e-15
2.8371894460442727e-15
4.819925064537341e-16
1.207892092852535e-15
-1.1563678249610712e-15
4.330956898711682e-15
-1.7842046325570785e-15
5.542766246634235e-15
5.005495948495079e-15
8.304841942923814e-15
6.19906725332813e-15
8.683308494940937e-15
3.132224551378452e-15
2.3801004182852417e-15
2.046780011184699e-15
3.931311347758675e-15
-7.234641145932611e-16
-7.184649904711891e-16
-6.1967857582146305e-15
2.560107584227161e-15
-3.629762826935595e-15
6.985420571620828e-15
6.9746884467702465e-15
6.876944833189621e-15
1.5740000307090223e-14
2.6744357606172186e-14
4.705019265571342e-14
8.44192163784271e-14
1.3991126323300784e-13
1.8951424190060133e-13
2.0502239713344554e-13
2.3931056514272264e-13
1.9108625655806243e-13
1.4427188912522987e-13
7.744504355464795e-14
4.6718853808005266e-14
1.7621852604036632e-14
7.045566324412535e-15
5.013961016604425e-15
2.226695765901013e-15
3.966787822117065e-15
-1.4812317327929781e-15
1.0638729604169194e-15
4.6978231869680104e-15
-3.576815520465748e-15
1.8048619879794325e-15
-7.379430336156469e-15
9.196346660711093e-16
-8.452425976329275e-15
2.4477119470336386e-18
-3.240583463460917e-15
-5.317587549889025e-15
3.244451937520777e-15
6.008606642105177e-15
6.386394226526514e-15
-2.6101596564628513e-15
3.778592495097105e-15
4.252109050003065e-15
1.5137574869759785e-15
-6.14571453821458e-15
-1.7101305846514516e-15
-1.182279084119476e-16
-1.3909222848909864e-15
-8.540505767492103e-15
-5.251779857613288e-15
2.803383295046246e-16
-1.0674687265994853e-15
-1.7039731950931591e-15
-3.039519935836655e-15
1.3147340282332695e-15
-3.636729867473121e-15
2.293758329653848e-15
2.3701335995723907e-15
4.933982346925443e-15
3.11239367185509e-15
7.201425640732143e-15
3.0388988227758796e-15
3.7866881757439325e-15
6.287353522170973e-15
3.4258685474981896e-15
3.5401233046417446e-15
1.975107319443033e-15
-3.4103203611792765e-15
3.052776121714896e-15
-3.242813624069535e-15
7.09954123573766e-15
6.452587486500313e-15
7.0305554856945285e-15
1.486673851451269e-14
2.3266950397612214e-14
4.521294951225785e-14
8.455724439361846e-14
1.2688913121362814e-13
1.5732247930117161e-13
2.1212749128420498e-13
2.0119929527301645e-13
1.5980887802175622e-13
1.1444972341736638e-13
6.589815890795852e-14
4.4640421897361667e-14
1.4946160864944065e-14
8.020277803887458e-15
4.186935969149472e-15
9.514983422817601e-16
2.6459072513974073e-15
-1.907166652243782e-15
5.726931499502486e-16
4.4002974777824684e-15
-3.085558279742361e-15
4.081712650826935e-15
-5.449330988474826e-15
1.3355006891552301e-15
-6.5447631234631314e-15
1.7082423704266033e-15
-2.594929324014464e-15
-6.716024987858506e-15
2.8317732987202638e-15
3.310646775545884e-15
2.7210820393683576e-15
-6.4103606555734e-15
-4.272444184830776e-16
-3.0288659104199335e-16
-1.4788767798960623e-15
-9.837581335788201e-15
-4.054104927711835e-15
-3.4687168134258626e-15
-6.561367607341789e-15
-5.81192691686746e-15
-3.2391662657563267e-15
4.594645502937711e-15
3.3135375634917708e-15
1.382720937463045e-15
3.114338613168894e-18
3.23576129699373e-15
-2.48569053733896e-16
4.2637919471916775e-15
5.046745849768598e-15
6.493869240618804e-15
4.428068981058986e-15
8.828390461415592e-15
5.470410663203063e-15
6.315715389912302e-15
1.0946104171871342e-14
2.030342590241405e-15
7.816753667190766e-15
4.630983417093626e-15
-3.284343116467942e-16
3.560290904870529e-15
-1.4517776118156594e-15
8.390423698233853e-15
6.70653248688625e-15
7.854589246412682e-15
1.3330717979295513e-14
2.1221919000929302e-14
3.4078236043567e-14
7.250974324088763e-14
1.0982650096558816e-13
1.2863942148815876e-13
1.6912911221166235e-13
1.7083635056075158e-13
1.5798996427556863e-13
1.1702441683134744e-13
5.4398435430176124e-14
3.961072225062354e-14
1.0988461279843198e-14
6.797010137473487e-15
3.91089042356146e-15
5.7682109839827e-16
3.0020095324214284e-15
-6.257869822508695e-16
3.489700602120961e-16
3.549227749667899e-15
-3.435837132205803e-15
4.896544175621111e-15
-5.152532859884893e-15
1.3891716584938016e-15
-5.123619178258089e-15
3.8407019722754865e-15
4.640311528770424e-16
-4.557334870242884e-15
6.5981746573654385e-15
4.6810322992715996e-15
4.2487345370080674e-15
-4.38713677771539e-15
5.168644053441846e-16
-6.204188407982202e-16
5.438643278819233e-16
-8.01402509828754e-15
-4.676107939819543e-16
-7.522889686319799e-16
-5.8436916978047245e-15
-5.225748050493351e-15
-4.547332104702484e-15
6.1928399412002786e-15
4.910312538036722e-15
2.9756329361104665e-15
1.971800773006368e-15
5.1118491312661626e-15
4.417692377515341e-15
7.693810834395522e-15
9.217917545455783e-15
8.592292371922621e-15
5.7100725497613195e-15
9.065482071415586e-15
6.033335760822516e-15
6.297765403330287e-15
1.1646349594802136e-14
-2.0733754433968944e-15
8.061845708142712e-15
4.078064497336281e-15
-7.708791198597088e-16
4.862412102407537e-16
-2.726533752733552e-15
6.398958991144108e-15
3.740554070006734e-15
6.237220837697844e-15
1.0327830891366108e-14
1.6664446940918145e-14
3.4013947788155665e-14
6.603505732053942e-14
9.131341238905338e-14
1.1517878912843825e-13
1.475742879422022e-13
1.364423290077563e-13
1.1385826348972714e-13
7.923606340596729e-14
4.869870475427841e-14
3.2744363515773307e-14
9.400795841202623e-15
6.905048269168303e-15
2.2598805046234805e-15
-2.3259803351025128e-15
6.3959354080493e-16
-1.8803739734565963e-15
-2.944804877137805e-15
6.623860481880212e-17
-6.405708641499481e-15
2.8629896389743835e-15
-7.756378871937346e-15
-1.0782580706855578e-15
-6.209728898148973e-15
3.2082520553121026e-15
1.6207974965917826e-15
-4.045421175911064e-15
8.836991581993056e-15
4.821954812859006e-15
5.7040949519687805e-15
-1.6565154542009164e-15
1.6896111083792415e-15
-1.5746332099002427e-15
1.7185567483122984e-15
-7.412511429169201e-15
1.4203670049073712e-15
-2.8506961771272244e-16
-7.784534123508951e-15
-4.10719459230636e-15
-6.045779921551916e-15
6.367351555951394e-15
4.007872645126398e-15
1.3630284865657819e-15
-3.966835517479376e-16
1.6477963456925384e-15
3.27713715975156e-15
4.6591823341536695e-15
6.901730116999134e-15
4.870924298457059e-15
3.254270971638638e-15
7.423226811088527e-15
6.5738173655984706e-15
7.793859027772642e-15
1.3031167093481633e-14
-1.4496696768522387e-15
1.0535093950483744e-14
8.075781142714361e-15
3.773108674570698e-15
4.0117890857372684e-15
3.1556846225258916e-15
1.1907960438961707e-14
8.110663195355488e-15
1.1012172366850805e-14
1.2345472400896231e-14
1.8982272520081407e-14
2.6939292722490233e-14
5.301855416996349e-14
8.505991456817868e-14
1.1033860504193882e-13
1.2297308885472835e-13
1.2791740773578003e-13
1.026671253272619e-13
8.02481853357026e-14
4.0661570989804877e-14
2.801334229916444e-14
8.620551876977354e-15
7.782293936923029e-15
5.4391485694858886e-15
1.0715486148279046e-15
5.046857631417523e-15
3.84931758347468e-15
-1.0622475156839384e-16
2.5201134956428964e-15
-4.3271170452958e-15
5.52451376554546e-15
-5.777796753745684e-15
4.707842038322336e-17
-4.018275657516296e-15
3.835673403030123e-15
2.672044056575485e-15
-5.4550818096447885e-15
7.000974346641173e-15
-3.2299863107871835e-16
1.0535135203294831e-15
-4.691070823568899e-15
-2.577134104407555e-15
-6.876954777717177e-15
-7.089383616539344e-16
-9.065627430723677e-15
1.7124999561434394e-15
-6.384423981918517e-16
-9.222395552235206e-15
-7.451432064040923e-15
-1.1261498427060601e-14
2.369448588573528e-15
5.208592987165602e-16
-1.6197221875842381e-15
-3.0533744986102666e-15
-1.2066287342477693e-15
3.673143690755358e-15
4.363414032331822e-15
7.699003728444227e-15
4.55931281290771e-15
3.960011305186274e-15
7.918860908028587e-15
7.281814807171399e-15
8.042190511745105e-15
1.0354659371904675e-14
-1.6751505097993729e-15
8.489473481633637e-15
9.236359825517971e-15
5.435595239403826e-15
5.776775178291066e-15
6.201880168048643e-15
1.4326411564216124e-14
1.0359606636156784e-14
1.3393648706288396e-14
1.359087652955532e-14
1.8917776018681825e-14
2.6441294071872874e-14
4.6351674647970715e-14
7.171755875415423e-14
7.483912960695371e-14
1.1254265581364687e-13
7.836198611264355e-14
8.522938368172088e-14
6.00718521726979e-14
3.7678523880923154e-14
2.2451322206454255e-14
8.574598881785511e-15
9.033781510831732e-15
7.793321448317226e-15
3.191153340538998e-15
7.1018875607287445e-15
7.088074861931575e-15
6.640377191628439e-16
3.3931623380225175e-15
-3.973091116241294e-15
6.328119758689589e-15
-5.293903106131088e-15
-1.2583491439720501e-15
-3.098950125906912e-15
3.2386718657975714e-15
3.651278569749159e-15
-5.374546657212757e-15
7.316608383564177e-15
-2.0716457565911684e-15
-8.015058950361017e-16
-5.249222540382884e-15
-5.2815869298670695e-15
-1.1170694514716048e-14
-4.474513120154385e-15
-1.2877187919535076e-14
-2.2551468007821987e-15
-5.987815654125931e-15
-1.4479822763886805e-14
-1.9749387683007707e-15
-7.29233495399228e-15
5.1195715170453035e-15
3.4713304053569843e-15
6.139157472982763e-16
-1.8085028580428187e-15
-1.2125982997212618e-15
5.369141412384363e-15
5.042805011405095e-15
8.309432316413751e-15
3.819336707171421e-15
3.8442339995250125e-15
7.894910584122258e-15
7.291896011422353e-15
8.273763949929815e-15
7.314254798537707e-15
4.1147006313403507e-16
5.7938476192802714e-15
9.436523691061155e-15
5.0521731742833416e-15
5.3152573888325095e-15
4.929157162483569e-15
1.1328339127520044e-14
7.649051488539193e-15
9.06577361915761e-15
8.97560761507982e-15
1.3743634573296532e-14
1.5043558882834284e-14
3.883008197148623e-14
4.8304740577738647e-14
6.293086490846822e-14
8.755235432154365e-14
7.187272316271807e-14
7.437244638865803e-14
5.698333544225728e-14
2.729300863269861e-14
1.5055926745310115e-14
2.5236791337536528e-15
2.6758998947524507e-15
3.554236226407156e-15
-4.826633300732473e-16
2.9163338018951144e-15
4.5129527034672705e-15
-2.3644476153507256e-15
1.5183967981082833e-15
-4.76836326376226e-15
6.5195037684868224e-15
-3.86253853911559e-15
-2.044471937226184e-15
-1.1834064843708691e-15
2.792185499298691e-15
4.3131654709234404e-15
-5.264798087394447e-15
7.30744671941902e-15
-2.837153266912274e-15
-1.844903452746592e-15
-4.5452439494647655e-15
-5.682320715210381e-15
-1.1399748431765054e-14
-4.108979592819386e-15
-1.0243820248294575e-14
1.3273093170889904e-16
-3.665471373318216e-15
-9.827523127087737e-15
7.723281625972626e-16
-4.871326668557363e-15
5.507016765902888e-15
5.4497762015365865e-15
3.1973001532732652e-15
4.510468604608956e-16
5.761119150531715e-16
7.801727596159559e-15
6.731602518129594e-15
9.421274189815418e-15
3.820807461355651e-15
3.744979887578221e-15
7.391385181881412e-15
5.627140093417482e-15
6.35978255734801e-15
1.8364108123775e-15
7.129811925566538e-16
6.907772094734723e-16
7.042203685379353e-15
2.6118654359547493e-15
3.903364517748404e-15
3.095980749990533e-15
8.942898356613003e-15
8.439124925435084e-15
8.269583711292624e-15
1.0210096686239549e-14
1.2371958756209059e-14
1.6910084685709672e-14
2.6264812396801315e-14
3.157589036031775e-14
5.435039822093976e-14
5.478805426156526e-14
3.510873837282017e-14
4.1504213446479475e-14
4.341103178124898e-14
1.822423311832385e-14
1.1984740476774431e-14
2.2762636605119405e-15
3.0062323627055573e-15
3.629582849284246e-15
5.165306149276331e-16
1.7273896446782953e-15
3.0668736076451652e-15
-4.0412264169921375e-15
-7.09434537891156e-16
-5.8324561813914355e-15
4.618147996506048e-15
-3.916971119326976e-15
-4.615925998859148e-15
-1.0616979807476842e-15
5.919090066008958e-16
3.4821949129508665e-15
-5.669388172591994e-15
6.686016542041552e-15
-2.7428083199225212e-15
-1.6994356860076095e-15
-2.6628399075874252e-15
-4.168304935937674e-15
-9.558729826584845e-15
-3.5090352102538475e-15
-7.561193308437523e-15
2.26737609676232e-16
-3.506632407479938e-15
-6.534217308419449e-15
-1.37342685338935e-15
-6.6479696006852976e-15
1.0143814450441295e-15
2.3418851350819015e-15
1.7847686909626764e-15
-4.333505253522061e-16
9.742313669284125e-16
8.245342030135886e-15
6.922293783107541e-15
8.873349040997206e-15
2.7998250064724772e-15
2.5639794552847248e-15
6.476040218887174e-15
4.387219910344874e-15
6.169261321757749e-15
-7.633862306533195e-16
3.719814312275098e-15
-4.777057161691175e-16
8.545862138138505e-15
5.183118493262654e-15
8.536743087286274e-15
8.040330422358298e-15
1.3245199243503024e-14
1.580514724018684e-14
1.1509484818607423e-14
1.658512325098602e-14
1.610584241987964e-14
1.1882928330774381e-14
2.110009272441741e-14
4.392837923786489e-15
4.3529751983132045e-14
4.08911668524716e-14
3.274725832975167e-14
5.064253829744231e-14
1.7891160710796984e-14
1.9101537787906598e-14
1.5539063393651614e-14
5.627093113318312e-15
5.239887465192903e-15
8.566049339245388e-15
7.128296195938428e-15
6.819365094006521e-15
7.325577005047222e-15
9.266130301358219e-16
1.929553401032877e-15
-2.2034349897828458e-15
4.885202036502824e-15
-1.6162996887226404e-15
-4.6644160177983556e-15
6.734961306258407e-16
3.879577854088513e-17
3.90794908379952e-15
-4.770685295891771e-15
6.228405230332284e-15
-2.2113065624974877e-15
-1.0604285832818566e-15
-1.1781232616947378e-15
-2.7188972458784674e-15
-8.446749942731759e-15
-5.289352558558976e-15
-8.11852449079013e-15
-4.48772143048373e-15
-7.334066453362858e-15
-7.251597384046682e-15
-3.611401956566481e-15
-8.205961872926068e-15
-2.145509940476832e-15
4.385810917587073e-17
1.57547146858011e-15
-8.586040749071429e-16
1.469057203456329e-15
6.519920065926671e-15
4.568671516923317e-15
5.6433795147447955e-15
-5.507138308815228e-17
-8.413423016656381e-16
3.0015457238878067e-15
6.364797053033455e-16
4.158580079634217e-15
-4.330883056128401e-15
5.06922211545389e-15
-1.7930717443999043e-15
8.886741941732812e-15
5.619861901189474e-15
9.60340076685958e-15
8.880766327153722e-15
1.2735873795355909e-14
1.835560283598155e-14
9.752951170617522e-15
1.6754090511169807e-14
1.3295976374208454e-14
1.1110873175211272e-14
1.6463885613413388e-14
8.83654968529793e-15
2.546641184836036e-14
3.5344853745788306e-14
-1.0803975099243564e-14
9.85444054407893e-15
1.6042559993821802e-14
1.5061341375793115e-14
1.0021181124039509e-14
6.277381413331204e-15
2.7636183981302537e-15
7.322131466850962e-15
8.463111187271598e-15
7.303089841022184e-15
6.9983595318425145e-15
3.1627053651889382e-15
2.5444734774219255e-15
9.73799858443806e-16
4.327876363790527e-15
2.39147540302665e-16
-4.4984839667396e-15
9.253968437402382e-16
-1.6988925877908059e-15
2.4393265277806526e-15
-5.732443304396756e-15
2.8099887882441845e-15
-4.717254873273499e-15
-3.1462515715962773e-15
-2.78303149662313e-15
-2.711137137328879e-15
-7.531842966974466e-15
-6.089303561344093e-15
-7.638609753072366e-15
-7.846560949203544e-15
-9.098137533803685e-15
-7.768169241750523e-15
