1.3026004725653828e-15
-4.353423408462575e-15
-1.1267140412105546e-15
5.846209287416731e-15
2.985060894282117e-15
3.805993069449136e-15
2.9465654179262236e-15
5.281178732752536e-15
1.3652481455178045e-15
4.069489604383556e-15
-1.2866786825666608e-16
6.347434278156743e-16
-8.681040633714307e-16
-3.516723687887751e-16
-3.563347650625049e-15
-3.785893769941138e-15
-4.975818982353823e-15
-2.746758909768438e-15
-3.1106134375316318e-15
-3.700624910114778e-15
-4.01058114541194e-15
-3.971647288894808e-15
-2.065091515913667e-15
-1.669629346438988e-15
-1.6585821105789946e-15
-4.439879841488624e-16
9.782738371676566e-16
-9.6033725502353e-16
9.952110930186658e-16
6.1974910893215475e-15
6.943025751122588e-15
5.577492483941629e-15
-1.3894198396512595e-14
-2.182490926082098e-15
-5.1905227665546635e-15
-5.390124256414256e-16
-2.940432018067036e-15
-1.2322647615499436e-15
-3.676351228635847e-15
8.627457610039612e-16
7.479923953915907e-16
2.672374447108046e-15
-7.18521737371374e-16
3.1677815378539884e-15
1.1054279050474731e-15
2.3060514571270958e-15
4.5948468000895096e-15
1.0882353473045062e-15
1.599530561190868e-15
9.972417532611795e-16
3.6953329995463595e-15
1.1268359150916849e-15
6.47420112021626e-16
2.8688885928029776e-16
-1.019634410116277e-15
-6.66486688243655e-16
-1.0526527584409053e-16
-2.6523805899545575e-17
2.0156676378501346e-15
-1.8939011707958633e-16
4.128822477473259e-15
1.6003158599758367e-15
1.0136154142891098e-15
-4.3626866826419036e-15
2.3657447503806605e-15
-3.4778093827388838e-15
-1.854512034632155e-16
6.5092341632415355e-15
3.3354176136680428e-15
3.3479630250621543e-15
2.5404299984236194e-15
4.6582994804345055e-15
9.281128755106852e-16
3.861887897013565e-15
1.5305719750143285e-16
1.0525195568555814e-15
5.411847116922332e-16
4.756615740909284e-16
-3.0398740080006765e-15
-2.6837720992484386e-15
-4.518532323034857e-15
-1.7811686909821633e-15
-3.149609920191521e-15
-2.303015636235686e-15
-2.6620946323743496e-15
-2.1583724323377514e-15
-2.1516619562511204e-15
-1.0336122379121672e-15
-3.5393927660080463e-15
-1.0235548475898794e-15
-4.922707991134569e-15
-5.215992293932831e-15
1.3042830068702845e-15
-8.929091541218333e-15
-1.4469057463606912e-14
-9.474345072757387e-15
-2.5370926684676062e-14
-6.7385808897173896e-15
-7.646183716269772e-15
-8.336396294503171e-15
-3.611395479426265e-15
-5.9095094110703645e-15
-5.868885480527972e-15
-3.9554987709773824e-16
-2.279873744525754e-15
2.066154611585664e-15
-1.475384954473795e-15
3.627087784188566e-15
6.559185617586621e-16
3.189560849903753e-15
4.453141285620156e-15
1.7547454954711318e-15
2.4661580420754786e-15
1.3142723911424034e-15
3.669203648733861e-15
4.35030865028293e-16
7.139584577481397e-16
-3.668658883291604e-16
-1.7757103747376148e-15
-1.2835883621052125e-15
-1.0006143433331368e-15
-8.804319989412584e-16
8.618148595490327e-16
-8.268085207794858e-16
3.870549434085947e-15
2.6306618525200865e-15
9.13879486227763e-16
-3.692116567381877e-15
1.1161450372468428e-15
-3.686450653691695e-15
-1.0008011998439659e-15
5.136929775208952e-15
2.133881156510463e-15
2.268838543397187e-15
1.9442978907354464e-15
3.670616303206074e-15
8.043165481597463e-17
2.946632749048315e-15
-4.004179984052069e-16
6.875949231981434e-16
3.1548994616830984e-16
4.8344207296525896e-17
-4.164308270683003e-15
-2.9879216702491025e-15
-5.929734140716649e-15
-2.660816824552114e-15
-5.082032857363921e-15
-2.8729945854516088e-15
-3.0306246799855515e-15
-1.865302732864919e-15
-2.3506681106193248e-15
-1.8377029084659228e-16
-2.4893790816561145e-15
1.1860861805935423e-15
1.7292591947320182e-16
-6.415388759386316e-17
-2.714876967881863e-15
-4.773598760975039e-15
-5.257374719502215e-15
-1.4910106596273484e-14
-2.115646508755668e-14
1.0424813473848247e-14
6.164605854160634e-15
-2.3517036349097867e-15
5.290798365083596e-16
-1.7221061894679522e-15
-3.3550553744024526e-15
1.7092003878787867e-15
-2.86760156416533e-15
2.8775658551824504e-15
-2.049519694912631e-15
2.822820812609449e-15
-1.807364977312849e-15
1.6821855953976275e-15
1.887072904495908e-15
4.218018110941709e-17
9.995017307290568e-16
-2.82890706892811e-17
2.301645416578373e-15
-1.340738988546026e-15
1.6413585046293405e-16
-1.902545014141561e-15
-3.163204252624609e-15
-2.415832689453004e-15
-1.647984852332492e-15
-1.6555706136230795e-15
-1.0136886682041774e-16
-1.2473960287459861e-15
3.0957417537166244e-15
2.1799580200742464e-15
-6.818525666960641e-16
-4.151965737671215e-15
-1.1743429329196637e-15
-4.167492466278814e-15
-2.5295926255125372e-15
2.4669964916128556e-15
1.1438421495897896e-16
8.375195416724561e-16
1.5278562305451504e-15
3.0653800370509367e-15
1.1380844261785548e-16
3.162804783109538e-15
3.8656737134997754e-16
1.530098594325185e-15
6.182951967822634e-16
1.212668696263066e-16
-4.544738089537665e-15
-2.639376847196376e-15
-6.342690708338135e-15
-2.4154407155087738e-15
-5.083941431210757e-15
-1.7093294247351161e-15
-1.5948962622373535e-15
-2.4724999926986094e-16
-1.1984418069024813e-15
1.9432294222965306e-16
-2.0485955698824812e-15
1.2480787338978104e-15
-1.0682953088873358e-15
-9.703330978736195e-16
3.592170619239048e-16
-7.7735299262179e-15
-1.0490590614128695e-14
-1.7385085441416122e-14
-2.2788326695266694e-14
-8.447678801720199e-15
-1.95431522303866e-14
-6.860909166494749e-15
-4.571315072637846e-15
-3.1221405704983824e-15
-3.3110683497658892e-15
2.3827261910629943e-15
-3.627366477251453e-15
4.106555723999781e-15
-1.0087866169134878e-15
3.9201750852198065e-15
-1.804061343470384e-15
2.5604645887284483e-15
1.7496461293515325e-15
3.052257439798873e-16
8.817258965354398e-16
-8.63201831584375e-17
1.9020135088784e-15
-2.0149000910542637e-15
7.706079505365267e-16
-2.0944222968731907e-15
-3.0249772688223606e-15
-2.3448658486540713e-15
-1.0001934596972888e-15
-2.2147182699828897e-15
-1.2983027739365233e-15
-2.2491644182102446e-15
1.4897916462960967e-15
2.709839770274376e-16
-2.8787971986170486e-15
-4.956105112716977e-15
-4.259209183930265e-17
-1.4611526494388495e-15
-1.3480923311556e-15
1.4255427012093062e-15
-6.029246415166418e-16
-1.1185812021815056e-16
1.0100079251550508e-15
2.0135341826675326e-15
-2.5449848029213646e-16
3.3281066870623693e-15
1.534300333824916e-15
2.9640660778126914e-15
1.6988987191778534e-15
9.743420172147868e-16
-3.393492202621903e-15
-1.6768731045136706e-15
-6.152853006957478e-15
-2.5863774786722687e-15
-5.4312371534158766e-15
-2.272510127280575e-15
-2.4213203272086445e-15
-1.3666234152945499e-15
-2.1944137111603547e-15
-1.9805765587785244e-15
-2.7964616659212296e-15
2.511633575951519e-16
-5.603103450770028e-16
4.107742965624031e-16
-5.296677992307237e-15
-1.0343624167880383e-14
-2.0738958068150874e-14
-2.4945221990340457e-14
-2.3071696575528437e-14
-1.9958263660724216e-14
-7.077748824692146e-15
-1.3118022663046812e-14
-6.537492417410598e-15
-3.8377271118151735e-15
-3.761844046449489e-15
1.6830618611260487e-15
-5.275251867973416e-15
3.0717899399039753e-15
-1.9773445357843706e-15
2.8243327433751704e-15
-3.0307896869136797e-15
2.5020518150886153e-15
1.4891502569761042e-15
9.167317808565833e-16
1.3240517315774189e-15
8.745688406622871e-16
2.63929391384753e-15
-9.380776157028304e-16
2.5610917048571117e-15
-1.1727532535235776e-15
-2.340282141003265e-15
-2.4199239548952923e-15
-3.98911341563442e-16
-2.968670473673266e-15
-1.9936073728581087e-15
-2.1280147577214648e-15
1.844933045339795e-15
4.2429655379886593e-16
-1.6117337539012128e-15
-2.242317031655868e-15
1.3398412010674865e-15
1.1688090772845437e-15
7.91202095132359e-17
5.641178262760508e-16
-8.084706617322993e-16
-6.600617538150607e-16
7.460413013901697e-16
1.3574322300447614e-15
-5.826517072147718e-16
3.2746478042149387e-15
1.8422312131743776e-15
2.949514685192137e-15
1.0820700534890606e-15
-2.4428253478560026e-16
-3.280885440205489e-15
-2.128741330233322e-15
-6.3092516804423445e-15
-2.9993695331164752e-15
-4.727958436160377e-15
-1.83394858018628e-15
-1.474067614207859e-15
-4.417165586209414e-16
-7.915795062189978e-16
-2.448316025128724e-15
-2.4386094621878762e-15
-9.593258759771668e-16
-9.798554805170886e-16
-2.6817725376565334e-15
-6.614737369475138e-15
-1.2630508636618474e-14
-1.9664685595442095e-14
-2.239386973287018e-14
-3.244198860897801e-14
-2.2078664470475495e-14
-1.83963760644591e-14
-1.1995488439134608e-14
-9.766356528547865e-15
-5.0562506723634635e-15
-3.681119647255665e-15
9.051260681075599e-16
-5.27340826886696e-15
3.2618423849451964e-15
-7.793486965507755e-16
3.850313074065483e-15
-1.4386161057652495e-15
4.3430588733366144e-15
2.7747990733445685e-15
2.3910047166127653e-15
1.8390587477457824e-15
9.598329029190472e-16
1.7971188888446557e-15
-1.211628174865275e-15
2.4404438431369862e-15
-1.355367010584548e-15
-2.34031559966513e-15
-2.8518914865562747e-15
1.5540482585105612e-16
-3.628233992608299e-15
-2.5210287650296143e-15
-2.198105786895316e-15
1.891524532967213e-15
-1.5873260143862014e-16
-3.425912823908786e-16
1.9970944386003796e-16
-1.2097321286627972e-15
-7.232112240245514e-17
-1.0344797247039826e-15
-1.2732234788997382e-15
-7.912306743996397e-16
-5.563186403205246e-16
7.102636289011246e-16
7.261959009851952e-16
-1.9436343135216636e-15
1.6127494133315652e-15
1.6785339180586584e-17
1.0112749600832988e-15
-6.877883724271648e-16
-1.8626159125118895e-15
-2.358543636307931e-15
-1.8843271033851514e-15
-5.3364414450260176e-15
-2.9918205562377145e-15
-3.857886180790137e-15
-2.242776856366678e-15
-1.5681159535144651e-15
-7.570449733945526e-16
-3.037563415728272e-16
-3.5150258730718916e-15
-2.2105015090139716e-15
-1.782762697527959e-15
-2.7577110188205325e-16
-3.9797838470441234e-15
-1.1332162029950454e-14
-1.3526605511882365e-14
-1.7800438666001263e-14
-3.284976010097824e-14
-3.1444156777570544e-14
-1.922786860322142e-14
-1.328854468601504e-14
-1.587978811839757e-14
-8.293594435698127e-15
-5.649435333775749e-15
-3.228382355129245e-15
8.789222933098336e-17
-4.617613577989456e-15
3.1437961656288194e-15
6.617689929246394e-18
3.7792634192182925e-15
-3.925660384764406e-16
4.887423222524888e-15
3.4458498641279184e-15
3.799176301028815e-15
3.166821665596839e-15
1.7760991003965864e-15
1.6883607290488045e-15
-1.1838414770197551e-15
1.3526954212539115e-15
-2.751988730231034e-15
-3.806369705521009e-15
-4.660097701768185e-15
-5.046317343281399e-16
-4.492304531413939e-15
-2.715423462117429e-15
-2.115781797109778e-15
1.44526430375301e-15
-2.385907661233924e-15
-1.622585109233502e-15
-1.2627047827555394e-15
-2.404358275654125e-15
-1.3682535018681246e-16
-1.5938164653055528e-15
-2.9503776611146723e-15
-1.2547821607546274e-15
-1.2035257353132697e-15
-3.766412125169206e-16
-1.4811784691763184e-16
-3.3124142957944868e-15
5.669653947162474e-16
-1.0431637743006122e-15
-8.707816829902869e-17
-2.0570331885298564e-15
-3.488852004207972e-15
-2.0976165799527896e-15
-2.5353364518248425e-15
-4.772787121926193e-15
-3.0823789223124578e-15
-2.8575382520909088e-15
-2.3325044878193494e-15
-1.277250167292163e-15
-7.466871010315153e-16
3.803373314110346e-16
-3.896734993596261e-15
-1.6140018610168822e-15
-1.780011237055227e-15
2.7253694242423903e-16
-3.18922042790212e-15
-1.0911793742959506e-14
-2.1849411851999945e-14
-1.9877276240781292e-14
-3.3613545578193664e-14
-3.173926126853631e-14
-2.4214847203422328e-14
-1.3647474147040525e-14
-1.4866325284189157e-14
-1.1119563047671282e-14
-3.789769111291706e-15
-1.1774435984547106e-15
5.445806786108914e-16
-2.9136534340077385e-15
3.3170273537218452e-15
8.866455495350534e-16
3.57940590506342e-15
1.2955270533730005e-15
5.3326553469758846e-15
4.1070945268237275e-15
4.3971219935821515e-15
3.574499117600201e-15
1.0641972446778106e-15
7.336702593723435e-16
-1.835546030907631e-15
9.057479666190524e-17
-3.570603016909909e-15
-4.301303172989939e-15
-5.833176985581525e-15
-1.6728211053832184e-15
-5.922218642011691e-15
-3.855901344552582e-15
-3.2046081368937294e-15
3.117060576089013e-17
-4.8463211586551665e-15
-2.2979872736732635e-15
-1.5942183341449071e-15
-4.354536063170901e-15
-3.3129078708678417e-16
-2.1040431356394305e-15
-3.839445093017168e-15
-7.11003106688101e-16
-6.414904076687046e-16
-6.023976573855892e-16
2.2922180201715705e-16
-3.62056562438833e-15
7.231111687984515e-16
-8.25306213923373e-16
4.706843733063691e-16
-1.7059188303510608e-15
-2.9409865875362284e-15
-7.10410558934493e-16
-2.631431759996823e-15
-4.678376797578795e-15
-4.393318082839301e-15
-4.05802723713391e-15
-4.239358945575118e-15
-2.7482814006974456e-15
-1.9125196093860712e-15
2.312695270804451e-17
-4.4986502814996875e-15
-1.4484071517051121e-15
-2.2630382591418508e-15
7.222846626536866e-16
-2.8691551087459103e-15
-1.009584533750528e-14
-2.55369467335987e-14
-2.840528080015938e-14
-1.850426051209511e-14
-3.082507459756023e-14
-2.3239409770539715e-14
-1.6121833098975194e-14
-1.2839373612622322e-14
-7.447835341571932e-15
-2.2127726227963176e-15
-4.2895733726668725e-16
4.626813045713519e-16
-2.2485357292528572e-15
2.4250174284769567e-15
2.74910145605244e-16
1.428567774648475e-15
9.574371621598457e-16
3.1905217397960894e-15
2.5636339226394192e-15
2.902631074255774e-15
3.1024390453213774e-15
4.1378039857198714e-16
1.4139074001939973e-15
-9.84949143170192e-16
5.634657179617243e-16
-2.8061944951941958e-15
-3.0423589836157307e-15
-5.424809350761782e-15
-1.821430849369178e-15
-5.811947996319644e-15
-3.5453378517669606e-15
-3.218466867936763e-15
-6.759758925813396e-16
-6.9168419924055834e-15
-3.1316138771853965e-15
-2.2336605054427616e-15
-4.62744621293138e-15
1.3970918693363882e-15
-1.1685912126013405e-15
-3.2378419981842136e-15
1.1785308066848883e-15
1.3681273676421205e-15
2.892730980960565e-16
1.7411607227685152e-15
-3.210251586930356e-15
1.03918554022006e-15
-9.879103807888075e-16
2.811464538298192e-16
-2.5799579626948816e-15
-3.18554456889684e-15
-6.877746280996e-16
-3.0987351830816997e-15
-4.3525396880767015e-15
-4.1225573368584894e-15
-3.5023792314974837e-15
-3.435330872148393e-15
-2.1350985287209612e-15
-1.2680291576495909e-15
5.852450525334129e-16
-3.890797864948027e-15
-9.832909591122957e-16
-1.869200248904634e-15
5.232667497443575e-16
-3.289952391772464e-15
-1.3558204351421989e-14
-2.5820026379807444e-14
-2.2998940537611422e-14
-4.3891461565865047e-14
-3.4089943625320454e-14
-2.940477977956553e-14
-1.7213646281909785e-14
-1.4270861197752997e-14
-9.49185241179326e-15
-1.2167117082087512e-15
1.8792027149066404e-15
1.676588048385914e-15
-9.183327919392378e-16
2.9177007603245736e-15
1.225680271663629e-15
1.3911521683457142e-15
2.855542714966184e-15
3.5795527648925586e-15
3.228732780217429e-15
2.5215138382083734e-15
2.715036074259126e-15
-1.0683336323898264e-15
9.41288684271428e-16
-2.1117214812635446e-15
-5.304348388862887e-16
-3.3032915821408933e-15
-2.11814382400079e-15
-4.744227775688213e-15
-1.5081386149675253e-15
-4.6314605487258205e-15
-2.1140811792159634e-15
-2.200688816374736e-15
-3.619831845786152e-17
-7.354515665319737e-15
-2.3933972539728714e-15
-8.092477172932903e-16
-4.061393935697168e-15
3.852029482331798e-15
2.451005494972527e-16
-2.2047260462245817e-15
3.0075251369770734e-15
3.0584834961527476e-15
3.6697287074768237e-16
2.0385365994821444e-15
-3.964225484362388e-15
-1.6280360491279275e-17
-2.1805426476286317e-15
-3.7985903441954116e-16
-3.271332139595885e-15
-2.182013172340311e-15
3.6441837585762947e-16
-2.038819963535392e-15
-3.3219776758115107e-15
-3.1988469878979914e-15
-3.393270848905584e-15
-2.995532264158027e-15
-2.544356266271929e-15
-1.46802360721924e-15
2.0371136703782223e-16
-3.803931067515933e-15
-1.155050240107644e-15
-2.269189472281881e-15
-7.259112302969542e-16
-4.252124648020177e-15
-1.2154394118571504e-14
-1.8640987126491393e-14
-2.3034889167123412e-14
-3.92107224786884e-14
-3.514132183144446e-14
-2.1487365921399357e-14
-1.5422273941277793e-14
-1.3551975827348653e-14
-4.967430279479843e-15
-1.5122539831502325e-15
2.1269545068304783e-15
1.7959587622924116e-15
-7.533648330209245e-16
2.8432044976073187e-15
1.3050152329708211e-15
4.558618595332538e-16
2.8296825494342327e-15
2.785886753876499e-15
3.077904890105502e-15
2.29256896886825e-15
3.1617748379884655e-15
-9.090858021087095e-16
2.0832430578444283e-15
-2.049847010602613e-15
-7.420767591838599e-16
-3.8703793076476765e-15
-1.9257394840696156e-15
-5.10894413566143e-15
-2.136495802270775e-15
-3.905152192530415e-15
-7.686950570381631e-16
-9.732051134062045e-16
1.351771619377991e-15
-6.833123103867044e-15
-1.1675827112565048e-15
1.519780435573727e-15
-3.90093079094707e-15
5.1802600421439215e-15
4.682450688990773e-16
-2.335309546602332e-15
3.2137345297725712e-15
3.546483318726891e-15
2.276514866083018e-17
2.334285745031358e-15
-3.559321838097936e-15
-2.13258460057201e-17
-2.391647576985567e-15
-6.24626152957272e-16
-3.9546956877010315e-15
-1.4267705657610786e-15
6.315456968065981e-16
-1.2662708559141764e-15
-2.8239221113682185e-15
-2.0842049875829958e-15
-3.105030935681215e-15
-1.956188945100659e-15
-2.455054130999954e-15
-1.0727033144928118e-15
7.284974175735871e-16
-1.9820527608005844e-15
2.217417880135388e-15
5.745845003154009e-15
1.8690924612925288e-14
4.0210807068561453e-14
7.236504635577548e-14
1.114032005817707e-13
1.5192949297316623e-13
1.717889973412073e-13
1.820524639272451e-13
1.5133519650341864e-13
1.1581385405187185e-13
7.2437268174659e-14
3.8192138966959185e-14
1.9912253791100868e-14
1.0723779732893266e-14
5.536392390172852e-15
1.2605066970582902e-15
4.079507575823785e-15
2.501728948833385e-15
1.1163789666975577e-15
3.3688326873821433e-15
3.178368722313658e-15
3.649140303707856e-15
2.9801081139392512e-15
3.875577214227762e-15
-5.679856810326294e-16
2.4988299667464178e-15
-2.438666977312297e-15
-7.69959593837461e-16
-3.783333559708541e-15
-7.831742329633377e-16
-4.0813177037589485e-15
-1.2494737483792895e-15
-2.4495647626647392e-15
2.2541531356852075e-16
-7.937776624719433e-16
1.5746092662465758e-15
-7.11893374973092e-15
-1.267443085443766e-15
3.032059861708066e-15
-4.815166409688149e-15
4.595064631526262e-15
-6.30366783893882e-16
-3.4070821536065152e-15
1.6546722023454163e-15
1.999347037305581e-15
-2.3381480222050523e-15
-1.3171487098020458e-16
-5.154643536443308e-15
-1.8566166439570995e-15
-3.4900436824430564e-15
-1.1206866263843029e-15
-3.93977829792488e-15
1.4390247309269425e-16
1.5108043963404175e-15
1.3429499434335548e-16
-2.052166936350482e-15
-6.074777593072588e-16
-2.315031650563173e-15
-4.894343075420899e-16
-1.989631190714887e-15
-2.1612135479420118e-16
4.618603684225725e-15
1.4740648643917362e-14
6.144231194539523e-14
1.8692006658487208e-13
4.909331952344414e-13
1.0924303101432736e-12
2.0686183087516092e-12
3.3410759022290488e-12
4.602879603558829e-12
5.397753507631319e-12
5.3999033916062e-12
4.60605741442158e-12
3.3482508593585406e-12
2.0702357975489195e-12
1.0932647610010525e-12
4.939702127060674e-13
1.922645640440596e-13
6.492279878159647e-14
1.8291635654822314e-14
8.179534654659303e-15
3.7246780672813605e-15
2.0005674583050276e-15
3.543380905879275e-15
3.9111608881008096e-15
4.583270697007413e-15
4.780251058028164e-15
5.597502507433838e-15
1.3266855472136893e-15
3.739822568492782e-15
-1.781065544916681e-15
-4.007116810447361e-17
-3.689897393956101e-15
-1.0039632719252934e-15
-5.034968037741548e-15
-2.458297312210834e-15
-3.411843308806421e-15
-1.025462280174123e-15
-1.9792486012537262e-15
8.735482031547211e-16
-7.61927524758478e-15
-2.6844076587208508e-15
3.024398092780154e-15
-4.878062575173856e-15
4.164892272777302e-15
-6.028314980506546e-16
-2.488098519378202e-15
2.0814895960778513e-15
2.9571187695389893e-15
-1.276595815322198e-15
3.4652889678906675e-16
-3.5890067562515816e-15
-1.2498641014887953e-15
-2.7618625786137294e-15
-9.430661175249468e-16
-3.575049076958233e-15
1.081562176826812e-15
1.6092931921956811e-15
7.143835465040341e-16
-1.657747277591966e-15
3.011238024636309e-16
-1.5372766870925677e-15
1.1023869868423443e-15
1.0697808306023064e-15
1.5749582851150267e-14
8.531818671815975e-14
3.5608957197364776e-13
1.2898553645967204e-12
3.952307158926716e-12
1.0326406763985369e-11
2.298330286856577e-11
4.358411052228469e-11
7.042947899461496e-11
9.698851290366645e-11
1.1381039492586053e-10
1.1381995742219947e-10
9.698226106594123e-11
7.042892272540215e-11
4.358782307647958e-11
2.2984074030657786e-11
1.0330659019300115e-11
3.9582490485328925e-12
1.293023347566704e-12
3.601473754650937e-13
8.871055382907923e-14
2.001292738129908e-14
5.623405331320259e-15
3.961306339519829e-15
4.559870511286468e-15
5.304332898038492e-15
6.503478072476317e-15
6.702728355248727e-15
2.8663203497763334e-15
4.053732407371483e-15
-1.4754488060105197e-15
9.385801111368177e-16
-2.3542361181615897e-15
5.562855851446912e-16
-3.064426670041965e-15
1.0608257731750065e-16
-8.862897605242106e-16
6.565954779696083e-16
-2.9206436095265275e-16
2.155843761026457e-15
-5.897212458831406e-15
-3.1378923035626684e-15
3.4489682866941687e-15
-7.724425587987655e-16
6.9512973888180746e-15
1.8200726437253632e-15
-8.44124169464753e-16
1.2283527274902684e-15
1.1423743373449467e-15
-3.264308620437199e-15
-3.092663593054471e-15
-5.877209003195731e-15
-4.126301593526005e-15
-4.7857754811967725e-15
-3.089254303167877e-15
-4.386537482992544e-15
6.906653176675384e-16
1.0130810159440122e-15
4.01983629311369e-16
-1.5175319146496378e-15
1.9146740054795541e-16
-6.767242151137479e-16
8.379633089500032e-15
5.008054892839696e-14
3.029797583713718e-13
1.5136941924804235e-12
6.388281604880561e-12
2.2989491991471212e-11
7.046162786847259e-11
1.8403146450079825e-10
4.095695998303074e-10
7.767475992582765e-10
1.2552709771958869e-09
1.7286745412376859e-09
2.0286191123134636e-09
2.0286129129185443e-09
1.7286747728781364e-09
1.255275431618416e-09
7.767392852651606e-10
4.0957388337380707e-10
1.8403537017714675e-10
7.046722132806946e-11
2.2992285066978576e-11
6.393351107151573e-12
1.517068614339525e-12
3.0772128574420713e-13
5.520973890134535e-14
1.0339593916068068e-14
4.731069473260171e-15
4.967853348378873e-15
7.285099740533682e-15
6.752546137332235e-15
3.767136222667613e-15
3.227829224970969e-15
-2.5362505737720438e-15
-7.55142028012255e-17
-3.276980963142393e-15
-1.0320417613667632e-15
-4.558918886535923e-15
-1.0931325148732204e-15
-2.423673170305714e-15
-1.3514000347891543e-15
-7.688319877935487e-16
2.127759627835738e-15
-3.2072817874938153e-15
-1.3707272116196815e-15
7.031282121811878e-15
-1.0382472380297244e-15
5.445599639579234e-15
1.195334689291986e-15
-8.328189659383337e-16
4.621950066344825e-16
5.986488321949424e-16
-2.4792255533855708e-15
-3.2978453562471443e-15
-4.6926635605353464e-15
-3.0677404466429964e-15
-2.801258975594279e-15
-1.7397033443368063e-15
-1.901049707397857e-15
2.282469033913848e-15
2.3109775456234383e-15
1.0454438361376565e-15
-7.27571936163878e-17
1.7274013335411195e-15
1.3610294680899004e-14
1.1838278147093352e-13
7.967345340264849e-13
4.639409006901797e-12
2.2991310910987637e-11
9.703717210015829e-11
3.490207690793685e-10
1.0696997948408024e-09
2.7937388014116775e-09
6.217585152905782e-09
1.1791529095448542e-08
1.9055984011002373e-08
2.624253773956534e-08
3.0795895455541456e-08
3.0795891524967524e-08
2.624254163786343e-08
1.9055984388725634e-08
1.179153340606078e-08
6.2175870972832044e-09
2.793744216308235e-09
1.0697050553297498e-09
3.4902280940489334e-10
9.704291578872708e-11
2.299460004001932e-11
4.64433195521207e-12
8.022292036405461e-13
1.2004703817854093e-13
1.8387434516689295e-14
6.606461100634405e-15
8.634886974416917e-15
7.32644493179371e-15
5.991005250164623e-15
4.2578032157019475e-15
-1.122826266562812e-15
1.4141850945551017e-15
-1.263366865634546e-15
2.9503456815839667e-16
-2.775527446139733e-15
8.643469975539513e-16
-1.1642066246150712e-15
-1.1284029451018682e-15
4.696714567760964e-16
2.0252126932302773e-15
-1.7483405605386053e-15
-2.1805005443605313e-15
6.438604120230225e-15
-1.8911850757337148e-15
3.5018283071000845e-15
-7.764727733213344e-17
-1.6918266597873552e-15
-1.0624765605309477e-15
-1.0057014091943552e-15
-2.6603729459802454e-15
-4.623887451620314e-15
-5.012782643022653e-15
-3.1288203006739868e-15
-1.673166706372054e-15
-1.1262248789279024e-15
3.73215725950957e-17
2.9701613087609325e-15
3.4019843879061578e-15
1.4950557908678924e-15
3.09035185486014e-15
2.05343030601951e-14
1.8919275542966105e-13
1.516575756079034e-12
1.032964947491132e-11
6.004534116735922e-11
2.9741756422693696e-10
1.2553069480182832e-09
4.514900548445986e-09
1.383751369911728e-08
3.6139392684828675e-08
8.042970399696787e-08
1.5253339855493397e-07
2.4650532510625714e-07
3.394693309096773e-07
3.9837093022691004e-07
3.983709488653863e-07
3.3946932149625064e-07
2.46505316168513e-07
1.5253339850479336e-07
8.042970488047455e-08
3.613939978378854e-08
1.3837518286885687e-08
4.514903078582929e-09
1.2553136405306533e-09
2.974212332370193e-10
6.005004157784277e-11
1.0334849904926384e-11
1.51767466494775e-12
1.9292515039931184e-13
2.5034441105620997e-14
1.079033814163397e-14
7.026829098809192e-15
7.292422830342455e-15
4.408568696139371e-15
-4.955847104171376e-16
1.6502158334963958e-15
-6.376362960052136e-16
-9.002680114039566e-18
-2.54167277474364e-15
9.129195418011573e-16
-1.7817506605460366e-15
-2.6350825499294606e-15
3.1299000849303554e-16
4.0436961341662203e-16
-1.691918073973586e-15
-3.787019797584032e-15
4.888543182938729e-15
5.238080476083364e-16
4.963142181715251e-15
1.3966869078108457e-15
1.1841143427423202e-16
1.1197669187558997e-16
-8.84827426035314e-17
-5.109952255569431e-16
-3.944645575213508e-15
-4.377677036018047e-15
-2.989240101737163e-15
-1.3175713977073396e-15
-2.1841283526537405e-15
-5.488314985770257e-16
9.501023443630885e-16
2.504779278289292e-15
1.5994731170666114e-15
2.1465939988947252e-14
2.2193938113651248e-13
2.08626012153522e-12
1.6697795861693804e-11
1.1387842948660672e-10
6.619140672031648e-10
3.278491504050797e-09
1.383751520989149e-08
4.976857181653409e-08
1.525334193667941e-07
3.983710031924305e-07
8.865909760716323e-07
1.6814028310043278e-06
2.7172720704774995e-06
3.7420308249643533e-06
4.391313850026662e-06
4.3913138478071e-06
3.7420308326646896e-06
2.7172720698756292e-06
1.6814028379448633e-06
8.86590976185341e-07
3.983710095817802e-07
1.5253342491211142e-07
4.9768575246026226e-08
1.383752214141586e-08
3.278495681963933e-09
6.619179703385033e-10
1.1388293481430893e-10
1.669810801192464e-11
2.089133206159014e-12
2.2578000984326377e-13
2.8008473150515177e-14
6.0140069457076475e-15
6.1618736931300685e-15
1.935371232439041e-15
-2.319244718309838e-15
-4.552018680516126e-16
-1.9445669872333675e-15
-1.3567881557812413e-15
-2.253330392162639e-15
1.5375273962741214e-15
-1.131030559801199e-15
-2.5169072845446133e-15
1.929329547510662e-15
9.698780450422063e-16
6.820316981722977e-16
-2.3041922583486377e-15
6.533550757880195e-15
1.1755269885549202e-15
5.209185422081694e-15
1.713026901383327e-15
1.6397121480179704e-15
1.5178871048716169e-15
1.310760893195236e-15
2.254447646790748e-15
-2.203468461649586e-15
-2.5540752547195737e-15
-1.2541285151859604e-15
9.483906993701047e-16
-1.300021689956193e-15
7.275388364375349e-17
1.7665263390812356e-16
3.2354719960446306e-15
1.405254832170098e-14
1.9027499673726833e-13
2.084988972121431e-12
1.9592517325133663e-11
1.568277245129851e-10
1.0697040201037308e-09
6.2175955946194515e-09
3.079596515141288e-08
1.299804064309199e-07
4.6749270963934814e-07
1.4327970009777202e-06
3.7420308854485662e-06
8.328042893518345e-06
1.5793974112141826e-05
2.5524237276455877e-05
3.515013581087357e-05
4.124906649687972e-05
4.124906649353859e-05
3.5150135812584697e-05
2.5524237273819212e-05
1.579397411413598e-05
8.328042898068689e-06
3.742030891521896e-06
1.4327970062965213e-06
4.6749271474910737e-07
1.2998041309597986e-07
3.079597025526793e-08
6.2175987633627026e-09
1.0697079553503984e-09
1.5682678887316384e-10
1.959421361990985e-11
2.087085630691768e-12
1.9512600971823287e-13
1.6512444570311695e-14
5.851932084900157e-15
1.9006451100057712e-16
-2.929495740091617e-15
-1.032120077896128e-15
-2.0140692556732984e-15
-1.357891527263945e-15
-7.097406654682815e-16
3.0716447728642063e-15
4.560543546166416e-16
-1.6190938443981655e-15
3.705210436288471e-15
1.7387903534905233e-15
2.3139303098621967e-15
-2.060646922081971e-15
6.555822069028724e-15
5.835990875119373e-16
3.8619301898066486e-15
-2.5934802387392524e-16
6.1984593875625305e-16
2.1884701205880483e-16
-2.371860116046294e-16
2.0360465083425704e-15
-3.013571247897117e-15
-3.0703621919070938e-15
-1.4359830486334564e-15
2.0201006435325504e-15
-8.172687862174918e-16
4.553466826155796e-16
5.806188175506123e-16
1.0696516338391895e-14
1.1718995454937568e-13
1.5161869225977755e-12
1.6695719387721104e-11
1.568280608842863e-10
1.2553144040558382e-09
8.562427406112099e-09
4.976857392426678e-08
2.4650536452342906e-07
1.0404241639990143e-06
3.7420308919982595e-06
1.1468779113081694e-05
2.995296997382729e-05
6.666156061296205e-05
0.0001264223750888828
0.00020430796424087693
0.00028135817003431464
0.00033017687118349893
0.000330176871179676
0.00028135817003075954
0.00020430796423753686
0.00012642237509104655
6.666156061106474e-05
2.9952969981118667e-05
1.1468779118213238e-05
3.7420308975483315e-06
1.0404241683017202e-06
2.465053688046744e-07
4.976857465656003e-08
8.562429869388746e-09
1.2553116576096596e-09
1.5682873866963936e-10
1.669613668324468e-11
1.520249006563138e-12
1.1848494680032725e-13
1.3133223671105762e-14
4.980797480855025e-16
-2.1436314003284602e-15
-6.740846621406932e-16
-2.4886537798689426e-15
-2.396289527509833e-15
-1.0210701272432812e-15
2.1983012069293187e-15
-4.871762109558585e-16
-3.3112198781701482e-15
2.4247044875441483e-15
4.030828706925281e-16
1.9150575156532278e-15
-3.432870118742794e-15
5.300565104939275e-15
-1.5565547111529947e-15
9.28383004838264e-16
-2.997612733008874e-15
-6.053606077845888e-16
-4.819433689232385e-16
-1.1172319210125732e-15
2.4534443252407354e-15
-2.8922315623572124e-15
-2.901848555625997e-15
-1.273692797462688e-15
3.087028335365963e-15
-4.367405439702807e-16
3.8580270320775554e-16
3.2598914011743937e-15
5.612236067175966e-14
7.994770767352088e-13
1.033249880930883e-11
1.1387986030636921e-10
1.0697076974662952e-09
8.56243016349315e-09
5.840396303660818e-08
3.3946938309753044e-07
1.6814028645363848e-06
7.0966900415306e-06
2.5524237331682127e-05
7.822806607576366e-05
0.00020430796429980345
0.00045469573657401133
0.0008623217703116681
0.0013935761394614345
0.0019191323933613795
0.00225212272649553
0.0022521227264923746
0.0019191323933655858
0.0013935761394598917
0.0008623217703155645
0.00045469573657153035
0.0002043079643080586
7.822806607914225e-05
2.552423733716222e-05
7.096690043697977e-06
1.6814028686890028e-06
3.394693826355573e-07
5.840396522370616e-08
8.562426206604942e-09
1.06970710416852e-09
1.1387770507413328e-10
1.033506979502223e-11
7.988708384845728e-13
5.764083905999051e-14
2.2522460007582797e-15
-1.76556915335274e-15
-2.67058757717064e-16
-3.0365011311520297e-15
-3.083234663719069e-15
-1.008513085471851e-15
1.833107192391442e-15
-6.00739284346259e-16
-3.913443697810271e-15
1.5867885839228628e-15
-2.4427835737466607e-16
1.179222267068206e-15
-5.832694676077671e-15
2.3336094016270274e-15
-2.0105347470224728e-15
-7.877940887136173e-16
-4.016649103943291e-15
-4.280127449056422e-16
5.907684475955157e-16
-4.946711227637174e-16
3.7608782409925756e-15
-1.9619820119025716e-15
-2.6906311200506716e-15
-1.6859645476606537e-15
2.8338068565956455e-15
-1.435925713683344e-15
-8.36626070482127e-16
1.625638353467689e-14
3.0809651963836217e-13
4.64196411708598e-12
6.004786569925526e-11
6.619162134501327e-10
6.2175998463327e-09
4.976857685849609e-08
3.394693823897211e-07
1.9731445412751497e-06
9.773048893433288e-06
4.124906659095151e-05
0.0001483580315492984
0.0004546957365917359
0.0011875272517414019
0.0026428905024596192
0.0050121913040141715
0.008100074065303354
0.01115483688850677
0.013090322352809512
0.013090322352809233
0.01115483688850838
0.008100074065301797
0.005012191304010869
0.0026428905024572995
0.0011875272517480643
0.0004546957365934209
0.00014835803155416707
4.124906659045746e-05
9.773048896236096e-06
1.9731445389370897e-06
3.394693837449602e-07
4.976857175654139e-08
6.217598047701674e-09
6.619121266660044e-10
6.004983915095439e-11
4.640439562529634e-12
3.091501180928147e-13
1.4231354137155127e-14
-2.4710294181640047e-15
-1.1293287282152572e-15
-4.66065657190234e-15
-4.356835687691509e-15
-1.3204854739214675e-15
1.6550189055036617e-15
1.466361124797709e-16
-2.8817534155590485e-15
2.3869816649658294e-15
1.3328028886074228e-15
2.2856428281278107e-15
-6.219074803976118e-15
8.222979046414256e-16
-3.4628474286019755e-15
-3.694108301414121e-15
-6.040846976321535e-15
-1.926078482030156e-15
1.651492987848399e-16
-1.0328896284727595e-15
4.1567911909124754e-15
-3.264993512409618e-16
-6.462233746855919e-16
9.533325435540422e-16
6.059146129945819e-15
1.9573511130463843e-15
4.953291919114612e-15
8.71280027311857e-14
1.5192019600076916e-12
2.299371874185456e-11
2.9741940121822467e-10
3.2784940127064893e-09
3.079597005738076e-08
2.465053688384833e-07
1.6814028649520571e-06
9.773048895289655e-06
4.840622806333193e-05
0.0002043079643125514
0.0007348221407006494
0.0022521227266044577
0.005881860982790948
0.013090322352915296
0.024825546046241376
0.04011992948579157
0.05525026879808143
0.06483679105976595
0.06483679105976428
0.055250268798080975
0.04011992948578493
0.024825546046234798
0.013090322352910702
0.005881860982797096
0.0022521227266029346
0.0007348221407030246
0.0002043079643093256
4.8406228064024667e-05
9.773048890762374e-06
1.6814028646200818e-06
2.4650536192119657e-07
3.0795966035335524e-08
3.278487636685913e-09
2.974201527944343e-10
2.299088673886297e-11
1.518849432433033e-12
8.302868731530425e-14
2.6522796163742736e-15
1.5611991180329672e-15
-2.6355412954385246e-15
-2.477944181349272e-15
6.957250643873124e-16
2.9161181449166617e-15
1.5309273086559298e-15
-1.7573038706363255e-15
2.409825901768649e-15
1.7298182320534437e-15
1.7282099911967063e-15
-7.535821442360919e-15
-1.895771647763716e-15
-2.5673576195171718e-15
-4.0579697666683674e-15
-5.800109675076089e-15
-2.149102228485632e-15
3.3575452140916093e-16
-1.5583499164165906e-15
3.2989120467112967e-15
-1.1197468912126345e-16
-7.259838517395248e-16
8.334888640282536e-16
5.535192949148355e-15
2.1003504649042522e-15
1.7273280190623345e-14
3.606935654912815e-13
6.396720007785863e-12
9.704269656109076e-11
1.2553122587490651e-09
1.3837521676433835e-08
1.2998041537334991e-07
1.04042417305412e-06
7.096690046303042e-06
4.1249066597546174e-05
0.00020430796431666432
0.0008623217703663957
0.003101460735511625
0.009505524971574468
0.02482554604628888
0.05525026879818951
0.10478107835222458
0.16933401855918134
0.23319457840442634
0.27365637281395566
0.27365637281394517
0.23319457840441288
0.16933401855916966
0.10478107835220317
0.05525026879817214
0.024825546046282652
0.00950552497156342
0.0031014607355054425
0.0008623217703562379
0.00020430796431152278
4.124906658848654e-05
7.096690042531532e-06
1.0404241635759012e-06
1.2998040865250167e-07
1.3837513374282364e-08
1.2553112144370879e-09
9.703834450662559e-11
6.394253713231146e-12
3.542786039265865e-13
1.3414719476087864e-14
8.066099797148139e-17
-4.558073229619651e-15
-4.5573117872915356e-15
-9.959308529699227e-16
8.455088426224638e-16
1.1604015639094379e-16
-2.554232636338257e-15
1.223120133328048e-15
1.6302837098398668e-15
1.43141453603974e-15
-6.815528560202522e-15
-2.327129998379631e-15
-1.4061661021808632e-15
-3.249875988559956e-15
-4.08070260854725e-15
-8.114347377301345e-16
2.1177873379325933e-15
-3.9926612896353733e-16
3.824167981615777e-15
1.7320794224639913e-15
1.1784715543746346e-15
2.7956553568063986e-15
7.096760858974839e-15
6.269085070264164e-15
6.466183763889328e-14
1.2958950076128862e-12
2.2999658307040333e-11
3.490279472834439e-10
4.514908187857441e-09
4.976858055165075e-08
4.674927216314523e-07
3.7420309057773396e-06
2.5524237342335382e-05
0.00014835803156392096
0.0007348221407135481
0.0031014607355225516
0.011154836888641344
0.03418794872517437
0.08928854511907988
0.19871531160804218
0.3768597888897561
0.609033458040533
0.8387168844771355
0.9842433816182956
0.9842433816182756
0.838716884477096
0.6090334580404844
0.3768597888897027
0.198715311607991
0.08928854511904191
0.034187948725135225
0.01115483688861138
0.0031014607354931754
0.0007348221406917506
0.00014835803154073093
2.5524237326090876e-05
3.7420308855042184e-06
4.674927047551143e-07
4.97685642365091e-08
4.514898914939425e-09
3.490170140185361e-10
2.299024850015494e-11
1.283551739559447e-12
5.540405211123891e-14
-6.921909388947993e-16
-6.472456336586408e-15
-6.961325087211254e-15
-3.3005811285296416e-15
-1.768567178132103e-15
-1.7456525350455755e-15
-3.362773139587175e-15
6.157065880543524e-17
1.139715658851355e-15
5.054655635980744e-16
-5.748821568684856e-15
-2.3788366313908845e-15
-3.219965501508588e-16
-1.6690901227505078e-15
-1.366104355136169e-15
1.5491655353436088e-15
5.588979059994716e-15
2.7684325518324926e-15
6.810026465012138e-15
6.334981795579783e-15
6.555585573524754e-15
7.825973567856763e-15
1.1681384274051365e-14
1.7223919913704772e-14
1.9872857588826903e-13
3.968021643471318e-12
7.048236114047922e-11
1.0697186465107291e-09
1.3837535474856479e-08
1.52533442874584e-07
1.4327970297309187e-06
1.1468779146362503e-05
7.822806610812295e-05
0.0004546957366303037
0.0022521227266443684
0.009505524971616691
0.03418794872520793
0.10478107835233294
0.2736563728141757
0.6090334580406719
1.1550203080310495
1.866598753821863
2.570544968762935
3.016562465216569
3.0165624652165164
2.5705449687628166
1.866598753821711
1.1550203080308754
0.609033458040512
0.27365637281404365
0.10478107835221667
0.03418794872511331
0.009505524971533612
0.0022521227265761977
0.0004546957365672209
7.822806605697529e-05
1.146877909542381e-05
1.432796985385928e-06
1.52533403273483e-07
1.3837503496479986e-08
1.069688217134812e-09
7.045395777822398e-11
3.939143321422404e-12
1.7407074570844275e-13
-4.0382206676976734e-15
-1.268429790395826e-14
-1.3053027229166224e-14
-8.506444130278359e-15
-6.436608185606461e-15
-5.2816742644876645e-15
-5.579442015708326e-15
-2.6580208223271117e-15
-8.394934101498329e-16
-1.632144881913579e-15
-5.20535177955278e-15
-2.707652937725597e-15
-5.288936029943732e-16
-1.2409048879973691e-15
1.463922525037935e-15
4.113345436060485e-15
1.0635074611253817e-14
8.652133692856097e-15
1.4617903229344645e-14
1.6517786126124795e-14
1.9612945956899213e-14
2.1888153949079265e-14
2.7462580088839742e-14
4.708955118195033e-14
5.235354908821667e-13
1.0364554404408516e-11
1.8407700974930846e-10
2.7937848636291656e-09
3.6139446216217025e-08
3.9837105883658094e-07
3.7420309502935975e-06
2.9952970049098943e-05
0.0002043079643809288
0.0011875272518373902
0.005881860982897062
0.024825546046407097
0.08928854511920112
0.2736563728142728
0.7147073838085813
1.5906105345615869
3.016562465216909
4.874989382652777
6.713483229694027
7.8783455522670325
7.878345552266914
6.7134832296937255
4.874989382652384
3.0165624652164666
1.5906105345611705
0.7147073838082307
0.27365637281397204
0.0892885451189537
0.024825546046195846
0.005881860982719343
0.0011875272516781567
0.00020430796424615556
2.9952969924066065e-05
3.7420308401874543e-06
3.983709606107176e-07
3.613935981272714e-08
2.7937064086171337e-09
1.8400340553760304e-10
1.0296620905149403e-11
4.623448463858249e-13
-7.181587432933793e-15
-2.5011527348352625e-14
-2.4455094282679288e-14
-1.921091355908122e-14
-1.6220966895328888e-14
-1.3838000678818892e-14
-1.2498063411869651e-14
-1.0241282604155595e-14
-7.67601465432689e-15
-7.853655541554019e-15
-7.094953200654575e-15
-5.4520781068267e-15
1.740537843392539e-16
2.7275121085614392e-15
9.323772010011504e-15
1.3243614916681532e-14
2.2527134641220416e-14
2.2601507496238588e-14
3.1317719840753867e-14
3.5500044003966486e-14
4.2897719153086296e-14
4.694251978675858e-14
5.638275646315719e-14
1.0413871879281918e-13
1.165717439984342e-12
2.3065691815341498e-11
4.0966428642329904e-10
6.217682978443025e-09
8.042981612546315e-08
8.865910968906109e-07
8.328043034842361e-06
6.666156077154167e-05
0.0004546957367495729
0.0026428905026616395
0.013090322353143342
0.055250268798454565
0.19871531160833347
0.6090334580409685
1.5906105345618073
3.5399688459581617
6.7134832296944955
10.849488397060199
14.941131700432143
17.53358047537719
17.53358047537695
14.941131700431468
10.849488397059313
6.713483229693518
3.539968845957241
1.5906105345610186
0.609033458040302
0.19871531160778433
0.055250268797988236
0.013090322352747362
0.0026428905023131496
0.0004546957364468201
6.666156049962527e-05
8.328042791529569e-06
8.865908801190427e-07
8.042962071469444e-08
6.217508369918857e-09
4.0950228876364235e-10
2.2916722182658056e-11
1.0325116199522698e-12
-1.549672688443509e-14
-5.170680578224886e-14
-5.007717704084579e-14
-4.3013825724600236e-14
-3.6777954230766596e-14
-3.115562269155441e-14
-2.5768350632794763e-14
-2.2582068972515767e-14
-1.7267066015560316e-14
-1.4149380656732261e-14
-9.264540649531437e-15
-7.111342561279831e-15
5.682444264743559e-15
1.1311314892414712e-14
2.360014329919207e-14
3.0606689500524064e-14
4.2727468519481516e-14
4.729418738188066e-14
5.843101724714608e-14
6.81435102583254e-14
8.018852685217572e-14
8.871507486249189e-14
1.032308774459881e-13
1.949004759988551e-13
2.2121590119208762e-12
4.374038113381693e-11
7.769222156301787e-10
1.1791717272694406e-08
1.5253360878131835e-07
1.681403067869474e-06
1.5793974379757268e-05
0.00012642237538852496
0.0008623217706501643
0.005012191304394088
0.024825546046675917
0.10478107835272643
0.3768597888903341
1.155020308031684
3.016562465217531
6.713483229694944
12.73199257865021
20.575847295265838
28.335570585046945
33.25210011730784
33.25210011730741
28.335570585045676
20.575847295264154
12.731992578648352
6.713483229693202
3.016562465216037
1.1550203080304229
0.37685978888929084
0.10478107835184644
0.02482554604592674
0.005012191303735379
0.000862321770074879
0.00012642237487463427
1.5793973919949732e-05
1.6814026570319955e-06
1.5253323656092956e-07
1.1791386168240439e-08
7.766118887206585e-10
4.346395589251967e-11
1.958880170355633e-12
-2.7544271966065535e-14
-9.788036793560102e-14
-9.071788271982814e-14
-7.989586233411641e-14
-6.863274400711298e-14
-5.734750646933749e-14
-4.895522491794176e-14
-4.0587241906000784e-14
-2.984042318809032e-14
-2.3190245060966838e-14
-1.2834852534853498e-14
-6.713238672172415e-15
9.1728305210004e-15
1.5024339578951932e-14
3.861135043078387e-14
4.920661599370067e-14
6.684663114496297e-14
7.34374523673075e-14
8.933303930167515e-14
1.0930795929546179e-13
1.249084331931698e-13
1.427982055548877e-13
1.6379718011476997e-13
3.1725375173124725e-13
3.5701000900813604e-12
7.069021187057541e-11
1.2555613921907766e-09
1.9056300372302127e-08
2.4650566544107187e-07
2.7172724624679964e-06
2.5524237706891133e-05
0.00020430796472926968
0.0013935761400035366
0.008100074065924643
0.04011992948649849
0.16933401856000824
0.6090334580414909
1.866598753822962
4.874989382653972
10.849488397061323
20.575847295266605
33.252100117309176
45.7923902940245
53.7378678187368
53.73786781873608
45.79239029402248
33.25210011730644
20.575847295263596
10.849488397058508
4.874989382651548
1.8665987538209297
0.6090334580398031
0.1693340185585887
0.04011992948528215
0.008100074064863207
0.0013935761390699985
0.00020430796389950896
2.5524236962736683e-05
2.717271795104732e-06
2.4650506246485796e-07
1.9055761748178242e-08
1.25506554910168e-09
7.024215126325172e-11
3.167343030015756e-12
-4.565400112132971e-14
-1.5495772207567905e-13
-1.474023183814523e-13
-1.271414248341968e-13
-1.137942535659926e-13
-9.356488125668955e-14
-8.029858637541133e-14
-6.448307394475738e-14
-4.968423449514474e-14
-3.857614028387986e-14
-2.3409395199998132e-14
-1.0468154387969072e-14
6.9577706038133774e-15
2.341067093499076e-14
5.133443965971819e-14
6.696345088130258e-14
8.989848292114355e-14
1.0399972107888212e-13
1.321570473260085e-13
1.505007701075192e-13
1.7845805437741952e-13
1.9463767795837772e-13
2.311099838529447e-13
4.377066922293763e-13
4.918358030236322e-12
9.73474870957263e-11
1.7290704045914656e-09
2.6242965895344637e-08
3.3946980013550814e-07
3.742031354302246e-06
3.515013641131209e-05
0.0002813581707007281
0.0019191323941154304
0.01115483688936092
0.05525026879905226
0.23319457840556418
0.8387168844784744
2.570544968764514
6.713483229695816
14.941131700434036
28.33557058504865
45.792390294025594
63.06197206920983
74.00390976939852
74.0039097693975
63.061972069207016
45.79239029402184
28.335570585044522
14.941131700430162
6.713483229692482
2.5705449687617064
0.838716884476151
0.2331945784036088
0.05525026879739039
0.011154836887898194
0.0019191323928294509
0.0002813581695638212
3.5150135388529476e-05
3.7420304352394582e-06
3.394689672017011e-07
2.624222226935977e-08
1.7283823042746615e-09
9.673598372470499e-11
4.362932891659559e-12
-6.096255499304939e-14
-2.2028895962675307e-13
-1.9369280090638377e-13
-1.7548645663865015e-13
-1.4910595867886736e-13
-1.3031213370437266e-13
-1.0894479337651796e-13
-9.087735446035039e-14
-6.859472227709027e-14
-5.200059820841016e-14
-2.6905582373192647e-14
-1.8153651714386575e-14
5.210988943039869e-15
3.0591240361984543e-14
6.367452603062744e-14
7.829380107916526e-14
1.0543047987520526e-13
1.2091634514259068e-13
1.5640209234620293e-13
1.770273463669336e-13
2.0928064131956376e-13
2.311447541679572e-13
2.7740286237783546e-13
5.210632985096796e-13
5.7770352437105874e-12
1.1424543528055088e-10
2.029085184815186e-09
3.079641664083039e-08
3.983715033268543e-07
4.39131447781492e-06
4.124906719014006e-05
0.00033017687196104444
0.002252122727364497
0.013090322353804466
0.06483679106091012
0.2736563728152834
0.9842433816198736
3.016562465218461
7.87834555226927
17.53358047537972
33.252100117310434
53.73786781873903
74.00390976939981
86.84439261028635
86.84439261028518
74.00390976939649
53.737867818734586
33.25210011730559
17.533580475375175
7.878345552265348
3.01656246521517
0.9842433816171483
0.2736563728129877
0.06483679105895421
0.013090322352087867
0.002252122725855779
0.00033017687062181434
4.124906598984976e-05
4.3913133955783365e-06
3.9837052838606184e-07
3.079553620870624e-08
2.0282803554615874e-09
1.1352102591500785e-10
5.12740036404694e-12
-6.607666387472273e-14
-2.4866977027775666e-13
-2.2311484207322257e-13
-2.0081849009802394e-13
-1.7408826306168358e-13
-1.5291615956524495e-13
-1.2011021298330176e-13
-1.0141526984141142e-13
-7.879732895192776e-14
-6.059197365586811e-14
-2.970491226608734e-14
-1.7179206207428564e-14
1.1530338388639395e-14
3.1519715762243194e-14
6.31637165995634e-14
7.905193228803337e-14
1.0854356932175381e-13
1.227445428431256e-13
1.5669399175203736e-13
1.7426854547743114e-13
2.0449281088253442e-13
2.2958097527526936e-13
2.7470880498400024e-13
5.157173567535712e-13
5.773980628326506e-12
1.142426046620492e-10
2.0290811360190116e-09
3.079641655759971e-08
3.9837150369709365e-07
4.391314479447056e-06
4.124906719368464e-05
0.0003301768719655968
0.002252122727363851
0.01309032235380082
0.06483679106090948
0.2736563728152845
0.9842433816198768
3.016562465218472
7.87834555226929
17.53358047537977
33.25210011731053
53.737867818739176
74.0039097694
86.84439261028656
86.84439261028542
74.0039097693967
53.737867818734735
33.252100117305694
17.53358047537523
7.878345552265374
3.016562465215184
0.9842433816171532
0.27365637281298955
0.06483679105895589
0.013090322352088625
0.0022521227258594056
0.000330176870621191
4.124906599063598e-05
4.3913133942957245e-06
3.983705293541064e-07
3.079553684782667e-08
2.028276140315326e-09
1.1351969244642897e-10
5.121507621855957e-12
-7.059364056636739e-14
-2.5590567429049557e-13
-2.296816225688977e-13
-2.0675531373898435e-13
-1.7936286739925732e-13
-1.5190295502166343e-13
-1.2160394978007382e-13
-1.0322093430364654e-13
-7.513766750532873e-14
-5.60871903093649e-14
-2.968908591791827e-14
-1.248744548377644e-14
3.7678421299064866e-15
2.5754449549883867e-14
5.265805347098322e-14
6.776636025915527e-14
8.779836134175142e-14
1.0538171925565317e-13
1.3061223028112983e-13
1.4840686388966232e-13
1.7497739668701587e-13
1.9343286804247725e-13
2.3227706571268005e-13
4.377765903570752e-13
4.919497339075568e-12
9.735171107798539e-11
1.7290722174923534e-09
2.624297202717046e-08
3.3946980218067253e-07
3.742031359075985e-06
3.515013641217978e-05
0.00028135817070294044
0.001919132394115544
0.011154836889360004
0.05525026879905251
0.23319457840556607
0.8387168844784804
2.570544968764533
6.713483229695868
14.94113170043414
28.33557058504887
45.79239029402592
63.061972069210306
74.00390976939903
74.00390976939804
63.06197206920751
45.792390294022184
28.33557058504472
14.941131700430267
6.713483229692532
2.5705449687617254
0.838716884476157
0.23319457840361058
0.05525026879739231
0.011154836887899547
0.001919132392829202
0.000281358169565915
3.5150135387399595e-05
3.7420304374518634e-06
3.3946896670073656e-07
2.6242225066252263e-08
1.7283820269381359e-09
9.673752926199662e-11
4.3608094365127235e-12
-6.105727568944131e-14
-2.2374999697149668e-13
-1.9490330149028113e-13
-1.7881916434806334e-13
-1.518702467496488e-13
-1.3351031458943584e-13
-1.1109797170883298e-13
-9.176116949738695e-14
-6.846215519542717e-14
-5.174634126079215e-14
-2.487668118742996e-14
-1.6584507286398962e-14
5.2545936265473856e-15
2.340632823263757e-14
4.2731497300689367e-14
4.9993139048439505e-14
6.506580172714035e-14
7.839252586964804e-14
9.107289897406215e-14
1.0945661301573329e-13
1.2652708007670228e-13
1.4417183705672361e-13
1.7006692158311403e-13
3.207306746969229e-13
3.573970524669739e-12
7.069430600813225e-11
1.2555608588852193e-09
1.9056307537887955e-08
2.4650566475029956e-07
2.717272465005622e-06
2.552423770431479e-05
0.00020430796472916375
0.0013935761400004686
0.00810007406592001
0.040119929486496286
0.1693340185600102
0.6090334580414982
1.866598753822994
4.874989382654055
10.849488397061506
20.57584729526694
33.25210011730974
45.792390294025296
53.73786781873769
53.73786781873699
45.79239029402322
33.252100117306995
20.575847295263934
10.849488397058696
4.87498938265163
1.86659875382096
0.609033458039814
0.16933401855858965
0.04011992948528601
0.008100074064863662
0.0013935761390689474
0.00020430796390040853
2.5524236956000436e-05
2.7172717939552214e-06
2.465050585766081e-07
1.9055762193043572e-08
1.2550584942609286e-09
7.024351640937155e-11
3.1662749872768293e-12
-4.2698048696259296e-14
-1.5862236987764172e-13
-1.4490905808680816e-13
-1.2912243049348386e-13
-1.118844504668974e-13
-9.447184929045397e-14
-8.220677965967113e-14
-6.527938340402799e-14
-4.872511710031091e-14
-3.460373635353933e-14
-1.3857205744127011e-14
-5.355005049629973e-15
2.778378358007852e-15
1.3954941375095718e-14
2.985502846694512e-14
3.023050588983502e-14
4.158650206984789e-14
4.994149658978446e-14
6.028727127624814e-14
6.926539472595855e-14
8.11765830931345e-14
9.20594060852922e-14
1.0894630717585373e-13
1.9987533581812117e-13
2.215587756846891e-12
4.374946947084925e-11
7.76921587343914e-10
1.1791726912014456e-08
1.5253361235152161e-07
1.6814030752054111e-06
1.5793974381359017e-05
0.00012642237539221555
0.0008623217706495536
0.005012191304390028
0.024825546046675633
0.104781078352727
0.3768597888903418
1.1550203080317132
3.0165624652176137
6.713483229695118
12.731992578650546
20.57584729526638
28.3355705850477
33.252100117308714
33.25210011730826
28.33557058504644
20.575847295264698
12.731992578648684
6.71348322969338
3.0165624652161123
1.1550203080304524
0.3768597888892987
0.1047810783518485
0.024825546045928168
0.005012191303738169
0.0008623217700740641
0.0001264223748779807
1.5793973917860437e-05
1.6814026590371565e-06
1.5253323616039997e-07
1.179139125496925e-08
7.766115624598349e-10
4.346538369092074e-11
1.9581457541593227e-12
-2.4842005856266514e-14
-9.983947791943896e-14
-8.920849786180139e-14
-7.991411220219151e-14
-6.788264088666814e-14
-5.858311532292025e-14
-4.776247060071382e-14
-4.0103101178263926e-14
-2.7834016619040164e-14
-2.4895738016448902e-14
-5.432946106433364e-15
-4.367738014450955e-15
1.3553403617902386e-15
1.1345500421355786e-14
2.008955313013425e-14
1.660681982964043e-14
2.4061584025378134e-14
2.8646077124692254e-14
3.247286830171209e-14
3.7198801643439146e-14
4.2430823688989555e-14
4.8702616731364285e-14
5.782106138844496e-14
1.0687188781760606e-13
1.1677331503656055e-12
2.3073287861304503e-11
4.0966550567723234e-10
6.217690993174343e-09
8.042981965151983e-08
8.865911048978389e-07
8.328043036117102e-06
6.666156077640524e-05
0.00045469573675022774
0.002642890502659928
0.013090322353141427
0.05525026879845374
0.19871531160834005
0.609033458040995
1.5906105345618835
3.5399688459583247
6.713483229694813
10.8494883970607
14.941131700432834
17.533580475377995
17.533580475377775
14.94113170043217
10.849488397059822
6.713483229693827
3.5399688459574117
1.5906105345610917
0.6090334580403329
0.19871531160779204
0.05525026879799214
0.013090322352750487
0.0026428905023153995
0.0004546957364480861
6.666156050431495e-05
8.328042791843345e-06
8.865908814977305e-07
8.042962040371056e-08
6.217513705303742e-09
4.095007148235347e-10
2.291826120170031e-11
1.0315584463550343e-12
-1.3536255618262085e-14
-5.2957420250005684e-14
-4.76968540902123e-14
-4.384505836145497e-14
-3.7658003451993987e-14
-3.209053104519068e-14
-2.617071804587343e-14
-2.0380827195508952e-14
-1.2704576495907036e-14
-1.1828196288465328e-14
1.125375319878588e-15
7.106659645506594e-16
2.7536396657654984e-16
8.346834005455632e-15
1.3783639790769636e-14
7.388766102980511e-15
1.1974132134707072e-14
1.4830932555677084e-14
1.4030518171009915e-14
1.739595048812166e-14
1.8438791959795967e-14
2.255638288432898e-14
2.6280837017266023e-14
4.963391758124584e-14
5.256732039571435e-13
1.0371755972502837e-11
1.8407606859368767e-10
2.7937900728889835e-09
3.6139450229783126e-08
3.9837106417669047e-07
3.7420309514769364e-06
2.9952970052067726e-05
0.0002043079643811945
0.0011875272518337492
0.005881860982894808
0.024825546046406646
0.08928854511920525
0.2736563728142935
0.7147073838086466
1.5906105345617272
3.016562465217178
4.874989382653219
6.71348322969463
7.878345552267727
7.878345552267631
6.713483229694324
4.874989382652823
3.01656246521674
1.590610534561319
0.714707383808292
0.2736563728139989
0.08928854511896137
0.024825546046200027
0.005881860982719835
0.0011875272516806497
0.00020430796424633684
2.9952969929093893e-05
3.742030838761687e-06
3.983709623023808e-07
3.6139357484230394e-08
2.793712054020087e-09
1.8400038003145806e-10
1.0296918623815675e-11
4.631309330825698e-13
-5.138385118250122e-15
-2.436269290492032e-14
-2.3281205618018947e-14
-2.0147949984426723e-14
-1.8691497234547522e-14
-1.4707876270774283e-14
-1.268579423247021e-14
-8.84236269103661e-15
-4.5550508286759975e-15
-5.414086604510043e-15
4.506488650799607e-15
2.363199404836773e-15
-1.277995884885064e-15
4.0706341251348886e-15
8.535873447263961e-15
1.905648318082333e-15
6.501434547768931e-15
7.410111995394635e-15
7.411705058738256e-15
9.59688619659795e-15
1.0479103144196502e-14
1.2564948172500266e-14
1.4060366487819436e-14
2.4153144897221987e-14
2.0467130663879536e-13
3.977441239189756e-12
7.048355873301892e-11
1.0697238763137968e-09
1.383754035694292e-08
1.525334472776986e-07
1.4327970306697274e-06
1.146877914798241e-05
7.822806610787452e-05
0.0004546957366275611
0.0022521227266421064
0.009505524971615952
0.03418794872520976
0.10478107835234936
0.2736563728142265
0.6090334580407819
1.1550203080312589
1.8665987538222133
2.5705449687634205
3.0165624652171084
3.0165624652170786
2.570544968763299
1.866598753822058
1.15502030803109
0.6090334580406288
0.2736563728140914
0.10478107835223921
0.03418794872511847
0.009505524971538448
0.0022521227265771995
0.0004546957365703763
7.822806605760693e-05
1.1468779100642907e-05
1.4327969849517029e-06
1.5253340561635342e-07
1.3837501826928234e-08
1.0696949740361958e-09
7.045211706883934e-11
3.943304772061561e-12
1.7968645796609191e-13
1.8168607921866877e-15
-6.330624790703863e-15
-6.465345346789433e-15
-4.9306956577939965e-15
-5.8119667193756216e-15
-3.660182165495911e-15
-4.088004792301799e-15
-1.960815069436483e-15
2.774324362547744e-16
-3.3842512795908694e-15
4.23230024942749e-15
1.4949660718832151e-15
-2.30324641618975e-16
2.644551019307163e-15
6.628128821836037e-15
-8.11020535496398e-16
4.222058791701222e-15
3.6290116697483596e-15
4.340715323655086e-15
4.873440943328853e-15
5.73429194397395e-15
6.514663633614217e-15
7.122479364961035e-15
1.1609613902006852e-14
6.84801895885526e-14
1.3023150914757003e-12
2.2998635164721295e-11
3.4902968513073923e-10
4.514911033415525e-09
4.976858198682772e-08
4.674927213820211e-07
3.7420309059351067e-06
2.552423734233293e-05
0.00014835803156210646
0.0007348221407128074
0.0031014607355237603
0.011154836888643823
0.03418794872518903
0.08928854511912256
0.198715311608132
0.3768597888899298
0.6090334580408202
0.8387168844775363
0.9842433816187475
0.9842433816187404
0.8387168844775044
0.6090334580407678
0.3768597888898756
0.19871531160808664
0.08928854511908169
0.03418794872515573
0.011154836888616073
0.0031014607354998454
0.0007348221406935408
0.00014835803154538316
2.552423732743387e-05
3.742030890676608e-06
4.674927037623156e-07
4.976856639424055e-08
4.514895535644193e-09
3.490215603245039e-10
2.2985611765448665e-11
1.2864016866397756e-12
6.017411794413073e-14
2.76254764949314e-15
-2.8782754361838964e-16
-1.3589267765848304e-15
-3.7384384361821297e-16
-2.5395316476225824e-15
-1.03089782912194e-15
-1.7360035057287357e-15
-4.433828214073475e-16
1.7317968923762745e-15
-2.125654666629114e-15
4.8224825912495065e-15
1.3596941352137532e-15
2.7960391001402135e-16
1.3482166913966663e-15
5.775278258028632e-15
-1.6572427707636276e-15
3.9033802899468725e-15
2.624402064806195e-15
4.476224205639636e-15
3.253543421002748e-15
4.5280403779914056e-15
4.088904214205722e-15
5.020701205933735e-15
7.317019068674713e-15
2.085293673207266e-14
3.663922514478103e-13
6.396633920672377e-12
9.704450446738292e-11
1.255316128989034e-09
1.3837523157929637e-08
1.2998041600939048e-07
1.0404241720005326e-06
7.096690045795948e-06
4.124906659469212e-05
0.0002043079643143347
0.0008623217703663112
0.003101460735512445
0.009505524971586323
0.024825546046324053
0.05525026879826626
0.10478107835236844
0.169334018559421
0.23319457840476931
0.2736563728143206
0.2736563728143286
0.23319457840475036
0.16933401855940886
0.10478107835235806
0.05525026879825503
0.024825546046313793
0.009505524971580154
0.0031014607355061945
0.0008623217703605354
0.0002043079643103662
4.1249066591405944e-05
7.096690042134211e-06
1.0404241678290677e-06
1.299804076025209e-07
1.3837517039438433e-08
1.2553084310751347e-09
9.704364083306067e-11
6.389956870946053e-12
3.5817456578266145e-13
1.8990987762873813e-14
2.6009931744669867e-15
1.4826074712877877e-15
-1.2840784260032486e-16
7.156312103176683e-16
-1.5474424749735247e-15
-5.357591624109676e-16
-9.110490175025359e-16
-5.714987768131393e-17
1.7068372015513875e-15
-1.7678322444731058e-15
4.693052283584817e-15
4.60288545566431e-16
5.796437587502913e-17
-3.7766088594603685e-16
4.958788361341283e-15
-2.3906621461016467e-15
3.5614062381671285e-15
2.2677803044399236e-15
5.615018651875212e-15
2.725380064770208e-15
4.258584965817031e-15
2.3611185846364285e-15
3.6777090023497695e-15
4.427599706479976e-15
5.340964777094393e-15
8.891254403485114e-14
1.5169343032506778e-12
2.2992454723785076e-11
2.974208981850165e-10
3.2784931187960735e-09
3.0795970445995435e-08
2.465053669689583e-07
1.6814028660108193e-06
9.773048895156684e-06
4.840622806421539e-05
0.00020430796431653231
0.0007348221407057047
0.0022521227266184473
0.005881860982824385
0.013090322352980134
0.02482554604636778
0.04011992948599982
0.055250268798370465
0.06483679106009868
0.06483679106010054
0.0552502687983778
0.04011992948599051
0.024825546046366897
0.013090322352984402
0.005881860982826019
0.0022521227266196113
0.0007348221407049273
0.00020430796431576323
4.8406228064669455e-05
9.773048895497612e-06
1.6814028648826034e-06
2.465053660779358e-07
3.0795964227756646e-08
3.2784903593599345e-09
2.974147455988842e-10
2.2993171283878594e-11
1.511028996097313e-12
8.331180241754743e-14
5.047118818042744e-15
5.159675526643407e-16
3.940169638355908e-16
-9.77751666367367e-16
-2.1298395270321593e-17
-1.276680039958399e-15
-1.1161917393075258e-15
-9.55031597386302e-16
-4.645950363433919e-16
4.633400278337767e-16
-2.4520250696714393e-15
3.978565134857038e-15
-1.0609446147955698e-15
4.0284919026856294e-17
-1.8700597228172995e-15
4.591075390868372e-15
-3.0179502180881645e-15
2.98006383184156e-15
2.0222293104060297e-15
6.986673849934666e-15
3.3341131021948677e-15
5.760601088776569e-15
3.060047841085269e-15
5.035295849170482e-15
4.885542936575509e-15
3.3033224420934457e-15
2.10560709938751e-14
3.1027822103712193e-13
4.643652058781779e-12
6.005186836695617e-11
6.619170592008028e-10
6.217602944008933e-09
4.9768575791965516e-08
3.3946938468504615e-07
1.9731445422075995e-06
9.773048894524984e-06
4.124906659524562e-05
0.0001483580315547867
0.0004546957366044568
0.0011875272517691833
0.0026428905025140436
0.00501219130411908
0.008100074065482842
0.011154836888754665
0.013090322353081187
0.013090322353082124
0.011154836888749596
0.008100074065480092
0.00501219130411938
0.002642890502519029
0.0011875272517702625
0.0004546957366067054
0.0001483580315546557
4.124906659498514e-05
9.773048895827416e-06
1.9731445425831456e-06
3.3946938294106514e-07
4.976857487935744e-08
6.217596046259291e-09
6.61915122573066e-10
6.004484137528664e-11
4.644110786603389e-12
3.034186649973743e-13
1.6450155383488364e-14
2.9720098542586837e-15
1.006725849684127e-15
7.658266746331642e-16
-8.841465346402031e-16
-3.9804527807517376e-16
-3.4353101902786826e-16
-1.8680282180464286e-15
-1.4661099078148447e-15
-1.1523777342225932e-15
-9.065507423976528e-16
-3.1312155695976226e-15
3.599745869291507e-15
-2.1572835490513983e-15
2.2583189196792904e-15
-1.2856021582509919e-15
6.407421063438087e-15
-1.8171196473846885e-15
3.53328310402806e-15
2.224702174923842e-15
7.69060507731146e-15
3.23650852822434e-15
6.041670295618942e-15
2.5182112319286944e-15
4.652059412844398e-15
3.986497299741733e-15
2.5876742569402347e-15
5.5388899972445494e-15
5.759720350989137e-14
7.994564153002506e-13
1.0334952893371927e-11
1.1387944873744464e-10
1.069711402801717e-09
8.562429027222261e-09
5.8403966005476155e-08
3.39469385230445e-07
1.6814028661401498e-06
7.0966900464694204e-06
2.552423733812516e-05
7.822806608852694e-05
0.0002043079643247008
0.0004546957366212143
0.0008623217704085205
0.0013935761396192247
0.0019191323935726255
0.0022521227267505565
0.0022521227267387426
0.0019191323935824449
0.0013935761396119866
0.0008623217704139873
0.0004546957366258958
0.00020430796432761302
7.822806608982037e-05
2.552423733746105e-05
7.096690045866956e-06
1.6814028672771433e-06
3.394693842725513e-07
5.840396251410501e-08
8.562426716272336e-09
1.0697031631830067e-09
1.138779270806184e-10
1.0327074503363846e-11
7.99695361471883e-13
4.931428113475481e-14
1.0841661549228412e-15
1.4014994593375447e-15
1.5496918666208223e-16
-3.1640915482717606e-16
-2.366137197372772e-15
-2.2938100142068837e-15
-4.3936551680183335e-16
-3.557107395983924e-15
-2.6235394885100557e-15
-1.561261731511903e-15
-1.0209438684310238e-15
-2.3465260587473755e-15
5.020416834864062e-15
-1.109108195315045e-15
1.842765648106946e-15
-3.3113820608269244e-15
5.936590032168725e-15
-2.4576373346487655e-15
2.3972657645078076e-15
9.301596350273567e-16
6.951750535242749e-15
2.8419618753786858e-15
6.4229221986122125e-15
2.6472444199372224e-15
4.601493924932925e-15
3.821093313423336e-15
3.2522573397759657e-15
2.7710347282887867e-15
1.3733128342021556e-14
1.173856763440341e-13
1.5184258196906799e-12
1.669480133281537e-11
1.5683213479193772e-10
1.2553130252228677e-09
8.562430611763038e-09
4.97685775530175e-08
2.465053678813029e-07
1.040424171485063e-06
3.7420309014249625e-06
1.1468779127430254e-05
2.995296999776752e-05
6.666156065693654e-05
0.00012642237517642593
0.0002043079643795269
0.0002813581702287666
0.00033017687140240147
0.00033017687139519337
0.0002813581702323433
0.0002043079643769934
0.00012642237518130936
6.666156066491362e-05
2.9952969997432583e-05
1.1468779127670393e-05
3.742030900056595e-06
1.0404241705856255e-06
2.4650536925584486e-07
4.976857635111893e-08
8.562426744038e-09
1.2553101225561676e-09
1.5682314011654648e-10
1.6693272910480038e-11
1.5092945009325752e-12
1.1660595978340143e-13
3.2079347769793e-15
-2.3035657998331102e-15
6.491795144312733e-16
-3.7441445634606264e-17
-5.55898578726774e-16
-3.165645729498478e-15
-3.4584600729637155e-15
-2.0223719671855322e-16
-5.196515680975822e-15
-4.548553669615971e-15
-3.23408095384497e-15
-2.585985427758499e-15
-4.115951006189361e-15
3.341304970646192e-15
-3.106337636308286e-15
2.853108335083515e-15
-3.96579212052747e-15
6.814817102159036e-15
-1.130349080330976e-15
3.312326657593401e-15
1.4462475701631852e-15
7.211522565558822e-15
3.1919682772499323e-15
6.6578815002943064e-15
2.0873347912852373e-15
3.099583338284899e-15
2.2798756818891304e-15
2.775714746985247e-15
1.4835610596961302e-15
6.949589524907508e-15
1.380346243518515e-14
1.9189066579020558e-13
2.0836319372784497e-12
1.9596937960572564e-11
1.5682688541725998e-10
1.0697077714575504e-09
6.217600222507744e-09
3.0795968742911644e-08
1.2998041370652857e-07
4.674927188888968e-07
1.43279701453057e-06
3.7420309074535225e-06
8.32804293294984e-06
1.5793974192753464e-05
2.552423740528809e-05
3.515013598343462e-05
4.124906671100457e-05
4.1249066690882476e-05
3.515013599238329e-05
2.552423739622646e-05
1.579397419125056e-05
8.328042938088156e-06
3.742030906733074e-06
1.4327970141049315e-06
4.674927175901628e-07
1.2998041352314726e-07
3.0795970029044777e-08
6.217598721320727e-09
1.069703387955653e-09
1.5682322708292404e-10
1.9587606761853385e-11
2.082111632940716e-12
1.8235868352773076e-13
1.2334594972327106e-14
-5.18255908862051e-15
-3.847472714897842e-15
-8.593767626659268e-16
-1.2051663273452753e-15
-1.3281086088099367e-15
-4.238906651646787e-15
-4.175620533581156e-15
4.0437153924257246e-16
-5.427564948504655e-15
-4.7389230081154495e-15
-2.937047115990899e-15
-1.6495780079043583e-15
-4.016315226595007e-15
3.1276513430898696e-15
-3.830995815503701e-15
6.6895403427529796e-15
-1.932507075325207e-15
8.737762879376561e-15
2.36328485020631e-16
2.9972289779563613e-15
-1.1636418359424377e-16
4.700021524071484e-15
1.1154684151987567e-15
5.028839772313909e-15
5.286336220742134e-16
1.4200414498657606e-15
1.1664118753249227e-15
2.9356737303014387e-15
1.5261756887321762e-15
6.481851061998845e-15
9.710346940500508e-16
2.2836054959745035e-14
2.2053101575748688e-13
2.0903068549976875e-12
1.669665989389887e-11
1.1388111739630147e-10
6.619177672655124e-10
3.2784938241246927e-09
1.3837521109181651e-08
4.9768579826786076e-08
1.5253343121706096e-07
3.98371023705585e-07
8.865910118157752e-07
1.681402906007255e-06
2.7172721880443736e-06
3.742030980522045e-06
4.391314030984538e-06
4.391314020023327e-06
3.742030988331824e-06
2.717272184545088e-06
1.6814029037387717e-06
8.865910172314414e-07
3.98371022306259e-07
1.525334311125493e-07
4.9768578260717553e-08
1.383752179426794e-08
3.2784947044837385e-09
6.619164302548475e-10
1.1387667557933036e-10
1.669242201849434e-11
2.0810023782581347e-12
2.1847249986673903e-13
1.3543481200386846e-14
-9.753537647103826e-16
-5.947697236199985e-15
-3.2917504158431296e-15
-9.425152748505387e-16
-1.545674001943231e-15
-1.38260730557288e-15
-5.1562130105026074e-15
-5.047134832160676e-15
-6.127167438113675e-16
-6.916969217346976e-15
-6.288007096936818e-15
-4.040552180627598e-15
-1.219442456710707e-15
-3.647417898679593e-15
4.375309141961515e-15
-2.0519921715771562e-15
5.425886477033117e-15
-3.836741012395782e-15
6.944167937485144e-15
-4.3932336580161757e-16
2.0081118447617367e-15
-1.2410013265926057e-15
2.853891006367949e-15
-2.3849212416799084e-16
4.0996252490005716e-15
-6.492062825471999e-16
1.645568350465804e-16
1.3680137195530927e-16
2.8081926827132554e-15
1.3807304267284824e-15
5.936469148538643e-15
-3.7343685290346546e-16
3.722708554022595e-15
1.8994332209091416e-14
1.9270205633359472e-13
1.5162457360372493e-12
1.0333001591743224e-11
6.00500746108952e-11
2.974206476706923e-10
1.2553127020644363e-09
4.514907796680994e-09
1.38375244983327e-08
3.6139413982909333e-08
8.042973460828467e-08
1.5253346266169053e-07
2.4650542423427023e-07
3.3946944733196043e-07
3.9837108831350957e-07
3.983710710351058e-07
3.3946944977656014e-07
2.4650541395081654e-07
1.5253346224388015e-07
8.042973920483733e-08
3.613941071464744e-08
1.3837524390990824e-08
4.514905528048207e-09
1.2553136879350046e-09
2.97420030809732e-10
6.004865043053578e-11
1.032896326453612e-11
1.512311564612346e-12
1.8492351544617535e-13
1.677876728597883e-14
-4.000286568951191e-15
-2.3445785374159747e-15
-5.0989448316052096e-15
-1.9707789627256997e-15
7.694186811953086e-17
-1.049276559925463e-15
-3.7119846649013703e-16
-4.9728994604047205e-15
-4.380174088849781e-15
-8.952281017053135e-16
-6.78148458650794e-15
-6.362743649726548e-15
-4.686427054821771e-15
-1.5049840895288444e-15
-5.2242283047774974e-15
2.3614176873287592e-15
-4.354069084250547e-15
3.204928813335837e-15
-5.518800777247487e-15
4.433214958263217e-15
-1.6405822755945228e-15
4.884284223158336e-16
-2.7870171670272327e-15
3.427895833104383e-16
-2.4724804516488094e-15
2.557835942782888e-15
-2.3440899547611832e-15
-8.836049780045894e-16
-6.018699715769636e-16
2.758105746553885e-15
1.2826192666254038e-15
5.1813616314566356e-15
-2.557293129444216e-16
9.079593841862805e-16
7.266724893847977e-16
1.6281604071309415e-14
1.1844152252330585e-13
8.001207289990129e-13
4.6445004647301655e-12
2.2995140858696055e-11
9.704341719695868e-11
3.4902884513710447e-10
1.0697101069174435e-09
2.793758883439412e-09
6.2176120246065696e-09
1.1791592892401401e-08
1.9056072126777474e-08
2.6242647519354773e-08
3.079604438717316e-08
3.079602653053694e-08
2.6242659935688424e-08
1.9056074619126397e-08
1.1791586111533825e-08
6.217618725508528e-09
2.793754386857137e-09
1.0697121056111403e-09
3.4902575308953776e-10
9.704551219750474e-11
2.2993638431138448e-11
4.643282423964929e-12
7.967478895574841e-13
1.1482349093063862e-13
9.974773959935002e-15
-2.805231284506638e-15
-5.488603316727887e-15
-2.993392509707796e-15
-4.121099888365768e-15
-1.0526434109417862e-15
1.4465656616126616e-15
-1.8678382562418471e-16
1.123428493180952e-15
-4.381994026636865e-15
-3.232916868757102e-15
-1.6766220768136717e-15
-6.4995313694753545e-15
-6.267300734327195e-15
-5.419906314866997e-15
-2.36404258304294e-15
-6.945012406247009e-15
3.908929730736898e-17
-6.533308472929934e-15
4.08485914215401e-15
-3.137430009668924e-15
4.82598571852198e-15
3.254162226957179e-17
1.6852912277171984e-15
-1.4856230684640406e-15
5.630807933181264e-16
-2.4487771508265113e-15
2.6614445180968676e-15
-3.385310148496333e-15
-2.042591797041052e-15
-2.5427370540353814e-15
5.3542107913211055e-16
-1.2059816925286964e-15
2.5428424656100014e-15
-9.523567285328114e-16
-5.688816458698327e-16
3.613633572771176e-16
2.239309472551434e-15
1.0288094854401178e-14
5.5160983061237885e-14
3.096447654595895e-13
1.5188548113434832e-12
6.394603320087439e-12
2.2996716682601764e-11
7.04705717414046e-11
1.840477908491883e-10
4.0959565915263966e-10
7.767953351673414e-10
1.2553619375099263e-09
1.728777754590792e-09
2.028734564224369e-09
2.0287218435148657e-09
1.7287710567233885e-09
1.2553579039239776e-09
7.767947934082853e-10
4.0960134327654444e-10
1.8404459455173704e-10
7.047342449776466e-11
2.2993561991909134e-11
6.397252937705267e-12
1.5157523303192538e-12
3.074939915327515e-13
5.174140793965751e-14
7.005373668008062e-15
-2.287472374268978e-15
-4.094935754613978e-15
-4.521725891215465e-15
-3.410078519111374e-15
-3.791215635600885e-15
-2.2629310470917752e-15
7.15172267940325e-16
-1.250349971953903e-15
1.1225191733941854e-15
-4.160091763741593e-15
-1.3272986608918892e-15
-1.2487796919539006e-15
-3.89128062421297e-15
-3.509001942617258e-15
-3.27453718775899e-15
-6.614364988304561e-16
-4.9957310209700025e-15
1.3667665770052595e-15
-4.306140224264606e-15
2.9335799150211863e-15
-1.621475177420636e-15
4.344287139030455e-15
1.7085269736356001e-15
3.145397959405927e-15
3.1154941613711983e-16
1.1815128658263222e-15
-2.1423340470271243e-15
2.8698698247362833e-15
-3.745759611027666e-15
-2.001823647239118e-15
-2.983598550076092e-15
-4.673051838357217e-16
-2.7374331247474204e-15
8.777014887224675e-16
-1.2156196600064084e-15
-2.0049508418550264e-15
4.086458092835461e-16
-1.7482696136845898e-16
1.8452828952202714e-15
4.329959010718986e-15
2.0359008536439902e-14
8.868128817294452e-14
3.6022309676660453e-13
1.2951934989101242e-12
3.957904711965784e-12
1.033916212841702e-11
2.3002611395437327e-11
4.362515894047519e-11
7.050952086428631e-11
9.709305915546587e-11
1.1393860186157601e-10
1.1394148318094631e-10
9.71019026063191e-11
7.05037964027815e-11
4.3633026879930907e-11
2.3010152197529713e-11
1.0338602102818635e-11
3.96304034585074e-12
1.2915956854305625e-12
3.638000399603182e-13
8.488752220206341e-14
1.759619341854425e-14
8.452347330115338e-16
-1.0592962937014852e-15
-3.908686639495313e-15
-5.6986339799160795e-15
-4.420490454326943e-15
-3.9472164651538785e-15
-3.2119379331784475e-15
-3.1403450086090883e-15
7.494195126781175e-16
-1.0025800143522866e-15
2.0092946049563262e-15
-2.874407743691563e-15
9.78464673589263e-16
-7.629258208976613e-16
-1.2308337447439636e-15
-6.63325960217627e-16
-8.516579450839361e-16
7.385315920123399e-16
-3.0451982055474263e-15
1.6818989119684771e-15
-2.998327294201957e-15
8.220482718749886e-16
-1.176443646884605e-15
1.871123914518601e-15
9.828081938583627e-16
1.8279301358237125e-15
-1.771769886562996e-16
2.0370419917008546e-16
-2.4912042122292353e-15
2.4056797326775226e-15
-3.991128397040946e-15
-1.9211982641142414e-15
-3.2109692119515898e-15
-1.3885821290639619e-15
-3.8339902904835044e-15
3.236190362018482e-16
-3.440348512771468e-16
-1.8186205618903342e-15
2.1444317415961134e-15
1.1297409548769542e-15
2.8142154496686597e-15
3.598787673626495e-15
6.58404464034287e-15
9.712733797147145e-15
1.9433468495034268e-14
6.640816746309323e-14
1.9076767941435488e-13
5.015686284830678e-13
1.1093347113467975e-12
2.1042352531138738e-12
3.410982091978035e-12
4.683180160959539e-12
5.497354909388536e-12
5.501740699157095e-12
4.688780126647568e-12
3.412849757722899e-12
2.1065248809807584e-12
1.1167364832219246e-12
4.9888901137365e-13
1.9684493426650024e-13
6.25937320086135e-14
2.2846022409678403e-14
4.75929181523121e-15
2.8673849290924356e-15
2.3077038021160714e-16
1.383435330308625e-15
-1.4370141340398237e-15
-4.439518188230942e-15
-2.3935983861851424e-15
-2.8598552216964087e-15
-1.7663777064094978e-15
-3.555997374552498e-15
3.8719251228254874e-16
-1.2556474626439425e-15
1.4420437799909296e-15
-2.5866486450731998e-15
1.711004203751719e-15
-1.3673021964800693e-15
-1.1129251964219165e-16
3.4485293398726997e-16
-5.533253491773071e-16
-1.825173145075484e-16
-2.852831941985173e-15
5.321463035764242e-16
-2.320720400320726e-15
-1.4005525864015457e-15
-9.439379303377436e-16
-3.0840512153323016e-16
7.906987906206803e-16
1.0743148390556315e-15
5.291851034539442e-17
-3.2234684769088543e-16
-2.3456361281251438e-15
1.6963840842039855e-15
-3.688452198425323e-15
-1.1487841695284518e-15
-1.9621710646749024e-15
-5.669184817595146e-16
-2.7137084821106143e-15
1.9780629136107524e-15
2.0617410731196006e-15
-4.742228285904896e-16
3.990941258520881e-15
2.4241087672828484e-15
2.5889053393432955e-15
3.3767830015743154e-15
5.8418103946892126e-15
5.494320786304648e-15
2.1420339560487656e-15
5.804094806588946e-15
7.58849922390606e-15
2.4314158209586243e-14
5.026783252800727e-14
1.022819491031823e-13
1.6343345035647053e-13
2.2634237652116003e-13
2.589102112816075e-13
2.574418605286159e-13
2.2693418292088428e-13
1.660415185586917e-13
1.0058844743438121e-13
5.951946340392162e-14
2.380605116316953e-14
1.3654307452010999e-14
2.400554128312218e-15
5.053273559795294e-15
-2.4590389749586874e-16
1.151213612420137e-15
-1.4758370298170376e-16
2.2808864762847165e-15
6.672890579275453e-17
-3.0823358130354566e-15
1.2834370608374634e-16
-6.411586916405163e-16
8.973272595752436e-16
-2.144052390742031e-15
1.3644459595857144e-15
-8.648759076418681e-17
1.3094488383423376e-15
-1.9859982264338046e-15
1.438370743684716e-15
-2.580539073982074e-15
-2.790221091156097e-16
4.865272076366783e-16
-8.271530156957099e-16
-1.1464467730223335e-15
-3.021795740229572e-15
-9.110435885286173e-16
-2.0165242441373284e-15
-1.5183909779370012e-15
6.494055202479933e-16
-6.517795822377832e-16
1.948622947228937e-15
1.681382236351261e-15
2.0751104678628853e-15
1.2594369795080288e-15
4.701787709693506e-16
3.266081121803747e-15
-1.0092473368278395e-15
8.288358985163708e-16
-2.503102046577853e-16
-3.6236087474544457e-16
-2.6160009736996114e-15
1.9180608286540646e-15
2.5290439889520565e-15
-8.118787714507901e-16
4.2802135185588296e-15
2.776405785978769e-15
1.6009527635066834e-15
2.762056138322151e-15
5.441912745602322e-15
4.902495983466265e-15
8.050827997369744e-16
2.2784847056711686e-15
-4.952154290505365e-16
4.96825885126534e-15
6.649807438444218e-15
1.6441492581104326e-14
3.45793098140637e-14
4.300444871983939e-14
4.364462761302155e-14
5.126553470147549e-14
4.3908777319849225e-14
3.4345802505830757e-14
1.9231833725480704e-14
1.448522812223982e-14
3.1154949760674286e-15
4.4567096081229385e-15
-4.569894630559143e-16
2.9786631676287405e-15
-1.0267710333184479e-15
3.03365228430996e-16
-2.071234475957672e-16
2.806996691102258e-15
1.0652209879212046e-15
-2.628194822373387e-15
7.756313694876685e-16
-7.769798554918239e-16
7.685011228523334e-16
-2.7613245341241905e-15
4.209433433247575e-16
4.8733168278948204e-17
9.191163590181162e-16
-3.7576777728916173e-16
2.6467500941381788e-15
-9.369140893956396e-16
1.5932781470638292e-15
2.4074035229645276e-15
4.1846852071291425e-17
-7.493080953002206e-16
-2.5262334273222963e-15
-8.429468696370963e-16
-3.445176673381048e-16
-2.322636826504486e-15
9.612675214953781e-16
-1.2812744891915884e-15
2.2364439928134974e-15
1.17090718417819e-15
2.5820221026773913e-15
6.507179108211169e-16
4.904490902071218e-16
1.468461996689104e-15
-1.5413003078790567e-15
-4.368995455230392e-16
-6.473244402548463e-16
-1.223787377335583e-15
-2.2495613210987487e-15
2.2601337858642437e-15
3.928595331994894e-15
-1.492965342688919e-16
5.430262996365027e-15
3.7237966012379335e-15
1.4915002894141882e-15
2.9543910654972183e-15
5.567601435393802e-15
4.9628629699372964e-15
4.911280415346798e-16
7.238770551889302e-16
-2.2961935104480613e-15
1.8965441921159998e-15
2.012999040059429e-15
1.1804284923572449e-14
1.9268015714920143e-14
1.4450620568480696e-14
3.666790897859082e-14
3.264339414132212e-14
2.3977644121402327e-14
1.946335897519155e-14
1.1336294769753797e-14
9.467145936617405e-15
1.6897055112812233e-16
6.05871424935415e-16
-1.8537302715100137e-15
9.772421087508584e-16
-1.3132115786114275e-15
-2.1102663879117836e-16
5.248179309231097e-16
3.671825798813967e-15
2.900414183939438e-15
-1.072824126925266e-15
2.4071869955378135e-15
2.8478294279649537e-16
1.4118434042204136e-15
-2.4379045698196976e-15
-4.39900131329791e-16
-7.267363855684019e-16
-1.3060436723270213e-15
-1.7389626450987994e-15
2.339427787982293e-16
-2.3357453907129593e-15
1.6584478215502962e-16
1.854652817589207e-15
-7.956565586667882e-16
-1.1022001021838291e-15
-3.295998775124096e-15
-1.4111688390877794e-15
-8.358723728843061e-17
-1.709457969927797e-15
1.8064260510119953e-15
-1.1351472396850777e-15
2.3073988053445837e-15
1.2149937266986603e-16
2.5383630172380236e-15
-1.4458279269463167e-16
7.264302590613319e-16
6.826077391083257e-16
-4.23246440944533e-16
-5.726708785786357e-17
1.093946634090266e-15
-1.7557755120928988e-16
-1.207112569616063e-16
3.087473500754039e-15
5.826859484985686e-15
7.569318032254969e-16
6.489201186601114e-15
3.837709927031213e-15
6.469090425901629e-16
2.067149962315304e-15
4.340124091719728e-15
4.313239056559128e-15
3.3722940873542744e-16
4.699646669921493e-16
-1.2801022319873584e-15
3.765921558891483e-15
4.8826156129284154e-15
8.96500711742005e-15
2.2197740659983578e-14
2.3455417469868035e-14
3.8905317619631143e-14
3.486663433109569e-14
3.1225782688676124e-14
1.747127218946548e-14
1.1306952587845658e-14
1.0992935072335346e-14
1.2230050287155166e-16
-7.465169566112317e-16
-1.0912953900362715e-15
5.510968437580334e-16
-6.091116975348904e-16
-7.294953599221921e-16
9.665684993721992e-16
3.5188588249436043e-15
3.886158314778844e-15
-1.7433588981257448e-16
3.3589448738966893e-15
1.2785918761148665e-15
2.0984440795912915e-15
-1.2022041249387297e-15
2.1105570897983956e-16
3.310488216831613e-16
-1.1822393835238387e-15
-1.2448307062501018e-15
-4.203935232332645e-16
-2.2605996853507352e-15
-8.395796916571045e-16
1.1178263037983802e-15
-1.8466910577853616e-15
-1.3864564094169222e-15
-3.896981928353349e-15
-8.754821148136451e-16
9.942970206812652e-16
-2.2370354637922277e-15
1.3637196026623922e-15
-1.4673193578862516e-15
2.1347685266191812e-15
-8.539376825008199e-16
2.7778116468542323e-15
-2.9856751907489955e-16
1.466249529937705e-15
5.446887456460215e-16
9.961468594242936e-16
1.711413477989641e-17
2.679750210919227e-15
4.2527739567691203e-16
1.6668430013298553e-15
2.517024121063308e-15
6.2864213086000344e-15
1.2417583685368285e-16
5.860454351304418e-15
2.4059222702297666e-15
-8.95916840901194e-16
6.723019483470411e-16
2.265917296579383e-15
2.7945010487417004e-15
-9.351794724623286e-16
-7.512713854158212e-16
-1.9042370447450406e-15
3.032931509129516e-15
5.294357614606148e-15
1.5956117508801205e-14
1.4127486712522443e-14
1.8402304330662194e-14
2.5219680452333082e-14
2.4475801828848093e-14
2.4706025211514664e-14
1.2177026710560082e-14
4.219778753005066e-15
6.254903720025322e-15
8.516917031878851e-16
-2.4438197385376846e-15
-1.339129659305474e-15
-7.225994398564025e-16
-1.0446124131992161e-15
-2.3848391690153632e-15
3.700059530606178e-16
2.2660987079838e-15
3.5183332960170227e-15
-4.985471577853298e-16
3.0329970943505027e-15
1.6461450185804778e-15
2.4940749752241412e-15
1.4485806726863933e-16
1.3469706422074976e-15
1.7473339520012465e-15
-5.173341304799092e-16
-6.813777321240532e-16
-6.17562561074913e-16
-1.6423556067734884e-15
-1.203039929021056e-15
9.674853033744743e-16
-2.034077806376965e-15
-1.2773394103493818e-15
-4.636997855532782e-15
-1.0912922319821825e-15
5.515667738342825e-16
1.5931814596392446e-17
3.115065811754377e-15
7.087482274725625e-18
3.3840548976001125e-15
-8.301811953171791e-16
3.600189353983469e-15
1.7325322710595137e-16
2.4847946712354187e-15
6.858303947166337e-16
2.2229929748515093e-15
-5.082465370495219e-16
3.5221174488874302e-15
-1.448851750816796e-16
2.507215870177207e-15
7.776376287591086e-16
5.862648335742297e-15
-4.867082303582514e-16
5.5515532316364946e-15
2.0913240385692093e-15
-7.837588959181632e-16
9.001305772644674e-16
1.4632586301898166e-15
2.6180833126584277e-15
-1.2788235473470662e-15
-3.872959236036067e-16
-1.4395242495610648e-15
3.7898334151141415e-15
4.4509167630837795e-15
5.046413046383066e-15
1.4145779066357316e-14
1.8083324862525337e-14
2.5728664619003895e-14
2.170687591090144e-14
1.969114913806334e-14
1.2827751948083044e-14
7.099854097660015e-15
6.067740709942202e-15
-3.512123977617845e-16
-2.958988591313734e-15
-5.13820734557879e-16
-2.781423798752864e-17
4.234018684408527e-16
-1.6960321636028773e-15
1.9633266437755736e-15
3.531335987287678e-15
4.949490193497022e-15
9.024995946452296e-16
3.492993886526285e-15
2.0165861298138105e-15
2.2975552264113852e-15
1.9551695640849283e-16
1.2217017002505221e-15
1.961214625971022e-15
-4.293544842702672e-16
-4.798805493099817e-16
-5.679903112553804e-16
-8.570471064645931e-16
-1.2282922842780503e-15
1.0876941718654978e-15
-1.3052344349767431e-15
1.0349503512402975e-16
-3.287622132413985e-15
9.870351895414936e-16
2.5266950916418076e-15
7.799212086431482e-16
3.286042431164299e-15
4.26834483058095e-16
4.476137436870519e-15
-3.118069787735804e-16
4.8508100163952406e-15
1.1151995896943629e-15
3.3551927331834153e-15
3.4167559296657954e-16
2.375014623024554e-15
-1.9046782342899013e-15
3.4342981280488797e-15
-1.3407688410708019e-15
3.2207395291009664e-15
-5.12297427924074e-16
5.347243069849998e-15
-8.3510084648416325e-16
4.776776143542026e-15
1.534045300098609e-15
-1.2076123809443319e-15
2.9662625539443177e-16
-3.15677194963077e-16
1.694329422403509e-15
-2.740950973920384e-15
-9.402174283134741e-16
-2.845194774062506e-15
1.8167918403442843e-15
3.999752594610884e-15
1.196093957123337e-14
9.522110506084622e-15
7.263112464041117e-15
2.99934283704265e-14
2.5361022381301785e-14
1.3592726231946986e-14
1.0843253049014103e-14
2.9491144253077775e-15
1.7465874966434695e-15
-1.3622495819129369e-15
-4.384915387773144e-15
-8.723578065024446e-16
1.399139036581214e-16
1.125296159487199e-15
-1.4163300867378496e-15
2.3861928572285755e-15
3.770001685460114e-15
4.707900073768184e-15
1.5519483499759526e-15
3.4292994834057137e-15
2.339977770180516e-15
2.893854670486163e-15
1.1391639328968357e-15
1.900712657125468e-15
2.3844546512444887e-15
-4.68368630547694e-16
-9.53537290444671e-16
-1.1917462873043899e-15
-6.796947660414046e-16
-1.057330899713416e-15
1.9004500145229478e-15
5.27376767886953e-16
2.3190955968959256e-15
-1.564723510343308e-15
2.311794482171601e-15
2.949694692670658e-15
-4.980874286325159e-16
1.1030182784688835e-15
-1.6331305962411798e-15
2.979967474033683e-15
-2.0417778855930157e-15
3.8041575866617295e-15
6.444324074703819e-16
3.319245465639303e-15
-2.3910337289582433e-16
2.203247305686989e-15
-3.129690139023196e-15
2.5068205240274953e-15
-3.4512971732039613e-15
2.3903057433041596e-15
-2.4494107176025282e-15
3.618806539051702e-15
-1.2192838396961435e-15
4.282333663568952e-15
2.400096168268651e-15
1.030907264982158e-16
1.6273677301353735e-15
1.9730690226961683e-16
3.3907182623432185e-15
-1.6473957788131188e-15
1.3238475362154284e-15
-1.2562492118276866e-15
3.272892259202248e-15
2.740646902312781e-15
3.5628836437679856e-15
7.367271482842758e-15
2.7454497068191365e-14
1.1981290356568732e-14
9.429487263827892e-15
2.194724517997709e-14
7.941043578800932e-15
3.6458416052580204e-15
1.994480209018979e-15
3.678212673617536e-17
-2.8532077294952175e-15
1.2599486113025065e-15
2.9136102719956295e-15
3.972242071904756e-15
1.3077462890936642e-15
4.760058142885475e-15
6.144682042533786e-15
6.140101883692171e-15
4.2455401180003795e-15
4.446124638843175e-15
2.9128069533366803e-15
3.2600247656701078e-15
1.4996369300193608e-15
1.58916891751132e-15
1.7427448120238559e-15
-8.680513073885979e-16
-1.3644128148324888e-15
-1.567166957047408e-15
-7.402695226951306e-16
-1.7082341392352084e-15
8.925144407383162e-16
-4.0138296959687747e-16
1.448879441613817e-15
-2.7806584340556305e-15
8.965865226578644e-16
8.024392036506436e-16
3.925002578259338e-16
6.543263641357473e-16
-1.656624018317971e-15
3.3857514601937876e-15
-1.681627292644796e-15
3.807982250011641e-15
1.0058330678724446e-15
3.674934227567602e-15
-1.8757919891073586e-16
2.657505563280152e-15
-2.6328573428918982e-15
2.8094684249834877e-15
-3.3461843619430976e-15
2.8563987774162642e-15
-2.4490358507613423e-15
2.1379689945936156e-15
-1.959324367482914e-15
2.1631776209776056e-15
9.192461534699088e-16
-1.8497086432561402e-15
-9.778735748220894e-16
-3.1588332876915614e-15
1.102834073588615e-15
-4.0531917812403445e-15
1.6863821390769817e-16
-2.7783497272782334e-15
2.571904811149797e-15
3.9197704828178365e-15
7.587703412992161e-15
1.2019342344851006e-14
1.0059644881165788e-14
1.6360466742773544e-14
1.663801132183244e-14
1.7142617459336368e-14
1.0448152355647653e-14
4.985005301583312e-15
1.4285286258241275e-15
-1.0500716604551761e-15
-3.7464382646860425e-15
4.056234660871204e-16
2.4239027582883897e-15
3.1104118249143e-15
4.84732597519957e-16
3.4323444020749583e-15
4.883399966179131e-15
4.363469198506795e-15
4.602756202634177e-15
3.4103371800361356e-15
2.262389173964439e-15
3.221108397619705e-15
2.725711548938629e-15
2.4946818088453922e-15
2.3996237803471117e-15
2.524331471352579e-16
-5.696641469979273e-16
-1.045268135695986e-15
-1.3313607827419593e-16
-1.3023355436017774e-15
1.4245578474075629e-15
4.968344286327147e-16
3.0465743212194063e-15
-1.1931494697319433e-15
2.1828313185379486e-15
8.122155296251312e-16
1.3874506991099312e-15
6.913785264279503e-17
-1.3122007559791036e-15
3.959549254921639e-15
-9.043312591541402e-16
3.387015696730836e-15
9.35572060527745e-16
3.3675872107491497e-15
-6.627599278357216e-16
2.265861513616542e-15
-2.6395678078647164e-15
1.7673192775761042e-15
-3.634061247774854e-15
2.0970491607832645e-15
-2.3263907237270295e-15
9.849108993257195e-16
-1.3955966773690783e-15
2.2176251599116213e-15
2.28864775800994e-15
-3.013731909843097e-16
1.0536988900868208e-16
-2.521990353764484e-15
1.5685545504377906e-15
-4.096737497892806e-15
-5.579749721442018e-16
-4.558201529444244e-15
-8.525324466570402e-16
-3.088735581872526e-15
1.8237259886169557e-15
3.593798511394583e-15
1.7720123409093334e-14
2.7141755875023735e-15
-3.503667026646633e-16
1.4949879088312986e-14
-6.260801984928011e-15
8.4385318102982e-16
-1.3033574146074348e-15
-2.1423671189556916e-15
-5.615649251234457e-15
-1.0656608776852741e-15
2.000378229275192e-15
3.1898860847782238e-15
1.6223733111806905e-15
5.043095785862311e-15
6.703194829884585e-15
6.193813475184559e-15
8.082279748682973e-15
4.886413279554376e-15
3.4553167250615407e-15
3.807469409438285e-15
4.054852839989752e-15
2.6805575468707304e-15
1.8153563578089217e-15
1.3096805171605436e-16
-1.0135461061097028e-15
-1.5685073715338955e-15
-5.680406927302264e-16
-1.6499806653109693e-15
1.2160378148323364e-15
3.9436985144184344e-16
3.924189134030663e-15
6.509754197708665e-17
3.2088459761565383e-15
5.006507297357486e-16
3.9290719391640914e-16
-2.406136387332333e-15
-1.8190035214341136e-15
4.4283504826667516e-15
7.705637886404471e-16
4.0586740001091896e-15
2.329180954109269e-15
4.535333296449603e-15
2.1071571734154386e-16
2.6675995786961927e-15
-2.2077188111397846e-15
5.01182761555874e-16
-3.641919863635822e-15
6.123320088698214e-16
-2.8382891919374242e-15
-1.1952780844269832e-15
-2.686041961328882e-15
-1.642181492029291e-16
4.255204789357286e-17
-2.5968839153371708e-15
-2.6632437204563028e-15
-4.570201489176924e-15
-2.413513453344175e-16
-3.906594761588743e-15
-5.940829512875005e-16
-3.2122081530381973e-15
8.734807334622636e-17
-3.980801837928601e-16
1.428073013534555e-15
1.6884972182465289e-15
5.479514816495163e-15
5.182401640393083e-15
-2.1588783948901917e-15
2.3152529268956537e-14
1.2186916567103014e-14
2.4584660571188968e-15
2.2025655513598607e-15
-1.4697032362312596e-15
-4.771013447188771e-15
-4.93829950276984e-16
2.16030415758882e-15
2.763001425631661e-15
6.466851140988218e-16
3.673941640873413e-15
4.274162468234082e-15
4.006037212757383e-15
7.081787015189477e-15
3.139844647947231e-15
2.4832055795701205e-15
2.7033432169578168e-15
4.183220389170002e-15
2.096072840106036e-15
8.398391453145831e-16
-7.604929787137594e-17
-1.0992308234097619e-15
-1.0577076164098643e-15
3.8268325977742895e-16
-1.0809253856263477e-16
2.6107775123805817e-15
9.489227074654131e-16
4.442269506440075e-15
2.4722647468415914e-16
2.1515946782341205e-15
-2.1597118593308146e-15
2.0271159856983423e-16
-4.2374567901236774e-15
-1.99698902330552e-15
4.747294883257699e-15
1.6754519449371817e-15
3.4987414388676054e-15
2.1549424642366988e-15
4.257263620672715e-15
1.2525723272747395e-17
2.512681558380858e-15
-1.949994629657318e-15
-4.203775796656458e-16
-3.0108928613743256e-15
-6.320548206240016e-16
-3.4263996718009875e-15
-2.778090721286401e-15
-3.375325802688088e-15
-8.089013727510853e-16
-2.1091156601541685e-16
-1.778031807278982e-15
-1.9453891984900295e-15
-3.0370617302684787e-15
-6.342006809740292e-17
-2.2062704367806596e-15
-1.0130199851419108e-15
-1.7962171097181668e-15
-1.6613236432329442e-15
-3.2193130485825433e-15
5.429822795546952e-15
-7.299692562349511e-16
2.2263448302330987e-15
5.0484407566650806e-15
-1.4657301890431872e-14
1.929432734119668e-15
-2.438250965580957e-15
-2.7947606514692356e-15
-7.041035963267987e-16
-3.058795011701659e-15
-4.57977050979719e-15
4.0485493994798444e-16
2.20562632779816e-15
3.4547187260032864e-15
1.2603647422636624e-15
4.9243563124255935e-15
4.406122518298512e-15
4.658137498992718e-15
7.483149804912888e-15
3.0284021294129184e-15
2.564137541069232e-15
1.9564158209539193e-15
3.950568724740083e-15
1.3133020887668596e-15
3.1813215186484777e-17
-4.984286258524557e-16
-1.8013050993047845e-15
-1.70673172466628e-15
-6.741911938461032e-16
-7.812310536363459e-16
1.785075394800469e-15
-1.624119880796714e-16
3.917145959211694e-15
4.106606959282701e-16
1.1526291486773472e-15
-4.113636108090986e-15
