-1.0000000116860974e-07 7.196471329211341e-23 2.5477162866633252e-22
-9.912663756495022e-08 7.500460204324578e-22 -6.393029119018224e-23
-9.825327396129069e-08 -4.143657881007823e-23 -8.504518325522048e-22
-9.737991035763116e-08 1.8678772207213056e-22 1.918934949079851e-22
-9.650654675397163e-08 -4.1359030627651384e-25 2.167548533882524e-23
-9.563319025573946e-08 -1.5395899151143228e-22 -1.1620323768511529e-22
-9.475982665207994e-08 -2.663521572420749e-22 -6.680802674234718e-22
-9.388646304842041e-08 -1.0357852232812443e-21 -8.133088406335145e-23
-9.301309944476088e-08 -1.1629125436729878e-21 -1.4753062079277143e-22
-9.213973584110136e-08 -6.967445697110721e-22 -1.0625336664199887e-22
-9.126637223744183e-08 4.1028158382630173e-22 -5.214473072319694e-22
-9.039301573920966e-08 -6.352747104407253e-22 -1.689252732270598e-22
-8.951965213555013e-08 4.235164736271502e-22 -3.973978065480363e-22
-8.86462885318906e-08 -0.0 6.239132958700171e-22
-8.777292492823108e-08 -6.352747104407253e-22 -4.348591574845248e-22
-8.689956132457155e-08 -7.411538288475128e-22 9.604943190030336e-23
-8.602619772091202e-08 -9.26442286059391e-23 4.56870724390245e-22
-8.515284122267985e-08 2.6469779601696886e-23 -4.978059663178371e-22
-8.427947761902033e-08 3.044024654195142e-22 2.366823034249202e-22
-8.34061140153608e-08 0.0 -6.4708954963798e-22
-8.253275041170127e-08 6.617444900424222e-24 8.567548501175824e-24
-8.165938680804175e-08 1.553445190374586e-21 -2.2150613422140595e-22
-8.078602320438222e-08 -1.3896634290890865e-22 5.293499643191797e-23
-7.991266670615005e-08 3.8050308177439273e-23 5.542110104105285e-23
-7.903930310249052e-08 2.8785885316845363e-22 -9.220952838183887e-23
-7.8165939498831e-08 3.3087224502121107e-23 -3.7844189551413334e-22
-7.729257589517147e-08 -3.705769144237564e-22 8.182760011419908e-22
-7.641921229151194e-08 7.940933880509066e-23 -3.535543310745946e-22
-7.554584868785241e-08 7.014491594449675e-22 -2.3304248658645596e-22
-7.467249218962024e-08 -0.0 1.0316223096210844e-22
-7.379912858596072e-08 1.0587911840678754e-21 1.2412010689039404e-22
-7.292576498230119e-08 9.529120656610879e-22 4.512447451190515e-22
-7.205240137864166e-08 -2.117582368135751e-22 -5.778497259955683e-22
-7.117903777498213e-08 8.470329472543003e-22 -1.730992157937634e-21
-7.030567417132261e-08 4.235164736271502e-22 4.597319796914668e-22
-6.943231767309044e-08 3.618915179919496e-22 -2.956545912040139e-22
-6.855895406943091e-08 -1.0072991909364495e-21 -9.905364646803547e-22
-6.768559046577138e-08 -2.4246731705460624e-22 -4.0759284924960816e-23
-6.681222686211186e-08 -4.632211430296955e-23 -4.3020308585174417e-23
-6.593886325845233e-08 2.1444657380437242e-22 -5.727374403240802e-23
-6.50654996547928e-08 -3.0181752600528597e-22 -4.5131376098192746e-23
-6.419214315656063e-08 9.566343784175765e-22 -4.531346286560203e-22
-6.33187795529011e-08 -4.728371176506244e-22 2.0500985362465866e-22
-6.244541594924158e-08 -1.8983795058091985e-22 7.298423712602104e-23
-6.157205234558205e-08 -1.725705552938754e-22 -2.2385842908835362e-22
-6.069868874192252e-08 -3.1805094552663914e-22 -1.4768214519544628e-22
-5.9825325138263e-08 9.774302160050425e-23 2.777591869057666e-22
-5.895196508731715e-08 6.014184664628713e-22 -4.368305776846573e-22
-5.807860148365762e-08 -5.11649982955261e-22 1.2287238137382407e-22
-5.720524143271177e-08 1.4677285993987785e-22 1.280920152372946e-22
-5.6331877829052246e-08 -1.0743525193415293e-21 6.253774974407542e-23
-5.545851422539272e-08 3.4028142448900176e-22 -2.5543775543647563e-22
-5.458515417444687e-08 1.2340500763525482e-22 5.434001071556943e-22
-5.3711790570787343e-08 -7.460135149462618e-23 4.539097065835053e-22
-5.2838426967127816e-08 -6.079777502264753e-23 -2.1287132586172917e-22
-5.196506691618197e-08 5.048903663870543e-22 -5.085515392679446e-22
-5.109170331252244e-08 2.926083521921657e-16 3.216436831462798e-22
-5.0218339708862914e-08 2.9256507332320325e-06 -2.6009872431775587e-22
-4.9344979657917065e-08 5.275008788885316e-06 2.564661523778452e-22
-4.847161605425754e-08 -2.6625750706443796e-06 5.119751198659569e-22
-4.759825245059801e-08 -4.488766990107251e-06 7.416724449392668e-23
-4.672489239965216e-08 -1.940031779668061e-06 -1.4598528645565416e-22
-4.5851528795992635e-08 5.071727287031536e-07 3.1531012719753926e-22
-4.497816519233311e-08 8.643208389003121e-07 1.847210705835198e-22
-4.410480514138726e-08 1.6648330358748353e-07 -8.008467947060674e-22
-4.323144153772773e-08 -1.949365611153553e-07 -2.3909406893779067e-23
-4.2358077934068206e-08 -8.201178758326932e-08 -1.4125533957682139e-22
-4.148471788312236e-08 4.515570140029013e-08 3.1023400290994654e-22
-4.061135427946283e-08 3.237944667944248e-08 6.03871886986981e-22
-3.97379906758033e-08 -3.1014140144947078e-09 3.5006441042989686e-23
-3.8864627072143776e-08 -2.2477799621611894e-09 4.228941696580139e-22
-3.799126702119793e-08 6.806032626371916e-09 -1.9533564213626268e-22
-3.71179034175384e-08 6.951341280370116e-09 -3.530377975756304e-22
-3.624453981387887e-08 4.248323470790183e-09 -1.836787991565492e-23
-3.5371179762933025e-08 3.4415814642585474e-09 -1.4630835339533475e-22
-3.44978161592735e-08 4.081792237542459e-09 -4.150829068398389e-22
-3.362445255561397e-08 4.341552006792426e-09 -1.5925052215780464e-23
-3.275109250466812e-08 3.845239682220836e-09 3.1212290194850567e-22
-3.1877728901008595e-08 3.6473095654798726e-09 -2.2375344116819957e-22
-3.100436529734907e-08 3.643588764035144e-09 -1.8701632765157637e-22
-3.013100524640322e-08 3.2601301658274906e-09 -2.435213109546284e-22
-2.9257641642743693e-08 3.120677050105769e-09 9.565284943514341e-23
-2.8384279815441005e-08 3.281921845399438e-09 6.016660551911403e-22
-2.7510916211781478e-08 3.0792817184988053e-09 5.446027098284856e-22
-2.663755438447879e-08 2.804285026414277e-09 6.560042963339271e-23
-2.5764192557176102e-08 2.776625152023371e-09 3.205416255290243e-22
-2.4890828953516575e-08 2.6042057399422447e-09 -4.5564846488141734e-24
-2.4017467126213887e-08 2.4392590169952655e-09 1.5282106281109459e-22
-2.31441052989112e-08 2.4921273933387056e-09 3.719716773021723e-23
-2.2270741695251672e-08 2.3862445353017847e-09 3.142778932367267e-23
-2.1397379867948985e-08 2.1609585232340578e-09 -2.041294974762065e-22
-2.0524018040646297e-08 2.0826431690323943e-09 -1.586472739126949e-22
-1.965065443698677e-08 1.9617469870780724e-09 -7.478251813467562e-23
-1.8777292609684082e-08 1.838279639621021e-09 1.7166355457948849e-22
-1.7903930782381394e-08 1.837717200636746e-09 -8.485540099190858e-23
-1.7030567178721867e-08 1.7491188497587018e-09 -2.768491822090526e-22
-1.615720535141918e-08 1.5978743883593438e-09 8.220074520632055e-23
-1.528384352411649e-08 1.515136460739086e-09 3.0978360750927604e-22
-1.4410479920456964e-08 1.38711442332351e-09 -2.982478105023033e-22
-1.3537118093154277e-08 1.290597184677722e-09 7.623561254386721e-23
-1.266375537767317e-08 1.259205961723353e-09 1.5446446833594893e-22
-1.1790392662192062e-08 1.1770467933658324e-09 3.853617328876341e-22
-1.0917030834889374e-08 1.091591483870502e-09 7.558460665955538e-23
-1.0043668119408267e-08 1.0079697077003402e-09 -2.1811208857568514e-22
-9.17030540392716e-09 8.796885442308167e-10 -6.939627053713518e-23
-8.296943576624471e-09 7.839135451881418e-10 -7.109066045783832e-22
-7.423580861143364e-09 7.036108917723993e-10 8.480961045625976e-22
-6.5502181456622566e-09 6.192304446983599e-10 8.88220776132857e-24
-5.676855874270359e-09 5.62650148694388e-10 -2.784976364437004e-22
-4.803493602878461e-09 4.948075837951649e-10 -9.827254921629928e-23
-3.930130887397354e-09 4.097405748026972e-10 -2.3555394202964103e-22
-3.0567686160054564e-09 3.3503158580749925e-10 1.4834998852691915e-22
-2.183406122568954e-09 2.349545835667044e-10 2.8896187004056986e-22
-1.3100436291324513e-09 1.4057870145745e-10 4.40263801318375e-22
-4.3668121896267564e-10 5.5343184895972897e-11 9.209756693128266e-23
4.3668121896267564e-10 -3.914436483287709e-11 1.955669992625459e-22
1.3100436291324513e-09 -1.1176977399163235e-10 6.188750873929729e-22
2.183406122568954e-09 -1.7968457277639516e-10 6.257818990952067e-23
3.0567686160054564e-09 -2.5573959616664865e-10 -4.527315964640993e-23
3.930130887397354e-09 -3.1410693490663277e-10 -2.6027694061801978e-23
4.803493602878461e-09 -3.989863439635144e-10 -1.9720984942932296e-22
5.676855874270359e-09 -4.953211729663565e-10 -6.535353384054281e-22
6.5502181456622566e-09 -5.854840501307024e-10 -2.8660086614922855e-22
7.423580861143364e-09 -6.987292411331225e-10 5.317346592812266e-22
8.296943576624471e-09 -7.890595954407331e-10 1.0067304663999958e-22
9.17030540392716e-09 -8.465975698257466e-10 7.294196680327568e-22
1.0043668119408267e-08 -9.301680536921708e-10 -3.234349148938853e-22
1.0917030834889374e-08 -9.83717440838916e-10 1.0980525704396717e-24
1.1790392662192062e-08 -1.0592978716417178e-09 3.650111915039473e-22
1.266375537767317e-08 -1.198664945079031e-09 3.3318581628404325e-22
1.3537118093154277e-08 -1.2867408250016865e-09 1.399976554801839e-22
1.4410479920456964e-08 -1.3799829057248303e-09 2.257728998420164e-22
1.528384352411649e-08 -1.4894674382759376e-09 1.0052098738963099e-23
1.615720535141918e-08 -1.4994421260183799e-09 2.213678753037133e-22
1.7030567178721867e-08 -1.5857084534331989e-09 3.9695269335998715e-23
1.7903930782381394e-08 -1.750317668580692e-09 -3.8710038232274123e-22
1.8777292609684082e-08 -1.828615370236264e-09 -5.527190661794766e-22
1.965065443698677e-08 -1.9659998073962015e-09 1.12610613661445e-22
2.0524018040646297e-08 -2.1096255853336743e-09 7.221975044504955e-24
2.1397379867948985e-08 -2.0691521829263593e-09 -3.854761366515529e-22
2.2270741695251672e-08 -2.1580448539282315e-09 -8.933444592667037e-23
2.31441052989112e-08 -2.392392284278344e-09 2.4929435914210406e-22
2.4017467126213887e-08 -2.451267189229611e-09 8.743118961963622e-23
2.4890828953516575e-08 -2.573774526837269e-09 2.0424077104005335e-22
2.5764192557176102e-08 -2.797666098786067e-09 4.0836044877571165e-22
2.663755438447879e-08 -2.723874459320541e-09 5.080900367057286e-23
2.7510916211781478e-08 -2.7490389964412998e-09 4.258596965936878e-24
2.8384279815441005e-08 -3.1439051362269765e-09 6.697725444591264e-22
2.9257641642743693e-08 -3.2767051294513294e-09 7.572728950920451e-22
3.013100524640322e-08 -3.2426148433017943e-09 2.6333578033245047e-22
3.100436529734907e-08 -3.545575610885976e-09 3.3339182888716353e-22
3.1877728901008595e-08 -3.5959992761291915e-09 -2.979875368906783e-23
3.275109250466812e-08 -3.3849059111190627e-09 2.879884283053016e-22
3.362445255561397e-08 -3.896754474652653e-09 -1.9985759479338125e-22
3.44978161592735e-08 -4.891075544577461e-09 -2.555933314287597e-22
3.5371179762933025e-08 -4.774389328332518e-09 -1.0324599536846843e-22
3.624453981387887e-08 -2.524566555806018e-09 5.575751676942723e-22
3.71179034175384e-08 -2.4009443322370316e-09 1.0907731197784733e-22
3.799126702119793e-08 -1.169464347583471e-08 -5.432072969286838e-22
3.8864627072143776e-08 -1.4130920433785832e-08 -5.8907790511482825e-22
3.97379906758033e-08 2.041131530461371e-08 3.7517707159557496e-23
4.061135427946283e-08 3.431798845099365e-08 5.435653009401348e-22
4.148471788312236e-08 -9.244748611081377e-08 -3.340688861140094e-22
4.2358077934068206e-08 -2.0855155469234887e-07 4.0924053986689966e-22
4.323144153772773e-08 1.4897206312980416e-07 -4.274366958075406e-22
4.410480514138726e-08 8.485372973154881e-07 1.2431638810538751e-22
4.497816519233311e-08 4.99032296374935e-07 -8.165573698412146e-23
4.5851528795992635e-08 -1.945027179317549e-06 7.534171954228145e-22
4.672489239965216e-08 -4.507330231717788e-06 -7.607029885256909e-22
4.759825245059801e-08 -2.7235028028371744e-06 -7.332521436369377e-22
4.847161605425754e-08 5.932131443842081e-06 9.506139308284491e-23
4.9344979657917065e-08 1.7321346604148857e-05 1.9377838779532315e-21
5.0218339708862914e-08 5.2189120651746634e-06 -1.9896654800194153e-22
5.109170331252244e-08 4.1590228270604445e-16 3.43993286416218e-22
5.196506691618197e-08 -5.773720675620133e-22 5.704539215062933e-22
5.2838426967127816e-08 -1.0660290144277144e-22 -1.9352749721084922e-22
5.3711790570787343e-08 -9.727644003623605e-22 -2.6954571862189924e-22
5.458515417444687e-08 -2.793802518897851e-22 2.5571551020576033e-22
5.545851422539272e-08 1.8663262570727687e-22 -3.9192714452274996e-23
5.6331877829052246e-08 -8.478601278668534e-23 -1.544592965638543e-23
5.720524143271177e-08 1.2024104179223949e-21 4.480286160064506e-22
5.807860148365762e-08 -4.552595296338726e-22 1.196833815032981e-21
5.895196508731715e-08 5.872982349126496e-23 2.2311291135670908e-22
5.9825325138263e-08 -7.438421658383101e-22 -1.1668228451386342e-22
6.069868874192252e-08 -1.1980547950094203e-22 7.269713593273129e-23
6.157205234558205e-08 1.485370810900886e-22 3.445156764185426e-22
6.244541594924158e-08 8.13286563201551e-22 -8.415476755250493e-22
6.33187795529011e-08 8.783624129547463e-23 1.0145203100668722e-22
6.419214315656063e-08 2.003328046026864e-22 -1.6873219794278514e-22
6.50654996547928e-08 -7.112719292190347e-22 1.1515479736586587e-22
6.593886325845233e-08 3.3655911173251314e-23 -3.960636092544796e-22
6.681222686211186e-08 -1.405741752245586e-21 1.2097709571737628e-22
6.768559046577138e-08 -3.0936554909483235e-22 -1.890753429666246e-22
6.855895406943091e-08 -3.70266721694049e-22 1.1149342253658376e-22
6.943231767309044e-08 1.3545082530555828e-23 -2.8828968481867466e-22
7.030567417132261e-08 -2.117582368135751e-22 6.856951906491459e-23
7.117903777498213e-08 -0.0 7.529413071931309e-24
7.205240137864166e-08 -6.352747104407253e-22 -1.8729239110308027e-22
7.292576498230119e-08 -4.235164736271502e-22 -8.32105982366189e-22
7.379912858596072e-08 8.470329472543003e-22 1.9176280905498257e-22
7.467249218962024e-08 -5.293955920339377e-22 1.2720465400400407e-22
7.554584868785241e-08 0.0 -3.86239627790062e-22
7.641921229151194e-08 6.088049308390284e-22 -4.604170391233352e-22
7.729257589517147e-08 5.823351512373315e-22 2.2214848156842208e-22
7.8165939498831e-08 2.0514079191315086e-22 2.643348442699203e-22
7.903930310249052e-08 -2.6469779601696886e-23 -1.1686619638986303e-22
7.991266670615005e-08 -1.819797347616661e-22 -5.439010401413968e-23
8.078602320438222e-08 -3.0274810419440813e-22 1.5478511189492869e-22
8.165938680804175e-08 -2.6469779601696886e-22 5.94366327649234e-22
8.253275041170127e-08 2.779326858178173e-22 1.1226473917527265e-22
8.34061140153608e-08 3.110199103199384e-22 1.6147200179856132e-22
8.427947761902033e-08 -1.1911400820763599e-21 2.7874236002916166e-23
8.515284122267985e-08 -7.940933880509066e-23 -4.3774895061785386e-23
8.602619772091202e-08 -1.0587911840678754e-22 -7.279879549095403e-22
8.689956132457155e-08 0.0 -5.578730415720838e-22
8.777292492823108e-08 0.0 -1.5851102185714512e-22
8.86462885318906e-08 2.117582368135751e-22 8.929936749102573e-22
8.951965213555013e-08 0.0 -9.33826529003239e-22
9.039301573920966e-08 -4.235164736271502e-22 -4.212724862070457e-23
9.126637223744183e-08 5.587605037795702e-22 -1.468451827076685e-22
9.213973584110136e-08 4.156582578078964e-23 -7.357506996266006e-22
9.301309944476088e-08 -6.203854594147708e-23 9.38782847407434e-23
9.388646304842041e-08 4.754220570648527e-22 3.2251728664538326e-22
9.475982665207994e-08 4.0304375346646273e-22 -1.147640146060811e-22
9.563319025573946e-08 3.1598299399525657e-22 1.0442770900448951e-22
9.650654675397163e-08 -1.3648480107124957e-22 3.7032197982273793e-23
9.737991035763116e-08 3.532061215601428e-22 -5.739382380831204e-22
9.825327396129069e-08 1.162188760637004e-22 5.431711481665629e-22
9.912663756495022e-08 6.311388073779601e-22 1.815882704260592e-23
1.0000000116860974e-07 5.302227726464907e-22 1.4804408720053616e-22
